dat_prof/radprof/build/rproftxt/ARP220.de20_smob0.rprof.txt
# %ECSV 0.9
# ---
# datatype:
# - {name: radius, unit: arcsec, datatype: float64, description: Adopting RA=233.7388 deg DEC=23.5027 deg PA=337.7 INC=29.7}
# - {name: r_kpc, unit: kpc, datatype: float64, format: 10.3f, description: Adopting distance of 77.97 Mpc}
# - {name: r_r25, unit: '', datatype: float64, format: 10.3f, description: Adopting R25=33.20 arcsec}
# - {name: npix, datatype: int64}
# - {name: ngood, datatype: int64, description: Requiring fill fraction of 0.1 npix}
# - {name: wtmean, unit: K km / s, datatype: float64, format: 10.3f, description: Replaced blanks with 0 times ARP220.co.de20_smo.emom0max.fits}
# - {name: rms, unit: K km / s, datatype: float32}
# - {name: annsum, unit: K km pix / s, datatype: float32, format: 10.3f}
# - {name: cumsum, unit: K km pix / s, datatype: float32}
# - {name: detlim, unit: K km / s, datatype: float64, format: 10.3f}
# - {name: cumlum, unit: K km pc2 / s, datatype: float32, format: 10.4e}
# - {name: sigmol, unit: solMass / pc2, datatype: float64, format: 10.3f}
# - {name: cummass, unit: solMass, datatype: float32, format: 10.4e}
# delimiter: ','
# schema: astropy-2.0
radius,r_kpc,r_r25,npix,ngood,wtmean,rms,annsum,cumsum,detlim,cumlum,sigmol,cummass
1.0,0.378,0.030,12,12,729.123,289.22577,10072.717,10072.717,14.972,1.4394e+09,3135.230,6.1894e+09
3.0,1.134,0.090,31,31,477.498,342.24588,17041.102,27113.818,9.292,3.8745e+09,2053.241,1.6661e+10
5.0,1.890,0.151,56,56,174.085,152.94963,11223.100,38336.918,6.823,5.4783e+09,748.564,2.3557e+10
7.0,2.646,0.211,75,75,43.668,40.081295,3770.387,42107.305,5.803,6.0171e+09,187.770,2.5874e+10
9.0,3.402,0.271,102,102,14.470,14.172608,1699.129,43806.434,4.846,6.2599e+09,62.220,2.6918e+10
11.0,4.158,0.331,122,122,6.226,8.699895,874.391,44680.824,4.147,6.3849e+09,26.770,2.7455e+10
13.0,4.914,0.392,136,136,1.426,6.6493845,223.180,44904.004,3.482,6.4168e+09,6.130,2.7592e+10
15.0,5.670,0.452,166,136,-0.472,4.8962317,-90.297,44813.707,2.712,6.4038e+09,-2.032,2.7537e+10
17.0,6.426,0.512,186,120,0.737,3.7378047,157.723,44971.43,2.228,6.4264e+09,3.167,2.7633e+10
19.0,7.182,0.572,208,111,2.082,5.060945,498.547,45469.977,1.971,6.4976e+09,8.953,2.7940e+10
21.0,7.938,0.633,228,113,2.330,5.3606772,611.566,46081.543,1.879,6.5850e+09,10.018,2.8316e+10
23.0,8.694,0.693,248,119,1.565,4.4025826,446.688,46528.23,1.814,6.6489e+09,6.728,2.8590e+10
25.0,9.451,0.753,272,109,1.380,3.3328452,432.016,46960.246,1.715,6.7106e+09,5.932,2.8856e+10
27.0,10.207,0.813,298,99,0.860,2.573064,295.121,47255.367,1.656,6.7528e+09,3.699,2.9037e+10
29.0,10.963,0.874,315,52,0.357,1.7669392,129.414,47384.78,1.649,6.7713e+09,1.534,2.9116e+10
31.0,11.719,0.934,330,34,0.171,1.3103312,65.047,47449.83,1.651,6.7805e+09,0.736,2.9156e+10
33.0,12.475,0.994,365,25,nan,nan,0.000,47449.83,1.614,6.7805e+09,nan,2.9156e+10
35.0,13.231,1.054,384,14,nan,nan,0.000,47449.83,1.628,6.7805e+09,nan,2.9156e+10
37.0,13.987,1.115,408,1,nan,nan,0.000,47449.83,1.637,6.7805e+09,nan,2.9156e+10
39.0,14.743,1.175,426,0,nan,nan,0.000,47449.83,1.668,6.7805e+09,nan,2.9156e+10
41.0,15.499,1.235,442,0,nan,nan,0.000,47449.83,1.703,6.7805e+09,nan,2.9156e+10
43.0,16.255,1.295,473,0,nan,nan,0.000,47449.83,1.717,6.7805e+09,nan,2.9156e+10
45.0,17.011,1.355,487,0,nan,nan,0.000,47449.83,1.770,6.7805e+09,nan,2.9156e+10
47.0,17.767,1.416,520,0,nan,nan,0.000,47449.83,1.848,6.7805e+09,nan,2.9156e+10
49.0,18.523,1.476,485,0,nan,nan,0.000,47449.83,2.011,6.7805e+09,nan,2.9156e+10
51.0,19.279,1.536,505,0,nan,nan,0.000,47449.83,2.065,6.7805e+09,nan,2.9156e+10
53.0,20.035,1.596,496,0,nan,nan,0.000,47449.83,2.232,6.7805e+09,nan,2.9156e+10
55.0,20.791,1.657,480,0,nan,nan,0.000,47449.83,2.538,6.7805e+09,nan,2.9156e+10
57.0,21.547,1.717,397,0,nan,nan,0.000,47449.83,3.549,6.7805e+09,nan,2.9156e+10
59.0,22.303,1.777,354,0,nan,nan,0.000,47449.83,8.312,6.7805e+09,nan,2.9156e+10
61.0,23.059,1.837,266,0,nan,nan,0.000,47449.83,nan,6.7805e+09,nan,2.9156e+10
63.0,23.815,1.898,233,0,nan,nan,0.000,47449.83,nan,6.7805e+09,nan,2.9156e+10
65.0,24.571,1.958,186,0,nan,nan,0.000,47449.83,nan,6.7805e+09,nan,2.9156e+10
67.0,25.327,2.018,152,0,nan,nan,0.000,47449.83,nan,6.7805e+09,nan,2.9156e+10
69.0,26.083,2.078,112,0,nan,nan,0.000,47449.83,nan,6.7805e+09,nan,2.9156e+10
71.0,26.839,2.139,95,0,nan,nan,0.000,47449.83,nan,6.7805e+09,nan,2.9156e+10
73.0,27.595,2.199,66,0,nan,nan,0.000,47449.83,nan,6.7805e+09,nan,2.9156e+10
75.0,28.352,2.259,44,0,nan,nan,0.000,47449.83,nan,6.7805e+09,nan,2.9156e+10
77.0,29.108,2.319,25,0,nan,nan,0.000,47449.83,nan,6.7805e+09,nan,2.9156e+10
79.0,29.864,2.380,12,0,nan,nan,0.000,47449.83,nan,6.7805e+09,nan,2.9156e+10
81.0,30.620,2.440,3,0,nan,nan,0.000,47449.83,nan,6.7805e+09,nan,2.9156e+10
83.0,31.376,2.500,0,0,nan,nan,0.000,47449.83,nan,6.7805e+09,nan,2.9156e+10
