dat_prof/radprof/build/rproftxt/ARP220.de20_smob1.rprof.txt
# %ECSV 0.9
# ---
# datatype:
# - {name: radius, unit: arcsec, datatype: float64, description: Adopting RA=233.7388 deg DEC=23.5027 deg PA=337.7 INC=29.7}
# - {name: r_kpc, unit: kpc, datatype: float64, format: 10.3f, description: Adopting distance of 77.97 Mpc}
# - {name: r_r25, unit: '', datatype: float64, format: 10.3f, description: Adopting R25=33.20 arcsec}
# - {name: npix, datatype: int64}
# - {name: ngood, datatype: int64, description: Requiring fill fraction of 0.1 npix}
# - {name: wtmean, unit: K km / s, datatype: float64, format: 10.3f, description: Replaced blanks with 1 times ARP220.co.de20_smo.emom0max.fits}
# - {name: rms, unit: K km / s, datatype: float32}
# - {name: annsum, unit: K km pix / s, datatype: float32, format: 10.3f}
# - {name: cumsum, unit: K km pix / s, datatype: float32}
# - {name: detlim, unit: K km / s, datatype: float64, format: 10.3f}
# - {name: cumlum, unit: K km pc2 / s, datatype: float32, format: 10.4e}
# - {name: sigmol, unit: solMass / pc2, datatype: float64, format: 10.3f}
# - {name: cummass, unit: solMass, datatype: float32, format: 10.4e}
# delimiter: ','
# schema: astropy-2.0
radius,r_kpc,r_r25,npix,ngood,wtmean,rms,annsum,cumsum,detlim,cumlum,sigmol,cummass
1.0,0.378,0.030,12,12,729.123,289.22577,10072.717,10072.717,14.972,1.4394e+09,3135.230,6.1894e+09
3.0,1.134,0.090,31,31,477.498,342.24588,17041.102,27113.818,9.292,3.8745e+09,2053.241,1.6661e+10
5.0,1.890,0.151,56,56,174.219,152.79839,11231.752,38345.57,6.823,5.4796e+09,749.141,2.3562e+10
7.0,2.646,0.211,75,75,45.046,38.50489,3889.414,42234.984,5.803,6.0354e+09,193.698,2.5952e+10
9.0,3.402,0.271,102,102,15.904,12.5145645,1867.562,44102.547,4.846,6.3022e+09,68.388,2.7100e+10
11.0,4.158,0.331,122,122,8.131,6.9982786,1142.043,45244.59,4.147,6.4654e+09,34.964,2.7801e+10
13.0,4.914,0.392,136,136,4.851,4.168911,759.449,46004.04,3.482,6.5739e+09,20.858,2.8268e+10
15.0,5.670,0.452,166,136,3.253,2.532443,621.688,46625.727,2.712,6.6628e+09,13.988,2.8650e+10
17.0,6.426,0.512,186,120,3.105,2.500426,664.953,47290.68,2.228,6.7578e+09,13.353,2.9059e+10
19.0,7.182,0.572,208,111,3.693,4.258245,884.348,48175.027,1.971,6.8842e+09,15.881,2.9602e+10
21.0,7.938,0.633,228,113,4.003,4.439547,1050.723,49225.75,1.879,7.0343e+09,17.213,3.0248e+10
23.0,8.694,0.693,248,119,3.431,3.2692811,979.473,50205.223,1.814,7.1743e+09,14.752,3.0849e+10
25.0,9.451,0.753,272,109,3.062,2.473367,958.773,51163.996,1.715,7.3113e+09,13.166,3.1439e+10
27.0,10.207,0.813,298,99,2.637,1.9300679,904.672,52068.668,1.656,7.4406e+09,11.339,3.1994e+10
29.0,10.963,0.874,315,52,2.421,1.1919563,877.902,52946.57,1.649,7.5660e+09,10.410,3.2534e+10
31.0,11.719,0.934,330,34,2.373,0.6374517,901.594,53848.164,1.651,7.6949e+09,10.205,3.3088e+10
33.0,12.475,0.994,365,25,nan,nan,0.000,53848.164,1.614,7.6949e+09,nan,3.3088e+10
35.0,13.231,1.054,384,14,nan,nan,0.000,53848.164,1.628,7.6949e+09,nan,3.3088e+10
37.0,13.987,1.115,408,1,nan,nan,0.000,53848.164,1.637,7.6949e+09,nan,3.3088e+10
39.0,14.743,1.175,426,0,nan,nan,0.000,53848.164,1.668,7.6949e+09,nan,3.3088e+10
41.0,15.499,1.235,442,0,nan,nan,0.000,53848.164,1.703,7.6949e+09,nan,3.3088e+10
43.0,16.255,1.295,473,0,nan,nan,0.000,53848.164,1.717,7.6949e+09,nan,3.3088e+10
45.0,17.011,1.355,487,0,nan,nan,0.000,53848.164,1.770,7.6949e+09,nan,3.3088e+10
47.0,17.767,1.416,520,0,nan,nan,0.000,53848.164,1.848,7.6949e+09,nan,3.3088e+10
49.0,18.523,1.476,485,0,nan,nan,0.000,53848.164,2.011,7.6949e+09,nan,3.3088e+10
51.0,19.279,1.536,505,0,nan,nan,0.000,53848.164,2.065,7.6949e+09,nan,3.3088e+10
53.0,20.035,1.596,496,0,nan,nan,0.000,53848.164,2.232,7.6949e+09,nan,3.3088e+10
55.0,20.791,1.657,480,0,nan,nan,0.000,53848.164,2.538,7.6949e+09,nan,3.3088e+10
57.0,21.547,1.717,397,0,nan,nan,0.000,53848.164,3.549,7.6949e+09,nan,3.3088e+10
59.0,22.303,1.777,354,0,nan,nan,0.000,53848.164,8.312,7.6949e+09,nan,3.3088e+10
61.0,23.059,1.837,266,0,nan,nan,0.000,53848.164,nan,7.6949e+09,nan,3.3088e+10
63.0,23.815,1.898,233,0,nan,nan,0.000,53848.164,nan,7.6949e+09,nan,3.3088e+10
65.0,24.571,1.958,186,0,nan,nan,0.000,53848.164,nan,7.6949e+09,nan,3.3088e+10
67.0,25.327,2.018,152,0,nan,nan,0.000,53848.164,nan,7.6949e+09,nan,3.3088e+10
69.0,26.083,2.078,112,0,nan,nan,0.000,53848.164,nan,7.6949e+09,nan,3.3088e+10
71.0,26.839,2.139,95,0,nan,nan,0.000,53848.164,nan,7.6949e+09,nan,3.3088e+10
73.0,27.595,2.199,66,0,nan,nan,0.000,53848.164,nan,7.6949e+09,nan,3.3088e+10
75.0,28.352,2.259,44,0,nan,nan,0.000,53848.164,nan,7.6949e+09,nan,3.3088e+10
77.0,29.108,2.319,25,0,nan,nan,0.000,53848.164,nan,7.6949e+09,nan,3.3088e+10
79.0,29.864,2.380,12,0,nan,nan,0.000,53848.164,nan,7.6949e+09,nan,3.3088e+10
81.0,30.620,2.440,3,0,nan,nan,0.000,53848.164,nan,7.6949e+09,nan,3.3088e+10
83.0,31.376,2.500,0,0,nan,nan,0.000,53848.164,nan,7.6949e+09,nan,3.3088e+10
