dat_prof/radprof/build/rproftxt/IC0540.de20_smob1.rprof.txt
# %ECSV 0.9
# ---
# datatype:
# - {name: radius, unit: arcsec, datatype: float64, description: Adopting RA=142.5428 deg DEC=7.9026 deg PA=350.0 INC=68.3}
# - {name: r_kpc, unit: kpc, datatype: float64, format: 10.3f, description: Adopting distance of 29.91 Mpc}
# - {name: r_r25, unit: '', datatype: float64, format: 10.3f, description: Adopting R25=32.15 arcsec}
# - {name: npix, datatype: int64}
# - {name: ngood, datatype: int64, description: Requiring fill fraction of 0.1 npix}
# - {name: wtmean, unit: K km / s, datatype: float64, format: 10.3f, description: Replaced blanks with 1 times IC0540.co.de20_smo.emom0max.fits}
# - {name: rms, unit: K km / s, datatype: float32}
# - {name: annsum, unit: K km pix / s, datatype: float32, format: 10.3f}
# - {name: cumsum, unit: K km pix / s, datatype: float32}
# - {name: detlim, unit: K km / s, datatype: float64, format: 10.3f}
# - {name: cumlum, unit: K km pc2 / s, datatype: float32, format: 10.4e}
# - {name: sigmol, unit: solMass / pc2, datatype: float64, format: 10.3f}
# - {name: cummass, unit: solMass, datatype: float32, format: 10.4e}
# delimiter: ','
# schema: astropy-2.0
radius,r_kpc,r_r25,npix,ngood,wtmean,rms,annsum,cumsum,detlim,cumlum,sigmol,cummass
1.0,0.145,0.031,5,5,16.007,1.2641662,216.460,216.45966,9.926,4.5507e+06,68.830,1.9568e+07
3.0,0.435,0.093,13,13,12.234,2.372123,430.149,646.6087,6.146,1.3594e+07,52.608,5.8454e+07
5.0,0.725,0.156,23,23,8.783,3.6497653,546.360,1192.9683,4.561,2.5080e+07,37.768,1.0785e+08
7.0,1.015,0.218,33,33,6.097,2.9465115,544.182,1737.1499,3.702,3.6521e+07,26.218,1.5704e+08
9.0,1.305,0.280,41,41,3.415,1.9644095,378.634,2115.784,3.269,4.4481e+07,14.683,1.9127e+08
11.0,1.595,0.342,54,54,2.003,1.4268738,292.564,2408.348,2.764,5.0632e+07,8.614,2.1772e+08
13.0,1.885,0.404,55,43,1.369,0.49964133,203.661,2612.009,2.656,5.4914e+07,5.887,2.3613e+08
15.0,2.175,0.467,75,45,1.248,0.23333354,253.049,2865.058,2.253,6.0234e+07,5.364,2.5900e+08
17.0,2.465,0.529,73,30,1.241,0.14718956,245.010,3110.068,2.261,6.5385e+07,5.336,2.8115e+08
19.0,2.755,0.591,94,36,1.254,0.157627,318.732,3428.7998,1.985,7.2085e+07,5.391,3.0997e+08
21.0,3.045,0.653,100,31,1.271,0.18615672,343.855,3772.655,1.937,7.9314e+07,5.467,3.4105e+08
23.0,3.335,0.715,102,26,1.286,0.1707972,354.775,4127.43,1.935,8.6773e+07,5.530,3.7312e+08
25.0,3.625,0.778,114,26,1.270,0.15211521,391.583,4519.013,1.854,9.5005e+07,5.461,4.0852e+08
27.0,3.915,0.840,127,24,1.287,0.18477523,442.042,4961.055,1.790,1.0430e+08,5.534,4.4848e+08
29.0,4.205,0.902,138,27,1.292,0.18909164,482.254,5443.3096,1.743,1.1444e+08,5.556,4.9208e+08
31.0,4.495,0.964,146,25,1.305,0.2071836,515.483,5958.7925,1.721,1.2527e+08,5.614,5.3868e+08
33.0,4.785,1.027,148,23,1.356,0.21397462,542.779,6501.5713,1.759,1.3669e+08,5.831,5.8775e+08
35.0,5.075,1.089,164,24,1.386,0.2293616,614.539,7116.11,1.701,1.4961e+08,5.958,6.4330e+08
37.0,5.365,1.151,167,21,1.466,0.2590968,662.335,7778.445,1.734,1.6353e+08,6.306,7.0318e+08
39.0,5.655,1.213,185,23,1.491,0.28203726,746.227,8524.672,1.686,1.7922e+08,6.413,7.7064e+08
41.0,5.945,1.275,193,25,1.514,0.2871369,790.283,9314.955,1.698,1.9583e+08,6.510,8.4208e+08
43.0,6.235,1.338,201,18,nan,nan,0.000,9314.955,1.724,1.9583e+08,nan,8.4208e+08
45.0,6.525,1.400,205,23,1.632,0.33061805,904.598,10219.553,1.771,2.1485e+08,7.016,9.2386e+08
47.0,6.815,1.462,219,22,1.667,0.3586486,987.222,11206.774,1.758,2.3561e+08,7.167,1.0131e+09
49.0,7.105,1.524,224,17,nan,nan,0.000,11206.774,1.819,2.3561e+08,nan,1.0131e+09
51.0,7.395,1.587,239,20,nan,nan,0.000,11206.774,1.821,2.3561e+08,nan,1.0131e+09
53.0,7.685,1.649,205,20,nan,nan,0.000,11206.774,1.921,2.3561e+08,nan,1.0131e+09
55.0,7.975,1.711,190,20,1.543,0.561981,792.871,11999.6455,1.972,2.5227e+08,6.635,1.0848e+09
57.0,8.265,1.773,188,11,nan,nan,0.000,11999.6455,1.983,2.5227e+08,nan,1.0848e+09
59.0,8.555,1.835,183,11,nan,nan,0.000,11999.6455,1.990,2.5227e+08,nan,1.0848e+09
61.0,8.845,1.898,181,8,nan,nan,0.000,11999.6455,2.036,2.5227e+08,nan,1.0848e+09
63.0,9.135,1.960,180,0,nan,nan,0.000,11999.6455,2.033,2.5227e+08,nan,1.0848e+09
65.0,9.425,2.022,167,0,nan,nan,0.000,11999.6455,2.150,2.5227e+08,nan,1.0848e+09
67.0,9.715,2.084,178,0,nan,nan,0.000,11999.6455,2.073,2.5227e+08,nan,1.0848e+09
69.0,10.005,2.146,162,0,nan,nan,0.000,11999.6455,2.215,2.5227e+08,nan,1.0848e+09
71.0,10.295,2.209,178,0,nan,nan,0.000,11999.6455,2.123,2.5227e+08,nan,1.0848e+09
73.0,10.585,2.271,169,0,nan,nan,0.000,11999.6455,2.210,2.5227e+08,nan,1.0848e+09
75.0,10.875,2.333,162,0,nan,nan,0.000,11999.6455,2.270,2.5227e+08,nan,1.0848e+09
77.0,11.165,2.395,167,0,nan,nan,0.000,11999.6455,2.277,2.5227e+08,nan,1.0848e+09
79.0,11.455,2.458,158,0,nan,nan,0.000,11999.6455,2.338,2.5227e+08,nan,1.0848e+09
81.0,11.745,2.520,171,0,nan,nan,0.000,11999.6455,2.307,2.5227e+08,nan,1.0848e+09
83.0,12.035,2.582,168,0,nan,nan,0.000,11999.6455,2.336,2.5227e+08,nan,1.0848e+09
85.0,12.325,2.644,152,0,nan,nan,0.000,11999.6455,2.508,2.5227e+08,nan,1.0848e+09
87.0,12.615,2.706,168,0,nan,nan,0.000,11999.6455,2.409,2.5227e+08,nan,1.0848e+09
89.0,12.905,2.769,152,0,nan,nan,0.000,11999.6455,2.550,2.5227e+08,nan,1.0848e+09
91.0,13.195,2.831,170,0,nan,nan,0.000,11999.6455,2.513,2.5227e+08,nan,1.0848e+09
93.0,13.485,2.893,162,0,nan,nan,0.000,11999.6455,2.625,2.5227e+08,nan,1.0848e+09
95.0,13.775,2.955,160,0,nan,nan,0.000,11999.6455,2.634,2.5227e+08,nan,1.0848e+09
97.0,14.064,3.018,153,0,nan,nan,0.000,11999.6455,2.756,2.5227e+08,nan,1.0848e+09
99.0,14.354,3.080,158,0,nan,nan,0.000,11999.6455,2.772,2.5227e+08,nan,1.0848e+09
101.0,14.644,3.142,162,0,nan,nan,0.000,11999.6455,2.803,2.5227e+08,nan,1.0848e+09
103.0,14.934,3.204,163,0,nan,nan,0.000,11999.6455,2.893,2.5227e+08,nan,1.0848e+09
105.0,15.224,3.266,157,0,nan,nan,0.000,11999.6455,2.968,2.5227e+08,nan,1.0848e+09
107.0,15.514,3.329,155,0,nan,nan,0.000,11999.6455,3.038,2.5227e+08,nan,1.0848e+09
109.0,15.804,3.391,157,0,nan,nan,0.000,11999.6455,3.147,2.5227e+08,nan,1.0848e+09
111.0,16.094,3.453,159,0,nan,nan,0.000,11999.6455,3.195,2.5227e+08,nan,1.0848e+09
113.0,16.384,3.515,159,0,nan,nan,0.000,11999.6455,3.429,2.5227e+08,nan,1.0848e+09
115.0,16.674,3.577,159,0,nan,nan,0.000,11999.6455,3.434,2.5227e+08,nan,1.0848e+09
117.0,16.964,3.640,147,0,nan,nan,0.000,11999.6455,3.630,2.5227e+08,nan,1.0848e+09
119.0,17.254,3.702,161,0,nan,nan,0.000,11999.6455,3.674,2.5227e+08,nan,1.0848e+09
121.0,17.544,3.764,150,0,nan,nan,0.000,11999.6455,3.910,2.5227e+08,nan,1.0848e+09
123.0,17.834,3.826,146,0,nan,nan,0.000,11999.6455,4.034,2.5227e+08,nan,1.0848e+09
125.0,18.124,3.889,132,0,nan,nan,0.000,11999.6455,4.427,2.5227e+08,nan,1.0848e+09
127.0,18.414,3.951,110,0,nan,nan,0.000,11999.6455,4.567,2.5227e+08,nan,1.0848e+09
129.0,18.704,4.013,98,0,nan,nan,0.000,11999.6455,5.109,2.5227e+08,nan,1.0848e+09
131.0,18.994,4.075,90,0,nan,nan,0.000,11999.6455,5.603,2.5227e+08,nan,1.0848e+09
133.0,19.284,4.137,78,0,nan,nan,0.000,11999.6455,7.558,2.5227e+08,nan,1.0848e+09
135.0,19.574,4.200,72,0,nan,nan,0.000,11999.6455,9.269,2.5227e+08,nan,1.0848e+09
137.0,19.864,4.262,66,0,nan,nan,0.000,11999.6455,36.157,2.5227e+08,nan,1.0848e+09
139.0,20.154,4.324,60,0,nan,nan,0.000,11999.6455,nan,2.5227e+08,nan,1.0848e+09
141.0,20.444,4.386,51,0,nan,nan,0.000,11999.6455,nan,2.5227e+08,nan,1.0848e+09
143.0,20.734,4.449,48,0,nan,nan,0.000,11999.6455,nan,2.5227e+08,nan,1.0848e+09
145.0,21.024,4.511,43,0,nan,nan,0.000,11999.6455,nan,2.5227e+08,nan,1.0848e+09
147.0,21.314,4.573,36,0,nan,nan,0.000,11999.6455,nan,2.5227e+08,nan,1.0848e+09
149.0,21.604,4.635,32,0,nan,nan,0.000,11999.6455,nan,2.5227e+08,nan,1.0848e+09
151.0,21.894,4.697,26,0,nan,nan,0.000,11999.6455,nan,2.5227e+08,nan,1.0848e+09
153.0,22.184,4.760,21,0,nan,nan,0.000,11999.6455,nan,2.5227e+08,nan,1.0848e+09
155.0,22.474,4.822,18,0,nan,nan,0.000,11999.6455,nan,2.5227e+08,nan,1.0848e+09
157.0,22.764,4.884,11,0,nan,nan,0.000,11999.6455,nan,2.5227e+08,nan,1.0848e+09
159.0,23.054,4.946,7,0,nan,nan,0.000,11999.6455,nan,2.5227e+08,nan,1.0848e+09
161.0,23.344,5.008,4,0,nan,nan,0.000,11999.6455,nan,2.5227e+08,nan,1.0848e+09
163.0,23.634,5.071,2,0,nan,nan,0.000,11999.6455,nan,2.5227e+08,nan,1.0848e+09
165.0,23.924,5.133,0,0,nan,nan,0.000,11999.6455,nan,2.5227e+08,nan,1.0848e+09
