dat_prof/radprof/build/rproftxt/IC1683.smo7_smob1.rprof.txt
# %ECSV 0.9
# ---
# datatype:
# - {name: radius, unit: arcsec, datatype: float64, description: Adopting RA=20.6619 deg DEC=34.4370 deg PA=15.6 INC=54.8}
# - {name: r_kpc, unit: kpc, datatype: float64, format: 10.3f, description: Adopting distance of 69.73 Mpc}
# - {name: r_r25, unit: '', datatype: float64, format: 10.3f, description: Adopting R25=39.46 arcsec}
# - {name: npix, datatype: int64}
# - {name: ngood, datatype: int64, description: Requiring fill fraction of 0.1 npix}
# - {name: wtmean, unit: K km / s, datatype: float64, format: 10.3f, description: Replaced blanks with 1 times IC1683.co.smo7_smo.emom0max.fits}
# - {name: rms, unit: K km / s, datatype: float32}
# - {name: annsum, unit: K km pix / s, datatype: float32, format: 10.3f}
# - {name: cumsum, unit: K km pix / s, datatype: float32}
# - {name: detlim, unit: K km / s, datatype: float64, format: 10.3f}
# - {name: cumlum, unit: K km pc2 / s, datatype: float32, format: 10.4e}
# - {name: sigmol, unit: solMass / pc2, datatype: float64, format: 10.3f}
# - {name: cummass, unit: solMass, datatype: float32, format: 10.4e}
# delimiter: ','
# schema: astropy-2.0
radius,r_kpc,r_r25,npix,ngood,wtmean,rms,annsum,cumsum,detlim,cumlum,sigmol,cummass
1.5,0.507,0.038,17,17,46.948,4.690633,1384.567,1384.5674,6.029,1.5822e+08,201.875,6.8034e+08
4.5,1.521,0.114,49,49,31.311,8.162348,2661.575,4046.1426,3.538,4.6237e+08,134.635,1.9882e+09
7.5,2.535,0.190,82,82,16.070,6.948882,2286.031,6332.1733,2.697,7.2360e+08,69.101,3.1115e+09
10.5,3.549,0.266,109,109,7.514,4.520577,1420.809,7752.9824,2.270,8.8596e+08,32.309,3.8096e+09
13.5,4.564,0.342,150,150,3.416,2.806858,888.978,8641.96,1.822,9.8755e+08,14.690,4.2464e+09
16.5,5.578,0.418,178,178,1.877,1.6882154,579.586,9221.546,1.518,1.0538e+09,8.071,4.5312e+09
19.5,6.592,0.494,214,207,1.234,1.0076352,458.113,9679.659,1.292,1.1061e+09,5.306,4.7563e+09
22.5,7.606,0.570,243,191,0.885,0.45004842,373.113,10052.772,1.158,1.1488e+09,3.806,4.9397e+09
25.5,8.620,0.646,276,141,0.766,0.15649785,366.723,10419.495,1.048,1.1907e+09,3.293,5.1199e+09
28.5,9.634,0.722,300,106,0.757,0.1309628,394.083,10813.578,1.002,1.2357e+09,3.256,5.3135e+09
31.5,10.648,0.798,350,86,0.798,0.16658074,484.405,11297.983,0.953,1.2911e+09,3.431,5.5516e+09
34.5,11.663,0.874,378,42,0.836,0.14453399,548.425,11846.408,0.952,1.3537e+09,3.596,5.8210e+09
37.5,12.677,0.950,413,10,nan,nan,0.000,11846.408,0.948,1.3537e+09,nan,5.8210e+09
40.5,13.691,1.026,442,0,nan,nan,0.000,11846.408,0.960,1.3537e+09,nan,5.8210e+09
43.5,14.705,1.102,472,0,nan,nan,0.000,11846.408,0.976,1.3537e+09,nan,5.8210e+09
46.5,15.719,1.179,500,0,nan,nan,0.000,11846.408,1.003,1.3537e+09,nan,5.8210e+09
49.5,16.733,1.255,532,0,nan,nan,0.000,11846.408,1.033,1.3537e+09,nan,5.8210e+09
52.5,17.747,1.331,572,0,nan,nan,0.000,11846.408,1.061,1.3537e+09,nan,5.8210e+09
55.5,18.761,1.407,604,0,nan,nan,0.000,11846.408,1.105,1.3537e+09,nan,5.8210e+09
58.5,19.776,1.483,645,0,nan,nan,0.000,11846.408,1.165,1.3537e+09,nan,5.8210e+09
61.5,20.790,1.559,668,0,nan,nan,0.000,11846.408,1.246,1.3537e+09,nan,5.8210e+09
64.5,21.804,1.635,699,0,nan,nan,0.000,11846.408,1.312,1.3537e+09,nan,5.8210e+09
67.5,22.818,1.711,732,0,nan,nan,0.000,11846.408,1.387,1.3537e+09,nan,5.8210e+09
70.5,23.832,1.787,756,0,nan,nan,0.000,11846.408,1.460,1.3537e+09,nan,5.8210e+09
73.5,24.846,1.863,801,0,nan,nan,0.000,11846.408,1.514,1.3537e+09,nan,5.8210e+09
76.5,25.860,1.939,842,0,nan,nan,0.000,11846.408,1.588,1.3537e+09,nan,5.8210e+09
79.5,26.874,2.015,867,0,nan,nan,0.000,11846.408,1.709,1.3537e+09,nan,5.8210e+09
82.5,27.889,2.091,842,0,nan,nan,0.000,11846.408,1.823,1.3537e+09,nan,5.8210e+09
85.5,28.903,2.167,758,0,nan,nan,0.000,11846.408,2.002,1.3537e+09,nan,5.8210e+09
88.5,29.917,2.243,716,0,nan,nan,0.000,11846.408,2.147,1.3537e+09,nan,5.8210e+09
91.5,30.931,2.319,701,0,nan,nan,0.000,11846.408,2.426,1.3537e+09,nan,5.8210e+09
94.5,31.945,2.395,692,0,nan,nan,0.000,11846.408,2.749,1.3537e+09,nan,5.8210e+09
97.5,32.959,2.471,675,0,nan,nan,0.000,11846.408,3.629,1.3537e+09,nan,5.8210e+09
100.5,33.973,2.547,671,0,nan,nan,0.000,11846.408,8.354,1.3537e+09,nan,5.8210e+09
103.5,34.988,2.623,654,0,nan,nan,0.000,11846.408,nan,1.3537e+09,nan,5.8210e+09
106.5,36.002,2.699,644,0,nan,nan,0.000,11846.408,nan,1.3537e+09,nan,5.8210e+09
109.5,37.016,2.775,622,0,nan,nan,0.000,11846.408,nan,1.3537e+09,nan,5.8210e+09
112.5,38.030,2.851,646,0,nan,nan,0.000,11846.408,nan,1.3537e+09,nan,5.8210e+09
115.5,39.044,2.927,629,0,nan,nan,0.000,11846.408,nan,1.3537e+09,nan,5.8210e+09
118.5,40.058,3.003,637,0,nan,nan,0.000,11846.408,nan,1.3537e+09,nan,5.8210e+09
121.5,41.072,3.079,623,0,nan,nan,0.000,11846.408,nan,1.3537e+09,nan,5.8210e+09
124.5,42.086,3.155,623,0,nan,nan,0.000,11846.408,nan,1.3537e+09,nan,5.8210e+09
127.5,43.101,3.231,597,0,nan,nan,0.000,11846.408,nan,1.3537e+09,nan,5.8210e+09
130.5,44.115,3.307,523,0,nan,nan,0.000,11846.408,nan,1.3537e+09,nan,5.8210e+09
133.5,45.129,3.383,393,0,nan,nan,0.000,11846.408,nan,1.3537e+09,nan,5.8210e+09
136.5,46.143,3.459,313,0,nan,nan,0.000,11846.408,nan,1.3537e+09,nan,5.8210e+09
139.5,47.157,3.536,264,0,nan,nan,0.000,11846.408,nan,1.3537e+09,nan,5.8210e+09
142.5,48.171,3.612,236,0,nan,nan,0.000,11846.408,nan,1.3537e+09,nan,5.8210e+09
145.5,49.185,3.688,211,0,nan,nan,0.000,11846.408,nan,1.3537e+09,nan,5.8210e+09
148.5,50.199,3.764,188,0,nan,nan,0.000,11846.408,nan,1.3537e+09,nan,5.8210e+09
151.5,51.214,3.840,169,0,nan,nan,0.000,11846.408,nan,1.3537e+09,nan,5.8210e+09
154.5,52.228,3.916,148,0,nan,nan,0.000,11846.408,nan,1.3537e+09,nan,5.8210e+09
157.5,53.242,3.992,126,0,nan,nan,0.000,11846.408,nan,1.3537e+09,nan,5.8210e+09
160.5,54.256,4.068,111,0,nan,nan,0.000,11846.408,nan,1.3537e+09,nan,5.8210e+09
163.5,55.270,4.144,92,0,nan,nan,0.000,11846.408,nan,1.3537e+09,nan,5.8210e+09
166.5,56.284,4.220,73,0,nan,nan,0.000,11846.408,nan,1.3537e+09,nan,5.8210e+09
169.5,57.298,4.296,58,0,nan,nan,0.000,11846.408,nan,1.3537e+09,nan,5.8210e+09
172.5,58.313,4.372,40,0,nan,nan,0.000,11846.408,nan,1.3537e+09,nan,5.8210e+09
175.5,59.327,4.448,24,0,nan,nan,0.000,11846.408,nan,1.3537e+09,nan,5.8210e+09
178.5,60.341,4.524,9,0,nan,nan,0.000,11846.408,nan,1.3537e+09,nan,5.8210e+09
181.5,61.355,4.600,1,0,nan,nan,0.000,11846.408,nan,1.3537e+09,nan,5.8210e+09
