dat_prof/radprof/build/rproftxt/IC2247.de20_smob0.rprof.txt
# %ECSV 0.9
# ---
# datatype:
# - {name: radius, unit: arcsec, datatype: float64, description: Adopting RA=123.9962 deg DEC=23.1996 deg PA=328.5 INC=77.7}
# - {name: r_kpc, unit: kpc, datatype: float64, format: 10.3f, description: Adopting distance of 62.03 Mpc}
# - {name: r_r25, unit: '', datatype: float64, format: 10.3f, description: Adopting R25=54.72 arcsec}
# - {name: npix, datatype: int64}
# - {name: ngood, datatype: int64, description: Requiring fill fraction of 0.1 npix}
# - {name: wtmean, unit: K km / s, datatype: float64, format: 10.3f, description: Replaced blanks with 0 times IC2247.co.de20_smo.emom0max.fits}
# - {name: rms, unit: K km / s, datatype: float32}
# - {name: annsum, unit: K km pix / s, datatype: float32, format: 10.3f}
# - {name: cumsum, unit: K km pix / s, datatype: float32}
# - {name: detlim, unit: K km / s, datatype: float64, format: 10.3f}
# - {name: cumlum, unit: K km pc2 / s, datatype: float32, format: 10.4e}
# - {name: sigmol, unit: solMass / pc2, datatype: float64, format: 10.3f}
# - {name: cummass, unit: solMass, datatype: float32, format: 10.4e}
# delimiter: ','
# schema: astropy-2.0
radius,r_kpc,r_r25,npix,ngood,wtmean,rms,annsum,cumsum,detlim,cumlum,sigmol,cummass
1.0,0.301,0.018,3,3,11.235,0.27864403,158.210,158.21014,5.602,1.4308e+07,48.308,6.1523e+07
3.0,0.902,0.055,8,8,8.996,1.4418836,337.832,496.04242,3.443,4.4859e+07,38.683,1.9290e+08
5.0,1.504,0.091,12,12,7.885,2.0344322,444.173,940.2156,2.779,8.5028e+07,33.906,3.6562e+08
7.0,2.105,0.128,19,19,6.814,1.7947853,607.691,1547.9061,2.095,1.3998e+08,29.298,6.0193e+08
9.0,2.707,0.164,23,23,5.961,1.4991313,643.582,2191.4885,1.857,1.9819e+08,25.632,8.5220e+08
11.0,3.308,0.201,31,31,5.265,1.520114,766.202,2957.6907,1.564,2.6748e+08,22.641,1.1502e+09
13.0,3.909,0.238,32,32,4.287,1.247724,644.018,3601.709,1.489,3.2572e+08,18.436,1.4006e+09
15.0,4.511,0.274,45,45,3.670,1.2647686,775.173,4376.8823,1.235,3.9582e+08,15.780,1.7020e+09
17.0,5.112,0.311,45,45,3.097,1.2241843,654.273,5031.1553,1.204,4.5499e+08,13.319,1.9565e+09
19.0,5.714,0.347,51,51,2.599,1.2702698,622.182,5653.337,1.114,5.1126e+08,11.175,2.1984e+09
21.0,6.315,0.384,53,53,1.980,1.1833457,492.528,6145.8647,1.080,5.5580e+08,8.513,2.3899e+09
23.0,6.917,0.420,62,62,1.593,0.9277453,463.629,6609.494,0.984,5.9773e+08,6.850,2.5702e+09
25.0,7.518,0.457,69,69,1.271,0.91779685,411.528,7021.022,0.918,6.3494e+08,5.463,2.7303e+09
27.0,8.120,0.493,69,69,0.804,0.73584396,260.271,7281.293,0.927,6.5848e+08,3.455,2.8315e+09
29.0,8.721,0.530,76,76,0.524,0.6728575,186.857,7468.1504,0.874,6.7538e+08,2.252,2.9041e+09
31.0,9.322,0.567,82,82,0.392,0.6452058,150.812,7618.9624,0.852,6.8902e+08,1.685,2.9628e+09
33.0,9.924,0.603,93,93,0.271,0.7290319,118.514,7737.4766,0.803,6.9974e+08,1.167,3.0089e+09
35.0,10.525,0.640,94,94,0.182,0.681303,80.377,7817.8535,0.804,7.0701e+08,0.783,3.0401e+09
37.0,11.127,0.676,100,100,-0.018,0.55143934,-8.475,7809.3784,0.792,7.0624e+08,-0.078,3.0368e+09
39.0,11.728,0.713,103,91,-0.148,0.46445847,-71.791,7737.5874,0.790,6.9975e+08,-0.638,3.0089e+09
41.0,12.330,0.749,106,86,-0.010,0.47580168,-4.810,7732.778,0.790,6.9931e+08,-0.042,3.0070e+09
43.0,12.931,0.786,119,90,0.016,0.4986912,8.901,7741.679,0.760,7.0012e+08,0.069,3.0105e+09
45.0,13.533,0.822,116,79,-0.035,0.37510523,-19.018,7722.661,0.804,6.9840e+08,-0.150,3.0031e+09
47.0,14.134,0.859,131,80,-0.068,0.3427523,-41.805,7680.856,0.770,6.9462e+08,-0.292,2.9868e+09
49.0,14.735,0.896,128,55,-0.038,0.26054454,-22.637,7658.2188,0.805,6.9257e+08,-0.162,2.9780e+09
51.0,15.337,0.932,140,44,-0.011,0.23464002,-7.046,7651.1724,0.807,6.9193e+08,-0.046,2.9753e+09
53.0,15.938,0.969,145,28,0.003,0.21395612,2.026,7653.198,0.829,6.9211e+08,0.013,2.9761e+09
55.0,16.540,1.005,147,20,0.030,0.18261443,20.839,7674.037,0.845,6.9400e+08,0.130,2.9842e+09
57.0,17.141,1.042,149,13,nan,nan,0.000,7674.037,0.850,6.9400e+08,nan,2.9842e+09
59.0,17.743,1.078,150,10,nan,nan,0.000,7674.037,0.866,6.9400e+08,nan,2.9842e+09
61.0,18.344,1.115,136,7,nan,nan,0.000,7674.037,0.846,6.9400e+08,nan,2.9842e+09
63.0,18.946,1.151,125,2,nan,nan,0.000,7674.037,0.902,6.9400e+08,nan,2.9842e+09
65.0,19.547,1.188,129,1,nan,nan,0.000,7674.037,0.852,6.9400e+08,nan,2.9842e+09
67.0,20.148,1.224,122,1,nan,nan,0.000,7674.037,0.893,6.9400e+08,nan,2.9842e+09
69.0,20.750,1.261,121,0,nan,nan,0.000,7674.037,0.876,6.9400e+08,nan,2.9842e+09
71.0,21.351,1.298,117,0,nan,nan,0.000,7674.037,0.892,6.9400e+08,nan,2.9842e+09
73.0,21.953,1.334,116,0,nan,nan,0.000,7674.037,0.897,6.9400e+08,nan,2.9842e+09
75.0,22.554,1.371,114,0,nan,nan,0.000,7674.037,0.913,6.9400e+08,nan,2.9842e+09
77.0,23.156,1.407,113,0,nan,nan,0.000,7674.037,0.919,6.9400e+08,nan,2.9842e+09
79.0,23.757,1.444,116,0,nan,nan,0.000,7674.037,0.899,6.9400e+08,nan,2.9842e+09
81.0,24.359,1.480,110,0,nan,nan,0.000,7674.037,0.932,6.9400e+08,nan,2.9842e+09
83.0,24.960,1.517,114,0,nan,nan,0.000,7674.037,0.906,6.9400e+08,nan,2.9842e+09
85.0,25.562,1.553,109,0,nan,nan,0.000,7674.037,0.931,6.9400e+08,nan,2.9842e+09
87.0,26.163,1.590,108,0,nan,nan,0.000,7674.037,0.934,6.9400e+08,nan,2.9842e+09
89.0,26.764,1.627,112,0,nan,nan,0.000,7674.037,0.923,6.9400e+08,nan,2.9842e+09
91.0,27.366,1.663,105,0,nan,nan,0.000,7674.037,0.968,6.9400e+08,nan,2.9842e+09
93.0,27.967,1.700,114,0,nan,nan,0.000,7674.037,0.914,6.9400e+08,nan,2.9842e+09
95.0,28.569,1.736,100,0,nan,nan,0.000,7674.037,1.001,6.9400e+08,nan,2.9842e+09
97.0,29.170,1.773,110,0,nan,nan,0.000,7674.037,0.927,6.9400e+08,nan,2.9842e+09
99.0,29.772,1.809,103,0,nan,nan,0.000,7674.037,1.001,6.9400e+08,nan,2.9842e+09
101.0,30.373,1.846,111,0,nan,nan,0.000,7674.037,0.932,6.9400e+08,nan,2.9842e+09
103.0,30.975,1.882,105,0,nan,nan,0.000,7674.037,0.985,6.9400e+08,nan,2.9842e+09
105.0,31.576,1.919,106,0,nan,nan,0.000,7674.037,0.968,6.9400e+08,nan,2.9842e+09
107.0,32.177,1.956,105,0,nan,nan,0.000,7674.037,0.970,6.9400e+08,nan,2.9842e+09
109.0,32.779,1.992,99,0,nan,nan,0.000,7674.037,1.007,6.9400e+08,nan,2.9842e+09
111.0,33.380,2.029,103,0,nan,nan,0.000,7674.037,0.981,6.9400e+08,nan,2.9842e+09
113.0,33.982,2.065,94,0,nan,nan,0.000,7674.037,1.029,6.9400e+08,nan,2.9842e+09
115.0,34.583,2.102,101,0,nan,nan,0.000,7674.037,0.983,6.9400e+08,nan,2.9842e+09
117.0,35.185,2.138,94,0,nan,nan,0.000,7674.037,1.030,6.9400e+08,nan,2.9842e+09
119.0,35.786,2.175,95,0,nan,nan,0.000,7674.037,1.002,6.9400e+08,nan,2.9842e+09
121.0,36.388,2.211,93,0,nan,nan,0.000,7674.037,1.022,6.9400e+08,nan,2.9842e+09
123.0,36.989,2.248,91,0,nan,nan,0.000,7674.037,1.038,6.9400e+08,nan,2.9842e+09
125.0,37.590,2.284,91,0,nan,nan,0.000,7674.037,1.025,6.9400e+08,nan,2.9842e+09
127.0,38.192,2.321,86,0,nan,nan,0.000,7674.037,1.072,6.9400e+08,nan,2.9842e+09
129.0,38.793,2.358,89,0,nan,nan,0.000,7674.037,1.039,6.9400e+08,nan,2.9842e+09
131.0,39.395,2.394,82,0,nan,nan,0.000,7674.037,1.088,6.9400e+08,nan,2.9842e+09
133.0,39.996,2.431,89,0,nan,nan,0.000,7674.037,1.039,6.9400e+08,nan,2.9842e+09
135.0,40.598,2.467,83,0,nan,nan,0.000,7674.037,1.088,6.9400e+08,nan,2.9842e+09
137.0,41.199,2.504,86,0,nan,nan,0.000,7674.037,1.073,6.9400e+08,nan,2.9842e+09
139.0,41.801,2.540,82,0,nan,nan,0.000,7674.037,1.089,6.9400e+08,nan,2.9842e+09
141.0,42.402,2.577,79,0,nan,nan,0.000,7674.037,1.125,6.9400e+08,nan,2.9842e+09
143.0,43.003,2.613,80,0,nan,nan,0.000,7674.037,1.091,6.9400e+08,nan,2.9842e+09
145.0,43.605,2.650,76,0,nan,nan,0.000,7674.037,1.145,6.9400e+08,nan,2.9842e+09
147.0,44.206,2.687,79,0,nan,nan,0.000,7674.037,1.119,6.9400e+08,nan,2.9842e+09
149.0,44.808,2.723,70,0,nan,nan,0.000,7674.037,1.186,6.9400e+08,nan,2.9842e+09
151.0,45.409,2.760,82,0,nan,nan,0.000,7674.037,1.095,6.9400e+08,nan,2.9842e+09
153.0,46.011,2.796,72,0,nan,nan,0.000,7674.037,1.188,6.9400e+08,nan,2.9842e+09
155.0,46.612,2.833,74,0,nan,nan,0.000,7674.037,1.159,6.9400e+08,nan,2.9842e+09
157.0,47.214,2.869,74,0,nan,nan,0.000,7674.037,1.183,6.9400e+08,nan,2.9842e+09
159.0,47.815,2.906,68,0,nan,nan,0.000,7674.037,1.210,6.9400e+08,nan,2.9842e+09
161.0,48.417,2.942,73,0,nan,nan,0.000,7674.037,1.206,6.9400e+08,nan,2.9842e+09
163.0,49.018,2.979,66,0,nan,nan,0.000,7674.037,1.230,6.9400e+08,nan,2.9842e+09
165.0,49.619,3.016,72,0,nan,nan,0.000,7674.037,1.222,6.9400e+08,nan,2.9842e+09
167.0,50.221,3.052,64,0,nan,nan,0.000,7674.037,1.264,6.9400e+08,nan,2.9842e+09
169.0,50.822,3.089,67,0,nan,nan,0.000,7674.037,1.271,6.9400e+08,nan,2.9842e+09
171.0,51.424,3.125,71,0,nan,nan,0.000,7674.037,1.225,6.9400e+08,nan,2.9842e+09
173.0,52.025,3.162,59,0,nan,nan,0.000,7674.037,1.340,6.9400e+08,nan,2.9842e+09
175.0,52.627,3.198,68,0,nan,nan,0.000,7674.037,1.270,6.9400e+08,nan,2.9842e+09
177.0,53.228,3.235,56,0,nan,nan,0.000,7674.037,1.383,6.9400e+08,nan,2.9842e+09
179.0,53.830,3.271,67,0,nan,nan,0.000,7674.037,1.294,6.9400e+08,nan,2.9842e+09
181.0,54.431,3.308,55,0,nan,nan,0.000,7674.037,1.416,6.9400e+08,nan,2.9842e+09
183.0,55.032,3.344,65,0,nan,nan,0.000,7674.037,1.338,6.9400e+08,nan,2.9842e+09
185.0,55.634,3.381,58,0,nan,nan,0.000,7674.037,1.431,6.9400e+08,nan,2.9842e+09
187.0,56.235,3.418,60,0,nan,nan,0.000,7674.037,1.373,6.9400e+08,nan,2.9842e+09
189.0,56.837,3.454,57,0,nan,nan,0.000,7674.037,1.458,6.9400e+08,nan,2.9842e+09
191.0,57.438,3.491,54,0,nan,nan,0.000,7674.037,1.464,6.9400e+08,nan,2.9842e+09
193.0,58.040,3.527,57,0,nan,nan,0.000,7674.037,1.484,6.9400e+08,nan,2.9842e+09
195.0,58.641,3.564,52,0,nan,nan,0.000,7674.037,1.521,6.9400e+08,nan,2.9842e+09
197.0,59.243,3.600,55,0,nan,nan,0.000,7674.037,1.534,6.9400e+08,nan,2.9842e+09
199.0,59.844,3.637,51,0,nan,nan,0.000,7674.037,1.563,6.9400e+08,nan,2.9842e+09
201.0,60.445,3.673,55,0,nan,nan,0.000,7674.037,1.583,6.9400e+08,nan,2.9842e+09
203.0,61.047,3.710,49,0,nan,nan,0.000,7674.037,1.657,6.9400e+08,nan,2.9842e+09
205.0,61.648,3.747,52,0,nan,nan,0.000,7674.037,1.636,6.9400e+08,nan,2.9842e+09
207.0,62.250,3.783,49,0,nan,nan,0.000,7674.037,1.738,6.9400e+08,nan,2.9842e+09
209.0,62.851,3.820,48,0,nan,nan,0.000,7674.037,1.700,6.9400e+08,nan,2.9842e+09
211.0,63.453,3.856,48,0,nan,nan,0.000,7674.037,1.805,6.9400e+08,nan,2.9842e+09
213.0,64.054,3.893,47,0,nan,nan,0.000,7674.037,1.786,6.9400e+08,nan,2.9842e+09
215.0,64.656,3.929,47,0,nan,nan,0.000,7674.037,1.892,6.9400e+08,nan,2.9842e+09
217.0,65.257,3.966,44,0,nan,nan,0.000,7674.037,1.905,6.9400e+08,nan,2.9842e+09
219.0,65.858,4.002,46,0,nan,nan,0.000,7674.037,2.031,6.9400e+08,nan,2.9842e+09
221.0,66.460,4.039,42,0,nan,nan,0.000,7674.037,2.072,6.9400e+08,nan,2.9842e+09
223.0,67.061,4.076,42,0,nan,nan,0.000,7674.037,2.201,6.9400e+08,nan,2.9842e+09
225.0,67.663,4.112,42,0,nan,nan,0.000,7674.037,2.217,6.9400e+08,nan,2.9842e+09
227.0,68.264,4.149,41,0,nan,nan,0.000,7674.037,2.411,6.9400e+08,nan,2.9842e+09
229.0,68.866,4.185,40,0,nan,nan,0.000,7674.037,2.525,6.9400e+08,nan,2.9842e+09
231.0,69.467,4.222,39,0,nan,nan,0.000,7674.037,2.742,6.9400e+08,nan,2.9842e+09
233.0,70.069,4.258,41,0,nan,nan,0.000,7674.037,2.990,6.9400e+08,nan,2.9842e+09
235.0,70.670,4.295,36,0,nan,nan,0.000,7674.037,4.136,6.9400e+08,nan,2.9842e+09
237.0,71.271,4.331,37,0,nan,nan,0.000,7674.037,7.196,6.9400e+08,nan,2.9842e+09
239.0,71.873,4.368,35,0,nan,nan,0.000,7674.037,nan,6.9400e+08,nan,2.9842e+09
241.0,72.474,4.404,36,0,nan,nan,0.000,7674.037,nan,6.9400e+08,nan,2.9842e+09
243.0,73.076,4.441,33,0,nan,nan,0.000,7674.037,nan,6.9400e+08,nan,2.9842e+09
245.0,73.677,4.478,34,0,nan,nan,0.000,7674.037,nan,6.9400e+08,nan,2.9842e+09
247.0,74.279,4.514,31,0,nan,nan,0.000,7674.037,nan,6.9400e+08,nan,2.9842e+09
249.0,74.880,4.551,33,0,nan,nan,0.000,7674.037,nan,6.9400e+08,nan,2.9842e+09
251.0,75.482,4.587,30,0,nan,nan,0.000,7674.037,nan,6.9400e+08,nan,2.9842e+09
253.0,76.083,4.624,32,0,nan,nan,0.000,7674.037,nan,6.9400e+08,nan,2.9842e+09
255.0,76.685,4.660,27,0,nan,nan,0.000,7674.037,nan,6.9400e+08,nan,2.9842e+09
257.0,77.286,4.697,30,0,nan,nan,0.000,7674.037,nan,6.9400e+08,nan,2.9842e+09
259.0,77.887,4.733,25,0,nan,nan,0.000,7674.037,nan,6.9400e+08,nan,2.9842e+09
261.0,78.489,4.770,28,0,nan,nan,0.000,7674.037,nan,6.9400e+08,nan,2.9842e+09
263.0,79.090,4.807,26,0,nan,nan,0.000,7674.037,nan,6.9400e+08,nan,2.9842e+09
265.0,79.692,4.843,25,0,nan,nan,0.000,7674.037,nan,6.9400e+08,nan,2.9842e+09
267.0,80.293,4.880,25,0,nan,nan,0.000,7674.037,nan,6.9400e+08,nan,2.9842e+09
269.0,80.895,4.916,22,0,nan,nan,0.000,7674.037,nan,6.9400e+08,nan,2.9842e+09
271.0,81.496,4.953,23,0,nan,nan,0.000,7674.037,nan,6.9400e+08,nan,2.9842e+09
273.0,82.098,4.989,21,0,nan,nan,0.000,7674.037,nan,6.9400e+08,nan,2.9842e+09
275.0,82.699,5.026,22,0,nan,nan,0.000,7674.037,nan,6.9400e+08,nan,2.9842e+09
277.0,83.300,5.062,19,0,nan,nan,0.000,7674.037,nan,6.9400e+08,nan,2.9842e+09
279.0,83.902,5.099,20,0,nan,nan,0.000,7674.037,nan,6.9400e+08,nan,2.9842e+09
281.0,84.503,5.136,17,0,nan,nan,0.000,7674.037,nan,6.9400e+08,nan,2.9842e+09
283.0,85.105,5.172,18,0,nan,nan,0.000,7674.037,nan,6.9400e+08,nan,2.9842e+09
285.0,85.706,5.209,17,0,nan,nan,0.000,7674.037,nan,6.9400e+08,nan,2.9842e+09
287.0,86.308,5.245,16,0,nan,nan,0.000,7674.037,nan,6.9400e+08,nan,2.9842e+09
289.0,86.909,5.282,15,0,nan,nan,0.000,7674.037,nan,6.9400e+08,nan,2.9842e+09
291.0,87.511,5.318,14,0,nan,nan,0.000,7674.037,nan,6.9400e+08,nan,2.9842e+09
293.0,88.112,5.355,13,0,nan,nan,0.000,7674.037,nan,6.9400e+08,nan,2.9842e+09
295.0,88.713,5.391,14,0,nan,nan,0.000,7674.037,nan,6.9400e+08,nan,2.9842e+09
297.0,89.315,5.428,11,0,nan,nan,0.000,7674.037,nan,6.9400e+08,nan,2.9842e+09
299.0,89.916,5.464,13,0,nan,nan,0.000,7674.037,nan,6.9400e+08,nan,2.9842e+09
301.0,90.518,5.501,9,0,nan,nan,0.000,7674.037,nan,6.9400e+08,nan,2.9842e+09
303.0,91.119,5.538,10,0,nan,nan,0.000,7674.037,nan,6.9400e+08,nan,2.9842e+09
305.0,91.721,5.574,8,0,nan,nan,0.000,7674.037,nan,6.9400e+08,nan,2.9842e+09
307.0,92.322,5.611,9,0,nan,nan,0.000,7674.037,nan,6.9400e+08,nan,2.9842e+09
309.0,92.924,5.647,7,0,nan,nan,0.000,7674.037,nan,6.9400e+08,nan,2.9842e+09
311.0,93.525,5.684,6,0,nan,nan,0.000,7674.037,nan,6.9400e+08,nan,2.9842e+09
313.0,94.126,5.720,5,0,nan,nan,0.000,7674.037,nan,6.9400e+08,nan,2.9842e+09
315.0,94.728,5.757,5,0,nan,nan,0.000,7674.037,nan,6.9400e+08,nan,2.9842e+09
317.0,95.329,5.793,4,0,nan,nan,0.000,7674.037,nan,6.9400e+08,nan,2.9842e+09
319.0,95.931,5.830,3,0,nan,nan,0.000,7674.037,nan,6.9400e+08,nan,2.9842e+09
321.0,96.532,5.867,3,0,nan,nan,0.000,7674.037,nan,6.9400e+08,nan,2.9842e+09
323.0,97.134,5.903,0,0,nan,nan,0.000,7674.037,nan,6.9400e+08,nan,2.9842e+09
325.0,97.735,5.940,1,0,nan,nan,0.000,7674.037,nan,6.9400e+08,nan,2.9842e+09
