dat_prof/radprof/build/rproftxt/IC2247.smo7_smob1.rprof.txt
# %ECSV 0.9
# ---
# datatype:
# - {name: radius, unit: arcsec, datatype: float64, description: Adopting RA=123.9962 deg DEC=23.1996 deg PA=328.5 INC=77.7}
# - {name: r_kpc, unit: kpc, datatype: float64, format: 10.3f, description: Adopting distance of 62.03 Mpc}
# - {name: r_r25, unit: '', datatype: float64, format: 10.3f, description: Adopting R25=54.72 arcsec}
# - {name: npix, datatype: int64}
# - {name: ngood, datatype: int64, description: Requiring fill fraction of 0.1 npix}
# - {name: wtmean, unit: K km / s, datatype: float64, format: 10.3f, description: Replaced blanks with 1 times IC2247.co.smo7_smo.emom0max.fits}
# - {name: rms, unit: K km / s, datatype: float32}
# - {name: annsum, unit: K km pix / s, datatype: float32, format: 10.3f}
# - {name: cumsum, unit: K km pix / s, datatype: float32}
# - {name: detlim, unit: K km / s, datatype: float64, format: 10.3f}
# - {name: cumlum, unit: K km pc2 / s, datatype: float32, format: 10.4e}
# - {name: sigmol, unit: solMass / pc2, datatype: float64, format: 10.3f}
# - {name: cummass, unit: solMass, datatype: float32, format: 10.4e}
# delimiter: ','
# schema: astropy-2.0
radius,r_kpc,r_r25,npix,ngood,wtmean,rms,annsum,cumsum,detlim,cumlum,sigmol,cummass
1.5,0.451,0.027,5,5,6.900,0.38567662,161.939,161.93886,3.354,1.4645e+07,29.668,6.2973e+07
4.5,1.353,0.082,18,18,5.995,0.63648605,506.580,668.519,1.735,6.0457e+07,25.780,2.5997e+08
7.5,2.255,0.137,30,30,5.140,0.7903596,723.879,1392.3982,1.311,1.2592e+08,22.103,5.4146e+08
10.5,3.158,0.192,43,43,4.412,0.83801574,890.493,2282.8916,1.075,2.0645e+08,18.970,8.8775e+08
13.5,4.060,0.247,52,52,3.715,0.790939,906.919,3189.8103,0.963,2.8847e+08,15.976,1.2404e+09
16.5,4.962,0.302,70,70,3.004,0.71953434,987.155,4176.965,0.807,3.7774e+08,12.918,1.6243e+09
19.5,5.864,0.356,77,77,2.400,0.76715493,867.465,5044.4297,0.755,4.5619e+08,10.320,1.9616e+09
22.5,6.766,0.411,89,89,1.799,0.62878007,751.444,5795.874,0.685,5.2415e+08,7.734,2.2538e+09
25.5,7.668,0.466,109,109,1.236,0.5176912,632.371,6428.2446,0.602,5.8134e+08,5.314,2.4997e+09
28.5,8.571,0.521,105,105,0.872,0.3929907,429.646,6857.8906,0.613,6.2019e+08,3.748,2.6668e+09
31.5,9.473,0.576,128,128,0.603,0.269578,362.308,7220.1987,0.558,6.5296e+08,2.593,2.8077e+09
34.5,10.375,0.631,141,141,0.430,0.18378271,284.494,7504.6924,0.534,6.7868e+08,1.848,2.9183e+09
37.5,11.277,0.685,151,146,0.309,0.0895621,219.073,7723.765,0.527,6.9850e+08,1.329,3.0035e+09
40.5,12.179,0.740,158,135,0.290,0.06902234,215.220,7938.9854,0.529,7.1796e+08,1.248,3.0872e+09
43.5,13.081,0.795,181,145,0.287,0.07378784,244.244,8183.2295,0.509,7.4005e+08,1.236,3.1822e+09
46.5,13.984,0.850,185,124,0.303,0.085326694,263.200,8446.43,0.527,7.6385e+08,1.303,3.2846e+09
49.5,14.886,0.905,197,95,0.312,0.08364135,288.326,8734.756,0.529,7.8992e+08,1.341,3.3967e+09
52.5,15.788,0.959,216,87,0.333,0.09690622,337.645,9072.4,0.539,8.2046e+08,1.432,3.5280e+09
55.5,16.690,1.014,221,59,0.352,0.10863402,364.732,9437.133,0.560,8.5344e+08,1.512,3.6698e+09
58.5,17.592,1.069,234,46,0.318,0.15449218,348.910,9786.043,0.584,8.8500e+08,1.366,3.8055e+09
61.5,18.495,1.124,248,44,0.257,0.1741423,299.479,10085.522,0.587,9.1208e+08,1.106,3.9219e+09
64.5,19.397,1.179,259,36,0.227,0.17475736,275.913,10361.436,0.579,9.3703e+08,0.976,4.0292e+09
67.5,20.299,1.234,263,22,nan,nan,0.000,10361.436,0.609,9.3703e+08,nan,4.0292e+09
70.5,21.201,1.288,294,19,nan,nan,0.000,10361.436,0.584,9.3703e+08,nan,4.0292e+09
73.5,22.103,1.343,294,13,nan,nan,0.000,10361.436,0.608,9.3703e+08,nan,4.0292e+09
76.5,23.005,1.398,304,5,nan,nan,0.000,10361.436,0.612,9.3703e+08,nan,4.0292e+09
79.5,23.908,1.453,323,1,nan,nan,0.000,10361.436,0.612,9.3703e+08,nan,4.0292e+09
82.5,24.810,1.508,334,0,nan,nan,0.000,10361.436,0.613,9.3703e+08,nan,4.0292e+09
85.5,25.712,1.563,334,0,nan,nan,0.000,10361.436,0.630,9.3703e+08,nan,4.0292e+09
88.5,26.614,1.617,367,0,nan,nan,0.000,10361.436,0.615,9.3703e+08,nan,4.0292e+09
91.5,27.516,1.672,357,0,nan,nan,0.000,10361.436,0.638,9.3703e+08,nan,4.0292e+09
94.5,28.418,1.727,338,0,nan,nan,0.000,10361.436,0.642,9.3703e+08,nan,4.0292e+09
97.5,29.321,1.782,322,0,nan,nan,0.000,10361.436,0.622,9.3703e+08,nan,4.0292e+09
100.5,30.223,1.837,301,0,nan,nan,0.000,10361.436,0.650,9.3703e+08,nan,4.0292e+09
103.5,31.125,1.892,291,0,nan,nan,0.000,10361.436,0.649,9.3703e+08,nan,4.0292e+09
106.5,32.027,1.946,292,0,nan,nan,0.000,10361.436,0.649,9.3703e+08,nan,4.0292e+09
109.5,32.929,2.001,291,0,nan,nan,0.000,10361.436,0.654,9.3703e+08,nan,4.0292e+09
112.5,33.831,2.056,269,0,nan,nan,0.000,10361.436,0.679,9.3703e+08,nan,4.0292e+09
115.5,34.734,2.111,287,0,nan,nan,0.000,10361.436,0.649,9.3703e+08,nan,4.0292e+09
118.5,35.636,2.166,271,0,nan,nan,0.000,10361.436,0.680,9.3703e+08,nan,4.0292e+09
121.5,36.538,2.221,271,0,nan,nan,0.000,10361.436,0.682,9.3703e+08,nan,4.0292e+09
124.5,37.440,2.275,270,0,nan,nan,0.000,10361.436,0.675,9.3703e+08,nan,4.0292e+09
127.5,38.342,2.330,264,0,nan,nan,0.000,10361.436,0.698,9.3703e+08,nan,4.0292e+09
130.5,39.244,2.385,259,0,nan,nan,0.000,10361.436,0.702,9.3703e+08,nan,4.0292e+09
133.5,40.147,2.440,272,0,nan,nan,0.000,10361.436,0.681,9.3703e+08,nan,4.0292e+09
136.5,41.049,2.495,260,0,nan,nan,0.000,10361.436,0.719,9.3703e+08,nan,4.0292e+09
139.5,41.951,2.549,251,0,nan,nan,0.000,10361.436,0.737,9.3703e+08,nan,4.0292e+09
142.5,42.853,2.604,270,0,nan,nan,0.000,10361.436,0.704,9.3703e+08,nan,4.0292e+09
145.5,43.755,2.659,255,0,nan,nan,0.000,10361.436,0.727,9.3703e+08,nan,4.0292e+09
148.5,44.657,2.714,256,0,nan,nan,0.000,10361.436,0.765,9.3703e+08,nan,4.0292e+09
151.5,45.560,2.769,253,0,nan,nan,0.000,10361.436,0.726,9.3703e+08,nan,4.0292e+09
154.5,46.462,2.824,264,0,nan,nan,0.000,10361.436,0.757,9.3703e+08,nan,4.0292e+09
157.5,47.364,2.878,244,0,nan,nan,0.000,10361.436,0.778,9.3703e+08,nan,4.0292e+09
160.5,48.266,2.933,265,0,nan,nan,0.000,10361.436,0.761,9.3703e+08,nan,4.0292e+09
163.5,49.168,2.988,245,0,nan,nan,0.000,10361.436,0.783,9.3703e+08,nan,4.0292e+09
166.5,50.070,3.043,252,0,nan,nan,0.000,10361.436,0.800,9.3703e+08,nan,4.0292e+09
169.5,50.973,3.098,246,0,nan,nan,0.000,10361.436,0.792,9.3703e+08,nan,4.0292e+09
172.5,51.875,3.153,245,0,nan,nan,0.000,10361.436,0.823,9.3703e+08,nan,4.0292e+09
175.5,52.777,3.207,237,0,nan,nan,0.000,10361.436,0.819,9.3703e+08,nan,4.0292e+09
178.5,53.679,3.262,238,0,nan,nan,0.000,10361.436,0.826,9.3703e+08,nan,4.0292e+09
181.5,54.581,3.317,230,0,nan,nan,0.000,10361.436,0.862,9.3703e+08,nan,4.0292e+09
184.5,55.484,3.372,222,0,nan,nan,0.000,10361.436,0.865,9.3703e+08,nan,4.0292e+09
187.5,56.386,3.427,234,0,nan,nan,0.000,10361.436,0.865,9.3703e+08,nan,4.0292e+09
190.5,57.288,3.482,209,0,nan,nan,0.000,10361.436,0.901,9.3703e+08,nan,4.0292e+09
193.5,58.190,3.536,226,0,nan,nan,0.000,10361.436,0.903,9.3703e+08,nan,4.0292e+09
196.5,59.092,3.591,212,0,nan,nan,0.000,10361.436,0.917,9.3703e+08,nan,4.0292e+09
199.5,59.994,3.646,215,0,nan,nan,0.000,10361.436,0.937,9.3703e+08,nan,4.0292e+09
202.5,60.897,3.701,207,0,nan,nan,0.000,10361.436,0.962,9.3703e+08,nan,4.0292e+09
205.5,61.799,3.756,209,0,nan,nan,0.000,10361.436,0.974,9.3703e+08,nan,4.0292e+09
208.5,62.701,3.811,198,0,nan,nan,0.000,10361.436,0.992,9.3703e+08,nan,4.0292e+09
211.5,63.603,3.865,204,0,nan,nan,0.000,10361.436,1.008,9.3703e+08,nan,4.0292e+09
214.5,64.505,3.920,200,0,nan,nan,0.000,10361.436,1.031,9.3703e+08,nan,4.0292e+09
217.5,65.407,3.975,194,0,nan,nan,0.000,10361.436,1.067,9.3703e+08,nan,4.0292e+09
220.5,66.310,4.030,198,0,nan,nan,0.000,10361.436,1.074,9.3703e+08,nan,4.0292e+09
223.5,67.212,4.085,189,0,nan,nan,0.000,10361.436,1.106,9.3703e+08,nan,4.0292e+09
226.5,68.114,4.139,185,0,nan,nan,0.000,10361.436,1.158,9.3703e+08,nan,4.0292e+09
229.5,69.016,4.194,190,0,nan,nan,0.000,10361.436,1.181,9.3703e+08,nan,4.0292e+09
232.5,69.918,4.249,186,0,nan,nan,0.000,10361.436,1.188,9.3703e+08,nan,4.0292e+09
235.5,70.820,4.304,177,0,nan,nan,0.000,10361.436,1.265,9.3703e+08,nan,4.0292e+09
238.5,71.723,4.359,181,0,nan,nan,0.000,10361.436,1.287,9.3703e+08,nan,4.0292e+09
241.5,72.625,4.414,179,0,nan,nan,0.000,10361.436,1.337,9.3703e+08,nan,4.0292e+09
244.5,73.527,4.468,168,0,nan,nan,0.000,10361.436,1.373,9.3703e+08,nan,4.0292e+09
247.5,74.429,4.523,181,0,nan,nan,0.000,10361.436,1.452,9.3703e+08,nan,4.0292e+09
250.5,75.331,4.578,168,0,nan,nan,0.000,10361.436,1.528,9.3703e+08,nan,4.0292e+09
253.5,76.233,4.633,162,0,nan,nan,0.000,10361.436,1.621,9.3703e+08,nan,4.0292e+09
256.5,77.136,4.688,176,0,nan,nan,0.000,10361.436,1.682,9.3703e+08,nan,4.0292e+09
259.5,78.038,4.743,157,0,nan,nan,0.000,10361.436,1.886,9.3703e+08,nan,4.0292e+09
262.5,78.940,4.797,158,0,nan,nan,0.000,10361.436,2.014,9.3703e+08,nan,4.0292e+09
265.5,79.842,4.852,168,0,nan,nan,0.000,10361.436,2.405,9.3703e+08,nan,4.0292e+09
268.5,80.744,4.907,154,0,nan,nan,0.000,10361.436,3.730,9.3703e+08,nan,4.0292e+09
271.5,81.646,4.962,149,0,nan,nan,0.000,10361.436,12.476,9.3703e+08,nan,4.0292e+09
274.5,82.549,5.017,159,0,nan,nan,0.000,10361.436,nan,9.3703e+08,nan,4.0292e+09
277.5,83.451,5.072,151,0,nan,nan,0.000,10361.436,nan,9.3703e+08,nan,4.0292e+09
280.5,84.353,5.126,145,0,nan,nan,0.000,10361.436,nan,9.3703e+08,nan,4.0292e+09
283.5,85.255,5.181,150,0,nan,nan,0.000,10361.436,nan,9.3703e+08,nan,4.0292e+09
286.5,86.157,5.236,144,0,nan,nan,0.000,10361.436,nan,9.3703e+08,nan,4.0292e+09
289.5,87.059,5.291,141,0,nan,nan,0.000,10361.436,nan,9.3703e+08,nan,4.0292e+09
292.5,87.962,5.346,144,0,nan,nan,0.000,10361.436,nan,9.3703e+08,nan,4.0292e+09
295.5,88.864,5.401,136,0,nan,nan,0.000,10361.436,nan,9.3703e+08,nan,4.0292e+09
298.5,89.766,5.455,136,0,nan,nan,0.000,10361.436,nan,9.3703e+08,nan,4.0292e+09
301.5,90.668,5.510,138,0,nan,nan,0.000,10361.436,nan,9.3703e+08,nan,4.0292e+09
304.5,91.570,5.565,130,0,nan,nan,0.000,10361.436,nan,9.3703e+08,nan,4.0292e+09
307.5,92.473,5.620,131,0,nan,nan,0.000,10361.436,nan,9.3703e+08,nan,4.0292e+09
310.5,93.375,5.675,131,0,nan,nan,0.000,10361.436,nan,9.3703e+08,nan,4.0292e+09
313.5,94.277,5.729,125,0,nan,nan,0.000,10361.436,nan,9.3703e+08,nan,4.0292e+09
316.5,95.179,5.784,123,0,nan,nan,0.000,10361.436,nan,9.3703e+08,nan,4.0292e+09
319.5,96.081,5.839,127,0,nan,nan,0.000,10361.436,nan,9.3703e+08,nan,4.0292e+09
322.5,96.983,5.894,121,0,nan,nan,0.000,10361.436,nan,9.3703e+08,nan,4.0292e+09
325.5,97.886,5.949,116,0,nan,nan,0.000,10361.436,nan,9.3703e+08,nan,4.0292e+09
328.5,98.788,6.004,117,0,nan,nan,0.000,10361.436,nan,9.3703e+08,nan,4.0292e+09
331.5,99.690,6.058,118,0,nan,nan,0.000,10361.436,nan,9.3703e+08,nan,4.0292e+09
334.5,100.592,6.113,112,0,nan,nan,0.000,10361.436,nan,9.3703e+08,nan,4.0292e+09
337.5,101.494,6.168,112,0,nan,nan,0.000,10361.436,nan,9.3703e+08,nan,4.0292e+09
340.5,102.396,6.223,109,0,nan,nan,0.000,10361.436,nan,9.3703e+08,nan,4.0292e+09
343.5,103.299,6.278,107,0,nan,nan,0.000,10361.436,nan,9.3703e+08,nan,4.0292e+09
346.5,104.201,6.333,106,0,nan,nan,0.000,10361.436,nan,9.3703e+08,nan,4.0292e+09
349.5,105.103,6.387,103,0,nan,nan,0.000,10361.436,nan,9.3703e+08,nan,4.0292e+09
352.5,106.005,6.442,100,0,nan,nan,0.000,10361.436,nan,9.3703e+08,nan,4.0292e+09
355.5,106.907,6.497,101,0,nan,nan,0.000,10361.436,nan,9.3703e+08,nan,4.0292e+09
358.5,107.809,6.552,99,0,nan,nan,0.000,10361.436,nan,9.3703e+08,nan,4.0292e+09
361.5,108.712,6.607,93,0,nan,nan,0.000,10361.436,nan,9.3703e+08,nan,4.0292e+09
364.5,109.614,6.662,96,0,nan,nan,0.000,10361.436,nan,9.3703e+08,nan,4.0292e+09
367.5,110.516,6.716,93,0,nan,nan,0.000,10361.436,nan,9.3703e+08,nan,4.0292e+09
370.5,111.418,6.771,88,0,nan,nan,0.000,10361.436,nan,9.3703e+08,nan,4.0292e+09
373.5,112.320,6.826,88,0,nan,nan,0.000,10361.436,nan,9.3703e+08,nan,4.0292e+09
376.5,113.222,6.881,88,0,nan,nan,0.000,10361.436,nan,9.3703e+08,nan,4.0292e+09
379.5,114.125,6.936,83,0,nan,nan,0.000,10361.436,nan,9.3703e+08,nan,4.0292e+09
382.5,115.027,6.991,83,0,nan,nan,0.000,10361.436,nan,9.3703e+08,nan,4.0292e+09
385.5,115.929,7.045,82,0,nan,nan,0.000,10361.436,nan,9.3703e+08,nan,4.0292e+09
388.5,116.831,7.100,79,0,nan,nan,0.000,10361.436,nan,9.3703e+08,nan,4.0292e+09
391.5,117.733,7.155,75,0,nan,nan,0.000,10361.436,nan,9.3703e+08,nan,4.0292e+09
394.5,118.635,7.210,74,0,nan,nan,0.000,10361.436,nan,9.3703e+08,nan,4.0292e+09
397.5,119.538,7.265,77,0,nan,nan,0.000,10361.436,nan,9.3703e+08,nan,4.0292e+09
400.5,120.440,7.319,71,0,nan,nan,0.000,10361.436,nan,9.3703e+08,nan,4.0292e+09
403.5,121.342,7.374,66,0,nan,nan,0.000,10361.436,nan,9.3703e+08,nan,4.0292e+09
406.5,122.244,7.429,70,0,nan,nan,0.000,10361.436,nan,9.3703e+08,nan,4.0292e+09
409.5,123.146,7.484,68,0,nan,nan,0.000,10361.436,nan,9.3703e+08,nan,4.0292e+09
412.5,124.048,7.539,62,0,nan,nan,0.000,10361.436,nan,9.3703e+08,nan,4.0292e+09
415.5,124.951,7.594,63,0,nan,nan,0.000,10361.436,nan,9.3703e+08,nan,4.0292e+09
418.5,125.853,7.648,61,0,nan,nan,0.000,10361.436,nan,9.3703e+08,nan,4.0292e+09
421.5,126.755,7.703,59,0,nan,nan,0.000,10361.436,nan,9.3703e+08,nan,4.0292e+09
424.5,127.657,7.758,55,0,nan,nan,0.000,10361.436,nan,9.3703e+08,nan,4.0292e+09
427.5,128.559,7.813,55,0,nan,nan,0.000,10361.436,nan,9.3703e+08,nan,4.0292e+09
430.5,129.462,7.868,53,0,nan,nan,0.000,10361.436,nan,9.3703e+08,nan,4.0292e+09
433.5,130.364,7.923,51,0,nan,nan,0.000,10361.436,nan,9.3703e+08,nan,4.0292e+09
436.5,131.266,7.977,49,0,nan,nan,0.000,10361.436,nan,9.3703e+08,nan,4.0292e+09
439.5,132.168,8.032,47,0,nan,nan,0.000,10361.436,nan,9.3703e+08,nan,4.0292e+09
442.5,133.070,8.087,45,0,nan,nan,0.000,10361.436,nan,9.3703e+08,nan,4.0292e+09
445.5,133.972,8.142,44,0,nan,nan,0.000,10361.436,nan,9.3703e+08,nan,4.0292e+09
448.5,134.875,8.197,43,0,nan,nan,0.000,10361.436,nan,9.3703e+08,nan,4.0292e+09
451.5,135.777,8.252,39,0,nan,nan,0.000,10361.436,nan,9.3703e+08,nan,4.0292e+09
454.5,136.679,8.306,37,0,nan,nan,0.000,10361.436,nan,9.3703e+08,nan,4.0292e+09
457.5,137.581,8.361,36,0,nan,nan,0.000,10361.436,nan,9.3703e+08,nan,4.0292e+09
460.5,138.483,8.416,35,0,nan,nan,0.000,10361.436,nan,9.3703e+08,nan,4.0292e+09
463.5,139.385,8.471,33,0,nan,nan,0.000,10361.436,nan,9.3703e+08,nan,4.0292e+09
466.5,140.288,8.526,29,0,nan,nan,0.000,10361.436,nan,9.3703e+08,nan,4.0292e+09
469.5,141.190,8.581,29,0,nan,nan,0.000,10361.436,nan,9.3703e+08,nan,4.0292e+09
472.5,142.092,8.635,29,0,nan,nan,0.000,10361.436,nan,9.3703e+08,nan,4.0292e+09
475.5,142.994,8.690,24,0,nan,nan,0.000,10361.436,nan,9.3703e+08,nan,4.0292e+09
478.5,143.896,8.745,24,0,nan,nan,0.000,10361.436,nan,9.3703e+08,nan,4.0292e+09
481.5,144.798,8.800,21,0,nan,nan,0.000,10361.436,nan,9.3703e+08,nan,4.0292e+09
484.5,145.701,8.855,21,0,nan,nan,0.000,10361.436,nan,9.3703e+08,nan,4.0292e+09
487.5,146.603,8.910,18,0,nan,nan,0.000,10361.436,nan,9.3703e+08,nan,4.0292e+09
490.5,147.505,8.964,16,0,nan,nan,0.000,10361.436,nan,9.3703e+08,nan,4.0292e+09
493.5,148.407,9.019,14,0,nan,nan,0.000,10361.436,nan,9.3703e+08,nan,4.0292e+09
496.5,149.309,9.074,14,0,nan,nan,0.000,10361.436,nan,9.3703e+08,nan,4.0292e+09
499.5,150.211,9.129,10,0,nan,nan,0.000,10361.436,nan,9.3703e+08,nan,4.0292e+09
502.5,151.114,9.184,9,0,nan,nan,0.000,10361.436,nan,9.3703e+08,nan,4.0292e+09
505.5,152.016,9.238,7,0,nan,nan,0.000,10361.436,nan,9.3703e+08,nan,4.0292e+09
508.5,152.918,9.293,5,0,nan,nan,0.000,10361.436,nan,9.3703e+08,nan,4.0292e+09
511.5,153.820,9.348,3,0,nan,nan,0.000,10361.436,nan,9.3703e+08,nan,4.0292e+09
514.5,154.722,9.403,2,0,nan,nan,0.000,10361.436,nan,9.3703e+08,nan,4.0292e+09
517.5,155.624,9.458,0,0,nan,nan,0.000,10361.436,nan,9.3703e+08,nan,4.0292e+09
