dat_prof/radprof/build/rproftxt/NGC0477.smo7_smob0.rprof.txt
# %ECSV 0.9
# ---
# datatype:
# - {name: radius, unit: arcsec, datatype: float64, description: Adopting RA=20.3348 deg DEC=40.4882 deg PA=140.0 INC=60.0}
# - {name: r_kpc, unit: kpc, datatype: float64, format: 10.3f, description: Adopting distance of 85.42 Mpc}
# - {name: r_r25, unit: '', datatype: float64, format: 10.3f, description: Adopting R25=46.57 arcsec}
# - {name: npix, datatype: int64}
# - {name: ngood, datatype: int64, description: Requiring fill fraction of 0.1 npix}
# - {name: wtmean, unit: K km / s, datatype: float64, format: 10.3f, description: Replaced blanks with 0 times NGC0477.co.smo7_smo.emom0max.fits}
# - {name: rms, unit: K km / s, datatype: float32}
# - {name: annsum, unit: K km pix / s, datatype: float32, format: 10.3f}
# - {name: cumsum, unit: K km pix / s, datatype: float32}
# - {name: detlim, unit: K km / s, datatype: float64, format: 10.3f}
# - {name: cumlum, unit: K km pc2 / s, datatype: float32, format: 10.4e}
# - {name: sigmol, unit: solMass / pc2, datatype: float64, format: 10.3f}
# - {name: cummass, unit: solMass, datatype: float32, format: 10.4e}
# delimiter: ','
# schema: astropy-2.0
radius,r_kpc,r_r25,npix,ngood,wtmean,rms,annsum,cumsum,detlim,cumlum,sigmol,cummass
1.5,0.621,0.032,14,14,4.089,0.3588795,114.494,114.49448,4.633,1.9637e+07,17.583,8.4441e+07
4.5,1.864,0.097,42,42,3.417,0.6559313,287.058,401.5524,2.621,6.8872e+07,14.695,2.9615e+08
7.5,3.106,0.161,72,72,2.235,0.7800573,321.899,723.4518,1.959,1.2408e+08,9.612,5.3355e+08
10.5,4.348,0.225,99,99,1.435,0.8061074,284.093,1007.5447,1.631,1.7281e+08,6.170,7.4307e+08
13.5,5.591,0.290,126,126,0.927,1.0435226,233.698,1241.2424,1.392,2.1289e+08,3.988,9.1543e+08
16.5,6.833,0.354,160,160,0.795,1.0610409,254.346,1495.5886,1.216,2.5651e+08,3.418,1.1030e+09
19.5,8.076,0.419,183,183,0.840,1.0516992,307.463,1803.0515,1.138,3.0925e+08,3.612,1.3298e+09
22.5,9.318,0.483,208,208,1.115,0.9385493,463.864,2266.9153,1.077,3.8881e+08,4.795,1.6719e+09
25.5,10.561,0.548,238,238,1.279,0.776295,608.635,2875.5508,1.024,4.9320e+08,5.498,2.1207e+09
28.5,11.803,0.612,273,273,1.108,0.7078303,605.160,3480.7107,0.980,5.9699e+08,4.766,2.5671e+09
31.5,13.045,0.676,296,287,0.820,0.7431873,485.289,3965.9995,0.969,6.8022e+08,3.525,2.9250e+09
34.5,14.288,0.741,330,265,0.542,0.6787484,357.623,4323.622,0.949,7.4156e+08,2.330,3.1887e+09
37.5,15.530,0.805,347,186,0.233,0.48899144,161.695,4485.317,0.964,7.6929e+08,1.002,3.3080e+09
40.5,16.773,0.870,385,150,0.033,0.30798933,25.391,4510.7075,0.955,7.7365e+08,0.142,3.3267e+09
43.5,18.015,0.934,409,89,-0.045,0.23253797,-37.036,4473.672,0.973,7.6729e+08,-0.195,3.2994e+09
46.5,19.258,0.998,437,43,nan,nan,0.000,4473.672,0.998,7.6729e+08,nan,3.2994e+09
49.5,20.500,1.063,469,9,nan,nan,0.000,4473.672,1.014,7.6729e+08,nan,3.2994e+09
52.5,21.742,1.127,491,0,nan,nan,0.000,4473.672,1.064,7.6729e+08,nan,3.2994e+09
55.5,22.985,1.192,529,0,nan,nan,0.000,4473.672,1.095,7.6729e+08,nan,3.2994e+09
58.5,24.227,1.256,556,0,nan,nan,0.000,4473.672,1.153,7.6729e+08,nan,3.2994e+09
61.5,25.470,1.321,569,0,nan,nan,0.000,4473.672,1.217,7.6729e+08,nan,3.2994e+09
64.5,26.712,1.385,609,0,nan,nan,0.000,4473.672,1.250,7.6729e+08,nan,3.2994e+09
67.5,27.955,1.449,630,0,nan,nan,0.000,4473.672,1.300,7.6729e+08,nan,3.2994e+09
70.5,29.197,1.514,671,0,nan,nan,0.000,4473.672,1.335,7.6729e+08,nan,3.2994e+09
73.5,30.439,1.578,692,0,nan,nan,0.000,4473.672,1.375,7.6729e+08,nan,3.2994e+09
76.5,31.682,1.643,717,0,nan,nan,0.000,4473.672,1.434,7.6729e+08,nan,3.2994e+09
79.5,32.924,1.707,757,0,nan,nan,0.000,4473.672,1.487,7.6729e+08,nan,3.2994e+09
82.5,34.167,1.771,781,0,nan,nan,0.000,4473.672,1.568,7.6729e+08,nan,3.2994e+09
85.5,35.409,1.836,795,0,nan,nan,0.000,4473.672,1.645,7.6729e+08,nan,3.2994e+09
88.5,36.652,1.900,831,0,nan,nan,0.000,4473.672,1.712,7.6729e+08,nan,3.2994e+09
91.5,37.894,1.965,867,0,nan,nan,0.000,4473.672,1.782,7.6729e+08,nan,3.2994e+09
94.5,39.136,2.029,895,0,nan,nan,0.000,4473.672,1.906,7.6729e+08,nan,3.2994e+09
97.5,40.379,2.094,839,0,nan,nan,0.000,4473.672,2.009,7.6729e+08,nan,3.2994e+09
100.5,41.621,2.158,758,0,nan,nan,0.000,4473.672,2.200,7.6729e+08,nan,3.2994e+09
103.5,42.864,2.222,740,0,nan,nan,0.000,4473.672,2.392,7.6729e+08,nan,3.2994e+09
106.5,44.106,2.287,656,0,nan,nan,0.000,4473.672,2.678,7.6729e+08,nan,3.2994e+09
109.5,45.349,2.351,585,0,nan,nan,0.000,4473.672,3.028,7.6729e+08,nan,3.2994e+09
112.5,46.591,2.416,499,0,nan,nan,0.000,4473.672,4.024,7.6729e+08,nan,3.2994e+09
115.5,47.833,2.480,438,0,nan,nan,0.000,4473.672,7.430,7.6729e+08,nan,3.2994e+09
118.5,49.076,2.544,410,0,nan,nan,0.000,4473.672,nan,7.6729e+08,nan,3.2994e+09
121.5,50.318,2.609,386,0,nan,nan,0.000,4473.672,nan,7.6729e+08,nan,3.2994e+09
124.5,51.561,2.673,362,0,nan,nan,0.000,4473.672,nan,7.6729e+08,nan,3.2994e+09
127.5,52.803,2.738,354,0,nan,nan,0.000,4473.672,nan,7.6729e+08,nan,3.2994e+09
130.5,54.046,2.802,331,0,nan,nan,0.000,4473.672,nan,7.6729e+08,nan,3.2994e+09
133.5,55.288,2.867,323,0,nan,nan,0.000,4473.672,nan,7.6729e+08,nan,3.2994e+09
136.5,56.530,2.931,310,0,nan,nan,0.000,4473.672,nan,7.6729e+08,nan,3.2994e+09
139.5,57.773,2.995,296,0,nan,nan,0.000,4473.672,nan,7.6729e+08,nan,3.2994e+09
142.5,59.015,3.060,278,0,nan,nan,0.000,4473.672,nan,7.6729e+08,nan,3.2994e+09
145.5,60.258,3.124,267,0,nan,nan,0.000,4473.672,nan,7.6729e+08,nan,3.2994e+09
148.5,61.500,3.189,251,0,nan,nan,0.000,4473.672,nan,7.6729e+08,nan,3.2994e+09
151.5,62.742,3.253,245,0,nan,nan,0.000,4473.672,nan,7.6729e+08,nan,3.2994e+09
154.5,63.985,3.317,232,0,nan,nan,0.000,4473.672,nan,7.6729e+08,nan,3.2994e+09
157.5,65.227,3.382,231,0,nan,nan,0.000,4473.672,nan,7.6729e+08,nan,3.2994e+09
160.5,66.470,3.446,212,0,nan,nan,0.000,4473.672,nan,7.6729e+08,nan,3.2994e+09
163.5,67.712,3.511,197,0,nan,nan,0.000,4473.672,nan,7.6729e+08,nan,3.2994e+09
166.5,68.955,3.575,188,0,nan,nan,0.000,4473.672,nan,7.6729e+08,nan,3.2994e+09
169.5,70.197,3.640,176,0,nan,nan,0.000,4473.672,nan,7.6729e+08,nan,3.2994e+09
172.5,71.439,3.704,171,0,nan,nan,0.000,4473.672,nan,7.6729e+08,nan,3.2994e+09
175.5,72.682,3.768,158,0,nan,nan,0.000,4473.672,nan,7.6729e+08,nan,3.2994e+09
178.5,73.924,3.833,153,0,nan,nan,0.000,4473.672,nan,7.6729e+08,nan,3.2994e+09
181.5,75.167,3.897,139,0,nan,nan,0.000,4473.672,nan,7.6729e+08,nan,3.2994e+09
184.5,76.409,3.962,127,0,nan,nan,0.000,4473.672,nan,7.6729e+08,nan,3.2994e+09
187.5,77.652,4.026,119,0,nan,nan,0.000,4473.672,nan,7.6729e+08,nan,3.2994e+09
190.5,78.894,4.090,109,0,nan,nan,0.000,4473.672,nan,7.6729e+08,nan,3.2994e+09
193.5,80.136,4.155,98,0,nan,nan,0.000,4473.672,nan,7.6729e+08,nan,3.2994e+09
196.5,81.379,4.219,90,0,nan,nan,0.000,4473.672,nan,7.6729e+08,nan,3.2994e+09
199.5,82.621,4.284,81,0,nan,nan,0.000,4473.672,nan,7.6729e+08,nan,3.2994e+09
202.5,83.864,4.348,71,0,nan,nan,0.000,4473.672,nan,7.6729e+08,nan,3.2994e+09
205.5,85.106,4.413,61,0,nan,nan,0.000,4473.672,nan,7.6729e+08,nan,3.2994e+09
208.5,86.349,4.477,54,0,nan,nan,0.000,4473.672,nan,7.6729e+08,nan,3.2994e+09
211.5,87.591,4.541,43,0,nan,nan,0.000,4473.672,nan,7.6729e+08,nan,3.2994e+09
214.5,88.833,4.606,33,0,nan,nan,0.000,4473.672,nan,7.6729e+08,nan,3.2994e+09
217.5,90.076,4.670,25,0,nan,nan,0.000,4473.672,nan,7.6729e+08,nan,3.2994e+09
220.5,91.318,4.735,16,0,nan,nan,0.000,4473.672,nan,7.6729e+08,nan,3.2994e+09
223.5,92.561,4.799,8,0,nan,nan,0.000,4473.672,nan,7.6729e+08,nan,3.2994e+09
226.5,93.803,4.863,2,0,nan,nan,0.000,4473.672,nan,7.6729e+08,nan,3.2994e+09
