dat_prof/radprof/build/rproftxt/NGC2906.smo7_smob1.rprof.txt
# %ECSV 0.9
# ---
# datatype:
# - {name: radius, unit: arcsec, datatype: float64, description: Adopting RA=143.0260 deg DEC=8.4416 deg PA=262.0 INC=55.7}
# - {name: r_kpc, unit: kpc, datatype: float64, format: 10.3f, description: Adopting distance of 37.73 Mpc}
# - {name: r_r25, unit: '', datatype: float64, format: 10.3f, description: Adopting R25=40.66 arcsec}
# - {name: npix, datatype: int64}
# - {name: ngood, datatype: int64, description: Requiring fill fraction of 0.1 npix}
# - {name: wtmean, unit: K km / s, datatype: float64, format: 10.3f, description: Replaced blanks with 1 times NGC2906.co.smo7_smo.emom0max.fits}
# - {name: rms, unit: K km / s, datatype: float32}
# - {name: annsum, unit: K km pix / s, datatype: float32, format: 10.3f}
# - {name: cumsum, unit: K km pix / s, datatype: float32}
# - {name: detlim, unit: K km / s, datatype: float64, format: 10.3f}
# - {name: cumlum, unit: K km pc2 / s, datatype: float32, format: 10.4e}
# - {name: sigmol, unit: solMass / pc2, datatype: float64, format: 10.3f}
# - {name: cummass, unit: solMass, datatype: float32, format: 10.4e}
# delimiter: ','
# schema: astropy-2.0
radius,r_kpc,r_r25,npix,ngood,wtmean,rms,annsum,cumsum,detlim,cumlum,sigmol,cummass
1.5,0.274,0.037,16,16,11.916,0.8815844,338.340,338.34027,6.599,1.1321e+07,51.241,4.8679e+07
4.5,0.823,0.111,48,48,8.864,1.9429784,755.037,1093.3771,3.728,3.6584e+07,38.116,1.5731e+08
7.5,1.372,0.184,79,79,6.203,1.9268689,869.542,1962.919,2.799,6.5678e+07,26.671,2.8241e+08
10.5,1.921,0.258,114,114,4.715,1.9216565,953.796,2916.715,2.207,9.7591e+07,20.274,4.1964e+08
13.5,2.469,0.332,142,142,4.185,2.0439065,1054.508,3971.223,1.873,1.3287e+08,17.995,5.7136e+08
16.5,3.018,0.406,171,171,3.888,1.9275334,1179.906,5151.1284,1.671,1.7235e+08,16.720,7.4112e+08
19.5,3.567,0.480,209,209,3.295,1.5571905,1221.940,6373.069,1.473,2.1324e+08,14.167,9.1692e+08
22.5,4.116,0.553,242,242,2.466,1.18515,1059.141,7432.21,1.342,2.4868e+08,10.605,1.0693e+09
25.5,4.664,0.627,270,270,1.625,0.83507216,778.779,8210.989,1.281,2.7473e+08,6.989,1.1814e+09
28.5,5.213,0.701,301,301,1.035,0.40876827,552.835,8763.824,1.237,2.9323e+08,4.451,1.2609e+09
31.5,5.762,0.775,335,326,0.836,0.15408148,496.771,9260.596,1.207,3.0985e+08,3.593,1.3324e+09
34.5,6.311,0.849,366,256,0.872,0.16585466,566.442,9827.038,1.196,3.2881e+08,3.750,1.4139e+09
37.5,6.859,0.922,398,159,0.968,0.19241582,683.949,10510.987,1.194,3.5169e+08,4.164,1.5123e+09
40.5,7.408,0.996,434,99,1.058,0.19606696,814.776,11325.764,1.200,3.7895e+08,4.549,1.6295e+09
43.5,7.957,1.070,469,51,1.132,0.18731058,942.141,12267.904,1.214,4.1047e+08,4.868,1.7650e+09
46.5,8.506,1.144,481,17,nan,nan,0.000,12267.904,1.266,4.1047e+08,nan,1.7650e+09
49.5,9.054,1.218,525,5,nan,nan,0.000,12267.904,1.289,4.1047e+08,nan,1.7650e+09
52.5,9.603,1.291,562,0,nan,nan,0.000,12267.904,1.332,4.1047e+08,nan,1.7650e+09
55.5,10.152,1.365,589,0,nan,nan,0.000,12267.904,1.394,4.1047e+08,nan,1.7650e+09
58.5,10.701,1.439,621,0,nan,nan,0.000,12267.904,1.487,4.1047e+08,nan,1.7650e+09
61.5,11.249,1.513,656,0,nan,nan,0.000,12267.904,1.571,4.1047e+08,nan,1.7650e+09
64.5,11.798,1.586,685,0,nan,nan,0.000,12267.904,1.627,4.1047e+08,nan,1.7650e+09
67.5,12.347,1.660,711,0,nan,nan,0.000,12267.904,1.730,4.1047e+08,nan,1.7650e+09
70.5,12.896,1.734,750,0,nan,nan,0.000,12267.904,1.803,4.1047e+08,nan,1.7650e+09
73.5,13.445,1.808,787,0,nan,nan,0.000,12267.904,1.886,4.1047e+08,nan,1.7650e+09
76.5,13.993,1.882,816,0,nan,nan,0.000,12267.904,1.981,4.1047e+08,nan,1.7650e+09
79.5,14.542,1.955,834,0,nan,nan,0.000,12267.904,2.138,4.1047e+08,nan,1.7650e+09
82.5,15.091,2.029,742,0,nan,nan,0.000,12267.904,2.283,4.1047e+08,nan,1.7650e+09
85.5,15.640,2.103,723,0,nan,nan,0.000,12267.904,2.364,4.1047e+08,nan,1.7650e+09
88.5,16.188,2.177,690,0,nan,nan,0.000,12267.904,2.623,4.1047e+08,nan,1.7650e+09
91.5,16.737,2.251,664,0,nan,nan,0.000,12267.904,2.928,4.1047e+08,nan,1.7650e+09
94.5,17.286,2.324,649,0,nan,nan,0.000,12267.904,3.264,4.1047e+08,nan,1.7650e+09
97.5,17.835,2.398,646,0,nan,nan,0.000,12267.904,3.969,4.1047e+08,nan,1.7650e+09
100.5,18.383,2.472,620,0,nan,nan,0.000,12267.904,6.288,4.1047e+08,nan,1.7650e+09
103.5,18.932,2.546,633,0,nan,nan,0.000,12267.904,nan,4.1047e+08,nan,1.7650e+09
106.5,19.481,2.620,622,0,nan,nan,0.000,12267.904,nan,4.1047e+08,nan,1.7650e+09
109.5,20.030,2.693,611,0,nan,nan,0.000,12267.904,nan,4.1047e+08,nan,1.7650e+09
112.5,20.578,2.767,604,0,nan,nan,0.000,12267.904,nan,4.1047e+08,nan,1.7650e+09
115.5,21.127,2.841,594,0,nan,nan,0.000,12267.904,nan,4.1047e+08,nan,1.7650e+09
118.5,21.676,2.915,607,0,nan,nan,0.000,12267.904,nan,4.1047e+08,nan,1.7650e+09
121.5,22.225,2.989,597,0,nan,nan,0.000,12267.904,nan,4.1047e+08,nan,1.7650e+09
124.5,22.773,3.062,594,0,nan,nan,0.000,12267.904,nan,4.1047e+08,nan,1.7650e+09
127.5,23.322,3.136,582,0,nan,nan,0.000,12267.904,nan,4.1047e+08,nan,1.7650e+09
130.5,23.871,3.210,594,0,nan,nan,0.000,12267.904,nan,4.1047e+08,nan,1.7650e+09
133.5,24.420,3.284,575,0,nan,nan,0.000,12267.904,nan,4.1047e+08,nan,1.7650e+09
136.5,24.968,3.357,583,0,nan,nan,0.000,12267.904,nan,4.1047e+08,nan,1.7650e+09
139.5,25.517,3.431,519,0,nan,nan,0.000,12267.904,nan,4.1047e+08,nan,1.7650e+09
142.5,26.066,3.505,370,0,nan,nan,0.000,12267.904,nan,4.1047e+08,nan,1.7650e+09
145.5,26.615,3.579,285,0,nan,nan,0.000,12267.904,nan,4.1047e+08,nan,1.7650e+09
148.5,27.163,3.653,218,0,nan,nan,0.000,12267.904,nan,4.1047e+08,nan,1.7650e+09
151.5,27.712,3.726,163,0,nan,nan,0.000,12267.904,nan,4.1047e+08,nan,1.7650e+09
154.5,28.261,3.800,139,0,nan,nan,0.000,12267.904,nan,4.1047e+08,nan,1.7650e+09
157.5,28.810,3.874,112,0,nan,nan,0.000,12267.904,nan,4.1047e+08,nan,1.7650e+09
160.5,29.358,3.948,91,0,nan,nan,0.000,12267.904,nan,4.1047e+08,nan,1.7650e+09
163.5,29.907,4.022,72,0,nan,nan,0.000,12267.904,nan,4.1047e+08,nan,1.7650e+09
166.5,30.456,4.095,50,0,nan,nan,0.000,12267.904,nan,4.1047e+08,nan,1.7650e+09
169.5,31.005,4.169,29,0,nan,nan,0.000,12267.904,nan,4.1047e+08,nan,1.7650e+09
172.5,31.553,4.243,11,0,nan,nan,0.000,12267.904,nan,4.1047e+08,nan,1.7650e+09
175.5,32.102,4.317,0,0,nan,nan,0.000,12267.904,nan,4.1047e+08,nan,1.7650e+09
