dat_prof/radprof/build/rproftxt/NGC3811.smo7_smob0.rprof.txt
# %ECSV 0.9
# ---
# datatype:
# - {name: radius, unit: arcsec, datatype: float64, description: Adopting RA=175.3194 deg DEC=47.6908 deg PA=351.5 INC=39.9}
# - {name: r_kpc, unit: kpc, datatype: float64, format: 10.3f, description: Adopting distance of 44.25 Mpc}
# - {name: r_r25, unit: '', datatype: float64, format: 10.3f, description: Adopting R25=60.83 arcsec}
# - {name: npix, datatype: int64}
# - {name: ngood, datatype: int64, description: Requiring fill fraction of 0.1 npix}
# - {name: wtmean, unit: K km / s, datatype: float64, format: 10.3f, description: Replaced blanks with 0 times NGC3811.co.smo7_smo.emom0max.fits}
# - {name: rms, unit: K km / s, datatype: float32}
# - {name: annsum, unit: K km pix / s, datatype: float32, format: 10.3f}
# - {name: cumsum, unit: K km pix / s, datatype: float32}
# - {name: detlim, unit: K km / s, datatype: float64, format: 10.3f}
# - {name: cumlum, unit: K km pc2 / s, datatype: float32, format: 10.4e}
# - {name: sigmol, unit: solMass / pc2, datatype: float64, format: 10.3f}
# - {name: cummass, unit: solMass, datatype: float32, format: 10.4e}
# delimiter: ','
# schema: astropy-2.0
radius,r_kpc,r_r25,npix,ngood,wtmean,rms,annsum,cumsum,detlim,cumlum,sigmol,cummass
1.5,0.322,0.025,21,21,41.920,3.8823075,1147.500,1147.4995,7.079,5.2816e+07,180.256,2.2711e+08
4.5,0.965,0.074,66,66,25.806,6.7725477,2220.096,3367.596,3.969,1.5500e+08,110.965,6.6650e+08
7.5,1.609,0.123,109,109,9.352,4.8861165,1328.698,4696.294,3.050,2.1616e+08,40.212,9.2947e+08
10.5,2.253,0.173,147,147,2.130,2.6714082,408.162,5104.4556,2.477,2.3494e+08,9.160,1.0102e+09
13.5,2.896,0.222,200,200,0.860,1.6567091,224.205,5328.66,1.948,2.4526e+08,3.698,1.0546e+09
16.5,3.540,0.271,239,239,1.554,1.4959134,484.250,5812.91,1.691,2.6755e+08,6.684,1.1505e+09
19.5,4.183,0.321,278,278,2.292,1.819553,830.626,6643.5366,1.538,3.0578e+08,9.856,1.3149e+09
22.5,4.827,0.370,326,326,2.018,1.60492,857.707,7501.243,1.442,3.4526e+08,8.679,1.4846e+09
25.5,5.471,0.419,370,370,1.091,1.1767409,526.110,8027.3535,1.390,3.6947e+08,4.691,1.5887e+09
28.5,6.114,0.469,408,398,0.428,0.8748574,227.516,8254.869,1.370,3.7994e+08,1.840,1.6338e+09
31.5,6.758,0.518,454,365,0.279,0.9333493,165.102,8419.971,1.349,3.8754e+08,1.200,1.6664e+09
34.5,7.402,0.567,507,263,0.338,1.0137355,223.098,8643.068,1.333,3.9781e+08,1.452,1.7106e+09
37.5,8.045,0.616,538,133,0.228,0.6969503,160.057,8803.125,1.359,4.0518e+08,0.981,1.7423e+09
40.5,8.689,0.666,584,72,0.083,0.5011093,63.254,8866.379,1.375,4.0809e+08,0.357,1.7548e+09
43.5,9.332,0.715,631,2,nan,nan,0.000,8866.379,1.402,4.0809e+08,nan,1.7548e+09
46.5,9.976,0.764,674,0,nan,nan,0.000,8866.379,1.445,4.0809e+08,nan,1.7548e+09
49.5,10.620,0.814,710,0,nan,nan,0.000,8866.379,1.512,4.0809e+08,nan,1.7548e+09
52.5,11.263,0.863,764,0,nan,nan,0.000,8866.379,1.566,4.0809e+08,nan,1.7548e+09
55.5,11.907,0.912,801,0,nan,nan,0.000,8866.379,1.660,4.0809e+08,nan,1.7548e+09
58.5,12.550,0.962,846,0,nan,nan,0.000,8866.379,1.855,4.0809e+08,nan,1.7548e+09
61.5,13.194,1.011,890,0,nan,nan,0.000,8866.379,2.087,4.0809e+08,nan,1.7548e+09
64.5,13.838,1.060,937,0,nan,nan,0.000,8866.379,2.372,4.0809e+08,nan,1.7548e+09
67.5,14.481,1.110,965,0,nan,nan,0.000,8866.379,2.773,4.0809e+08,nan,1.7548e+09
70.5,15.125,1.159,1028,0,nan,nan,0.000,8866.379,3.324,4.0809e+08,nan,1.7548e+09
73.5,15.769,1.208,1067,0,nan,nan,0.000,8866.379,5.089,4.0809e+08,nan,1.7548e+09
76.5,16.412,1.258,1102,0,nan,nan,0.000,8866.379,58.930,4.0809e+08,nan,1.7548e+09
79.5,17.056,1.307,1138,0,nan,nan,0.000,8866.379,nan,4.0809e+08,nan,1.7548e+09
82.5,17.699,1.356,1031,0,nan,nan,0.000,8866.379,nan,4.0809e+08,nan,1.7548e+09
85.5,18.343,1.406,948,0,nan,nan,0.000,8866.379,nan,4.0809e+08,nan,1.7548e+09
88.5,18.987,1.455,936,0,nan,nan,0.000,8866.379,nan,4.0809e+08,nan,1.7548e+09
91.5,19.630,1.504,907,0,nan,nan,0.000,8866.379,nan,4.0809e+08,nan,1.7548e+09
94.5,20.274,1.553,878,0,nan,nan,0.000,8866.379,nan,4.0809e+08,nan,1.7548e+09
97.5,20.917,1.603,874,0,nan,nan,0.000,8866.379,nan,4.0809e+08,nan,1.7548e+09
100.5,21.561,1.652,858,0,nan,nan,0.000,8866.379,nan,4.0809e+08,nan,1.7548e+09
103.5,22.205,1.701,790,0,nan,nan,0.000,8866.379,nan,4.0809e+08,nan,1.7548e+09
106.5,22.848,1.751,609,0,nan,nan,0.000,8866.379,nan,4.0809e+08,nan,1.7548e+09
109.5,23.492,1.800,495,0,nan,nan,0.000,8866.379,nan,4.0809e+08,nan,1.7548e+09
112.5,24.136,1.849,405,0,nan,nan,0.000,8866.379,nan,4.0809e+08,nan,1.7548e+09
115.5,24.779,1.899,331,0,nan,nan,0.000,8866.379,nan,4.0809e+08,nan,1.7548e+09
118.5,25.423,1.948,258,0,nan,nan,0.000,8866.379,nan,4.0809e+08,nan,1.7548e+09
121.5,26.066,1.997,187,0,nan,nan,0.000,8866.379,nan,4.0809e+08,nan,1.7548e+09
124.5,26.710,2.047,135,0,nan,nan,0.000,8866.379,nan,4.0809e+08,nan,1.7548e+09
127.5,27.354,2.096,80,0,nan,nan,0.000,8866.379,nan,4.0809e+08,nan,1.7548e+09
130.5,27.997,2.145,51,0,nan,nan,0.000,8866.379,nan,4.0809e+08,nan,1.7548e+09
133.5,28.641,2.195,24,0,nan,nan,0.000,8866.379,nan,4.0809e+08,nan,1.7548e+09
136.5,29.284,2.244,3,0,nan,nan,0.000,8866.379,nan,4.0809e+08,nan,1.7548e+09
