dat_prof/radprof/build/rproftxt/NGC4211NED02.de20_smob1.rprof.txt
# %ECSV 0.9
# ---
# datatype:
# - {name: radius, unit: arcsec, datatype: float64, description: Adopting RA=183.9055 deg DEC=28.1696 deg PA=25.0 INC=30.0}
# - {name: r_kpc, unit: kpc, datatype: float64, format: 10.3f, description: Adopting distance of 96.90 Mpc}
# - {name: r_r25, unit: '', datatype: float64, format: 10.3f, description: Adopting R25=30.77 arcsec}
# - {name: npix, datatype: int64}
# - {name: ngood, datatype: int64, description: Requiring fill fraction of 0.1 npix}
# - {name: wtmean, unit: K km / s, datatype: float64, format: 10.3f, description: Replaced blanks with 1 times NGC4211NED02.co.de20_smo.emom0max.fits}
# - {name: rms, unit: K km / s, datatype: float32}
# - {name: annsum, unit: K km pix / s, datatype: float32, format: 10.3f}
# - {name: cumsum, unit: K km pix / s, datatype: float32}
# - {name: detlim, unit: K km / s, datatype: float64, format: 10.3f}
# - {name: cumlum, unit: K km pc2 / s, datatype: float32, format: 10.4e}
# - {name: sigmol, unit: solMass / pc2, datatype: float64, format: 10.3f}
# - {name: cummass, unit: solMass, datatype: float32, format: 10.4e}
# delimiter: ','
# schema: astropy-2.0
radius,r_kpc,r_r25,npix,ngood,wtmean,rms,annsum,cumsum,detlim,cumlum,sigmol,cummass
1.0,0.470,0.032,10,10,52.359,5.643442,604.584,604.5839,14.660,1.3343e+08,225.142,5.7376e+08
3.0,1.409,0.097,32,32,25.606,9.764564,946.168,1550.7515,8.208,3.4225e+08,110.108,1.4717e+09
5.0,2.349,0.162,55,55,6.116,3.824293,388.410,1939.1619,6.201,4.2798e+08,26.298,1.8403e+09
7.0,3.289,0.227,75,75,3.351,1.0985601,290.170,2229.3323,5.048,4.9202e+08,14.408,2.1157e+09
9.0,4.228,0.292,99,99,2.786,0.6908152,318.469,2547.8013,3.898,5.6230e+08,11.979,2.4179e+09
11.0,5.168,0.357,119,116,2.430,0.8386742,333.965,2881.7666,3.259,6.3601e+08,10.451,2.7348e+09
13.0,6.107,0.422,143,55,2.256,0.38110745,372.554,3254.321,2.989,7.1823e+08,9.702,3.0884e+09
15.0,7.047,0.487,163,4,nan,nan,0.000,3254.321,2.832,7.1823e+08,nan,3.0884e+09
17.0,7.986,0.552,188,0,nan,nan,0.000,3254.321,2.672,7.1823e+08,nan,3.0884e+09
19.0,8.926,0.617,208,0,nan,nan,0.000,3254.321,2.580,7.1823e+08,nan,3.0884e+09
21.0,9.866,0.682,230,0,nan,nan,0.000,3254.321,2.496,7.1823e+08,nan,3.0884e+09
23.0,10.805,0.747,246,0,nan,nan,0.000,3254.321,2.460,7.1823e+08,nan,3.0884e+09
25.0,11.745,0.812,273,0,nan,nan,0.000,3254.321,2.384,7.1823e+08,nan,3.0884e+09
27.0,12.684,0.877,297,0,nan,nan,0.000,3254.321,2.340,7.1823e+08,nan,3.0884e+09
29.0,13.624,0.942,319,0,nan,nan,0.000,3254.321,2.316,7.1823e+08,nan,3.0884e+09
31.0,14.563,1.007,329,0,nan,nan,0.000,3254.321,2.342,7.1823e+08,nan,3.0884e+09
33.0,15.503,1.072,358,0,nan,nan,0.000,3254.321,2.313,7.1823e+08,nan,3.0884e+09
35.0,16.443,1.137,383,0,nan,nan,0.000,3254.321,2.309,7.1823e+08,nan,3.0884e+09
37.0,17.382,1.202,407,0,nan,nan,0.000,3254.321,2.319,7.1823e+08,nan,3.0884e+09
39.0,18.322,1.267,413,0,nan,nan,0.000,3254.321,2.386,7.1823e+08,nan,3.0884e+09
41.0,19.261,1.332,451,0,nan,nan,0.000,3254.321,2.373,7.1823e+08,nan,3.0884e+09
43.0,20.201,1.397,462,0,nan,nan,0.000,3254.321,2.444,7.1823e+08,nan,3.0884e+09
45.0,21.140,1.462,501,0,nan,nan,0.000,3254.321,2.452,7.1823e+08,nan,3.0884e+09
47.0,22.080,1.527,507,0,nan,nan,0.000,3254.321,2.552,7.1823e+08,nan,3.0884e+09
49.0,23.020,1.592,533,0,nan,nan,0.000,3254.321,2.617,7.1823e+08,nan,3.0884e+09
51.0,23.959,1.657,549,0,nan,nan,0.000,3254.321,2.823,7.1823e+08,nan,3.0884e+09
53.0,24.899,1.722,522,0,nan,nan,0.000,3254.321,3.362,7.1823e+08,nan,3.0884e+09
55.0,25.838,1.787,481,0,nan,nan,0.000,3254.321,3.957,7.1823e+08,nan,3.0884e+09
57.0,26.778,1.852,437,0,nan,nan,0.000,3254.321,5.000,7.1823e+08,nan,3.0884e+09
59.0,27.718,1.917,341,0,nan,nan,0.000,3254.321,12.331,7.1823e+08,nan,3.0884e+09
61.0,28.657,1.982,287,0,nan,nan,0.000,3254.321,nan,7.1823e+08,nan,3.0884e+09
63.0,29.597,2.047,240,0,nan,nan,0.000,3254.321,nan,7.1823e+08,nan,3.0884e+09
65.0,30.536,2.112,198,0,nan,nan,0.000,3254.321,nan,7.1823e+08,nan,3.0884e+09
67.0,31.476,2.177,158,0,nan,nan,0.000,3254.321,nan,7.1823e+08,nan,3.0884e+09
69.0,32.415,2.242,128,0,nan,nan,0.000,3254.321,nan,7.1823e+08,nan,3.0884e+09
71.0,33.355,2.307,93,0,nan,nan,0.000,3254.321,nan,7.1823e+08,nan,3.0884e+09
73.0,34.295,2.372,65,0,nan,nan,0.000,3254.321,nan,7.1823e+08,nan,3.0884e+09
75.0,35.234,2.437,46,0,nan,nan,0.000,3254.321,nan,7.1823e+08,nan,3.0884e+09
77.0,36.174,2.502,31,0,nan,nan,0.000,3254.321,nan,7.1823e+08,nan,3.0884e+09
79.0,37.113,2.567,20,0,nan,nan,0.000,3254.321,nan,7.1823e+08,nan,3.0884e+09
81.0,38.053,2.632,7,0,nan,nan,0.000,3254.321,nan,7.1823e+08,nan,3.0884e+09
83.0,38.992,2.697,0,0,nan,nan,0.000,3254.321,nan,7.1823e+08,nan,3.0884e+09
