dat_prof/radprof/build/rproftxt/NGC4711.smo7_smob1.rprof.txt
# %ECSV 0.9
# ---
# datatype:
# - {name: radius, unit: arcsec, datatype: float64, description: Adopting RA=192.1911 deg DEC=35.3327 deg PA=220.0 INC=58.3}
# - {name: r_kpc, unit: kpc, datatype: float64, format: 10.3f, description: Adopting distance of 58.83 Mpc}
# - {name: r_r25, unit: '', datatype: float64, format: 10.3f, description: Adopting R25=36.15 arcsec}
# - {name: npix, datatype: int64}
# - {name: ngood, datatype: int64, description: Requiring fill fraction of 0.1 npix}
# - {name: wtmean, unit: K km / s, datatype: float64, format: 10.3f, description: Replaced blanks with 1 times NGC4711.co.smo7_smo.emom0max.fits}
# - {name: rms, unit: K km / s, datatype: float32}
# - {name: annsum, unit: K km pix / s, datatype: float32, format: 10.3f}
# - {name: cumsum, unit: K km pix / s, datatype: float32}
# - {name: detlim, unit: K km / s, datatype: float64, format: 10.3f}
# - {name: cumlum, unit: K km pc2 / s, datatype: float32, format: 10.4e}
# - {name: sigmol, unit: solMass / pc2, datatype: float64, format: 10.3f}
# - {name: cummass, unit: solMass, datatype: float32, format: 10.4e}
# delimiter: ','
# schema: astropy-2.0
radius,r_kpc,r_r25,npix,ngood,wtmean,rms,annsum,cumsum,detlim,cumlum,sigmol,cummass
1.5,0.428,0.041,14,14,4.599,0.24248001,122.535,122.53502,5.195,9.9676e+06,19.777,4.2861e+07
4.5,1.283,0.124,43,43,3.806,0.3781842,311.476,434.01123,2.932,3.5304e+07,16.367,1.5181e+08
7.5,2.139,0.207,78,78,2.950,0.6754688,437.859,871.8707,2.085,7.0922e+07,12.684,3.0496e+08
10.5,2.995,0.290,103,103,2.535,0.84802026,496.877,1368.7476,1.753,1.1134e+08,10.900,4.7876e+08
13.5,3.850,0.373,130,130,2.514,0.99041,621.868,1990.6158,1.544,1.6193e+08,10.809,6.9628e+08
16.5,4.706,0.456,165,165,2.226,0.9593167,699.068,2689.6843,1.362,2.1879e+08,9.573,9.4080e+08
19.5,5.562,0.539,198,198,1.691,0.74188834,637.279,3326.9634,1.243,2.7063e+08,7.272,1.1637e+09
22.5,6.417,0.622,220,220,1.152,0.5105737,482.386,3809.3499,1.196,3.0987e+08,4.954,1.3324e+09
25.5,7.273,0.705,244,244,0.900,0.3723747,418.126,4227.476,1.160,3.4388e+08,3.872,1.4787e+09
28.5,8.128,0.788,295,286,0.801,0.37783536,449.777,4677.2534,1.082,3.8047e+08,3.445,1.6360e+09
31.5,8.984,0.871,310,231,0.762,0.2429218,449.332,5126.585,1.087,4.1702e+08,3.275,1.7932e+09
34.5,9.840,0.954,341,111,0.828,0.15149085,537.598,5664.183,1.075,4.6075e+08,3.562,1.9812e+09
37.5,10.695,1.037,366,78,0.886,0.1485456,617.150,6281.3335,1.080,5.1095e+08,3.810,2.1971e+09
40.5,11.551,1.120,407,72,0.943,0.1552224,730.284,7011.6177,1.069,5.7036e+08,4.054,2.4525e+09
43.5,12.407,1.203,431,55,0.994,0.16896857,815.199,7826.8164,1.086,6.3667e+08,4.274,2.7377e+09
46.5,13.262,1.286,461,45,nan,nan,0.000,7826.8164,1.114,6.3667e+08,nan,2.7377e+09
49.5,14.118,1.369,485,39,nan,nan,0.000,7826.8164,1.154,6.3667e+08,nan,2.7377e+09
52.5,14.974,1.452,522,30,nan,nan,0.000,7826.8164,1.183,6.3667e+08,nan,2.7377e+09
55.5,15.829,1.535,549,23,nan,nan,0.000,7826.8164,1.226,6.3667e+08,nan,2.7377e+09
58.5,16.685,1.618,585,18,nan,nan,0.000,7826.8164,1.300,6.3667e+08,nan,2.7377e+09
61.5,17.540,1.701,607,12,nan,nan,0.000,7826.8164,1.376,6.3667e+08,nan,2.7377e+09
64.5,18.396,1.784,637,6,nan,nan,0.000,7826.8164,1.425,6.3667e+08,nan,2.7377e+09
67.5,19.252,1.867,664,0,nan,nan,0.000,7826.8164,1.454,6.3667e+08,nan,2.7377e+09
70.5,20.107,1.950,710,0,nan,nan,0.000,7826.8164,1.537,6.3667e+08,nan,2.7377e+09
73.5,20.963,2.033,723,0,nan,nan,0.000,7826.8164,1.606,6.3667e+08,nan,2.7377e+09
76.5,21.819,2.116,757,0,nan,nan,0.000,7826.8164,1.675,6.3667e+08,nan,2.7377e+09
79.5,22.674,2.199,777,0,nan,nan,0.000,7826.8164,1.714,6.3667e+08,nan,2.7377e+09
82.5,23.530,2.282,832,0,nan,nan,0.000,7826.8164,1.834,6.3667e+08,nan,2.7377e+09
85.5,24.385,2.365,839,0,nan,nan,0.000,7826.8164,1.929,6.3667e+08,nan,2.7377e+09
88.5,25.241,2.448,880,0,nan,nan,0.000,7826.8164,2.046,6.3667e+08,nan,2.7377e+09
91.5,26.097,2.531,905,0,nan,nan,0.000,7826.8164,2.135,6.3667e+08,nan,2.7377e+09
94.5,26.952,2.614,932,0,nan,nan,0.000,7826.8164,2.339,6.3667e+08,nan,2.7377e+09
97.5,27.808,2.697,842,0,nan,nan,0.000,7826.8164,2.566,6.3667e+08,nan,2.7377e+09
100.5,28.664,2.780,790,0,nan,nan,0.000,7826.8164,2.767,6.3667e+08,nan,2.7377e+09
103.5,29.519,2.863,771,0,nan,nan,0.000,7826.8164,3.073,6.3667e+08,nan,2.7377e+09
106.5,30.375,2.946,669,0,nan,nan,0.000,7826.8164,3.931,6.3667e+08,nan,2.7377e+09
109.5,31.230,3.029,541,0,nan,nan,0.000,7826.8164,7.346,6.3667e+08,nan,2.7377e+09
112.5,32.086,3.112,468,0,nan,nan,0.000,7826.8164,nan,6.3667e+08,nan,2.7377e+09
115.5,32.942,3.195,427,0,nan,nan,0.000,7826.8164,nan,6.3667e+08,nan,2.7377e+09
118.5,33.797,3.278,397,0,nan,nan,0.000,7826.8164,nan,6.3667e+08,nan,2.7377e+09
121.5,34.653,3.361,370,0,nan,nan,0.000,7826.8164,nan,6.3667e+08,nan,2.7377e+09
124.5,35.509,3.444,358,0,nan,nan,0.000,7826.8164,nan,6.3667e+08,nan,2.7377e+09
127.5,36.364,3.527,346,0,nan,nan,0.000,7826.8164,nan,6.3667e+08,nan,2.7377e+09
130.5,37.220,3.610,325,0,nan,nan,0.000,7826.8164,nan,6.3667e+08,nan,2.7377e+09
133.5,38.076,3.693,302,0,nan,nan,0.000,7826.8164,nan,6.3667e+08,nan,2.7377e+09
136.5,38.931,3.776,293,0,nan,nan,0.000,7826.8164,nan,6.3667e+08,nan,2.7377e+09
139.5,39.787,3.859,291,0,nan,nan,0.000,7826.8164,nan,6.3667e+08,nan,2.7377e+09
142.5,40.642,3.942,263,0,nan,nan,0.000,7826.8164,nan,6.3667e+08,nan,2.7377e+09
145.5,41.498,4.025,246,0,nan,nan,0.000,7826.8164,nan,6.3667e+08,nan,2.7377e+09
148.5,42.354,4.108,241,0,nan,nan,0.000,7826.8164,nan,6.3667e+08,nan,2.7377e+09
151.5,43.209,4.191,238,0,nan,nan,0.000,7826.8164,nan,6.3667e+08,nan,2.7377e+09
154.5,44.065,4.274,214,0,nan,nan,0.000,7826.8164,nan,6.3667e+08,nan,2.7377e+09
157.5,44.921,4.357,197,0,nan,nan,0.000,7826.8164,nan,6.3667e+08,nan,2.7377e+09
160.5,45.776,4.440,194,0,nan,nan,0.000,7826.8164,nan,6.3667e+08,nan,2.7377e+09
163.5,46.632,4.523,187,0,nan,nan,0.000,7826.8164,nan,6.3667e+08,nan,2.7377e+09
166.5,47.487,4.606,166,0,nan,nan,0.000,7826.8164,nan,6.3667e+08,nan,2.7377e+09
169.5,48.343,4.689,155,0,nan,nan,0.000,7826.8164,nan,6.3667e+08,nan,2.7377e+09
172.5,49.199,4.772,150,0,nan,nan,0.000,7826.8164,nan,6.3667e+08,nan,2.7377e+09
175.5,50.054,4.855,138,0,nan,nan,0.000,7826.8164,nan,6.3667e+08,nan,2.7377e+09
178.5,50.910,4.938,126,0,nan,nan,0.000,7826.8164,nan,6.3667e+08,nan,2.7377e+09
181.5,51.766,5.021,112,0,nan,nan,0.000,7826.8164,nan,6.3667e+08,nan,2.7377e+09
184.5,52.621,5.104,101,0,nan,nan,0.000,7826.8164,nan,6.3667e+08,nan,2.7377e+09
187.5,53.477,5.187,96,0,nan,nan,0.000,7826.8164,nan,6.3667e+08,nan,2.7377e+09
190.5,54.332,5.270,84,0,nan,nan,0.000,7826.8164,nan,6.3667e+08,nan,2.7377e+09
193.5,55.188,5.353,71,0,nan,nan,0.000,7826.8164,nan,6.3667e+08,nan,2.7377e+09
196.5,56.044,5.436,63,0,nan,nan,0.000,7826.8164,nan,6.3667e+08,nan,2.7377e+09
199.5,56.899,5.519,49,0,nan,nan,0.000,7826.8164,nan,6.3667e+08,nan,2.7377e+09
202.5,57.755,5.601,41,0,nan,nan,0.000,7826.8164,nan,6.3667e+08,nan,2.7377e+09
205.5,58.611,5.684,31,0,nan,nan,0.000,7826.8164,nan,6.3667e+08,nan,2.7377e+09
208.5,59.466,5.767,23,0,nan,nan,0.000,7826.8164,nan,6.3667e+08,nan,2.7377e+09
211.5,60.322,5.850,10,0,nan,nan,0.000,7826.8164,nan,6.3667e+08,nan,2.7377e+09
214.5,61.177,5.933,4,0,nan,nan,0.000,7826.8164,nan,6.3667e+08,nan,2.7377e+09
217.5,62.033,6.016,0,0,nan,nan,0.000,7826.8164,nan,6.3667e+08,nan,2.7377e+09
