dat_prof/radprof/build/rproftxt/NGC4470.de20_smob0.rprof.txt
# %ECSV 0.9
# ---
# datatype:
# - {name: radius, unit: arcsec, datatype: float64, description: Adopting RA=187.4074 deg DEC=7.8239 deg PA=349.5 INC=47.5}
# - {name: r_kpc, unit: kpc, datatype: float64, format: 10.3f, description: Adopting distance of 33.43 Mpc}
# - {name: r_r25, unit: '', datatype: float64, format: 10.3f, description: Adopting R25=38.47 arcsec}
# - {name: npix, datatype: int64}
# - {name: ngood, datatype: int64, description: Requiring fill fraction of 0.1 npix}
# - {name: wtmean, unit: K km / s, datatype: float64, format: 10.3f, description: Replaced blanks with 0 times NGC4470.co.de20_smo.emom0max.fits}
# - {name: rms, unit: K km / s, datatype: float32}
# - {name: annsum, unit: K km pix / s, datatype: float32, format: 10.3f}
# - {name: cumsum, unit: K km pix / s, datatype: float32}
# - {name: detlim, unit: K km / s, datatype: float64, format: 10.3f}
# - {name: cumlum, unit: K km pc2 / s, datatype: float32, format: 10.4e}
# - {name: sigmol, unit: solMass / pc2, datatype: float64, format: 10.3f}
# - {name: cummass, unit: solMass, datatype: float32, format: 10.4e}
# delimiter: ','
# schema: astropy-2.0
radius,r_kpc,r_r25,npix,ngood,wtmean,rms,annsum,cumsum,detlim,cumlum,sigmol,cummass
1.0,0.162,0.026,7,7,3.886,0.6183593,40.259,40.259247,11.580,1.0574e+06,16.708,4.5467e+06
3.0,0.486,0.078,27,27,3.419,1.1987522,136.653,176.91246,5.878,4.6464e+06,14.703,1.9980e+07
5.0,0.810,0.130,43,43,3.378,1.9056463,215.006,391.91882,4.610,1.0293e+07,14.526,4.4262e+07
7.0,1.134,0.182,56,56,3.658,2.3453116,303.230,695.14844,4.028,1.8257e+07,15.730,7.8507e+07
9.0,1.459,0.234,79,79,3.528,2.663251,412.594,1107.7421,3.405,2.9094e+07,15.172,1.2510e+08
11.0,1.783,0.286,89,89,3.212,2.5562181,423.146,1530.8878,3.229,4.0207e+07,13.812,1.7289e+08
13.0,2.107,0.338,114,109,2.582,2.4794927,435.700,1966.5878,2.876,5.1651e+07,11.103,2.2210e+08
15.0,2.431,0.390,129,117,1.962,2.5413463,374.631,2341.2185,2.729,6.1490e+07,8.437,2.6441e+08
17.0,2.755,0.442,139,121,1.792,2.4830155,368.647,2709.8652,2.660,7.1172e+07,7.705,3.0604e+08
19.0,3.079,0.494,168,140,1.234,2.028483,306.895,3016.76,2.449,7.9233e+07,5.307,3.4070e+08
21.0,3.403,0.546,174,132,1.055,1.8237119,271.692,3288.4524,2.445,8.6368e+07,4.536,3.7138e+08
23.0,3.727,0.598,197,132,0.376,1.397332,109.721,3398.173,2.337,8.9250e+07,1.618,3.8378e+08
25.0,4.052,0.650,213,122,-0.066,1.1044949,-20.659,3377.5137,2.286,8.8707e+07,-0.282,3.8144e+08
27.0,4.376,0.702,224,93,0.232,1.2307215,76.870,3454.3838,2.277,9.0726e+07,0.997,3.9012e+08
29.0,4.700,0.754,252,78,0.361,1.2488488,134.601,3588.9849,2.193,9.4262e+07,1.552,4.0532e+08
31.0,5.024,0.806,263,63,0.218,0.80834955,84.724,3673.7087,2.199,9.6487e+07,0.936,4.1489e+08
33.0,5.348,0.858,276,55,0.060,0.71853906,24.469,3698.178,2.204,9.7129e+07,0.258,4.1766e+08
35.0,5.672,0.910,300,51,-0.081,0.7208184,-35.925,3662.2527,2.172,9.6186e+07,-0.348,4.1360e+08
37.0,5.996,0.962,315,39,-0.039,0.71721905,-18.127,3644.126,2.188,9.5710e+07,-0.167,4.1155e+08
39.0,6.320,1.014,328,38,-0.132,0.7951246,-64.186,3579.9402,2.213,9.4024e+07,-0.568,4.0430e+08
41.0,6.645,1.066,357,29,nan,nan,0.000,3579.9402,2.193,9.4024e+07,nan,4.0430e+08
43.0,6.969,1.118,355,7,nan,nan,0.000,3579.9402,2.289,9.4024e+07,nan,4.0430e+08
45.0,7.293,1.170,389,0,nan,nan,0.000,3579.9402,2.265,9.4024e+07,nan,4.0430e+08
47.0,7.617,1.222,397,0,nan,nan,0.000,3579.9402,2.340,9.4024e+07,nan,4.0430e+08
49.0,7.941,1.274,404,0,nan,nan,0.000,3579.9402,2.416,9.4024e+07,nan,4.0430e+08
51.0,8.265,1.326,388,0,nan,nan,0.000,3579.9402,2.536,9.4024e+07,nan,4.0430e+08
53.0,8.589,1.378,350,0,nan,nan,0.000,3579.9402,2.747,9.4024e+07,nan,4.0430e+08
55.0,8.913,1.430,341,0,nan,nan,0.000,3579.9402,2.890,9.4024e+07,nan,4.0430e+08
57.0,9.238,1.482,334,0,nan,nan,0.000,3579.9402,3.005,9.4024e+07,nan,4.0430e+08
59.0,9.562,1.534,308,0,nan,nan,0.000,3579.9402,3.313,9.4024e+07,nan,4.0430e+08
61.0,9.886,1.586,329,0,nan,nan,0.000,3579.9402,3.334,9.4024e+07,nan,4.0430e+08
63.0,10.210,1.638,314,0,nan,nan,0.000,3579.9402,3.639,9.4024e+07,nan,4.0430e+08
65.0,10.534,1.690,302,0,nan,nan,0.000,3579.9402,3.982,9.4024e+07,nan,4.0430e+08
67.0,10.858,1.742,314,0,nan,nan,0.000,3579.9402,4.196,9.4024e+07,nan,4.0430e+08
69.0,11.182,1.794,293,0,nan,nan,0.000,3579.9402,4.859,9.4024e+07,nan,4.0430e+08
71.0,11.506,1.846,294,0,nan,nan,0.000,3579.9402,5.478,9.4024e+07,nan,4.0430e+08
73.0,11.831,1.898,287,0,nan,nan,0.000,3579.9402,7.120,9.4024e+07,nan,4.0430e+08
75.0,12.155,1.950,216,0,nan,nan,0.000,3579.9402,16.390,9.4024e+07,nan,4.0430e+08
77.0,12.479,2.002,166,0,nan,nan,0.000,3579.9402,nan,9.4024e+07,nan,4.0430e+08
79.0,12.803,2.054,128,0,nan,nan,0.000,3579.9402,nan,9.4024e+07,nan,4.0430e+08
81.0,13.127,2.106,99,0,nan,nan,0.000,3579.9402,nan,9.4024e+07,nan,4.0430e+08
83.0,13.451,2.158,73,0,nan,nan,0.000,3579.9402,nan,9.4024e+07,nan,4.0430e+08
85.0,13.775,2.210,53,0,nan,nan,0.000,3579.9402,nan,9.4024e+07,nan,4.0430e+08
87.0,14.099,2.262,44,0,nan,nan,0.000,3579.9402,nan,9.4024e+07,nan,4.0430e+08
89.0,14.424,2.313,34,0,nan,nan,0.000,3579.9402,nan,9.4024e+07,nan,4.0430e+08
91.0,14.748,2.365,21,0,nan,nan,0.000,3579.9402,nan,9.4024e+07,nan,4.0430e+08
93.0,15.072,2.417,12,0,nan,nan,0.000,3579.9402,nan,9.4024e+07,nan,4.0430e+08
95.0,15.396,2.469,4,0,nan,nan,0.000,3579.9402,nan,9.4024e+07,nan,4.0430e+08
97.0,15.720,2.521,0,0,nan,nan,0.000,3579.9402,nan,9.4024e+07,nan,4.0430e+08
