dat_prof/radprof/build/rproftxt/NGC4676A.smo7_smob0.rprof.txt
# %ECSV 0.9
# ---
# datatype:
# - {name: radius, unit: arcsec, datatype: float64, description: Adopting RA=191.5420 deg DEC=30.7321 deg PA=185.3 INC=50.0}
# - {name: r_kpc, unit: kpc, datatype: float64, format: 10.3f, description: Adopting distance of 96.61 Mpc}
# - {name: r_r25, unit: '', datatype: float64, format: 10.3f, description: Adopting R25=64.88 arcsec}
# - {name: npix, datatype: int64}
# - {name: ngood, datatype: int64, description: Requiring fill fraction of 0.1 npix}
# - {name: wtmean, unit: K km / s, datatype: float64, format: 10.3f, description: Replaced blanks with 0 times NGC4676A.co.smo7_smo.emom0max.fits}
# - {name: rms, unit: K km / s, datatype: float32}
# - {name: annsum, unit: K km pix / s, datatype: float32, format: 10.3f}
# - {name: cumsum, unit: K km pix / s, datatype: float32}
# - {name: detlim, unit: K km / s, datatype: float64, format: 10.3f}
# - {name: cumlum, unit: K km pc2 / s, datatype: float32, format: 10.4e}
# - {name: sigmol, unit: solMass / pc2, datatype: float64, format: 10.3f}
# - {name: cummass, unit: solMass, datatype: float32, format: 10.4e}
# delimiter: ','
# schema: astropy-2.0
radius,r_kpc,r_r25,npix,ngood,wtmean,rms,annsum,cumsum,detlim,cumlum,sigmol,cummass
1.5,0.703,0.023,19,19,54.339,3.1914752,1606.194,1606.1942,8.232,3.5234e+08,233.658,1.5150e+09
4.5,2.108,0.069,56,56,36.504,6.9189734,3180.225,4786.4194,4.791,1.0500e+09,156.966,4.5148e+09
7.5,3.513,0.116,92,92,15.985,5.767715,2287.880,7074.3,3.729,1.5518e+09,68.736,6.6729e+09
10.5,4.918,0.162,124,124,3.719,3.0296226,717.457,7791.757,3.144,1.7092e+09,15.992,7.3496e+09
13.5,6.323,0.208,164,164,-0.320,1.5736697,-81.627,7710.1294,2.496,1.6913e+09,-1.376,7.2726e+09
16.5,7.728,0.254,200,197,-0.575,1.0341028,-178.896,7531.2334,1.994,1.6521e+09,-2.472,7.1039e+09
19.5,9.133,0.301,236,203,-0.066,0.82159656,-24.392,7506.8413,1.616,1.6467e+09,-0.286,7.0809e+09
22.5,10.538,0.347,274,177,0.173,0.6903462,73.622,7580.4634,1.422,1.6629e+09,0.743,7.1503e+09
25.5,11.943,0.393,312,153,0.237,0.6179306,115.200,7695.663,1.345,1.6881e+09,1.021,7.2590e+09
28.5,13.348,0.439,340,134,0.194,0.4405852,102.447,7798.1104,1.312,1.7106e+09,0.833,7.3556e+09
31.5,14.753,0.486,383,123,0.142,0.4372572,84.659,7882.7695,1.276,1.7292e+09,0.611,7.4354e+09
34.5,16.158,0.532,419,105,0.065,0.36463758,42.513,7925.2827,1.268,1.7385e+09,0.280,7.4755e+09
37.5,17.564,0.578,453,97,0.093,0.46198007,65.444,7990.727,1.272,1.7529e+09,0.399,7.5373e+09
40.5,18.969,0.624,494,106,0.326,1.0787545,250.299,8241.026,1.274,1.8078e+09,1.400,7.7734e+09
43.5,20.374,0.670,528,99,0.473,1.4723041,388.240,8629.267,1.299,1.8929e+09,2.032,8.1396e+09
46.5,21.779,0.717,565,87,0.415,1.2844691,364.447,8993.714,1.326,1.9729e+09,1.783,8.4833e+09
49.5,23.184,0.763,595,76,0.240,0.72528064,222.219,9215.933,1.376,2.0216e+09,1.032,8.6930e+09
52.5,24.589,0.809,638,76,0.165,0.5463675,163.978,9379.91,1.418,2.0576e+09,0.710,8.8476e+09
55.5,25.994,0.855,672,80,0.135,0.5658267,140.867,9520.777,1.486,2.0885e+09,0.579,8.9805e+09
58.5,27.399,0.902,706,59,nan,nan,0.000,9520.777,1.583,2.0885e+09,nan,8.9805e+09
61.5,28.804,0.948,739,41,nan,nan,0.000,9520.777,1.709,2.0885e+09,nan,8.9805e+09
64.5,30.209,0.994,794,32,nan,nan,0.000,9520.777,1.804,2.0885e+09,nan,8.9805e+09
67.5,31.614,1.040,808,9,nan,nan,0.000,9520.777,1.955,2.0885e+09,nan,8.9805e+09
70.5,33.019,1.087,858,0,nan,nan,0.000,9520.777,2.072,2.0885e+09,nan,8.9805e+09
73.5,34.424,1.133,897,0,nan,nan,0.000,9520.777,2.231,2.0885e+09,nan,8.9805e+09
76.5,35.830,1.179,923,0,nan,nan,0.000,9520.777,2.469,2.0885e+09,nan,8.9805e+09
79.5,37.235,1.225,934,0,nan,nan,0.000,9520.777,2.703,2.0885e+09,nan,8.9805e+09
82.5,38.640,1.272,861,0,nan,nan,0.000,9520.777,3.071,2.0885e+09,nan,8.9805e+09
85.5,40.045,1.318,796,0,nan,nan,0.000,9520.777,3.681,2.0885e+09,nan,8.9805e+09
88.5,41.450,1.364,774,0,nan,nan,0.000,9520.777,5.015,2.0885e+09,nan,8.9805e+09
91.5,42.855,1.410,757,0,nan,nan,0.000,9520.777,13.985,2.0885e+09,nan,8.9805e+09
94.5,44.260,1.457,740,0,nan,nan,0.000,9520.777,nan,2.0885e+09,nan,8.9805e+09
97.5,45.665,1.503,731,0,nan,nan,0.000,9520.777,nan,2.0885e+09,nan,8.9805e+09
100.5,47.070,1.549,720,0,nan,nan,0.000,9520.777,nan,2.0885e+09,nan,8.9805e+09
103.5,48.475,1.595,708,0,nan,nan,0.000,9520.777,nan,2.0885e+09,nan,8.9805e+09
106.5,49.880,1.641,700,0,nan,nan,0.000,9520.777,nan,2.0885e+09,nan,8.9805e+09
109.5,51.285,1.688,691,0,nan,nan,0.000,9520.777,nan,2.0885e+09,nan,8.9805e+09
112.5,52.691,1.734,686,0,nan,nan,0.000,9520.777,nan,2.0885e+09,nan,8.9805e+09
115.5,54.096,1.780,687,0,nan,nan,0.000,9520.777,nan,2.0885e+09,nan,8.9805e+09
118.5,55.501,1.826,676,0,nan,nan,0.000,9520.777,nan,2.0885e+09,nan,8.9805e+09
121.5,56.906,1.873,677,0,nan,nan,0.000,9520.777,nan,2.0885e+09,nan,8.9805e+09
124.5,58.311,1.919,573,0,nan,nan,0.000,9520.777,nan,2.0885e+09,nan,8.9805e+09
127.5,59.716,1.965,428,0,nan,nan,0.000,9520.777,nan,2.0885e+09,nan,8.9805e+09
130.5,61.121,2.011,344,0,nan,nan,0.000,9520.777,nan,2.0885e+09,nan,8.9805e+09
133.5,62.526,2.058,269,0,nan,nan,0.000,9520.777,nan,2.0885e+09,nan,8.9805e+09
136.5,63.931,2.104,203,0,nan,nan,0.000,9520.777,nan,2.0885e+09,nan,8.9805e+09
139.5,65.336,2.150,142,0,nan,nan,0.000,9520.777,nan,2.0885e+09,nan,8.9805e+09
142.5,66.741,2.196,93,0,nan,nan,0.000,9520.777,nan,2.0885e+09,nan,8.9805e+09
145.5,68.146,2.243,63,0,nan,nan,0.000,9520.777,nan,2.0885e+09,nan,8.9805e+09
148.5,69.551,2.289,39,0,nan,nan,0.000,9520.777,nan,2.0885e+09,nan,8.9805e+09
151.5,70.957,2.335,17,0,nan,nan,0.000,9520.777,nan,2.0885e+09,nan,8.9805e+09
154.5,72.362,2.381,2,0,nan,nan,0.000,9520.777,nan,2.0885e+09,nan,8.9805e+09
