dat_prof/radprof/build/rproftxt/NGC4961.de20_smob1.rprof.txt
# %ECSV 0.9
# ---
# datatype:
# - {name: radius, unit: arcsec, datatype: float64, description: Adopting RA=196.4483 deg DEC=27.7339 deg PA=100.0 INC=46.6}
# - {name: r_kpc, unit: kpc, datatype: float64, format: 10.3f, description: Adopting distance of 36.58 Mpc}
# - {name: r_r25, unit: '', datatype: float64, format: 10.3f, description: Adopting R25=33.43 arcsec}
# - {name: npix, datatype: int64}
# - {name: ngood, datatype: int64, description: Requiring fill fraction of 0.1 npix}
# - {name: wtmean, unit: K km / s, datatype: float64, format: 10.3f, description: Replaced blanks with 1 times NGC4961.co.de20_smo.emom0max.fits}
# - {name: rms, unit: K km / s, datatype: float32}
# - {name: annsum, unit: K km pix / s, datatype: float32, format: 10.3f}
# - {name: cumsum, unit: K km pix / s, datatype: float32}
# - {name: detlim, unit: K km / s, datatype: float64, format: 10.3f}
# - {name: cumlum, unit: K km pc2 / s, datatype: float32, format: 10.4e}
# - {name: sigmol, unit: solMass / pc2, datatype: float64, format: 10.3f}
# - {name: cummass, unit: solMass, datatype: float32, format: 10.4e}
# delimiter: ','
# schema: astropy-2.0
radius,r_kpc,r_r25,npix,ngood,wtmean,rms,annsum,cumsum,detlim,cumlum,sigmol,cummass
1.0,0.177,0.030,10,10,4.575,1.9861962,66.586,66.58562,9.160,2.0942e+06,19.673,9.0052e+06
3.0,0.532,0.090,23,23,4.776,1.8343254,159.874,226.45996,6.217,7.1225e+06,20.537,3.0627e+07
5.0,0.887,0.150,43,43,4.946,2.2120898,309.532,535.99243,4.490,1.6858e+07,21.268,7.2489e+07
7.0,1.241,0.209,61,61,4.021,1.5538672,356.988,892.9801,3.763,2.8086e+07,17.290,1.2077e+08
9.0,1.596,0.269,74,74,3.330,1.6657655,358.618,1251.5981,3.427,3.9365e+07,14.318,1.6927e+08
11.0,1.951,0.329,102,102,2.983,1.4258909,442.817,1694.415,2.933,5.3292e+07,12.826,2.2916e+08
13.0,2.305,0.389,105,105,2.808,1.2212887,429.116,2123.5308,2.914,6.6788e+07,12.074,2.8719e+08
15.0,2.660,0.449,136,122,2.329,1.0006577,461.084,2584.6152,2.583,8.1290e+07,10.017,3.4955e+08
17.0,3.015,0.509,146,117,1.877,0.40204948,398.864,2983.4795,2.524,9.3835e+07,8.071,4.0349e+08
19.0,3.370,0.568,157,97,1.939,0.40606076,443.001,3426.481,2.466,1.0777e+08,8.337,4.6340e+08
21.0,3.724,0.628,191,64,2.084,0.29049078,579.249,4005.7295,2.266,1.2599e+08,8.960,5.4174e+08
23.0,4.079,0.688,193,49,2.136,0.27523816,599.879,4605.609,2.296,1.4485e+08,9.183,6.2287e+08
25.0,4.434,0.748,220,27,2.234,0.23477262,715.183,5320.7915,2.188,1.6735e+08,9.604,7.1959e+08
27.0,4.788,0.808,227,0,nan,nan,0.000,5320.7915,2.198,1.6735e+08,nan,7.1959e+08
29.0,5.143,0.868,248,0,nan,nan,0.000,5320.7915,2.153,1.6735e+08,nan,7.1959e+08
31.0,5.498,0.927,281,0,nan,nan,0.000,5320.7915,2.064,1.6735e+08,nan,7.1959e+08
33.0,5.852,0.987,275,0,nan,nan,0.000,5320.7915,2.151,1.6735e+08,nan,7.1959e+08
35.0,6.207,1.047,304,0,nan,nan,0.000,5320.7915,2.097,1.6735e+08,nan,7.1959e+08
37.0,6.562,1.107,320,0,nan,nan,0.000,5320.7915,2.109,1.6735e+08,nan,7.1959e+08
39.0,6.916,1.167,335,0,nan,nan,0.000,5320.7915,2.136,1.6735e+08,nan,7.1959e+08
41.0,7.271,1.226,361,0,nan,nan,0.000,5320.7915,2.116,1.6735e+08,nan,7.1959e+08
43.0,7.626,1.286,362,0,nan,nan,0.000,5320.7915,2.208,1.6735e+08,nan,7.1959e+08
45.0,7.981,1.346,395,0,nan,nan,0.000,5320.7915,2.189,1.6735e+08,nan,7.1959e+08
47.0,8.335,1.406,405,0,nan,nan,0.000,5320.7915,2.254,1.6735e+08,nan,7.1959e+08
49.0,8.690,1.466,415,0,nan,nan,0.000,5320.7915,2.341,1.6735e+08,nan,7.1959e+08
51.0,9.045,1.526,428,0,nan,nan,0.000,5320.7915,2.434,1.6735e+08,nan,7.1959e+08
53.0,9.399,1.585,376,0,nan,nan,0.000,5320.7915,2.666,1.6735e+08,nan,7.1959e+08
55.0,9.754,1.645,356,0,nan,nan,0.000,5320.7915,2.822,1.6735e+08,nan,7.1959e+08
57.0,10.109,1.705,349,0,nan,nan,0.000,5320.7915,2.962,1.6735e+08,nan,7.1959e+08
59.0,10.463,1.765,330,0,nan,nan,0.000,5320.7915,3.237,1.6735e+08,nan,7.1959e+08
61.0,10.818,1.825,340,0,nan,nan,0.000,5320.7915,3.291,1.6735e+08,nan,7.1959e+08
63.0,11.173,1.885,320,0,nan,nan,0.000,5320.7915,3.687,1.6735e+08,nan,7.1959e+08
65.0,11.527,1.944,321,0,nan,nan,0.000,5320.7915,3.917,1.6735e+08,nan,7.1959e+08
67.0,11.882,2.004,324,0,nan,nan,0.000,5320.7915,4.296,1.6735e+08,nan,7.1959e+08
69.0,12.237,2.064,303,0,nan,nan,0.000,5320.7915,5.149,1.6735e+08,nan,7.1959e+08
71.0,12.592,2.124,313,0,nan,nan,0.000,5320.7915,6.032,1.6735e+08,nan,7.1959e+08
73.0,12.946,2.184,232,0,nan,nan,0.000,5320.7915,11.635,1.6735e+08,nan,7.1959e+08
75.0,13.301,2.244,179,0,nan,nan,0.000,5320.7915,nan,1.6735e+08,nan,7.1959e+08
77.0,13.656,2.303,150,0,nan,nan,0.000,5320.7915,nan,1.6735e+08,nan,7.1959e+08
79.0,14.010,2.363,116,0,nan,nan,0.000,5320.7915,nan,1.6735e+08,nan,7.1959e+08
81.0,14.365,2.423,86,0,nan,nan,0.000,5320.7915,nan,1.6735e+08,nan,7.1959e+08
83.0,14.720,2.483,58,0,nan,nan,0.000,5320.7915,nan,1.6735e+08,nan,7.1959e+08
85.0,15.074,2.543,47,0,nan,nan,0.000,5320.7915,nan,1.6735e+08,nan,7.1959e+08
87.0,15.429,2.603,40,0,nan,nan,0.000,5320.7915,nan,1.6735e+08,nan,7.1959e+08
89.0,15.784,2.662,25,0,nan,nan,0.000,5320.7915,nan,1.6735e+08,nan,7.1959e+08
91.0,16.138,2.722,13,0,nan,nan,0.000,5320.7915,nan,1.6735e+08,nan,7.1959e+08
93.0,16.493,2.782,5,0,nan,nan,0.000,5320.7915,nan,1.6735e+08,nan,7.1959e+08
95.0,16.848,2.842,0,0,nan,nan,0.000,5320.7915,nan,1.6735e+08,nan,7.1959e+08
