dat_prof/radprof/build/rproftxt/NGC5485.de20_smob1.rprof.txt
# %ECSV 0.9
# ---
# datatype:
# - {name: radius, unit: arcsec, datatype: float64, description: Adopting RA=211.7973 deg DEC=55.0016 deg PA=74.5 INC=47.2}
# - {name: r_kpc, unit: kpc, datatype: float64, format: 10.3f, description: Adopting distance of 26.86 Mpc}
# - {name: r_r25, unit: '', datatype: float64, format: 10.3f, description: Adopting R25=75.36 arcsec}
# - {name: npix, datatype: int64}
# - {name: ngood, datatype: int64, description: Requiring fill fraction of 0.1 npix}
# - {name: wtmean, unit: K km / s, datatype: float64, format: 10.3f, description: Replaced blanks with 1 times NGC5485.co.de20_smo.emom0max.fits}
# - {name: rms, unit: K km / s, datatype: float32}
# - {name: annsum, unit: K km pix / s, datatype: float32, format: 10.3f}
# - {name: cumsum, unit: K km pix / s, datatype: float32}
# - {name: detlim, unit: K km / s, datatype: float64, format: 10.3f}
# - {name: cumlum, unit: K km pc2 / s, datatype: float32, format: 10.4e}
# - {name: sigmol, unit: solMass / pc2, datatype: float64, format: 10.3f}
# - {name: cummass, unit: solMass, datatype: float32, format: 10.4e}
# delimiter: ','
# schema: astropy-2.0
radius,r_kpc,r_r25,npix,ngood,wtmean,rms,annsum,cumsum,detlim,cumlum,sigmol,cummass
1.0,0.130,0.013,9,0,nan,nan,0.000,0.0,10.101,0.0000e+00,nan,0.0000e+00
3.0,0.391,0.040,23,0,nan,nan,0.000,0.0,6.329,0.0000e+00,nan,0.0000e+00
5.0,0.651,0.066,47,0,nan,nan,0.000,0.0,4.443,0.0000e+00,nan,0.0000e+00
7.0,0.912,0.093,58,0,nan,nan,0.000,0.0,4.022,0.0000e+00,nan,0.0000e+00
9.0,1.172,0.119,77,0,nan,nan,0.000,0.0,3.515,0.0000e+00,nan,0.0000e+00
11.0,1.432,0.146,96,0,nan,nan,0.000,0.0,3.174,0.0000e+00,nan,0.0000e+00
13.0,1.693,0.173,108,0,nan,nan,0.000,0.0,3.027,0.0000e+00,nan,0.0000e+00
15.0,1.953,0.199,129,0,nan,nan,0.000,0.0,2.800,0.0000e+00,nan,0.0000e+00
17.0,2.214,0.226,147,0,nan,nan,0.000,0.0,2.663,0.0000e+00,nan,0.0000e+00
19.0,2.474,0.252,161,0,nan,nan,0.000,0.0,2.583,0.0000e+00,nan,0.0000e+00
21.0,2.735,0.279,177,0,nan,nan,0.000,0.0,2.509,0.0000e+00,nan,0.0000e+00
23.0,2.995,0.305,193,0,nan,nan,0.000,0.0,2.450,0.0000e+00,nan,0.0000e+00
25.0,3.256,0.332,219,0,nan,nan,0.000,0.0,2.347,0.0000e+00,nan,0.0000e+00
27.0,3.516,0.358,222,0,nan,nan,0.000,0.0,2.394,0.0000e+00,nan,0.0000e+00
29.0,3.776,0.385,257,0,nan,nan,0.000,0.0,2.272,0.0000e+00,nan,0.0000e+00
31.0,4.037,0.411,265,0,nan,nan,0.000,0.0,2.304,0.0000e+00,nan,0.0000e+00
33.0,4.297,0.438,275,0,nan,nan,0.000,0.0,2.332,0.0000e+00,nan,0.0000e+00
35.0,4.558,0.464,301,0,nan,nan,0.000,0.0,2.293,0.0000e+00,nan,0.0000e+00
37.0,4.818,0.491,312,0,nan,nan,0.000,0.0,2.337,0.0000e+00,nan,0.0000e+00
39.0,5.079,0.518,344,0,nan,nan,0.000,0.0,2.300,0.0000e+00,nan,0.0000e+00
41.0,5.339,0.544,344,0,nan,nan,0.000,0.0,2.395,0.0000e+00,nan,0.0000e+00
43.0,5.600,0.571,371,0,nan,nan,0.000,0.0,2.396,0.0000e+00,nan,0.0000e+00
45.0,5.860,0.597,384,0,nan,nan,0.000,0.0,2.459,0.0000e+00,nan,0.0000e+00
47.0,6.121,0.624,389,0,nan,nan,0.000,0.0,2.571,0.0000e+00,nan,0.0000e+00
49.0,6.381,0.650,397,0,nan,nan,0.000,0.0,2.665,0.0000e+00,nan,0.0000e+00
51.0,6.641,0.677,344,0,nan,nan,0.000,0.0,2.939,0.0000e+00,nan,0.0000e+00
53.0,6.902,0.703,338,0,nan,nan,0.000,0.0,3.047,0.0000e+00,nan,0.0000e+00
55.0,7.162,0.730,322,0,nan,nan,0.000,0.0,3.294,0.0000e+00,nan,0.0000e+00
57.0,7.423,0.756,307,0,nan,nan,0.000,0.0,3.525,0.0000e+00,nan,0.0000e+00
59.0,7.683,0.783,314,0,nan,nan,0.000,0.0,3.677,0.0000e+00,nan,0.0000e+00
61.0,7.944,0.809,292,0,nan,nan,0.000,0.0,4.122,0.0000e+00,nan,0.0000e+00
63.0,8.204,0.836,313,0,nan,nan,0.000,0.0,4.279,0.0000e+00,nan,0.0000e+00
65.0,8.465,0.863,294,0,nan,nan,0.000,0.0,4.862,0.0000e+00,nan,0.0000e+00
67.0,8.725,0.889,273,0,nan,nan,0.000,0.0,5.708,0.0000e+00,nan,0.0000e+00
69.0,8.985,0.916,209,0,nan,nan,0.000,0.0,7.492,0.0000e+00,nan,0.0000e+00
71.0,9.246,0.942,170,0,nan,nan,0.000,0.0,30.188,0.0000e+00,nan,0.0000e+00
73.0,9.506,0.969,126,0,nan,nan,0.000,0.0,nan,0.0000e+00,nan,0.0000e+00
75.0,9.767,0.995,96,0,nan,nan,0.000,0.0,nan,0.0000e+00,nan,0.0000e+00
77.0,10.027,1.022,80,0,nan,nan,0.000,0.0,nan,0.0000e+00,nan,0.0000e+00
79.0,10.288,1.048,64,0,nan,nan,0.000,0.0,nan,0.0000e+00,nan,0.0000e+00
81.0,10.548,1.075,54,0,nan,nan,0.000,0.0,nan,0.0000e+00,nan,0.0000e+00
83.0,10.809,1.101,43,0,nan,nan,0.000,0.0,nan,0.0000e+00,nan,0.0000e+00
85.0,11.069,1.128,36,0,nan,nan,0.000,0.0,nan,0.0000e+00,nan,0.0000e+00
87.0,11.329,1.155,24,0,nan,nan,0.000,0.0,nan,0.0000e+00,nan,0.0000e+00
89.0,11.590,1.181,15,0,nan,nan,0.000,0.0,nan,0.0000e+00,nan,0.0000e+00
91.0,11.850,1.208,6,0,nan,nan,0.000,0.0,nan,0.0000e+00,nan,0.0000e+00
93.0,12.111,1.234,0,0,nan,nan,0.000,0.0,nan,0.0000e+00,nan,0.0000e+00
