dat_prof/radprof/build/rproftxt/NGC5784.de20_smob0.rprof.txt
# %ECSV 0.9
# ---
# datatype:
# - {name: radius, unit: arcsec, datatype: float64, description: Adopting RA=223.5686 deg DEC=42.5578 deg PA=255.0 INC=45.0}
# - {name: r_kpc, unit: kpc, datatype: float64, format: 10.3f, description: Adopting distance of 79.42 Mpc}
# - {name: r_r25, unit: '', datatype: float64, format: 10.3f, description: Adopting R25=44.48 arcsec}
# - {name: npix, datatype: int64}
# - {name: ngood, datatype: int64, description: Requiring fill fraction of 0.1 npix}
# - {name: wtmean, unit: K km / s, datatype: float64, format: 10.3f, description: Replaced blanks with 0 times NGC5784.co.de20_smo.emom0max.fits}
# - {name: rms, unit: K km / s, datatype: float32}
# - {name: annsum, unit: K km pix / s, datatype: float32, format: 10.3f}
# - {name: cumsum, unit: K km pix / s, datatype: float32}
# - {name: detlim, unit: K km / s, datatype: float64, format: 10.3f}
# - {name: cumlum, unit: K km pc2 / s, datatype: float32, format: 10.4e}
# - {name: sigmol, unit: solMass / pc2, datatype: float64, format: 10.3f}
# - {name: cummass, unit: solMass, datatype: float32, format: 10.4e}
# delimiter: ','
# schema: astropy-2.0
radius,r_kpc,r_r25,npix,ngood,wtmean,rms,annsum,cumsum,detlim,cumlum,sigmol,cummass
1.0,0.385,0.022,10,10,18.050,1.5562965,255.271,255.27107,11.181,3.7842e+07,77.617,1.6272e+08
3.0,1.155,0.067,27,27,11.720,2.4696743,447.509,702.7805,6.779,1.0418e+08,50.396,4.4798e+08
5.0,1.925,0.112,46,46,8.941,3.0046802,581.673,1284.4539,5.107,1.9041e+08,38.448,8.1876e+08
7.0,2.695,0.157,59,59,8.490,2.1335917,708.373,1992.8273,4.227,2.9542e+08,36.506,1.2703e+09
9.0,3.465,0.202,82,82,6.304,1.8010011,731.022,2723.8496,3.324,4.0379e+08,27.106,1.7363e+09
11.0,4.235,0.247,96,96,3.365,1.645262,456.857,3180.7065,2.714,4.7151e+08,14.470,2.0275e+09
13.0,5.005,0.292,115,115,1.398,1.4798824,227.290,3407.9968,2.282,5.0521e+08,6.010,2.1724e+09
15.0,5.775,0.337,134,132,0.620,1.4065275,117.580,3525.5767,1.950,5.2264e+08,2.668,2.2473e+09
17.0,6.545,0.382,147,143,0.843,1.6207378,175.192,3700.7686,1.803,5.4861e+08,3.624,2.3590e+09
19.0,7.315,0.427,174,148,0.464,1.3922372,114.163,3814.9316,1.643,5.6553e+08,1.995,2.4318e+09
21.0,8.085,0.472,183,100,0.248,1.1892081,64.143,3879.0742,1.613,5.7504e+08,1.066,2.4727e+09
23.0,8.856,0.517,207,54,0.206,0.801741,60.355,3939.4292,1.541,5.8399e+08,0.887,2.5112e+09
25.0,9.626,0.562,218,31,0.162,0.54311436,50.091,3989.52,1.530,5.9141e+08,0.699,2.5431e+09
27.0,10.396,0.607,241,21,nan,nan,0.000,3989.52,1.483,5.9141e+08,nan,2.5431e+09
29.0,11.166,0.652,261,18,nan,nan,0.000,3989.52,1.459,5.9141e+08,nan,2.5431e+09
31.0,11.936,0.697,270,9,nan,nan,0.000,3989.52,1.467,5.9141e+08,nan,2.5431e+09
33.0,12.706,0.742,296,0,nan,nan,0.000,3989.52,1.440,5.9141e+08,nan,2.5431e+09
35.0,13.476,0.787,311,0,nan,nan,0.000,3989.52,1.442,5.9141e+08,nan,2.5431e+09
37.0,14.246,0.832,324,0,nan,nan,0.000,3989.52,1.459,5.9141e+08,nan,2.5431e+09
39.0,15.016,0.877,350,0,nan,nan,0.000,3989.52,1.449,5.9141e+08,nan,2.5431e+09
41.0,15.786,0.922,363,0,nan,nan,0.000,3989.52,1.472,5.9141e+08,nan,2.5431e+09
43.0,16.556,0.967,384,0,nan,nan,0.000,3989.52,1.488,5.9141e+08,nan,2.5431e+09
45.0,17.326,1.012,402,0,nan,nan,0.000,3989.52,1.508,5.9141e+08,nan,2.5431e+09
47.0,18.096,1.057,420,0,nan,nan,0.000,3989.52,1.540,5.9141e+08,nan,2.5431e+09
49.0,18.866,1.102,432,0,nan,nan,0.000,3989.52,1.587,5.9141e+08,nan,2.5431e+09
51.0,19.636,1.147,446,0,nan,nan,0.000,3989.52,1.672,5.9141e+08,nan,2.5431e+09
53.0,20.406,1.192,397,0,nan,nan,0.000,3989.52,1.815,5.9141e+08,nan,2.5431e+09
55.0,21.176,1.237,376,0,nan,nan,0.000,3989.52,1.936,5.9141e+08,nan,2.5431e+09
57.0,21.946,1.282,368,0,nan,nan,0.000,3989.52,2.044,5.9141e+08,nan,2.5431e+09
59.0,22.716,1.327,342,0,nan,nan,0.000,3989.52,2.228,5.9141e+08,nan,2.5431e+09
61.0,23.486,1.372,352,0,nan,nan,0.000,3989.52,2.362,5.9141e+08,nan,2.5431e+09
63.0,24.256,1.417,335,0,nan,nan,0.000,3989.52,2.578,5.9141e+08,nan,2.5431e+09
65.0,25.026,1.461,334,0,nan,nan,0.000,3989.52,2.797,5.9141e+08,nan,2.5431e+09
67.0,25.796,1.506,333,0,nan,nan,0.000,3989.52,3.147,5.9141e+08,nan,2.5431e+09
69.0,26.567,1.551,309,0,nan,nan,0.000,3989.52,3.787,5.9141e+08,nan,2.5431e+09
71.0,27.337,1.596,235,0,nan,nan,0.000,3989.52,6.295,5.9141e+08,nan,2.5431e+09
73.0,28.107,1.641,190,0,nan,nan,0.000,3989.52,nan,5.9141e+08,nan,2.5431e+09
75.0,28.877,1.686,151,0,nan,nan,0.000,3989.52,nan,5.9141e+08,nan,2.5431e+09
77.0,29.647,1.731,117,0,nan,nan,0.000,3989.52,nan,5.9141e+08,nan,2.5431e+09
79.0,30.417,1.776,91,0,nan,nan,0.000,3989.52,nan,5.9141e+08,nan,2.5431e+09
81.0,31.187,1.821,76,0,nan,nan,0.000,3989.52,nan,5.9141e+08,nan,2.5431e+09
83.0,31.957,1.866,58,0,nan,nan,0.000,3989.52,nan,5.9141e+08,nan,2.5431e+09
85.0,32.727,1.911,48,0,nan,nan,0.000,3989.52,nan,5.9141e+08,nan,2.5431e+09
87.0,33.497,1.956,38,0,nan,nan,0.000,3989.52,nan,5.9141e+08,nan,2.5431e+09
89.0,34.267,2.001,27,0,nan,nan,0.000,3989.52,nan,5.9141e+08,nan,2.5431e+09
91.0,35.037,2.046,18,0,nan,nan,0.000,3989.52,nan,5.9141e+08,nan,2.5431e+09
93.0,35.807,2.091,7,0,nan,nan,0.000,3989.52,nan,5.9141e+08,nan,2.5431e+09
95.0,36.577,2.136,1,0,nan,nan,0.000,3989.52,nan,5.9141e+08,nan,2.5431e+09
