dat_prof/radprof/build/rproftxt/NGC5056.smo7_smob0.rprof.txt
# %ECSV 0.9
# ---
# datatype:
# - {name: radius, unit: arcsec, datatype: float64, description: Adopting RA=199.0513 deg DEC=30.9502 deg PA=178.0 INC=61.4}
# - {name: r_kpc, unit: kpc, datatype: float64, format: 10.3f, description: Adopting distance of 81.14 Mpc}
# - {name: r_r25, unit: '', datatype: float64, format: 10.3f, description: Adopting R25=48.65 arcsec}
# - {name: npix, datatype: int64}
# - {name: ngood, datatype: int64, description: Requiring fill fraction of 0.1 npix}
# - {name: wtmean, unit: K km / s, datatype: float64, format: 10.3f, description: Replaced blanks with 0 times NGC5056.co.smo7_smo.emom0max.fits}
# - {name: rms, unit: K km / s, datatype: float32}
# - {name: annsum, unit: K km pix / s, datatype: float32, format: 10.3f}
# - {name: cumsum, unit: K km pix / s, datatype: float32}
# - {name: detlim, unit: K km / s, datatype: float64, format: 10.3f}
# - {name: cumlum, unit: K km pc2 / s, datatype: float32, format: 10.4e}
# - {name: sigmol, unit: solMass / pc2, datatype: float64, format: 10.3f}
# - {name: cummass, unit: solMass, datatype: float32, format: 10.4e}
# delimiter: ','
# schema: astropy-2.0
radius,r_kpc,r_r25,npix,ngood,wtmean,rms,annsum,cumsum,detlim,cumlum,sigmol,cummass
1.5,0.590,0.031,14,14,9.017,0.7391435,263.720,263.7198,4.362,4.0812e+07,38.774,1.7549e+08
4.5,1.770,0.092,42,42,6.366,1.724103,558.572,822.29224,2.522,1.2726e+08,27.375,5.4720e+08
7.5,2.950,0.154,64,64,4.197,1.4635545,561.072,1383.3646,1.969,2.1409e+08,18.045,9.2057e+08
10.5,4.131,0.216,98,98,3.010,1.0621696,616.293,1999.6578,1.532,3.0946e+08,12.945,1.3307e+09
13.5,5.311,0.277,120,120,2.130,0.8062842,534.011,2533.6692,1.329,3.9210e+08,9.160,1.6860e+09
16.5,6.491,0.339,147,147,1.560,0.6222008,479.060,3012.7292,1.164,4.6624e+08,6.708,2.0048e+09
19.5,7.671,0.401,178,178,1.142,0.6764567,424.484,3437.213,1.033,5.3193e+08,4.909,2.2873e+09
22.5,8.851,0.462,202,202,0.720,0.60380155,303.850,3741.063,0.955,5.7896e+08,3.096,2.4895e+09
25.5,10.031,0.524,234,234,0.252,0.5530007,122.972,3864.0352,0.887,5.9799e+08,1.082,2.5713e+09
28.5,11.212,0.586,253,253,0.022,0.47081462,11.395,3875.43,0.861,5.9975e+08,0.093,2.5789e+09
31.5,12.392,0.647,284,236,-0.117,0.44454005,-69.563,3805.8667,0.832,5.8898e+08,-0.504,2.5326e+09
34.5,13.572,0.709,310,160,-0.074,0.38290814,-47.761,3758.1052,0.828,5.8159e+08,-0.317,2.5008e+09
37.5,14.752,0.771,338,104,-0.007,0.2967698,-5.037,3753.0684,0.820,5.8081e+08,-0.031,2.4975e+09
40.5,15.932,0.832,369,74,-0.025,0.17160624,-19.300,3733.768,0.819,5.7783e+08,-0.108,2.4847e+09
43.5,17.113,0.894,393,20,nan,nan,0.000,3733.768,0.833,5.7783e+08,nan,2.4847e+09
46.5,18.293,0.956,421,14,nan,nan,0.000,3733.768,0.846,5.7783e+08,nan,2.4847e+09
49.5,19.473,1.017,448,5,nan,nan,0.000,3733.768,0.871,5.7783e+08,nan,2.4847e+09
52.5,20.653,1.079,475,0,nan,nan,0.000,3733.768,0.897,5.7783e+08,nan,2.4847e+09
55.5,21.833,1.141,495,0,nan,nan,0.000,3733.768,0.944,5.7783e+08,nan,2.4847e+09
58.5,23.013,1.202,531,0,nan,nan,0.000,3733.768,0.979,5.7783e+08,nan,2.4847e+09
61.5,24.194,1.264,549,0,nan,nan,0.000,3733.768,1.025,5.7783e+08,nan,2.4847e+09
64.5,25.374,1.326,591,0,nan,nan,0.000,3733.768,1.051,5.7783e+08,nan,2.4847e+09
67.5,26.554,1.387,600,0,nan,nan,0.000,3733.768,1.085,5.7783e+08,nan,2.4847e+09
70.5,27.734,1.449,641,0,nan,nan,0.000,3733.768,1.117,5.7783e+08,nan,2.4847e+09
73.5,28.914,1.511,669,0,nan,nan,0.000,3733.768,1.149,5.7783e+08,nan,2.4847e+09
76.5,30.094,1.572,683,0,nan,nan,0.000,3733.768,1.205,5.7783e+08,nan,2.4847e+09
79.5,31.275,1.634,707,0,nan,nan,0.000,3733.768,1.223,5.7783e+08,nan,2.4847e+09
82.5,32.455,1.696,619,0,nan,nan,0.000,3733.768,1.297,5.7783e+08,nan,2.4847e+09
85.5,33.635,1.757,604,0,nan,nan,0.000,3733.768,1.320,5.7783e+08,nan,2.4847e+09
88.5,34.815,1.819,571,0,nan,nan,0.000,3733.768,1.389,5.7783e+08,nan,2.4847e+09
91.5,35.995,1.881,563,0,nan,nan,0.000,3733.768,1.440,5.7783e+08,nan,2.4847e+09
94.5,37.175,1.942,548,0,nan,nan,0.000,3733.768,1.499,5.7783e+08,nan,2.4847e+09
97.5,38.356,2.004,538,0,nan,nan,0.000,3733.768,1.602,5.7783e+08,nan,2.4847e+09
100.5,39.536,2.066,534,0,nan,nan,0.000,3733.768,1.682,5.7783e+08,nan,2.4847e+09
103.5,40.716,2.127,520,0,nan,nan,0.000,3733.768,1.808,5.7783e+08,nan,2.4847e+09
106.5,41.896,2.189,526,0,nan,nan,0.000,3733.768,1.907,5.7783e+08,nan,2.4847e+09
109.5,43.076,2.251,506,0,nan,nan,0.000,3733.768,2.148,5.7783e+08,nan,2.4847e+09
112.5,44.257,2.312,510,0,nan,nan,0.000,3733.768,2.307,5.7783e+08,nan,2.4847e+09
115.5,45.437,2.374,521,0,nan,nan,0.000,3733.768,2.594,5.7783e+08,nan,2.4847e+09
118.5,46.617,2.436,498,0,nan,nan,0.000,3733.768,3.174,5.7783e+08,nan,2.4847e+09
121.5,47.797,2.497,510,0,nan,nan,0.000,3733.768,5.864,5.7783e+08,nan,2.4847e+09
124.5,48.977,2.559,499,0,nan,nan,0.000,3733.768,nan,5.7783e+08,nan,2.4847e+09
127.5,50.157,2.621,496,0,nan,nan,0.000,3733.768,nan,5.7783e+08,nan,2.4847e+09
130.5,51.338,2.682,489,0,nan,nan,0.000,3733.768,nan,5.7783e+08,nan,2.4847e+09
133.5,52.518,2.744,496,0,nan,nan,0.000,3733.768,nan,5.7783e+08,nan,2.4847e+09
136.5,53.698,2.806,486,0,nan,nan,0.000,3733.768,nan,5.7783e+08,nan,2.4847e+09
139.5,54.878,2.867,491,0,nan,nan,0.000,3733.768,nan,5.7783e+08,nan,2.4847e+09
142.5,56.058,2.929,494,0,nan,nan,0.000,3733.768,nan,5.7783e+08,nan,2.4847e+09
145.5,57.238,2.990,485,0,nan,nan,0.000,3733.768,nan,5.7783e+08,nan,2.4847e+09
148.5,58.419,3.052,490,0,nan,nan,0.000,3733.768,nan,5.7783e+08,nan,2.4847e+09
151.5,59.599,3.114,484,0,nan,nan,0.000,3733.768,nan,5.7783e+08,nan,2.4847e+09
154.5,60.779,3.175,482,0,nan,nan,0.000,3733.768,nan,5.7783e+08,nan,2.4847e+09
157.5,61.959,3.237,470,0,nan,nan,0.000,3733.768,nan,5.7783e+08,nan,2.4847e+09
160.5,63.139,3.299,484,0,nan,nan,0.000,3733.768,nan,5.7783e+08,nan,2.4847e+09
163.5,64.320,3.360,487,0,nan,nan,0.000,3733.768,nan,5.7783e+08,nan,2.4847e+09
166.5,65.500,3.422,449,0,nan,nan,0.000,3733.768,nan,5.7783e+08,nan,2.4847e+09
169.5,66.680,3.484,305,0,nan,nan,0.000,3733.768,nan,5.7783e+08,nan,2.4847e+09
172.5,67.860,3.545,226,0,nan,nan,0.000,3733.768,nan,5.7783e+08,nan,2.4847e+09
175.5,69.040,3.607,157,0,nan,nan,0.000,3733.768,nan,5.7783e+08,nan,2.4847e+09
178.5,70.220,3.669,103,0,nan,nan,0.000,3733.768,nan,5.7783e+08,nan,2.4847e+09
181.5,71.401,3.730,57,0,nan,nan,0.000,3733.768,nan,5.7783e+08,nan,2.4847e+09
184.5,72.581,3.792,34,0,nan,nan,0.000,3733.768,nan,5.7783e+08,nan,2.4847e+09
187.5,73.761,3.854,12,0,nan,nan,0.000,3733.768,nan,5.7783e+08,nan,2.4847e+09
190.5,74.941,3.915,0,0,nan,nan,0.000,3733.768,nan,5.7783e+08,nan,2.4847e+09
