dat_prof/radprof/build/rproftxt/NGC6186.de20_smob1.rprof.txt
# %ECSV 0.9
# ---
# datatype:
# - {name: radius, unit: arcsec, datatype: float64, description: Adopting RA=248.6063 deg DEC=21.5409 deg PA=64.6 INC=71.2}
# - {name: r_kpc, unit: kpc, datatype: float64, format: 10.3f, description: Adopting distance of 42.38 Mpc}
# - {name: r_r25, unit: '', datatype: float64, format: 10.3f, description: Adopting R25=47.11 arcsec}
# - {name: npix, datatype: int64}
# - {name: ngood, datatype: int64, description: Requiring fill fraction of 0.1 npix}
# - {name: wtmean, unit: K km / s, datatype: float64, format: 10.3f, description: Replaced blanks with 1 times NGC6186.co.de20_smo.emom0max.fits}
# - {name: rms, unit: K km / s, datatype: float32}
# - {name: annsum, unit: K km pix / s, datatype: float32, format: 10.3f}
# - {name: cumsum, unit: K km pix / s, datatype: float32}
# - {name: detlim, unit: K km / s, datatype: float64, format: 10.3f}
# - {name: cumlum, unit: K km pc2 / s, datatype: float32, format: 10.4e}
# - {name: sigmol, unit: solMass / pc2, datatype: float64, format: 10.3f}
# - {name: cummass, unit: solMass, datatype: float32, format: 10.4e}
# delimiter: ','
# schema: astropy-2.0
radius,r_kpc,r_r25,npix,ngood,wtmean,rms,annsum,cumsum,detlim,cumlum,sigmol,cummass
1.0,0.205,0.021,3,3,50.938,2.3092816,474.185,474.18472,11.700,2.0013e+07,219.033,8.6057e+07
3.0,0.616,0.064,13,13,44.132,7.137857,1780.269,2254.454,5.593,9.5151e+07,189.769,4.0915e+08
5.0,1.027,0.106,19,19,29.337,13.296235,1729.640,3984.094,4.608,1.6815e+08,126.149,7.2305e+08
7.0,1.438,0.149,32,32,21.822,15.385715,2166.891,6150.9854,3.536,2.5961e+08,93.836,1.1163e+09
9.0,1.849,0.191,34,34,13.563,12.643041,1430.982,7581.9673,3.297,3.2000e+08,58.323,1.3760e+09
11.0,2.260,0.233,49,49,10.535,10.664682,1601.880,9183.848,2.618,3.8761e+08,45.302,1.6667e+09
13.0,2.671,0.276,52,52,6.601,7.2826247,1065.185,10249.032,2.397,4.3257e+08,28.386,1.8600e+09
15.0,3.082,0.318,56,56,5.511,5.274529,957.683,11206.715,2.272,4.7299e+08,23.698,2.0338e+09
17.0,3.492,0.361,72,72,4.148,3.9110138,926.783,12133.498,1.993,5.1210e+08,17.837,2.2020e+09
19.0,3.903,0.403,78,78,3.232,3.2581356,782.270,12915.768,1.866,5.4512e+08,13.898,2.3440e+09
21.0,4.314,0.446,86,86,2.846,3.003138,759.453,13675.221,1.799,5.7717e+08,12.237,2.4818e+09
23.0,4.725,0.488,92,92,2.561,2.7344494,731.001,14406.222,1.710,6.0803e+08,11.011,2.6145e+09
25.0,5.136,0.531,98,98,2.294,2.142241,697.489,15103.711,1.677,6.3746e+08,9.863,2.7411e+09
27.0,5.547,0.573,112,112,2.006,1.5781182,697.075,15800.786,1.552,6.6688e+08,8.625,2.8676e+09
29.0,5.958,0.616,119,119,1.882,1.3217179,694.981,16495.768,1.529,6.9622e+08,8.093,2.9937e+09
31.0,6.369,0.658,120,120,1.691,1.261317,629.588,17125.355,1.522,7.2279e+08,7.270,3.1080e+09
33.0,6.780,0.700,138,130,1.472,1.023186,630.445,17755.8,1.444,7.4940e+08,6.331,3.2224e+09
35.0,7.190,0.743,144,125,1.339,0.7214197,598.320,18354.121,1.437,7.7465e+08,5.758,3.3310e+09
37.0,7.601,0.785,137,111,1.296,0.59912646,551.096,18905.217,1.504,7.9791e+08,5.574,3.4310e+09
39.0,8.012,0.828,165,130,1.233,0.4987758,631.436,19536.652,1.406,8.2456e+08,5.303,3.5456e+09
41.0,8.423,0.870,165,120,1.225,0.4402905,627.451,20164.104,1.459,8.5104e+08,5.270,3.6595e+09
43.0,8.834,0.913,171,108,1.226,0.38396567,650.744,20814.848,1.450,8.7851e+08,5.273,3.7776e+09
45.0,9.245,0.955,183,81,1.277,0.3432012,725.205,21540.053,1.471,9.0911e+08,5.491,3.9092e+09
47.0,9.656,0.998,192,75,1.312,0.3821717,781.371,22321.424,1.483,9.4209e+08,5.639,4.0510e+09
49.0,10.067,1.040,200,62,1.367,0.40292862,848.598,23170.021,1.505,9.7791e+08,5.880,4.2050e+09
51.0,10.477,1.083,201,49,1.206,0.5766821,752.418,23922.44,1.599,1.0097e+09,5.187,4.3416e+09
53.0,10.888,1.125,219,40,1.031,0.63657737,700.799,24623.238,1.569,1.0392e+09,4.434,4.4687e+09
55.0,11.299,1.167,215,27,1.011,0.66805154,674.223,25297.46,1.643,1.0677e+09,4.346,4.5911e+09
57.0,11.710,1.210,200,18,nan,nan,0.000,25297.46,1.602,1.0677e+09,nan,4.5911e+09
59.0,12.121,1.252,176,7,nan,nan,0.000,25297.46,1.710,1.0677e+09,nan,4.5911e+09
61.0,12.532,1.295,192,4,nan,nan,0.000,25297.46,1.630,1.0677e+09,nan,4.5911e+09
63.0,12.943,1.337,167,0,nan,nan,0.000,25297.46,1.755,1.0677e+09,nan,4.5911e+09
65.0,13.354,1.380,172,0,nan,nan,0.000,25297.46,1.705,1.0677e+09,nan,4.5911e+09
67.0,13.765,1.422,171,0,nan,nan,0.000,25297.46,1.733,1.0677e+09,nan,4.5911e+09
69.0,14.175,1.465,164,0,nan,nan,0.000,25297.46,1.765,1.0677e+09,nan,4.5911e+09
71.0,14.586,1.507,167,0,nan,nan,0.000,25297.46,1.740,1.0677e+09,nan,4.5911e+09
73.0,14.997,1.550,154,0,nan,nan,0.000,25297.46,1.851,1.0677e+09,nan,4.5911e+09
75.0,15.408,1.592,165,0,nan,nan,0.000,25297.46,1.766,1.0677e+09,nan,4.5911e+09
77.0,15.819,1.634,155,0,nan,nan,0.000,25297.46,1.877,1.0677e+09,nan,4.5911e+09
79.0,16.230,1.677,164,0,nan,nan,0.000,25297.46,1.794,1.0677e+09,nan,4.5911e+09
81.0,16.641,1.719,151,0,nan,nan,0.000,25297.46,1.925,1.0677e+09,nan,4.5911e+09
83.0,17.052,1.762,157,0,nan,nan,0.000,25297.46,1.875,1.0677e+09,nan,4.5911e+09
85.0,17.462,1.804,155,0,nan,nan,0.000,25297.46,1.911,1.0677e+09,nan,4.5911e+09
87.0,17.873,1.847,148,0,nan,nan,0.000,25297.46,1.992,1.0677e+09,nan,4.5911e+09
89.0,18.284,1.889,158,0,nan,nan,0.000,25297.46,1.928,1.0677e+09,nan,4.5911e+09
91.0,18.695,1.932,150,0,nan,nan,0.000,25297.46,2.027,1.0677e+09,nan,4.5911e+09
93.0,19.106,1.974,158,0,nan,nan,0.000,25297.46,1.943,1.0677e+09,nan,4.5911e+09
95.0,19.517,2.017,148,0,nan,nan,0.000,25297.46,2.105,1.0677e+09,nan,4.5911e+09
97.0,19.928,2.059,157,0,nan,nan,0.000,25297.46,2.014,1.0677e+09,nan,4.5911e+09
99.0,20.339,2.101,145,0,nan,nan,0.000,25297.46,2.131,1.0677e+09,nan,4.5911e+09
101.0,20.749,2.144,142,0,nan,nan,0.000,25297.46,2.135,1.0677e+09,nan,4.5911e+09
103.0,21.160,2.186,138,0,nan,nan,0.000,25297.46,2.156,1.0677e+09,nan,4.5911e+09
105.0,21.571,2.229,132,0,nan,nan,0.000,25297.46,2.232,1.0677e+09,nan,4.5911e+09
107.0,21.982,2.271,130,0,nan,nan,0.000,25297.46,2.170,1.0677e+09,nan,4.5911e+09
109.0,22.393,2.314,118,0,nan,nan,0.000,25297.46,2.360,1.0677e+09,nan,4.5911e+09
111.0,22.804,2.356,123,0,nan,nan,0.000,25297.46,2.224,1.0677e+09,nan,4.5911e+09
113.0,23.215,2.399,105,0,nan,nan,0.000,25297.46,2.474,1.0677e+09,nan,4.5911e+09
115.0,23.626,2.441,118,0,nan,nan,0.000,25297.46,2.317,1.0677e+09,nan,4.5911e+09
117.0,24.037,2.484,107,0,nan,nan,0.000,25297.46,2.482,1.0677e+09,nan,4.5911e+09
119.0,24.447,2.526,104,0,nan,nan,0.000,25297.46,2.505,1.0677e+09,nan,4.5911e+09
121.0,24.858,2.568,103,0,nan,nan,0.000,25297.46,2.535,1.0677e+09,nan,4.5911e+09
123.0,25.269,2.611,92,0,nan,nan,0.000,25297.46,2.715,1.0677e+09,nan,4.5911e+09
125.0,25.680,2.653,102,0,nan,nan,0.000,25297.46,2.564,1.0677e+09,nan,4.5911e+09
127.0,26.091,2.696,84,0,nan,nan,0.000,25297.46,2.924,1.0677e+09,nan,4.5911e+09
129.0,26.502,2.738,100,0,nan,nan,0.000,25297.46,2.624,1.0677e+09,nan,4.5911e+09
131.0,26.913,2.781,78,0,nan,nan,0.000,25297.46,3.057,1.0677e+09,nan,4.5911e+09
133.0,27.324,2.823,93,0,nan,nan,0.000,25297.46,2.841,1.0677e+09,nan,4.5911e+09
135.0,27.734,2.866,76,0,nan,nan,0.000,25297.46,3.236,1.0677e+09,nan,4.5911e+09
137.0,28.145,2.908,83,0,nan,nan,0.000,25297.46,3.148,1.0677e+09,nan,4.5911e+09
139.0,28.556,2.950,76,0,nan,nan,0.000,25297.46,3.309,1.0677e+09,nan,4.5911e+09
141.0,28.967,2.993,69,0,nan,nan,0.000,25297.46,3.678,1.0677e+09,nan,4.5911e+09
143.0,29.378,3.035,78,0,nan,nan,0.000,25297.46,3.425,1.0677e+09,nan,4.5911e+09
145.0,29.789,3.078,62,0,nan,nan,0.000,25297.46,4.190,1.0677e+09,nan,4.5911e+09
147.0,30.200,3.120,73,0,nan,nan,0.000,25297.46,3.829,1.0677e+09,nan,4.5911e+09
149.0,30.611,3.163,61,0,nan,nan,0.000,25297.46,4.645,1.0677e+09,nan,4.5911e+09
151.0,31.021,3.205,67,0,nan,nan,0.000,25297.46,4.634,1.0677e+09,nan,4.5911e+09
153.0,31.432,3.248,55,0,nan,nan,0.000,25297.46,5.997,1.0677e+09,nan,4.5911e+09
155.0,31.843,3.290,61,0,nan,nan,0.000,25297.46,8.208,1.0677e+09,nan,4.5911e+09
157.0,32.254,3.333,55,0,nan,nan,0.000,25297.46,20.184,1.0677e+09,nan,4.5911e+09
159.0,32.665,3.375,48,0,nan,nan,0.000,25297.46,nan,1.0677e+09,nan,4.5911e+09
161.0,33.076,3.417,58,0,nan,nan,0.000,25297.46,nan,1.0677e+09,nan,4.5911e+09
163.0,33.487,3.460,40,0,nan,nan,0.000,25297.46,nan,1.0677e+09,nan,4.5911e+09
165.0,33.898,3.502,55,0,nan,nan,0.000,25297.46,nan,1.0677e+09,nan,4.5911e+09
167.0,34.309,3.545,38,0,nan,nan,0.000,25297.46,nan,1.0677e+09,nan,4.5911e+09
169.0,34.719,3.587,48,0,nan,nan,0.000,25297.46,nan,1.0677e+09,nan,4.5911e+09
171.0,35.130,3.630,36,0,nan,nan,0.000,25297.46,nan,1.0677e+09,nan,4.5911e+09
173.0,35.541,3.672,40,0,nan,nan,0.000,25297.46,nan,1.0677e+09,nan,4.5911e+09
175.0,35.952,3.715,34,0,nan,nan,0.000,25297.46,nan,1.0677e+09,nan,4.5911e+09
177.0,36.363,3.757,29,0,nan,nan,0.000,25297.46,nan,1.0677e+09,nan,4.5911e+09
179.0,36.774,3.800,36,0,nan,nan,0.000,25297.46,nan,1.0677e+09,nan,4.5911e+09
181.0,37.185,3.842,23,0,nan,nan,0.000,25297.46,nan,1.0677e+09,nan,4.5911e+09
183.0,37.596,3.884,33,0,nan,nan,0.000,25297.46,nan,1.0677e+09,nan,4.5911e+09
185.0,38.006,3.927,21,0,nan,nan,0.000,25297.46,nan,1.0677e+09,nan,4.5911e+09
187.0,38.417,3.969,26,0,nan,nan,0.000,25297.46,nan,1.0677e+09,nan,4.5911e+09
189.0,38.828,4.012,19,0,nan,nan,0.000,25297.46,nan,1.0677e+09,nan,4.5911e+09
191.0,39.239,4.054,18,0,nan,nan,0.000,25297.46,nan,1.0677e+09,nan,4.5911e+09
193.0,39.650,4.097,18,0,nan,nan,0.000,25297.46,nan,1.0677e+09,nan,4.5911e+09
195.0,40.061,4.139,11,0,nan,nan,0.000,25297.46,nan,1.0677e+09,nan,4.5911e+09
197.0,40.472,4.182,16,0,nan,nan,0.000,25297.46,nan,1.0677e+09,nan,4.5911e+09
199.0,40.883,4.224,7,0,nan,nan,0.000,25297.46,nan,1.0677e+09,nan,4.5911e+09
201.0,41.294,4.267,11,0,nan,nan,0.000,25297.46,nan,1.0677e+09,nan,4.5911e+09
203.0,41.704,4.309,4,0,nan,nan,0.000,25297.46,nan,1.0677e+09,nan,4.5911e+09
205.0,42.115,4.351,5,0,nan,nan,0.000,25297.46,nan,1.0677e+09,nan,4.5911e+09
207.0,42.526,4.394,1,0,nan,nan,0.000,25297.46,nan,1.0677e+09,nan,4.5911e+09
209.0,42.937,4.436,1,0,nan,nan,0.000,25297.46,nan,1.0677e+09,nan,4.5911e+09
