dat_prof/radprof/build/rproftxt/NGC6478.de20_smob1.rprof.txt
# %ECSV 0.9
# ---
# datatype:
# - {name: radius, unit: arcsec, datatype: float64, description: Adopting RA=267.1597 deg DEC=51.1572 deg PA=29.2 INC=73.4}
# - {name: r_kpc, unit: kpc, datatype: float64, format: 10.3f, description: Adopting distance of 97.36 Mpc}
# - {name: r_r25, unit: '', datatype: float64, format: 10.3f, description: Adopting R25=43.46 arcsec}
# - {name: npix, datatype: int64}
# - {name: ngood, datatype: int64, description: Requiring fill fraction of 0.1 npix}
# - {name: wtmean, unit: K km / s, datatype: float64, format: 10.3f, description: Replaced blanks with 1 times NGC6478.co.de20_smo.emom0max.fits}
# - {name: rms, unit: K km / s, datatype: float32}
# - {name: annsum, unit: K km pix / s, datatype: float32, format: 10.3f}
# - {name: cumsum, unit: K km pix / s, datatype: float32}
# - {name: detlim, unit: K km / s, datatype: float64, format: 10.3f}
# - {name: cumlum, unit: K km pc2 / s, datatype: float32, format: 10.4e}
# - {name: sigmol, unit: solMass / pc2, datatype: float64, format: 10.3f}
# - {name: cummass, unit: solMass, datatype: float32, format: 10.4e}
# delimiter: ','
# schema: astropy-2.0
radius,r_kpc,r_r25,npix,ngood,wtmean,rms,annsum,cumsum,detlim,cumlum,sigmol,cummass
1.0,0.472,0.023,4,4,10.934,0.3619936,153.086,153.08563,8.107,3.4108e+07,47.015,1.4667e+08
3.0,1.416,0.069,11,11,11.334,0.93017715,436.394,589.4799,4.889,1.3134e+08,48.736,5.6476e+08
5.0,2.360,0.115,17,17,10.740,1.233082,639.090,1228.5697,3.870,2.7373e+08,46.182,1.1770e+09
7.0,3.304,0.161,25,25,9.346,2.2443805,817.811,2046.3811,3.071,4.5594e+08,40.186,1.9606e+09
9.0,4.248,0.207,33,33,8.096,2.5543957,935.230,2981.6108,2.579,6.6432e+08,34.815,2.8566e+09
11.0,5.192,0.253,39,39,7.802,2.3535833,1065.008,4046.619,2.241,9.0161e+08,33.547,3.8769e+09
13.0,6.136,0.299,46,46,7.757,1.9896113,1248.966,5295.5845,2.021,1.1799e+09,33.354,5.0735e+09
15.0,7.080,0.345,55,55,6.848,1.6205721,1318.399,6613.9834,1.782,1.4736e+09,29.447,6.3366e+09
17.0,8.024,0.391,63,63,6.207,1.716102,1368.689,7982.6724,1.597,1.7786e+09,26.689,7.6479e+09
19.0,8.968,0.437,69,69,5.413,1.664829,1307.425,9290.098,1.480,2.0699e+09,23.277,8.9005e+09
21.0,9.912,0.483,73,73,4.519,1.6587994,1154.820,10444.918,1.406,2.3272e+09,19.434,1.0007e+10
23.0,10.857,0.529,80,80,3.421,1.569419,958.010,11402.928,1.326,2.5406e+09,14.711,1.0925e+10
25.0,11.801,0.575,92,92,2.685,1.4734479,864.784,12267.712,1.213,2.7333e+09,11.547,1.1753e+10
27.0,12.745,0.621,95,95,2.147,1.1818414,713.824,12981.536,1.186,2.8924e+09,9.231,1.2437e+10
29.0,13.689,0.667,106,106,1.654,0.9438664,613.802,13595.338,1.113,3.0291e+09,7.114,1.3025e+10
31.0,14.633,0.713,110,110,1.321,0.7943136,508.757,14104.095,1.079,3.1425e+09,5.682,1.3513e+10
33.0,15.577,0.759,122,122,1.067,0.6470154,455.529,14559.624,1.027,3.2440e+09,4.587,1.3949e+10
35.0,16.521,0.805,124,123,0.859,0.44439936,372.697,14932.321,1.012,3.3270e+09,3.692,1.4306e+10
37.0,17.465,0.851,133,128,0.781,0.2709775,363.681,15296.002,0.986,3.4080e+09,3.359,1.4655e+10
39.0,18.409,0.897,137,127,0.735,0.1920639,352.426,15648.428,0.971,3.4865e+09,3.160,1.4992e+10
41.0,19.353,0.943,150,126,0.720,0.13218045,378.090,16026.518,0.934,3.5708e+09,3.096,1.5354e+10
43.0,20.297,0.989,153,91,0.770,0.14234346,412.465,16438.982,0.929,3.6627e+09,3.312,1.5750e+10
45.0,21.241,1.035,161,70,0.817,0.15738827,460.648,16899.63,0.917,3.7653e+09,3.515,1.6191e+10
47.0,22.185,1.081,168,68,0.838,0.1916723,492.576,17392.207,0.902,3.8751e+09,3.602,1.6663e+10
49.0,23.129,1.127,179,63,0.883,0.28634477,553.557,17945.764,0.892,3.9984e+09,3.799,1.7193e+10
51.0,24.073,1.173,182,57,0.894,0.29590505,569.580,18515.344,0.902,4.1253e+09,3.845,1.7739e+10
53.0,25.017,1.219,191,54,0.896,0.28499946,598.971,19114.314,0.898,4.2588e+09,3.852,1.8313e+10
55.0,25.961,1.265,193,39,0.910,0.23172776,614.939,19729.254,0.918,4.3958e+09,3.914,1.8902e+10
57.0,26.905,1.311,206,43,0.921,0.25092417,663.883,20393.137,0.909,4.5437e+09,3.959,1.9538e+10
59.0,27.849,1.357,211,31,0.941,0.20347865,694.633,21087.77,0.936,4.6985e+09,4.044,2.0203e+10
61.0,28.793,1.403,222,24,0.956,0.22443745,743.227,21830.996,0.937,4.8641e+09,4.113,2.0915e+10
63.0,29.737,1.450,229,24,0.889,0.32380825,712.494,22543.49,0.956,5.0228e+09,3.822,2.1598e+10
65.0,30.681,1.496,228,19,nan,nan,0.000,22543.49,0.994,5.0228e+09,nan,2.1598e+10
67.0,31.625,1.542,244,15,nan,nan,0.000,22543.49,1.002,5.0228e+09,nan,2.1598e+10
69.0,32.570,1.588,231,8,nan,nan,0.000,22543.49,1.020,5.0228e+09,nan,2.1598e+10
71.0,33.514,1.634,220,10,nan,nan,0.000,22543.49,1.024,5.0228e+09,nan,2.1598e+10
73.0,34.458,1.680,207,7,nan,nan,0.000,22543.49,1.038,5.0228e+09,nan,2.1598e+10
75.0,35.402,1.726,197,4,nan,nan,0.000,22543.49,1.059,5.0228e+09,nan,2.1598e+10
77.0,36.346,1.772,203,3,nan,nan,0.000,22543.49,1.036,5.0228e+09,nan,2.1598e+10
79.0,37.290,1.818,190,0,nan,nan,0.000,22543.49,1.075,5.0228e+09,nan,2.1598e+10
81.0,38.234,1.864,190,0,nan,nan,0.000,22543.49,1.081,5.0228e+09,nan,2.1598e+10
83.0,39.178,1.910,186,0,nan,nan,0.000,22543.49,1.084,5.0228e+09,nan,2.1598e+10
85.0,40.122,1.956,181,0,nan,nan,0.000,22543.49,1.106,5.0228e+09,nan,2.1598e+10
87.0,41.066,2.002,182,0,nan,nan,0.000,22543.49,1.106,5.0228e+09,nan,2.1598e+10
89.0,42.010,2.048,181,0,nan,nan,0.000,22543.49,1.124,5.0228e+09,nan,2.1598e+10
91.0,42.954,2.094,179,0,nan,nan,0.000,22543.49,1.128,5.0228e+09,nan,2.1598e+10
93.0,43.898,2.140,181,0,nan,nan,0.000,22543.49,1.139,5.0228e+09,nan,2.1598e+10
95.0,44.842,2.186,177,0,nan,nan,0.000,22543.49,1.142,5.0228e+09,nan,2.1598e+10
97.0,45.786,2.232,174,0,nan,nan,0.000,22543.49,1.170,5.0228e+09,nan,2.1598e+10
99.0,46.730,2.278,174,0,nan,nan,0.000,22543.49,1.170,5.0228e+09,nan,2.1598e+10
101.0,47.674,2.324,173,0,nan,nan,0.000,22543.49,1.185,5.0228e+09,nan,2.1598e+10
103.0,48.618,2.370,169,0,nan,nan,0.000,22543.49,1.196,5.0228e+09,nan,2.1598e+10
105.0,49.562,2.416,169,0,nan,nan,0.000,22543.49,1.199,5.0228e+09,nan,2.1598e+10
107.0,50.506,2.462,163,0,nan,nan,0.000,22543.49,1.237,5.0228e+09,nan,2.1598e+10
109.0,51.450,2.508,162,0,nan,nan,0.000,22543.49,1.234,5.0228e+09,nan,2.1598e+10
111.0,52.394,2.554,159,0,nan,nan,0.000,22543.49,1.238,5.0228e+09,nan,2.1598e+10
113.0,53.339,2.600,148,0,nan,nan,0.000,22543.49,1.293,5.0228e+09,nan,2.1598e+10
115.0,54.283,2.646,149,0,nan,nan,0.000,22543.49,1.269,5.0228e+09,nan,2.1598e+10
117.0,55.227,2.692,147,0,nan,nan,0.000,22543.49,1.276,5.0228e+09,nan,2.1598e+10
119.0,56.171,2.738,142,0,nan,nan,0.000,22543.49,1.297,5.0228e+09,nan,2.1598e+10
121.0,57.115,2.784,139,0,nan,nan,0.000,22543.49,1.336,5.0228e+09,nan,2.1598e+10
123.0,58.059,2.830,135,0,nan,nan,0.000,22543.49,1.347,5.0228e+09,nan,2.1598e+10
125.0,59.003,2.876,133,0,nan,nan,0.000,22543.49,1.346,5.0228e+09,nan,2.1598e+10
127.0,59.947,2.922,123,0,nan,nan,0.000,22543.49,1.424,5.0228e+09,nan,2.1598e+10
129.0,60.891,2.968,131,0,nan,nan,0.000,22543.49,1.370,5.0228e+09,nan,2.1598e+10
131.0,61.835,3.014,126,0,nan,nan,0.000,22543.49,1.403,5.0228e+09,nan,2.1598e+10
133.0,62.779,3.060,123,0,nan,nan,0.000,22543.49,1.439,5.0228e+09,nan,2.1598e+10
135.0,63.723,3.106,118,0,nan,nan,0.000,22543.49,1.471,5.0228e+09,nan,2.1598e+10
137.0,64.667,3.152,115,0,nan,nan,0.000,22543.49,1.501,5.0228e+09,nan,2.1598e+10
139.0,65.611,3.198,119,0,nan,nan,0.000,22543.49,1.487,5.0228e+09,nan,2.1598e+10
141.0,66.555,3.244,107,0,nan,nan,0.000,22543.49,1.576,5.0228e+09,nan,2.1598e+10
143.0,67.499,3.290,112,0,nan,nan,0.000,22543.49,1.549,5.0228e+09,nan,2.1598e+10
145.0,68.443,3.336,115,0,nan,nan,0.000,22543.49,1.540,5.0228e+09,nan,2.1598e+10
147.0,69.387,3.382,104,0,nan,nan,0.000,22543.49,1.657,5.0228e+09,nan,2.1598e+10
149.0,70.331,3.428,106,0,nan,nan,0.000,22543.49,1.647,5.0228e+09,nan,2.1598e+10
151.0,71.275,3.474,105,0,nan,nan,0.000,22543.49,1.674,5.0228e+09,nan,2.1598e+10
153.0,72.219,3.520,98,0,nan,nan,0.000,22543.49,1.753,5.0228e+09,nan,2.1598e+10
155.0,73.163,3.566,99,0,nan,nan,0.000,22543.49,1.760,5.0228e+09,nan,2.1598e+10
157.0,74.108,3.612,95,0,nan,nan,0.000,22543.49,1.819,5.0228e+09,nan,2.1598e+10
159.0,75.052,3.658,97,0,nan,nan,0.000,22543.49,1.838,5.0228e+09,nan,2.1598e+10
161.0,75.996,3.704,90,0,nan,nan,0.000,22543.49,1.961,5.0228e+09,nan,2.1598e+10
163.0,76.940,3.750,95,0,nan,nan,0.000,22543.49,1.943,5.0228e+09,nan,2.1598e+10
165.0,77.884,3.796,93,0,nan,nan,0.000,22543.49,2.027,5.0228e+09,nan,2.1598e+10
167.0,78.828,3.842,86,0,nan,nan,0.000,22543.49,2.136,5.0228e+09,nan,2.1598e+10
169.0,79.772,3.888,86,0,nan,nan,0.000,22543.49,2.175,5.0228e+09,nan,2.1598e+10
171.0,80.716,3.934,85,0,nan,nan,0.000,22543.49,2.283,5.0228e+09,nan,2.1598e+10
173.0,81.660,3.980,79,0,nan,nan,0.000,22543.49,2.512,5.0228e+09,nan,2.1598e+10
175.0,82.604,4.026,80,0,nan,nan,0.000,22543.49,2.664,5.0228e+09,nan,2.1598e+10
177.0,83.548,4.072,83,0,nan,nan,0.000,22543.49,2.836,5.0228e+09,nan,2.1598e+10
179.0,84.492,4.118,76,0,nan,nan,0.000,22543.49,3.641,5.0228e+09,nan,2.1598e+10
181.0,85.436,4.164,76,0,nan,nan,0.000,22543.49,3.995,5.0228e+09,nan,2.1598e+10
183.0,86.380,4.210,75,0,nan,nan,0.000,22543.49,4.740,5.0228e+09,nan,2.1598e+10
185.0,87.324,4.256,75,0,nan,nan,0.000,22543.49,6.057,5.0228e+09,nan,2.1598e+10
187.0,88.268,4.302,68,0,nan,nan,0.000,22543.49,nan,5.0228e+09,nan,2.1598e+10
189.0,89.212,4.349,67,0,nan,nan,0.000,22543.49,nan,5.0228e+09,nan,2.1598e+10
191.0,90.156,4.395,72,0,nan,nan,0.000,22543.49,nan,5.0228e+09,nan,2.1598e+10
193.0,91.100,4.441,66,0,nan,nan,0.000,22543.49,nan,5.0228e+09,nan,2.1598e+10
195.0,92.044,4.487,62,0,nan,nan,0.000,22543.49,nan,5.0228e+09,nan,2.1598e+10
197.0,92.988,4.533,63,0,nan,nan,0.000,22543.49,nan,5.0228e+09,nan,2.1598e+10
199.0,93.932,4.579,59,0,nan,nan,0.000,22543.49,nan,5.0228e+09,nan,2.1598e+10
201.0,94.876,4.625,61,0,nan,nan,0.000,22543.49,nan,5.0228e+09,nan,2.1598e+10
203.0,95.821,4.671,58,0,nan,nan,0.000,22543.49,nan,5.0228e+09,nan,2.1598e+10
205.0,96.765,4.717,57,0,nan,nan,0.000,22543.49,nan,5.0228e+09,nan,2.1598e+10
207.0,97.709,4.763,54,0,nan,nan,0.000,22543.49,nan,5.0228e+09,nan,2.1598e+10
209.0,98.653,4.809,51,0,nan,nan,0.000,22543.49,nan,5.0228e+09,nan,2.1598e+10
211.0,99.597,4.855,54,0,nan,nan,0.000,22543.49,nan,5.0228e+09,nan,2.1598e+10
213.0,100.541,4.901,50,0,nan,nan,0.000,22543.49,nan,5.0228e+09,nan,2.1598e+10
215.0,101.485,4.947,46,0,nan,nan,0.000,22543.49,nan,5.0228e+09,nan,2.1598e+10
217.0,102.429,4.993,48,0,nan,nan,0.000,22543.49,nan,5.0228e+09,nan,2.1598e+10
219.0,103.373,5.039,44,0,nan,nan,0.000,22543.49,nan,5.0228e+09,nan,2.1598e+10
221.0,104.317,5.085,44,0,nan,nan,0.000,22543.49,nan,5.0228e+09,nan,2.1598e+10
223.0,105.261,5.131,43,0,nan,nan,0.000,22543.49,nan,5.0228e+09,nan,2.1598e+10
225.0,106.205,5.177,39,0,nan,nan,0.000,22543.49,nan,5.0228e+09,nan,2.1598e+10
227.0,107.149,5.223,39,0,nan,nan,0.000,22543.49,nan,5.0228e+09,nan,2.1598e+10
229.0,108.093,5.269,37,0,nan,nan,0.000,22543.49,nan,5.0228e+09,nan,2.1598e+10
231.0,109.037,5.315,36,0,nan,nan,0.000,22543.49,nan,5.0228e+09,nan,2.1598e+10
233.0,109.981,5.361,36,0,nan,nan,0.000,22543.49,nan,5.0228e+09,nan,2.1598e+10
235.0,110.925,5.407,31,0,nan,nan,0.000,22543.49,nan,5.0228e+09,nan,2.1598e+10
237.0,111.869,5.453,31,0,nan,nan,0.000,22543.49,nan,5.0228e+09,nan,2.1598e+10
239.0,112.813,5.499,30,0,nan,nan,0.000,22543.49,nan,5.0228e+09,nan,2.1598e+10
241.0,113.757,5.545,28,0,nan,nan,0.000,22543.49,nan,5.0228e+09,nan,2.1598e+10
243.0,114.701,5.591,26,0,nan,nan,0.000,22543.49,nan,5.0228e+09,nan,2.1598e+10
245.0,115.645,5.637,25,0,nan,nan,0.000,22543.49,nan,5.0228e+09,nan,2.1598e+10
247.0,116.590,5.683,24,0,nan,nan,0.000,22543.49,nan,5.0228e+09,nan,2.1598e+10
249.0,117.534,5.729,20,0,nan,nan,0.000,22543.49,nan,5.0228e+09,nan,2.1598e+10
251.0,118.478,5.775,22,0,nan,nan,0.000,22543.49,nan,5.0228e+09,nan,2.1598e+10
253.0,119.422,5.821,19,0,nan,nan,0.000,22543.49,nan,5.0228e+09,nan,2.1598e+10
255.0,120.366,5.867,16,0,nan,nan,0.000,22543.49,nan,5.0228e+09,nan,2.1598e+10
257.0,121.310,5.913,17,0,nan,nan,0.000,22543.49,nan,5.0228e+09,nan,2.1598e+10
259.0,122.254,5.959,14,0,nan,nan,0.000,22543.49,nan,5.0228e+09,nan,2.1598e+10
261.0,123.198,6.005,12,0,nan,nan,0.000,22543.49,nan,5.0228e+09,nan,2.1598e+10
263.0,124.142,6.051,12,0,nan,nan,0.000,22543.49,nan,5.0228e+09,nan,2.1598e+10
265.0,125.086,6.097,10,0,nan,nan,0.000,22543.49,nan,5.0228e+09,nan,2.1598e+10
267.0,126.030,6.143,9,0,nan,nan,0.000,22543.49,nan,5.0228e+09,nan,2.1598e+10
269.0,126.974,6.189,6,0,nan,nan,0.000,22543.49,nan,5.0228e+09,nan,2.1598e+10
271.0,127.918,6.235,6,0,nan,nan,0.000,22543.49,nan,5.0228e+09,nan,2.1598e+10
273.0,128.862,6.281,3,0,nan,nan,0.000,22543.49,nan,5.0228e+09,nan,2.1598e+10
275.0,129.806,6.327,3,0,nan,nan,0.000,22543.49,nan,5.0228e+09,nan,2.1598e+10
277.0,130.750,6.373,2,0,nan,nan,0.000,22543.49,nan,5.0228e+09,nan,2.1598e+10
279.0,131.694,6.419,1,0,nan,nan,0.000,22543.49,nan,5.0228e+09,nan,2.1598e+10
281.0,132.638,6.465,1,0,nan,nan,0.000,22543.49,nan,5.0228e+09,nan,2.1598e+10
