dat_prof/radprof/build/rproftxt/NGC7819.smo7_smob1.rprof.txt
# %ECSV 0.9
# ---
# datatype:
# - {name: radius, unit: arcsec, datatype: float64, description: Adopting RA=1.1021 deg DEC=31.4720 deg PA=270.3 INC=54.0}
# - {name: r_kpc, unit: kpc, datatype: float64, format: 10.3f, description: Adopting distance of 71.62 Mpc}
# - {name: r_r25, unit: '', datatype: float64, format: 10.3f, description: Adopting R25=43.16 arcsec}
# - {name: npix, datatype: int64}
# - {name: ngood, datatype: int64, description: Requiring fill fraction of 0.1 npix}
# - {name: wtmean, unit: K km / s, datatype: float64, format: 10.3f, description: Replaced blanks with 1 times NGC7819.co.smo7_smo.emom0max.fits}
# - {name: rms, unit: K km / s, datatype: float32}
# - {name: annsum, unit: K km pix / s, datatype: float32, format: 10.3f}
# - {name: cumsum, unit: K km pix / s, datatype: float32}
# - {name: detlim, unit: K km / s, datatype: float64, format: 10.3f}
# - {name: cumlum, unit: K km pc2 / s, datatype: float32, format: 10.4e}
# - {name: sigmol, unit: solMass / pc2, datatype: float64, format: 10.3f}
# - {name: cummass, unit: solMass, datatype: float32, format: 10.4e}
# delimiter: ','
# schema: astropy-2.0
radius,r_kpc,r_r25,npix,ngood,wtmean,rms,annsum,cumsum,detlim,cumlum,sigmol,cummass
1.5,0.521,0.035,16,16,16.718,1.5723646,455.071,455.0708,5.154,5.4867e+07,71.886,2.3593e+08
4.5,1.563,0.104,50,50,11.420,3.2639318,971.421,1426.4917,2.894,1.7199e+08,49.105,7.3956e+08
7.5,2.604,0.174,85,85,5.489,3.5397055,793.758,2220.2493,2.162,2.6769e+08,23.602,1.1511e+09
10.5,3.646,0.243,111,111,2.692,2.325561,508.349,2728.598,1.815,3.2898e+08,11.575,1.4146e+09
13.5,4.688,0.313,152,152,1.527,1.2733762,394.923,3123.5205,1.457,3.7660e+08,6.567,1.6194e+09
16.5,5.729,0.382,180,179,1.025,0.57765824,313.929,3437.4495,1.281,4.1445e+08,4.408,1.7821e+09
19.5,6.771,0.452,225,212,0.802,0.34133887,306.828,3744.2778,1.127,4.5144e+08,3.447,1.9412e+09
22.5,7.813,0.521,243,221,0.808,0.30425334,333.986,4078.2637,1.081,4.9171e+08,3.474,2.1144e+09
25.5,8.854,0.591,282,241,0.812,0.31799895,389.661,4467.9243,1.025,5.3869e+08,3.492,2.3164e+09
28.5,9.896,0.660,315,220,0.765,0.25878793,410.166,4878.0903,0.994,5.8815e+08,3.291,2.5290e+09
31.5,10.938,0.730,354,180,0.721,0.116870746,433.991,5312.0815,0.970,6.4047e+08,3.099,2.7540e+09
34.5,11.979,0.799,380,109,0.782,0.110901564,505.487,5817.5684,0.971,7.0142e+08,3.362,3.0161e+09
37.5,13.021,0.869,409,51,0.852,0.11614358,592.900,6410.4683,0.978,7.7290e+08,3.664,3.3235e+09
40.5,14.063,0.938,452,17,nan,nan,0.000,6410.4683,0.969,7.7290e+08,nan,3.3235e+09
43.5,15.105,1.008,488,0,nan,nan,0.000,6410.4683,0.982,7.7290e+08,nan,3.3235e+09
46.5,16.146,1.077,517,0,nan,nan,0.000,6410.4683,1.010,7.7290e+08,nan,3.3235e+09
49.5,17.188,1.147,535,0,nan,nan,0.000,6410.4683,1.059,7.7290e+08,nan,3.3235e+09
52.5,18.230,1.216,586,0,nan,nan,0.000,6410.4683,1.076,7.7290e+08,nan,3.3235e+09
55.5,19.271,1.286,619,0,nan,nan,0.000,6410.4683,1.122,7.7290e+08,nan,3.3235e+09
58.5,20.313,1.355,654,0,nan,nan,0.000,6410.4683,1.194,7.7290e+08,nan,3.3235e+09
61.5,21.355,1.425,668,0,nan,nan,0.000,6410.4683,1.303,7.7290e+08,nan,3.3235e+09
64.5,22.396,1.494,719,0,nan,nan,0.000,6410.4683,1.342,7.7290e+08,nan,3.3235e+09
67.5,23.438,1.564,752,0,nan,nan,0.000,6410.4683,1.402,7.7290e+08,nan,3.3235e+09
70.5,24.480,1.633,788,0,nan,nan,0.000,6410.4683,1.493,7.7290e+08,nan,3.3235e+09
73.5,25.521,1.703,811,0,nan,nan,0.000,6410.4683,1.594,7.7290e+08,nan,3.3235e+09
76.5,26.563,1.772,834,0,nan,nan,0.000,6410.4683,1.711,7.7290e+08,nan,3.3235e+09
79.5,27.605,1.842,872,0,nan,nan,0.000,6410.4683,1.761,7.7290e+08,nan,3.3235e+09
82.5,28.647,1.911,776,0,nan,nan,0.000,6410.4683,1.916,7.7290e+08,nan,3.3235e+09
85.5,29.688,1.981,730,0,nan,nan,0.000,6410.4683,2.117,7.7290e+08,nan,3.3235e+09
88.5,30.730,2.050,691,0,nan,nan,0.000,6410.4683,2.421,7.7290e+08,nan,3.3235e+09
91.5,31.772,2.120,690,0,nan,nan,0.000,6410.4683,2.597,7.7290e+08,nan,3.3235e+09
94.5,32.813,2.189,682,0,nan,nan,0.000,6410.4683,3.224,7.7290e+08,nan,3.3235e+09
97.5,33.855,2.259,666,0,nan,nan,0.000,6410.4683,7.538,7.7290e+08,nan,3.3235e+09
100.5,34.897,2.328,634,0,nan,nan,0.000,6410.4683,nan,7.7290e+08,nan,3.3235e+09
103.5,35.938,2.398,656,0,nan,nan,0.000,6410.4683,nan,7.7290e+08,nan,3.3235e+09
106.5,36.980,2.467,648,0,nan,nan,0.000,6410.4683,nan,7.7290e+08,nan,3.3235e+09
109.5,38.022,2.537,628,0,nan,nan,0.000,6410.4683,nan,7.7290e+08,nan,3.3235e+09
112.5,39.063,2.606,618,0,nan,nan,0.000,6410.4683,nan,7.7290e+08,nan,3.3235e+09
115.5,40.105,2.676,625,0,nan,nan,0.000,6410.4683,nan,7.7290e+08,nan,3.3235e+09
118.5,41.147,2.745,622,0,nan,nan,0.000,6410.4683,nan,7.7290e+08,nan,3.3235e+09
121.5,42.189,2.815,623,0,nan,nan,0.000,6410.4683,nan,7.7290e+08,nan,3.3235e+09
124.5,43.230,2.884,601,0,nan,nan,0.000,6410.4683,nan,7.7290e+08,nan,3.3235e+09
127.5,44.272,2.954,608,0,nan,nan,0.000,6410.4683,nan,7.7290e+08,nan,3.3235e+09
130.5,45.314,3.023,618,0,nan,nan,0.000,6410.4683,nan,7.7290e+08,nan,3.3235e+09
133.5,46.355,3.093,611,0,nan,nan,0.000,6410.4683,nan,7.7290e+08,nan,3.3235e+09
136.5,47.397,3.162,526,0,nan,nan,0.000,6410.4683,nan,7.7290e+08,nan,3.3235e+09
139.5,48.439,3.232,384,0,nan,nan,0.000,6410.4683,nan,7.7290e+08,nan,3.3235e+09
142.5,49.480,3.301,298,0,nan,nan,0.000,6410.4683,nan,7.7290e+08,nan,3.3235e+09
145.5,50.522,3.371,228,0,nan,nan,0.000,6410.4683,nan,7.7290e+08,nan,3.3235e+09
148.5,51.564,3.440,163,0,nan,nan,0.000,6410.4683,nan,7.7290e+08,nan,3.3235e+09
151.5,52.605,3.510,110,0,nan,nan,0.000,6410.4683,nan,7.7290e+08,nan,3.3235e+09
154.5,53.647,3.579,57,0,nan,nan,0.000,6410.4683,nan,7.7290e+08,nan,3.3235e+09
157.5,54.689,3.649,10,0,nan,nan,0.000,6410.4683,nan,7.7290e+08,nan,3.3235e+09
160.5,55.731,3.718,0,0,nan,nan,0.000,6410.4683,nan,7.7290e+08,nan,3.3235e+09
