dat_prof/radprof/build/rproftxt/NGC7738.de20_smob0.rprof.txt
# %ECSV 0.9
# ---
# datatype:
# - {name: radius, unit: arcsec, datatype: float64, description: Adopting RA=356.0085 deg DEC=0.5167 deg PA=234.7 INC=65.6}
# - {name: r_kpc, unit: kpc, datatype: float64, format: 10.3f, description: Adopting distance of 97.82 Mpc}
# - {name: r_r25, unit: '', datatype: float64, format: 10.3f, description: Adopting R25=35.57 arcsec}
# - {name: npix, datatype: int64}
# - {name: ngood, datatype: int64, description: Requiring fill fraction of 0.1 npix}
# - {name: wtmean, unit: K km / s, datatype: float64, format: 10.3f, description: Replaced blanks with 0 times NGC7738.co.de20_smo.emom0max.fits}
# - {name: rms, unit: K km / s, datatype: float32}
# - {name: annsum, unit: K km pix / s, datatype: float32, format: 10.3f}
# - {name: cumsum, unit: K km pix / s, datatype: float32}
# - {name: detlim, unit: K km / s, datatype: float64, format: 10.3f}
# - {name: cumlum, unit: K km pc2 / s, datatype: float32, format: 10.4e}
# - {name: sigmol, unit: solMass / pc2, datatype: float64, format: 10.3f}
# - {name: cummass, unit: solMass, datatype: float32, format: 10.4e}
# delimiter: ','
# schema: astropy-2.0
radius,r_kpc,r_r25,npix,ngood,wtmean,rms,annsum,cumsum,detlim,cumlum,sigmol,cummass
1.0,0.474,0.028,5,5,101.259,8.281387,1225.585,1225.5854,6.887,2.7566e+08,435.414,1.1854e+09
3.0,1.423,0.084,14,14,73.075,17.208662,2476.499,3702.084,4.095,8.3269e+08,314.223,3.5806e+09
5.0,2.371,0.141,30,30,41.567,18.963282,3018.658,6720.742,2.779,1.5117e+09,178.740,6.5001e+09
7.0,3.320,0.197,33,33,19.149,12.286773,1529.648,8250.391,2.629,1.8557e+09,82.339,7.9796e+09
9.0,4.268,0.253,46,46,8.924,7.1340165,993.731,9244.122,2.206,2.0792e+09,38.374,8.9407e+09
11.0,5.217,0.309,55,55,3.631,3.8318026,483.417,9727.539,1.949,2.1880e+09,15.613,9.4082e+09
13.0,6.165,0.365,73,73,1.878,1.8946514,331.834,10059.373,1.573,2.2626e+09,8.075,9.7292e+09
15.0,7.114,0.422,77,77,0.564,1.5473028,105.141,10164.514,1.424,2.2862e+09,2.426,9.8309e+09
17.0,8.062,0.478,87,87,0.271,1.6705656,56.972,10221.485,1.268,2.2991e+09,1.163,9.8860e+09
19.0,9.011,0.534,93,93,-0.013,1.287203,-2.849,10218.637,1.175,2.2984e+09,-0.054,9.8832e+09
21.0,9.959,0.590,114,109,-0.196,0.99628323,-54.193,10164.443,1.048,2.2862e+09,-0.844,9.8308e+09
23.0,10.908,0.647,125,104,-0.100,0.8840555,-30.188,10134.255,0.970,2.2794e+09,-0.429,9.8016e+09
25.0,11.857,0.703,127,91,-0.094,0.770284,-28.854,10105.4,0.950,2.2729e+09,-0.404,9.7737e+09
27.0,12.805,0.759,133,75,0.025,0.57140726,8.042,10113.442,0.919,2.2748e+09,0.107,9.7815e+09
29.0,13.754,0.815,160,69,0.083,0.42768574,32.238,10145.681,0.825,2.2820e+09,0.358,9.8126e+09
31.0,14.702,0.871,156,49,0.079,0.30908093,29.710,10175.391,0.830,2.2887e+09,0.338,9.8414e+09
33.0,15.651,0.928,171,33,0.012,0.1919858,5.171,10180.562,0.804,2.2899e+09,0.054,9.8464e+09
35.0,16.599,0.984,179,27,0.030,0.16152743,12.881,10193.442,0.800,2.2928e+09,0.128,9.8588e+09
37.0,17.548,1.040,196,18,nan,nan,0.000,10193.442,0.778,2.2928e+09,nan,9.8588e+09
39.0,18.496,1.096,203,17,nan,nan,0.000,10193.442,0.789,2.2928e+09,nan,9.8588e+09
41.0,19.445,1.153,213,16,nan,nan,0.000,10193.442,0.793,2.2928e+09,nan,9.8588e+09
43.0,20.393,1.209,220,14,nan,nan,0.000,10193.442,0.807,2.2928e+09,nan,9.8588e+09
45.0,21.342,1.265,239,13,nan,nan,0.000,10193.442,0.793,2.2928e+09,nan,9.8588e+09
47.0,22.290,1.321,243,11,nan,nan,0.000,10193.442,0.817,2.2928e+09,nan,9.8588e+09
49.0,23.239,1.377,250,10,nan,nan,0.000,10193.442,0.839,2.2928e+09,nan,9.8588e+09
51.0,24.187,1.434,259,8,nan,nan,0.000,10193.442,0.868,2.2928e+09,nan,9.8588e+09
53.0,25.136,1.490,285,7,nan,nan,0.000,10193.442,0.863,2.2928e+09,nan,9.8588e+09
55.0,26.084,1.546,287,5,nan,nan,0.000,10193.442,0.900,2.2928e+09,nan,9.8588e+09
57.0,27.033,1.602,294,5,nan,nan,0.000,10193.442,0.921,2.2928e+09,nan,9.8588e+09
59.0,27.981,1.659,301,1,nan,nan,0.000,10193.442,0.948,2.2928e+09,nan,9.8588e+09
61.0,28.930,1.715,304,0,nan,nan,0.000,10193.442,0.931,2.2928e+09,nan,9.8588e+09
63.0,29.878,1.771,272,0,nan,nan,0.000,10193.442,0.965,2.2928e+09,nan,9.8588e+09
65.0,30.827,1.827,253,0,nan,nan,0.000,10193.442,0.999,2.2928e+09,nan,9.8588e+09
67.0,31.776,1.883,242,0,nan,nan,0.000,10193.442,1.022,2.2928e+09,nan,9.8588e+09
69.0,32.724,1.940,252,0,nan,nan,0.000,10193.442,0.999,2.2928e+09,nan,9.8588e+09
71.0,33.673,1.996,239,0,nan,nan,0.000,10193.442,1.033,2.2928e+09,nan,9.8588e+09
73.0,34.621,2.052,235,0,nan,nan,0.000,10193.442,1.058,2.2928e+09,nan,9.8588e+09
75.0,35.570,2.108,223,0,nan,nan,0.000,10193.442,1.088,2.2928e+09,nan,9.8588e+09
77.0,36.518,2.165,209,0,nan,nan,0.000,10193.442,1.071,2.2928e+09,nan,9.8588e+09
79.0,37.467,2.221,183,0,nan,nan,0.000,10193.442,1.100,2.2928e+09,nan,9.8588e+09
81.0,38.415,2.277,166,0,nan,nan,0.000,10193.442,1.149,2.2928e+09,nan,9.8588e+09
83.0,39.364,2.333,154,0,nan,nan,0.000,10193.442,1.178,2.2928e+09,nan,9.8588e+09
85.0,40.312,2.389,157,0,nan,nan,0.000,10193.442,1.176,2.2928e+09,nan,9.8588e+09
87.0,41.261,2.446,150,0,nan,nan,0.000,10193.442,1.208,2.2928e+09,nan,9.8588e+09
89.0,42.209,2.502,140,0,nan,nan,0.000,10193.442,1.244,2.2928e+09,nan,9.8588e+09
91.0,43.158,2.558,134,0,nan,nan,0.000,10193.442,1.272,2.2928e+09,nan,9.8588e+09
93.0,44.106,2.614,135,0,nan,nan,0.000,10193.442,1.303,2.2928e+09,nan,9.8588e+09
95.0,45.055,2.671,129,0,nan,nan,0.000,10193.442,1.322,2.2928e+09,nan,9.8588e+09
97.0,46.003,2.727,121,0,nan,nan,0.000,10193.442,1.380,2.2928e+09,nan,9.8588e+09
99.0,46.952,2.783,118,0,nan,nan,0.000,10193.442,1.413,2.2928e+09,nan,9.8588e+09
101.0,47.900,2.839,113,0,nan,nan,0.000,10193.442,1.479,2.2928e+09,nan,9.8588e+09
103.0,48.849,2.895,111,0,nan,nan,0.000,10193.442,1.539,2.2928e+09,nan,9.8588e+09
105.0,49.797,2.952,107,0,nan,nan,0.000,10193.442,1.567,2.2928e+09,nan,9.8588e+09
107.0,50.746,3.008,104,0,nan,nan,0.000,10193.442,1.622,2.2928e+09,nan,9.8588e+09
109.0,51.695,3.064,98,0,nan,nan,0.000,10193.442,1.721,2.2928e+09,nan,9.8588e+09
111.0,52.643,3.120,96,0,nan,nan,0.000,10193.442,1.798,2.2928e+09,nan,9.8588e+09
113.0,53.592,3.177,93,0,nan,nan,0.000,10193.442,1.918,2.2928e+09,nan,9.8588e+09
115.0,54.540,3.233,89,0,nan,nan,0.000,10193.442,2.021,2.2928e+09,nan,9.8588e+09
117.0,55.489,3.289,85,0,nan,nan,0.000,10193.442,2.218,2.2928e+09,nan,9.8588e+09
119.0,56.437,3.345,83,0,nan,nan,0.000,10193.442,2.473,2.2928e+09,nan,9.8588e+09
121.0,57.386,3.401,79,0,nan,nan,0.000,10193.442,3.115,2.2928e+09,nan,9.8588e+09
123.0,58.334,3.458,74,0,nan,nan,0.000,10193.442,4.144,2.2928e+09,nan,9.8588e+09
125.0,59.283,3.514,71,0,nan,nan,0.000,10193.442,10.254,2.2928e+09,nan,9.8588e+09
127.0,60.231,3.570,69,0,nan,nan,0.000,10193.442,nan,2.2928e+09,nan,9.8588e+09
129.0,61.180,3.626,65,0,nan,nan,0.000,10193.442,nan,2.2928e+09,nan,9.8588e+09
131.0,62.128,3.683,65,0,nan,nan,0.000,10193.442,nan,2.2928e+09,nan,9.8588e+09
133.0,63.077,3.739,60,0,nan,nan,0.000,10193.442,nan,2.2928e+09,nan,9.8588e+09
135.0,64.025,3.795,56,0,nan,nan,0.000,10193.442,nan,2.2928e+09,nan,9.8588e+09
137.0,64.974,3.851,53,0,nan,nan,0.000,10193.442,nan,2.2928e+09,nan,9.8588e+09
139.0,65.922,3.907,50,0,nan,nan,0.000,10193.442,nan,2.2928e+09,nan,9.8588e+09
141.0,66.871,3.964,47,0,nan,nan,0.000,10193.442,nan,2.2928e+09,nan,9.8588e+09
143.0,67.819,4.020,44,0,nan,nan,0.000,10193.442,nan,2.2928e+09,nan,9.8588e+09
145.0,68.768,4.076,40,0,nan,nan,0.000,10193.442,nan,2.2928e+09,nan,9.8588e+09
147.0,69.716,4.132,39,0,nan,nan,0.000,10193.442,nan,2.2928e+09,nan,9.8588e+09
149.0,70.665,4.189,36,0,nan,nan,0.000,10193.442,nan,2.2928e+09,nan,9.8588e+09
151.0,71.614,4.245,32,0,nan,nan,0.000,10193.442,nan,2.2928e+09,nan,9.8588e+09
153.0,72.562,4.301,28,0,nan,nan,0.000,10193.442,nan,2.2928e+09,nan,9.8588e+09
155.0,73.511,4.357,25,0,nan,nan,0.000,10193.442,nan,2.2928e+09,nan,9.8588e+09
157.0,74.459,4.413,25,0,nan,nan,0.000,10193.442,nan,2.2928e+09,nan,9.8588e+09
159.0,75.408,4.470,21,0,nan,nan,0.000,10193.442,nan,2.2928e+09,nan,9.8588e+09
161.0,76.356,4.526,18,0,nan,nan,0.000,10193.442,nan,2.2928e+09,nan,9.8588e+09
163.0,77.305,4.582,15,0,nan,nan,0.000,10193.442,nan,2.2928e+09,nan,9.8588e+09
165.0,78.253,4.638,11,0,nan,nan,0.000,10193.442,nan,2.2928e+09,nan,9.8588e+09
167.0,79.202,4.695,9,0,nan,nan,0.000,10193.442,nan,2.2928e+09,nan,9.8588e+09
169.0,80.150,4.751,6,0,nan,nan,0.000,10193.442,nan,2.2928e+09,nan,9.8588e+09
171.0,81.099,4.807,4,0,nan,nan,0.000,10193.442,nan,2.2928e+09,nan,9.8588e+09
173.0,82.047,4.863,1,0,nan,nan,0.000,10193.442,nan,2.2928e+09,nan,9.8588e+09
175.0,82.996,4.919,0,0,nan,nan,0.000,10193.442,nan,2.2928e+09,nan,9.8588e+09
