dat_prof/radprof/build/rproftxt/NGC7738.de20_smob1.rprof.txt
# %ECSV 0.9
# ---
# datatype:
# - {name: radius, unit: arcsec, datatype: float64, description: Adopting RA=356.0085 deg DEC=0.5167 deg PA=234.7 INC=65.6}
# - {name: r_kpc, unit: kpc, datatype: float64, format: 10.3f, description: Adopting distance of 97.82 Mpc}
# - {name: r_r25, unit: '', datatype: float64, format: 10.3f, description: Adopting R25=35.57 arcsec}
# - {name: npix, datatype: int64}
# - {name: ngood, datatype: int64, description: Requiring fill fraction of 0.1 npix}
# - {name: wtmean, unit: K km / s, datatype: float64, format: 10.3f, description: Replaced blanks with 1 times NGC7738.co.de20_smo.emom0max.fits}
# - {name: rms, unit: K km / s, datatype: float32}
# - {name: annsum, unit: K km pix / s, datatype: float32, format: 10.3f}
# - {name: cumsum, unit: K km pix / s, datatype: float32}
# - {name: detlim, unit: K km / s, datatype: float64, format: 10.3f}
# - {name: cumlum, unit: K km pc2 / s, datatype: float32, format: 10.4e}
# - {name: sigmol, unit: solMass / pc2, datatype: float64, format: 10.3f}
# - {name: cummass, unit: solMass, datatype: float32, format: 10.4e}
# delimiter: ','
# schema: astropy-2.0
radius,r_kpc,r_r25,npix,ngood,wtmean,rms,annsum,cumsum,detlim,cumlum,sigmol,cummass
1.0,0.474,0.028,5,5,101.259,8.281387,1225.585,1225.5854,6.887,2.7566e+08,435.414,1.1854e+09
3.0,1.423,0.084,14,14,73.075,17.208662,2476.499,3702.084,4.095,8.3269e+08,314.223,3.5806e+09
5.0,2.371,0.141,30,30,41.567,18.963282,3018.658,6720.742,2.779,1.5117e+09,178.740,6.5001e+09
7.0,3.320,0.197,33,33,19.149,12.286773,1529.648,8250.391,2.629,1.8557e+09,82.339,7.9796e+09
9.0,4.268,0.253,46,46,8.951,7.1035967,996.746,9247.137,2.206,2.0799e+09,38.491,8.9436e+09
11.0,5.217,0.309,55,55,4.062,3.3810577,540.814,9787.951,1.949,2.2015e+09,17.467,9.4667e+09
13.0,6.165,0.365,73,73,2.260,1.4266478,399.407,10187.358,1.573,2.2914e+09,9.719,9.8529e+09
15.0,7.114,0.422,77,77,1.446,0.7906232,269.518,10456.876,1.424,2.3520e+09,6.218,1.0114e+10
17.0,8.062,0.478,87,87,1.356,0.882661,285.509,10742.385,1.268,2.4162e+09,5.829,1.0390e+10
19.0,9.011,0.534,93,93,1.062,0.54228413,239.032,10981.417,1.175,2.4700e+09,4.566,1.0621e+10
21.0,9.959,0.590,114,109,0.874,0.42833847,241.191,11222.608,1.048,2.5242e+09,3.758,1.0854e+10
23.0,10.908,0.647,125,104,0.808,0.45092368,244.452,11467.061,0.970,2.5792e+09,3.474,1.1091e+10
25.0,11.857,0.703,127,91,0.785,0.4135725,241.225,11708.285,0.950,2.6335e+09,3.374,1.1324e+10
27.0,12.805,0.759,133,75,0.788,0.24571642,253.653,11961.938,0.919,2.6905e+09,3.388,1.1569e+10
29.0,13.754,0.815,160,69,0.782,0.17505626,303.045,12264.983,0.825,2.7587e+09,3.364,1.1862e+10
31.0,14.702,0.871,156,49,0.778,0.13441476,293.688,12558.672,0.830,2.8247e+09,3.344,1.2146e+10
33.0,15.651,0.928,171,33,0.790,0.1137258,327.097,12885.769,0.804,2.8983e+09,3.398,1.2463e+10
35.0,16.599,0.984,179,27,0.805,0.1308646,348.813,13234.582,0.800,2.9768e+09,3.462,1.2800e+10
37.0,17.548,1.040,196,18,nan,nan,0.000,13234.582,0.778,2.9768e+09,nan,1.2800e+10
39.0,18.496,1.096,203,17,nan,nan,0.000,13234.582,0.789,2.9768e+09,nan,1.2800e+10
41.0,19.445,1.153,213,16,nan,nan,0.000,13234.582,0.793,2.9768e+09,nan,1.2800e+10
43.0,20.393,1.209,220,14,nan,nan,0.000,13234.582,0.807,2.9768e+09,nan,1.2800e+10
45.0,21.342,1.265,239,13,nan,nan,0.000,13234.582,0.793,2.9768e+09,nan,1.2800e+10
47.0,22.290,1.321,243,11,nan,nan,0.000,13234.582,0.817,2.9768e+09,nan,1.2800e+10
49.0,23.239,1.377,250,10,nan,nan,0.000,13234.582,0.839,2.9768e+09,nan,1.2800e+10
51.0,24.187,1.434,259,8,nan,nan,0.000,13234.582,0.868,2.9768e+09,nan,1.2800e+10
53.0,25.136,1.490,285,7,nan,nan,0.000,13234.582,0.863,2.9768e+09,nan,1.2800e+10
55.0,26.084,1.546,287,5,nan,nan,0.000,13234.582,0.900,2.9768e+09,nan,1.2800e+10
57.0,27.033,1.602,294,5,nan,nan,0.000,13234.582,0.921,2.9768e+09,nan,1.2800e+10
59.0,27.981,1.659,301,1,nan,nan,0.000,13234.582,0.948,2.9768e+09,nan,1.2800e+10
61.0,28.930,1.715,304,0,nan,nan,0.000,13234.582,0.931,2.9768e+09,nan,1.2800e+10
63.0,29.878,1.771,272,0,nan,nan,0.000,13234.582,0.965,2.9768e+09,nan,1.2800e+10
65.0,30.827,1.827,253,0,nan,nan,0.000,13234.582,0.999,2.9768e+09,nan,1.2800e+10
67.0,31.776,1.883,242,0,nan,nan,0.000,13234.582,1.022,2.9768e+09,nan,1.2800e+10
69.0,32.724,1.940,252,0,nan,nan,0.000,13234.582,0.999,2.9768e+09,nan,1.2800e+10
71.0,33.673,1.996,239,0,nan,nan,0.000,13234.582,1.033,2.9768e+09,nan,1.2800e+10
73.0,34.621,2.052,235,0,nan,nan,0.000,13234.582,1.058,2.9768e+09,nan,1.2800e+10
75.0,35.570,2.108,223,0,nan,nan,0.000,13234.582,1.088,2.9768e+09,nan,1.2800e+10
77.0,36.518,2.165,209,0,nan,nan,0.000,13234.582,1.071,2.9768e+09,nan,1.2800e+10
79.0,37.467,2.221,183,0,nan,nan,0.000,13234.582,1.100,2.9768e+09,nan,1.2800e+10
81.0,38.415,2.277,166,0,nan,nan,0.000,13234.582,1.149,2.9768e+09,nan,1.2800e+10
83.0,39.364,2.333,154,0,nan,nan,0.000,13234.582,1.178,2.9768e+09,nan,1.2800e+10
85.0,40.312,2.389,157,0,nan,nan,0.000,13234.582,1.176,2.9768e+09,nan,1.2800e+10
87.0,41.261,2.446,150,0,nan,nan,0.000,13234.582,1.208,2.9768e+09,nan,1.2800e+10
89.0,42.209,2.502,140,0,nan,nan,0.000,13234.582,1.244,2.9768e+09,nan,1.2800e+10
91.0,43.158,2.558,134,0,nan,nan,0.000,13234.582,1.272,2.9768e+09,nan,1.2800e+10
93.0,44.106,2.614,135,0,nan,nan,0.000,13234.582,1.303,2.9768e+09,nan,1.2800e+10
95.0,45.055,2.671,129,0,nan,nan,0.000,13234.582,1.322,2.9768e+09,nan,1.2800e+10
97.0,46.003,2.727,121,0,nan,nan,0.000,13234.582,1.380,2.9768e+09,nan,1.2800e+10
99.0,46.952,2.783,118,0,nan,nan,0.000,13234.582,1.413,2.9768e+09,nan,1.2800e+10
101.0,47.900,2.839,113,0,nan,nan,0.000,13234.582,1.479,2.9768e+09,nan,1.2800e+10
103.0,48.849,2.895,111,0,nan,nan,0.000,13234.582,1.539,2.9768e+09,nan,1.2800e+10
105.0,49.797,2.952,107,0,nan,nan,0.000,13234.582,1.567,2.9768e+09,nan,1.2800e+10
107.0,50.746,3.008,104,0,nan,nan,0.000,13234.582,1.622,2.9768e+09,nan,1.2800e+10
109.0,51.695,3.064,98,0,nan,nan,0.000,13234.582,1.721,2.9768e+09,nan,1.2800e+10
111.0,52.643,3.120,96,0,nan,nan,0.000,13234.582,1.798,2.9768e+09,nan,1.2800e+10
113.0,53.592,3.177,93,0,nan,nan,0.000,13234.582,1.918,2.9768e+09,nan,1.2800e+10
115.0,54.540,3.233,89,0,nan,nan,0.000,13234.582,2.021,2.9768e+09,nan,1.2800e+10
117.0,55.489,3.289,85,0,nan,nan,0.000,13234.582,2.218,2.9768e+09,nan,1.2800e+10
119.0,56.437,3.345,83,0,nan,nan,0.000,13234.582,2.473,2.9768e+09,nan,1.2800e+10
121.0,57.386,3.401,79,0,nan,nan,0.000,13234.582,3.115,2.9768e+09,nan,1.2800e+10
123.0,58.334,3.458,74,0,nan,nan,0.000,13234.582,4.144,2.9768e+09,nan,1.2800e+10
125.0,59.283,3.514,71,0,nan,nan,0.000,13234.582,10.254,2.9768e+09,nan,1.2800e+10
127.0,60.231,3.570,69,0,nan,nan,0.000,13234.582,nan,2.9768e+09,nan,1.2800e+10
129.0,61.180,3.626,65,0,nan,nan,0.000,13234.582,nan,2.9768e+09,nan,1.2800e+10
131.0,62.128,3.683,65,0,nan,nan,0.000,13234.582,nan,2.9768e+09,nan,1.2800e+10
133.0,63.077,3.739,60,0,nan,nan,0.000,13234.582,nan,2.9768e+09,nan,1.2800e+10
135.0,64.025,3.795,56,0,nan,nan,0.000,13234.582,nan,2.9768e+09,nan,1.2800e+10
137.0,64.974,3.851,53,0,nan,nan,0.000,13234.582,nan,2.9768e+09,nan,1.2800e+10
139.0,65.922,3.907,50,0,nan,nan,0.000,13234.582,nan,2.9768e+09,nan,1.2800e+10
141.0,66.871,3.964,47,0,nan,nan,0.000,13234.582,nan,2.9768e+09,nan,1.2800e+10
143.0,67.819,4.020,44,0,nan,nan,0.000,13234.582,nan,2.9768e+09,nan,1.2800e+10
145.0,68.768,4.076,40,0,nan,nan,0.000,13234.582,nan,2.9768e+09,nan,1.2800e+10
147.0,69.716,4.132,39,0,nan,nan,0.000,13234.582,nan,2.9768e+09,nan,1.2800e+10
149.0,70.665,4.189,36,0,nan,nan,0.000,13234.582,nan,2.9768e+09,nan,1.2800e+10
151.0,71.614,4.245,32,0,nan,nan,0.000,13234.582,nan,2.9768e+09,nan,1.2800e+10
153.0,72.562,4.301,28,0,nan,nan,0.000,13234.582,nan,2.9768e+09,nan,1.2800e+10
155.0,73.511,4.357,25,0,nan,nan,0.000,13234.582,nan,2.9768e+09,nan,1.2800e+10
157.0,74.459,4.413,25,0,nan,nan,0.000,13234.582,nan,2.9768e+09,nan,1.2800e+10
159.0,75.408,4.470,21,0,nan,nan,0.000,13234.582,nan,2.9768e+09,nan,1.2800e+10
161.0,76.356,4.526,18,0,nan,nan,0.000,13234.582,nan,2.9768e+09,nan,1.2800e+10
163.0,77.305,4.582,15,0,nan,nan,0.000,13234.582,nan,2.9768e+09,nan,1.2800e+10
165.0,78.253,4.638,11,0,nan,nan,0.000,13234.582,nan,2.9768e+09,nan,1.2800e+10
167.0,79.202,4.695,9,0,nan,nan,0.000,13234.582,nan,2.9768e+09,nan,1.2800e+10
169.0,80.150,4.751,6,0,nan,nan,0.000,13234.582,nan,2.9768e+09,nan,1.2800e+10
171.0,81.099,4.807,4,0,nan,nan,0.000,13234.582,nan,2.9768e+09,nan,1.2800e+10
173.0,82.047,4.863,1,0,nan,nan,0.000,13234.582,nan,2.9768e+09,nan,1.2800e+10
175.0,82.996,4.919,0,0,nan,nan,0.000,13234.582,nan,2.9768e+09,nan,1.2800e+10
