dat_prof/radprof/build/rproftxt/UGC03969.smo7_smob0.rprof.txt
# %ECSV 0.9
# ---
# datatype:
# - {name: radius, unit: arcsec, datatype: float64, description: Adopting RA=115.3096 deg DEC=27.6141 deg PA=134.3 INC=70.0}
# - {name: r_kpc, unit: kpc, datatype: float64, format: 10.3f, description: Adopting distance of 118.40 Mpc}
# - {name: r_r25, unit: '', datatype: float64, format: 10.3f, description: Adopting R25=38.03 arcsec}
# - {name: npix, datatype: int64}
# - {name: ngood, datatype: int64, description: Requiring fill fraction of 0.1 npix}
# - {name: wtmean, unit: K km / s, datatype: float64, format: 10.3f, description: Replaced blanks with 0 times UGC03969.co.smo7_smo.emom0max.fits}
# - {name: rms, unit: K km / s, datatype: float32}
# - {name: annsum, unit: K km pix / s, datatype: float32, format: 10.3f}
# - {name: cumsum, unit: K km pix / s, datatype: float32}
# - {name: detlim, unit: K km / s, datatype: float64, format: 10.3f}
# - {name: cumlum, unit: K km pc2 / s, datatype: float32, format: 10.4e}
# - {name: sigmol, unit: solMass / pc2, datatype: float64, format: 10.3f}
# - {name: cummass, unit: solMass, datatype: float32, format: 10.4e}
# delimiter: ','
# schema: astropy-2.0
radius,r_kpc,r_r25,npix,ngood,wtmean,rms,annsum,cumsum,detlim,cumlum,sigmol,cummass
1.5,0.861,0.039,11,11,7.295,0.32150277,234.636,234.63646,3.977,7.7308e+07,31.371,3.3242e+08
4.5,2.583,0.118,28,28,6.616,0.5882637,541.603,776.2393,2.481,2.5576e+08,28.447,1.0997e+09
7.5,4.305,0.197,47,47,5.542,0.7725739,761.599,1537.8387,1.885,5.0669e+08,23.831,2.1788e+09
10.5,6.027,0.276,65,65,4.336,0.9607351,823.981,2361.82,1.545,7.7817e+08,18.643,3.3461e+09
13.5,7.749,0.355,91,91,3.413,1.0073259,908.194,3270.0142,1.266,1.0774e+09,14.678,4.6328e+09
16.5,9.471,0.434,108,108,2.522,0.95569044,796.374,4066.3882,1.107,1.3398e+09,10.845,5.7611e+09
19.5,11.193,0.513,123,123,1.575,0.8811529,566.454,4632.8423,1.007,1.5264e+09,6.773,6.5636e+09
22.5,12.915,0.592,146,146,0.760,0.64789695,324.515,4957.357,0.888,1.6333e+09,3.269,7.0234e+09
25.5,14.637,0.671,162,159,0.233,0.55873764,110.327,5067.684,0.822,1.6697e+09,1.002,7.1797e+09
28.5,16.359,0.749,187,155,-0.024,0.44562367,-13.123,5054.5615,0.746,1.6654e+09,-0.103,7.1611e+09
31.5,18.081,0.828,204,147,-0.109,0.48774695,-64.869,4989.693,0.714,1.6440e+09,-0.468,7.0692e+09
34.5,19.803,0.907,223,125,-0.016,0.40791133,-10.237,4979.456,0.690,1.6406e+09,-0.068,7.0547e+09
37.5,21.525,0.986,237,84,0.028,0.28633055,19.745,4999.2007,0.682,1.6471e+09,0.123,7.0827e+09
40.5,23.247,1.065,268,60,0.053,0.19960824,41.625,5040.825,0.667,1.6609e+09,0.228,7.1417e+09
43.5,24.969,1.144,274,42,0.038,0.122997016,30.505,5071.33,0.694,1.6709e+09,0.164,7.1849e+09
46.5,26.691,1.223,299,32,0.028,0.09639749,24.784,5096.1143,0.690,1.6791e+09,0.122,7.2200e+09
49.5,28.413,1.302,318,24,nan,nan,0.000,5096.1143,0.711,1.6791e+09,nan,7.2200e+09
52.5,30.135,1.381,336,20,nan,nan,0.000,5096.1143,0.731,1.6791e+09,nan,7.2200e+09
55.5,31.857,1.459,366,18,nan,nan,0.000,5096.1143,0.753,1.6791e+09,nan,7.2200e+09
58.5,33.579,1.538,380,13,nan,nan,0.000,5096.1143,0.789,1.6791e+09,nan,7.2200e+09
61.5,35.301,1.617,393,8,nan,nan,0.000,5096.1143,0.809,1.6791e+09,nan,7.2200e+09
64.5,37.023,1.696,412,0,nan,nan,0.000,5096.1143,0.820,1.6791e+09,nan,7.2200e+09
67.5,38.745,1.775,439,0,nan,nan,0.000,5096.1143,0.834,1.6791e+09,nan,7.2200e+09
70.5,40.467,1.854,453,0,nan,nan,0.000,5096.1143,0.856,1.6791e+09,nan,7.2200e+09
73.5,42.189,1.933,474,0,nan,nan,0.000,5096.1143,0.854,1.6791e+09,nan,7.2200e+09
76.5,43.911,2.012,486,0,nan,nan,0.000,5096.1143,0.887,1.6791e+09,nan,7.2200e+09
79.5,45.633,2.090,513,0,nan,nan,0.000,5096.1143,0.879,1.6791e+09,nan,7.2200e+09
82.5,47.355,2.169,536,0,nan,nan,0.000,5096.1143,0.908,1.6791e+09,nan,7.2200e+09
85.5,49.077,2.248,553,0,nan,nan,0.000,5096.1143,0.916,1.6791e+09,nan,7.2200e+09
88.5,50.799,2.327,567,0,nan,nan,0.000,5096.1143,0.934,1.6791e+09,nan,7.2200e+09
91.5,52.521,2.406,593,0,nan,nan,0.000,5096.1143,0.950,1.6791e+09,nan,7.2200e+09
94.5,54.243,2.485,611,0,nan,nan,0.000,5096.1143,0.955,1.6791e+09,nan,7.2200e+09
97.5,55.965,2.564,629,0,nan,nan,0.000,5096.1143,0.999,1.6791e+09,nan,7.2200e+09
100.5,57.687,2.643,655,0,nan,nan,0.000,5096.1143,0.995,1.6791e+09,nan,7.2200e+09
103.5,59.409,2.722,655,0,nan,nan,0.000,5096.1143,1.056,1.6791e+09,nan,7.2200e+09
106.5,61.131,2.800,648,0,nan,nan,0.000,5096.1143,1.023,1.6791e+09,nan,7.2200e+09
109.5,62.853,2.879,527,0,nan,nan,0.000,5096.1143,1.089,1.6791e+09,nan,7.2200e+09
112.5,64.575,2.958,445,0,nan,nan,0.000,5096.1143,1.095,1.6791e+09,nan,7.2200e+09
115.5,66.297,3.037,405,0,nan,nan,0.000,5096.1143,1.120,1.6791e+09,nan,7.2200e+09
118.5,68.019,3.116,385,0,nan,nan,0.000,5096.1143,1.162,1.6791e+09,nan,7.2200e+09
121.5,69.741,3.195,383,0,nan,nan,0.000,5096.1143,1.166,1.6791e+09,nan,7.2200e+09
124.5,71.463,3.274,359,0,nan,nan,0.000,5096.1143,1.227,1.6791e+09,nan,7.2200e+09
127.5,73.185,3.353,347,0,nan,nan,0.000,5096.1143,1.248,1.6791e+09,nan,7.2200e+09
130.5,74.907,3.432,338,0,nan,nan,0.000,5096.1143,1.308,1.6791e+09,nan,7.2200e+09
133.5,76.629,3.510,333,0,nan,nan,0.000,5096.1143,1.332,1.6791e+09,nan,7.2200e+09
136.5,78.351,3.589,311,0,nan,nan,0.000,5096.1143,1.442,1.6791e+09,nan,7.2200e+09
139.5,80.073,3.668,322,0,nan,nan,0.000,5096.1143,1.409,1.6791e+09,nan,7.2200e+09
142.5,81.795,3.747,298,0,nan,nan,0.000,5096.1143,1.541,1.6791e+09,nan,7.2200e+09
145.5,83.517,3.826,300,0,nan,nan,0.000,5096.1143,1.581,1.6791e+09,nan,7.2200e+09
148.5,85.240,3.905,293,0,nan,nan,0.000,5096.1143,1.628,1.6791e+09,nan,7.2200e+09
151.5,86.962,3.984,281,0,nan,nan,0.000,5096.1143,1.782,1.6791e+09,nan,7.2200e+09
154.5,88.684,4.063,281,0,nan,nan,0.000,5096.1143,1.845,1.6791e+09,nan,7.2200e+09
157.5,90.406,4.142,265,0,nan,nan,0.000,5096.1143,2.061,1.6791e+09,nan,7.2200e+09
160.5,92.128,4.220,272,0,nan,nan,0.000,5096.1143,2.136,1.6791e+09,nan,7.2200e+09
163.5,93.850,4.299,247,0,nan,nan,0.000,5096.1143,2.614,1.6791e+09,nan,7.2200e+09
166.5,95.572,4.378,261,0,nan,nan,0.000,5096.1143,2.997,1.6791e+09,nan,7.2200e+09
169.5,97.294,4.457,238,0,nan,nan,0.000,5096.1143,6.368,1.6791e+09,nan,7.2200e+09
172.5,99.016,4.536,242,0,nan,nan,0.000,5096.1143,nan,1.6791e+09,nan,7.2200e+09
175.5,100.738,4.615,236,0,nan,nan,0.000,5096.1143,nan,1.6791e+09,nan,7.2200e+09
178.5,102.460,4.694,227,0,nan,nan,0.000,5096.1143,nan,1.6791e+09,nan,7.2200e+09
181.5,104.182,4.773,229,0,nan,nan,0.000,5096.1143,nan,1.6791e+09,nan,7.2200e+09
184.5,105.904,4.851,220,0,nan,nan,0.000,5096.1143,nan,1.6791e+09,nan,7.2200e+09
187.5,107.626,4.930,218,0,nan,nan,0.000,5096.1143,nan,1.6791e+09,nan,7.2200e+09
190.5,109.348,5.009,202,0,nan,nan,0.000,5096.1143,nan,1.6791e+09,nan,7.2200e+09
193.5,111.070,5.088,210,0,nan,nan,0.000,5096.1143,nan,1.6791e+09,nan,7.2200e+09
196.5,112.792,5.167,190,0,nan,nan,0.000,5096.1143,nan,1.6791e+09,nan,7.2200e+09
199.5,114.514,5.246,202,0,nan,nan,0.000,5096.1143,nan,1.6791e+09,nan,7.2200e+09
202.5,116.236,5.325,182,0,nan,nan,0.000,5096.1143,nan,1.6791e+09,nan,7.2200e+09
205.5,117.958,5.404,181,0,nan,nan,0.000,5096.1143,nan,1.6791e+09,nan,7.2200e+09
208.5,119.680,5.483,186,0,nan,nan,0.000,5096.1143,nan,1.6791e+09,nan,7.2200e+09
211.5,121.402,5.561,173,0,nan,nan,0.000,5096.1143,nan,1.6791e+09,nan,7.2200e+09
214.5,123.124,5.640,174,0,nan,nan,0.000,5096.1143,nan,1.6791e+09,nan,7.2200e+09
217.5,124.846,5.719,162,0,nan,nan,0.000,5096.1143,nan,1.6791e+09,nan,7.2200e+09
220.5,126.568,5.798,166,0,nan,nan,0.000,5096.1143,nan,1.6791e+09,nan,7.2200e+09
223.5,128.290,5.877,151,0,nan,nan,0.000,5096.1143,nan,1.6791e+09,nan,7.2200e+09
226.5,130.012,5.956,155,0,nan,nan,0.000,5096.1143,nan,1.6791e+09,nan,7.2200e+09
229.5,131.734,6.035,135,0,nan,nan,0.000,5096.1143,nan,1.6791e+09,nan,7.2200e+09
232.5,133.456,6.114,152,0,nan,nan,0.000,5096.1143,nan,1.6791e+09,nan,7.2200e+09
235.5,135.178,6.193,133,0,nan,nan,0.000,5096.1143,nan,1.6791e+09,nan,7.2200e+09
238.5,136.900,6.271,131,0,nan,nan,0.000,5096.1143,nan,1.6791e+09,nan,7.2200e+09
241.5,138.622,6.350,134,0,nan,nan,0.000,5096.1143,nan,1.6791e+09,nan,7.2200e+09
244.5,140.344,6.429,121,0,nan,nan,0.000,5096.1143,nan,1.6791e+09,nan,7.2200e+09
247.5,142.066,6.508,127,0,nan,nan,0.000,5096.1143,nan,1.6791e+09,nan,7.2200e+09
250.5,143.788,6.587,110,0,nan,nan,0.000,5096.1143,nan,1.6791e+09,nan,7.2200e+09
253.5,145.510,6.666,116,0,nan,nan,0.000,5096.1143,nan,1.6791e+09,nan,7.2200e+09
256.5,147.232,6.745,99,0,nan,nan,0.000,5096.1143,nan,1.6791e+09,nan,7.2200e+09
259.5,148.954,6.824,110,0,nan,nan,0.000,5096.1143,nan,1.6791e+09,nan,7.2200e+09
262.5,150.676,6.903,84,0,nan,nan,0.000,5096.1143,nan,1.6791e+09,nan,7.2200e+09
265.5,152.398,6.981,102,0,nan,nan,0.000,5096.1143,nan,1.6791e+09,nan,7.2200e+09
268.5,154.120,7.060,84,0,nan,nan,0.000,5096.1143,nan,1.6791e+09,nan,7.2200e+09
271.5,155.842,7.139,84,0,nan,nan,0.000,5096.1143,nan,1.6791e+09,nan,7.2200e+09
274.5,157.564,7.218,84,0,nan,nan,0.000,5096.1143,nan,1.6791e+09,nan,7.2200e+09
277.5,159.286,7.297,75,0,nan,nan,0.000,5096.1143,nan,1.6791e+09,nan,7.2200e+09
280.5,161.008,7.376,74,0,nan,nan,0.000,5096.1143,nan,1.6791e+09,nan,7.2200e+09
283.5,162.730,7.455,65,0,nan,nan,0.000,5096.1143,nan,1.6791e+09,nan,7.2200e+09
286.5,164.452,7.534,66,0,nan,nan,0.000,5096.1143,nan,1.6791e+09,nan,7.2200e+09
289.5,166.174,7.613,54,0,nan,nan,0.000,5096.1143,nan,1.6791e+09,nan,7.2200e+09
292.5,167.896,7.691,59,0,nan,nan,0.000,5096.1143,nan,1.6791e+09,nan,7.2200e+09
295.5,169.618,7.770,42,0,nan,nan,0.000,5096.1143,nan,1.6791e+09,nan,7.2200e+09
298.5,171.340,7.849,49,0,nan,nan,0.000,5096.1143,nan,1.6791e+09,nan,7.2200e+09
301.5,173.062,7.928,41,0,nan,nan,0.000,5096.1143,nan,1.6791e+09,nan,7.2200e+09
304.5,174.784,8.007,38,0,nan,nan,0.000,5096.1143,nan,1.6791e+09,nan,7.2200e+09
307.5,176.506,8.086,34,0,nan,nan,0.000,5096.1143,nan,1.6791e+09,nan,7.2200e+09
310.5,178.228,8.165,29,0,nan,nan,0.000,5096.1143,nan,1.6791e+09,nan,7.2200e+09
313.5,179.950,8.244,25,0,nan,nan,0.000,5096.1143,nan,1.6791e+09,nan,7.2200e+09
316.5,181.672,8.322,18,0,nan,nan,0.000,5096.1143,nan,1.6791e+09,nan,7.2200e+09
319.5,183.394,8.401,18,0,nan,nan,0.000,5096.1143,nan,1.6791e+09,nan,7.2200e+09
322.5,185.116,8.480,8,0,nan,nan,0.000,5096.1143,nan,1.6791e+09,nan,7.2200e+09
325.5,186.838,8.559,8,0,nan,nan,0.000,5096.1143,nan,1.6791e+09,nan,7.2200e+09
328.5,188.560,8.638,4,0,nan,nan,0.000,5096.1143,nan,1.6791e+09,nan,7.2200e+09
331.5,190.282,8.717,0,0,nan,nan,0.000,5096.1143,nan,1.6791e+09,nan,7.2200e+09
