dat_prof/radprof/build/rproftxt/UGC04132.smo7_smob1.rprof.txt
# %ECSV 0.9
# ---
# datatype:
# - {name: radius, unit: arcsec, datatype: float64, description: Adopting RA=119.8042 deg DEC=32.9149 deg PA=212.6 INC=72.0}
# - {name: r_kpc, unit: kpc, datatype: float64, format: 10.3f, description: Adopting distance of 75.35 Mpc}
# - {name: r_r25, unit: '', datatype: float64, format: 10.3f, description: Adopting R25=36.99 arcsec}
# - {name: npix, datatype: int64}
# - {name: ngood, datatype: int64, description: Requiring fill fraction of 0.1 npix}
# - {name: wtmean, unit: K km / s, datatype: float64, format: 10.3f, description: Replaced blanks with 1 times UGC04132.co.smo7_smo.emom0max.fits}
# - {name: rms, unit: K km / s, datatype: float32}
# - {name: annsum, unit: K km pix / s, datatype: float32, format: 10.3f}
# - {name: cumsum, unit: K km pix / s, datatype: float32}
# - {name: detlim, unit: K km / s, datatype: float64, format: 10.3f}
# - {name: cumlum, unit: K km pc2 / s, datatype: float32, format: 10.4e}
# - {name: sigmol, unit: solMass / pc2, datatype: float64, format: 10.3f}
# - {name: cummass, unit: solMass, datatype: float32, format: 10.4e}
# delimiter: ','
# schema: astropy-2.0
radius,r_kpc,r_r25,npix,ngood,wtmean,rms,annsum,cumsum,detlim,cumlum,sigmol,cummass
1.5,0.548,0.041,9,9,21.010,0.8937613,611.919,611.91907,4.995,8.1661e+07,90.345,3.5114e+08
4.5,1.644,0.122,28,28,18.053,2.1932597,1635.824,2247.7434,2.810,2.9996e+08,77.630,1.2898e+09
7.5,2.740,0.203,42,42,14.695,3.157404,1997.270,4245.0137,2.241,5.6650e+08,63.189,2.4359e+09
10.5,3.836,0.284,65,65,11.581,3.2497303,2435.895,6680.908,1.746,8.9157e+08,49.796,3.8338e+09
13.5,4.932,0.365,68,68,8.963,3.0008292,1972.398,8653.307,1.641,1.1548e+09,38.542,4.9656e+09
16.5,6.028,0.446,102,102,6.800,2.688688,2244.522,10897.829,1.288,1.4543e+09,29.240,6.2536e+09
19.5,7.124,0.527,112,112,4.915,2.1485915,1781.433,12679.262,1.192,1.6921e+09,21.135,7.2758e+09
22.5,8.219,0.608,136,136,3.651,1.6043901,1606.676,14285.9375,1.032,1.9065e+09,15.698,8.1978e+09
25.5,9.315,0.689,150,150,2.747,1.2662902,1333.358,15619.296,0.968,2.0844e+09,11.812,8.9629e+09
28.5,10.411,0.770,155,155,1.817,0.90880936,911.245,16530.541,0.940,2.2060e+09,7.812,9.4858e+09
31.5,11.507,0.852,193,193,1.078,0.67293066,673.305,17203.846,0.838,2.2959e+09,4.636,9.8722e+09
34.5,12.603,0.933,195,195,0.662,0.3584135,417.449,17621.295,0.845,2.3516e+09,2.845,1.0112e+10
37.5,13.699,1.014,227,209,0.554,0.21937673,406.754,18028.049,0.791,2.4059e+09,2.381,1.0345e+10
40.5,14.795,1.095,233,158,0.547,0.13462739,412.639,18440.688,0.801,2.4609e+09,2.353,1.0582e+10
43.5,15.891,1.176,248,155,0.563,0.17965476,451.521,18892.209,0.792,2.5212e+09,2.419,1.0841e+10
46.5,16.987,1.257,272,139,0.586,0.19926253,515.879,19408.088,0.789,2.5900e+09,2.520,1.1137e+10
49.5,18.083,1.338,290,129,0.596,0.19779274,559.342,19967.43,0.796,2.6647e+09,2.563,1.1458e+10
52.5,19.179,1.419,313,111,0.619,0.18885195,626.922,20594.352,0.808,2.7483e+09,2.661,1.1818e+10
55.5,20.275,1.500,311,84,0.645,0.19960625,649.332,21243.684,0.859,2.8350e+09,2.774,1.2190e+10
58.5,21.371,1.581,347,79,0.586,0.28067386,658.531,21902.215,0.865,2.9229e+09,2.522,1.2568e+10
61.5,22.466,1.662,356,64,0.484,0.32378563,557.605,22459.82,0.899,2.9973e+09,2.081,1.2888e+10
64.5,23.562,1.744,376,42,0.437,0.33148345,531.621,22991.441,0.910,3.0682e+09,1.879,1.3193e+10
67.5,24.658,1.825,402,38,nan,nan,0.000,22991.441,0.910,3.0682e+09,nan,1.3193e+10
70.5,25.754,1.906,402,20,nan,nan,0.000,22991.441,0.929,3.0682e+09,nan,1.3193e+10
73.5,26.850,1.987,430,15,nan,nan,0.000,22991.441,0.938,3.0682e+09,nan,1.3193e+10
76.5,27.946,2.068,435,14,nan,nan,0.000,22991.441,0.974,3.0682e+09,nan,1.3193e+10
79.5,29.042,2.149,481,9,nan,nan,0.000,22991.441,0.960,3.0682e+09,nan,1.3193e+10
82.5,30.138,2.230,469,7,nan,nan,0.000,22991.441,0.988,3.0682e+09,nan,1.3193e+10
85.5,31.234,2.311,508,7,nan,nan,0.000,22991.441,0.981,3.0682e+09,nan,1.3193e+10
88.5,32.330,2.392,513,3,nan,nan,0.000,22991.441,1.009,3.0682e+09,nan,1.3193e+10
91.5,33.426,2.473,512,0,nan,nan,0.000,22991.441,1.036,3.0682e+09,nan,1.3193e+10
94.5,34.522,2.555,510,0,nan,nan,0.000,22991.441,1.041,3.0682e+09,nan,1.3193e+10
97.5,35.618,2.636,451,0,nan,nan,0.000,22991.441,1.050,3.0682e+09,nan,1.3193e+10
100.5,36.714,2.717,448,0,nan,nan,0.000,22991.441,1.075,3.0682e+09,nan,1.3193e+10
103.5,37.809,2.798,425,0,nan,nan,0.000,22991.441,1.076,3.0682e+09,nan,1.3193e+10
106.5,38.905,2.879,435,0,nan,nan,0.000,22991.441,1.099,3.0682e+09,nan,1.3193e+10
109.5,40.001,2.960,411,0,nan,nan,0.000,22991.441,1.141,3.0682e+09,nan,1.3193e+10
112.5,41.097,3.041,405,0,nan,nan,0.000,22991.441,1.151,3.0682e+09,nan,1.3193e+10
115.5,42.193,3.122,400,0,nan,nan,0.000,22991.441,1.162,3.0682e+09,nan,1.3193e+10
118.5,43.289,3.203,392,0,nan,nan,0.000,22991.441,1.191,3.0682e+09,nan,1.3193e+10
121.5,44.385,3.284,409,0,nan,nan,0.000,22991.441,1.204,3.0682e+09,nan,1.3193e+10
124.5,45.481,3.365,379,0,nan,nan,0.000,22991.441,1.253,3.0682e+09,nan,1.3193e+10
127.5,46.577,3.447,388,0,nan,nan,0.000,22991.441,1.272,3.0682e+09,nan,1.3193e+10
130.5,47.673,3.528,384,0,nan,nan,0.000,22991.441,1.294,3.0682e+09,nan,1.3193e+10
133.5,48.769,3.609,382,0,nan,nan,0.000,22991.441,1.346,3.0682e+09,nan,1.3193e+10
136.5,49.865,3.690,374,0,nan,nan,0.000,22991.441,1.366,3.0682e+09,nan,1.3193e+10
139.5,50.961,3.771,359,0,nan,nan,0.000,22991.441,1.396,3.0682e+09,nan,1.3193e+10
142.5,52.057,3.852,335,0,nan,nan,0.000,22991.441,1.451,3.0682e+09,nan,1.3193e+10
145.5,53.152,3.933,323,0,nan,nan,0.000,22991.441,1.488,3.0682e+09,nan,1.3193e+10
148.5,54.248,4.014,320,0,nan,nan,0.000,22991.441,1.538,3.0682e+09,nan,1.3193e+10
151.5,55.344,4.095,310,0,nan,nan,0.000,22991.441,1.596,3.0682e+09,nan,1.3193e+10
154.5,56.440,4.176,303,0,nan,nan,0.000,22991.441,1.649,3.0682e+09,nan,1.3193e+10
157.5,57.536,4.258,296,0,nan,nan,0.000,22991.441,1.699,3.0682e+09,nan,1.3193e+10
160.5,58.632,4.339,278,0,nan,nan,0.000,22991.441,1.833,3.0682e+09,nan,1.3193e+10
163.5,59.728,4.420,275,0,nan,nan,0.000,22991.441,1.859,3.0682e+09,nan,1.3193e+10
166.5,60.824,4.501,277,0,nan,nan,0.000,22991.441,1.955,3.0682e+09,nan,1.3193e+10
169.5,61.920,4.582,267,0,nan,nan,0.000,22991.441,2.142,3.0682e+09,nan,1.3193e+10
172.5,63.016,4.663,263,0,nan,nan,0.000,22991.441,2.210,3.0682e+09,nan,1.3193e+10
175.5,64.112,4.744,250,0,nan,nan,0.000,22991.441,2.490,3.0682e+09,nan,1.3193e+10
178.5,65.208,4.825,247,0,nan,nan,0.000,22991.441,2.698,3.0682e+09,nan,1.3193e+10
181.5,66.304,4.906,242,0,nan,nan,0.000,22991.441,3.255,3.0682e+09,nan,1.3193e+10
184.5,67.399,4.987,237,0,nan,nan,0.000,22991.441,5.353,3.0682e+09,nan,1.3193e+10
187.5,68.495,5.069,236,0,nan,nan,0.000,22991.441,22.417,3.0682e+09,nan,1.3193e+10
190.5,69.591,5.150,230,0,nan,nan,0.000,22991.441,nan,3.0682e+09,nan,1.3193e+10
193.5,70.687,5.231,219,0,nan,nan,0.000,22991.441,nan,3.0682e+09,nan,1.3193e+10
196.5,71.783,5.312,217,0,nan,nan,0.000,22991.441,nan,3.0682e+09,nan,1.3193e+10
199.5,72.879,5.393,213,0,nan,nan,0.000,22991.441,nan,3.0682e+09,nan,1.3193e+10
202.5,73.975,5.474,210,0,nan,nan,0.000,22991.441,nan,3.0682e+09,nan,1.3193e+10
205.5,75.071,5.555,201,0,nan,nan,0.000,22991.441,nan,3.0682e+09,nan,1.3193e+10
208.5,76.167,5.636,200,0,nan,nan,0.000,22991.441,nan,3.0682e+09,nan,1.3193e+10
211.5,77.263,5.717,190,0,nan,nan,0.000,22991.441,nan,3.0682e+09,nan,1.3193e+10
214.5,78.359,5.798,189,0,nan,nan,0.000,22991.441,nan,3.0682e+09,nan,1.3193e+10
217.5,79.455,5.879,189,0,nan,nan,0.000,22991.441,nan,3.0682e+09,nan,1.3193e+10
220.5,80.551,5.961,177,0,nan,nan,0.000,22991.441,nan,3.0682e+09,nan,1.3193e+10
223.5,81.647,6.042,178,0,nan,nan,0.000,22991.441,nan,3.0682e+09,nan,1.3193e+10
226.5,82.742,6.123,176,0,nan,nan,0.000,22991.441,nan,3.0682e+09,nan,1.3193e+10
229.5,83.838,6.204,163,0,nan,nan,0.000,22991.441,nan,3.0682e+09,nan,1.3193e+10
232.5,84.934,6.285,167,0,nan,nan,0.000,22991.441,nan,3.0682e+09,nan,1.3193e+10
235.5,86.030,6.366,160,0,nan,nan,0.000,22991.441,nan,3.0682e+09,nan,1.3193e+10
238.5,87.126,6.447,156,0,nan,nan,0.000,22991.441,nan,3.0682e+09,nan,1.3193e+10
241.5,88.222,6.528,153,0,nan,nan,0.000,22991.441,nan,3.0682e+09,nan,1.3193e+10
244.5,89.318,6.609,145,0,nan,nan,0.000,22991.441,nan,3.0682e+09,nan,1.3193e+10
247.5,90.414,6.690,141,0,nan,nan,0.000,22991.441,nan,3.0682e+09,nan,1.3193e+10
250.5,91.510,6.772,140,0,nan,nan,0.000,22991.441,nan,3.0682e+09,nan,1.3193e+10
253.5,92.606,6.853,135,0,nan,nan,0.000,22991.441,nan,3.0682e+09,nan,1.3193e+10
256.5,93.702,6.934,128,0,nan,nan,0.000,22991.441,nan,3.0682e+09,nan,1.3193e+10
259.5,94.798,7.015,131,0,nan,nan,0.000,22991.441,nan,3.0682e+09,nan,1.3193e+10
262.5,95.894,7.096,121,0,nan,nan,0.000,22991.441,nan,3.0682e+09,nan,1.3193e+10
265.5,96.989,7.177,117,0,nan,nan,0.000,22991.441,nan,3.0682e+09,nan,1.3193e+10
268.5,98.085,7.258,118,0,nan,nan,0.000,22991.441,nan,3.0682e+09,nan,1.3193e+10
271.5,99.181,7.339,107,0,nan,nan,0.000,22991.441,nan,3.0682e+09,nan,1.3193e+10
274.5,100.277,7.420,110,0,nan,nan,0.000,22991.441,nan,3.0682e+09,nan,1.3193e+10
277.5,101.373,7.501,102,0,nan,nan,0.000,22991.441,nan,3.0682e+09,nan,1.3193e+10
280.5,102.469,7.582,97,0,nan,nan,0.000,22991.441,nan,3.0682e+09,nan,1.3193e+10
283.5,103.565,7.664,94,0,nan,nan,0.000,22991.441,nan,3.0682e+09,nan,1.3193e+10
286.5,104.661,7.745,94,0,nan,nan,0.000,22991.441,nan,3.0682e+09,nan,1.3193e+10
289.5,105.757,7.826,85,0,nan,nan,0.000,22991.441,nan,3.0682e+09,nan,1.3193e+10
292.5,106.853,7.907,83,0,nan,nan,0.000,22991.441,nan,3.0682e+09,nan,1.3193e+10
295.5,107.949,7.988,83,0,nan,nan,0.000,22991.441,nan,3.0682e+09,nan,1.3193e+10
298.5,109.045,8.069,72,0,nan,nan,0.000,22991.441,nan,3.0682e+09,nan,1.3193e+10
301.5,110.141,8.150,73,0,nan,nan,0.000,22991.441,nan,3.0682e+09,nan,1.3193e+10
304.5,111.237,8.231,69,0,nan,nan,0.000,22991.441,nan,3.0682e+09,nan,1.3193e+10
307.5,112.332,8.312,61,0,nan,nan,0.000,22991.441,nan,3.0682e+09,nan,1.3193e+10
310.5,113.428,8.393,63,0,nan,nan,0.000,22991.441,nan,3.0682e+09,nan,1.3193e+10
313.5,114.524,8.475,57,0,nan,nan,0.000,22991.441,nan,3.0682e+09,nan,1.3193e+10
316.5,115.620,8.556,51,0,nan,nan,0.000,22991.441,nan,3.0682e+09,nan,1.3193e+10
319.5,116.716,8.637,52,0,nan,nan,0.000,22991.441,nan,3.0682e+09,nan,1.3193e+10
322.5,117.812,8.718,42,0,nan,nan,0.000,22991.441,nan,3.0682e+09,nan,1.3193e+10
325.5,118.908,8.799,41,0,nan,nan,0.000,22991.441,nan,3.0682e+09,nan,1.3193e+10
328.5,120.004,8.880,40,0,nan,nan,0.000,22991.441,nan,3.0682e+09,nan,1.3193e+10
331.5,121.100,8.961,30,0,nan,nan,0.000,22991.441,nan,3.0682e+09,nan,1.3193e+10
334.5,122.196,9.042,32,0,nan,nan,0.000,22991.441,nan,3.0682e+09,nan,1.3193e+10
337.5,123.292,9.123,27,0,nan,nan,0.000,22991.441,nan,3.0682e+09,nan,1.3193e+10
340.5,124.388,9.204,20,0,nan,nan,0.000,22991.441,nan,3.0682e+09,nan,1.3193e+10
343.5,125.484,9.286,20,0,nan,nan,0.000,22991.441,nan,3.0682e+09,nan,1.3193e+10
346.5,126.579,9.367,15,0,nan,nan,0.000,22991.441,nan,3.0682e+09,nan,1.3193e+10
349.5,127.675,9.448,10,0,nan,nan,0.000,22991.441,nan,3.0682e+09,nan,1.3193e+10
352.5,128.771,9.529,8,0,nan,nan,0.000,22991.441,nan,3.0682e+09,nan,1.3193e+10
355.5,129.867,9.610,4,0,nan,nan,0.000,22991.441,nan,3.0682e+09,nan,1.3193e+10
358.5,130.963,9.691,2,0,nan,nan,0.000,22991.441,nan,3.0682e+09,nan,1.3193e+10
361.5,132.059,9.772,1,0,nan,nan,0.000,22991.441,nan,3.0682e+09,nan,1.3193e+10
