dat_prof/radprof/build/rproftxt/UGC05498NED01.de20_smob0.rprof.txt
# %ECSV 0.9
# ---
# datatype:
# - {name: radius, unit: arcsec, datatype: float64, description: Adopting RA=153.0153 deg DEC=23.0854 deg PA=61.8 INC=81.0}
# - {name: r_kpc, unit: kpc, datatype: float64, format: 10.3f, description: Adopting distance of 91.75 Mpc}
# - {name: r_r25, unit: '', datatype: float64, format: 10.3f, description: Adopting R25=47.00 arcsec}
# - {name: npix, datatype: int64}
# - {name: ngood, datatype: int64, description: Requiring fill fraction of 0.1 npix}
# - {name: wtmean, unit: K km / s, datatype: float64, format: 10.3f, description: Replaced blanks with 0 times UGC05498NED01.co.de20_smo.emom0max.fits}
# - {name: rms, unit: K km / s, datatype: float32}
# - {name: annsum, unit: K km pix / s, datatype: float32, format: 10.3f}
# - {name: cumsum, unit: K km pix / s, datatype: float32}
# - {name: detlim, unit: K km / s, datatype: float64, format: 10.3f}
# - {name: cumlum, unit: K km pc2 / s, datatype: float32, format: 10.4e}
# - {name: sigmol, unit: solMass / pc2, datatype: float64, format: 10.3f}
# - {name: cummass, unit: solMass, datatype: float32, format: 10.4e}
# delimiter: ','
# schema: astropy-2.0
radius,r_kpc,r_r25,npix,ngood,wtmean,rms,annsum,cumsum,detlim,cumlum,sigmol,cummass
1.0,0.445,0.021,1,0,nan,nan,0.000,0.0,6.826,0.0000e+00,nan,0.0000e+00
3.0,1.334,0.064,6,0,nan,nan,0.000,0.0,2.788,0.0000e+00,nan,0.0000e+00
5.0,2.224,0.106,9,0,nan,nan,0.000,0.0,2.281,0.0000e+00,nan,0.0000e+00
7.0,3.114,0.149,13,0,nan,nan,0.000,0.0,1.903,0.0000e+00,nan,0.0000e+00
9.0,4.003,0.191,18,0,nan,nan,0.000,0.0,1.624,0.0000e+00,nan,0.0000e+00
11.0,4.893,0.234,24,0,nan,nan,0.000,0.0,1.412,0.0000e+00,nan,0.0000e+00
13.0,5.783,0.277,24,0,nan,nan,0.000,0.0,1.424,0.0000e+00,nan,0.0000e+00
15.0,6.672,0.319,29,0,nan,nan,0.000,0.0,1.302,0.0000e+00,nan,0.0000e+00
17.0,7.562,0.362,35,0,nan,nan,0.000,0.0,1.194,0.0000e+00,nan,0.0000e+00
19.0,8.452,0.404,36,0,nan,nan,0.000,0.0,1.189,0.0000e+00,nan,0.0000e+00
21.0,9.341,0.447,41,0,nan,nan,0.000,0.0,1.127,0.0000e+00,nan,0.0000e+00
23.0,10.231,0.489,50,0,nan,nan,0.000,0.0,1.031,0.0000e+00,nan,0.0000e+00
25.0,11.121,0.532,44,0,nan,nan,0.000,0.0,1.115,0.0000e+00,nan,0.0000e+00
27.0,12.010,0.574,54,0,nan,nan,0.000,0.0,1.020,0.0000e+00,nan,0.0000e+00
29.0,12.900,0.617,56,0,nan,nan,0.000,0.0,1.018,0.0000e+00,nan,0.0000e+00
31.0,13.790,0.660,63,0,nan,nan,0.000,0.0,0.976,0.0000e+00,nan,0.0000e+00
33.0,14.679,0.702,63,0,nan,nan,0.000,0.0,1.003,0.0000e+00,nan,0.0000e+00
35.0,15.569,0.745,69,0,nan,nan,0.000,0.0,0.972,0.0000e+00,nan,0.0000e+00
37.0,16.459,0.787,76,0,nan,nan,0.000,0.0,0.945,0.0000e+00,nan,0.0000e+00
39.0,17.348,0.830,76,0,nan,nan,0.000,0.0,0.983,0.0000e+00,nan,0.0000e+00
41.0,18.238,0.872,80,0,nan,nan,0.000,0.0,0.965,0.0000e+00,nan,0.0000e+00
43.0,19.128,0.915,86,0,nan,nan,0.000,0.0,0.965,0.0000e+00,nan,0.0000e+00
45.0,20.017,0.957,86,0,nan,nan,0.000,0.0,0.995,0.0000e+00,nan,0.0000e+00
47.0,20.907,1.000,93,0,nan,nan,0.000,0.0,0.996,0.0000e+00,nan,0.0000e+00
49.0,21.797,1.042,96,0,nan,nan,0.000,0.0,1.015,0.0000e+00,nan,0.0000e+00
51.0,22.686,1.085,103,0,nan,nan,0.000,0.0,1.007,0.0000e+00,nan,0.0000e+00
53.0,23.576,1.128,99,0,nan,nan,0.000,0.0,1.096,0.0000e+00,nan,0.0000e+00
55.0,24.465,1.170,111,0,nan,nan,0.000,0.0,1.043,0.0000e+00,nan,0.0000e+00
57.0,25.355,1.213,105,0,nan,nan,0.000,0.0,1.076,0.0000e+00,nan,0.0000e+00
59.0,26.245,1.255,102,0,nan,nan,0.000,0.0,1.061,0.0000e+00,nan,0.0000e+00
61.0,27.134,1.298,95,0,nan,nan,0.000,0.0,1.077,0.0000e+00,nan,0.0000e+00
63.0,28.024,1.340,86,0,nan,nan,0.000,0.0,1.126,0.0000e+00,nan,0.0000e+00
65.0,28.914,1.383,88,0,nan,nan,0.000,0.0,1.066,0.0000e+00,nan,0.0000e+00
67.0,29.803,1.425,83,0,nan,nan,0.000,0.0,1.131,0.0000e+00,nan,0.0000e+00
69.0,30.693,1.468,84,0,nan,nan,0.000,0.0,1.095,0.0000e+00,nan,0.0000e+00
71.0,31.583,1.511,87,0,nan,nan,0.000,0.0,1.098,0.0000e+00,nan,0.0000e+00
73.0,32.472,1.553,82,0,nan,nan,0.000,0.0,1.104,0.0000e+00,nan,0.0000e+00
75.0,33.362,1.596,77,0,nan,nan,0.000,0.0,1.170,0.0000e+00,nan,0.0000e+00
77.0,34.252,1.638,79,0,nan,nan,0.000,0.0,1.131,0.0000e+00,nan,0.0000e+00
79.0,35.141,1.681,87,0,nan,nan,0.000,0.0,1.063,0.0000e+00,nan,0.0000e+00
81.0,36.031,1.723,75,0,nan,nan,0.000,0.0,1.186,0.0000e+00,nan,0.0000e+00
83.0,36.921,1.766,75,0,nan,nan,0.000,0.0,1.137,0.0000e+00,nan,0.0000e+00
85.0,37.810,1.808,84,0,nan,nan,0.000,0.0,1.108,0.0000e+00,nan,0.0000e+00
87.0,38.700,1.851,79,0,nan,nan,0.000,0.0,1.123,0.0000e+00,nan,0.0000e+00
89.0,39.590,1.894,74,0,nan,nan,0.000,0.0,1.170,0.0000e+00,nan,0.0000e+00
91.0,40.479,1.936,80,0,nan,nan,0.000,0.0,1.149,0.0000e+00,nan,0.0000e+00
93.0,41.369,1.979,82,0,nan,nan,0.000,0.0,1.104,0.0000e+00,nan,0.0000e+00
95.0,42.259,2.021,69,0,nan,nan,0.000,0.0,1.222,0.0000e+00,nan,0.0000e+00
97.0,43.148,2.064,76,0,nan,nan,0.000,0.0,1.162,0.0000e+00,nan,0.0000e+00
99.0,44.038,2.106,80,0,nan,nan,0.000,0.0,1.138,0.0000e+00,nan,0.0000e+00
101.0,44.928,2.149,76,0,nan,nan,0.000,0.0,1.165,0.0000e+00,nan,0.0000e+00
103.0,45.817,2.191,72,0,nan,nan,0.000,0.0,1.170,0.0000e+00,nan,0.0000e+00
105.0,46.707,2.234,77,0,nan,nan,0.000,0.0,1.186,0.0000e+00,nan,0.0000e+00
107.0,47.596,2.276,77,0,nan,nan,0.000,0.0,1.144,0.0000e+00,nan,0.0000e+00
109.0,48.486,2.319,71,0,nan,nan,0.000,0.0,1.233,0.0000e+00,nan,0.0000e+00
111.0,49.376,2.362,73,0,nan,nan,0.000,0.0,1.205,0.0000e+00,nan,0.0000e+00
113.0,50.265,2.404,84,0,nan,nan,0.000,0.0,1.111,0.0000e+00,nan,0.0000e+00
115.0,51.155,2.447,71,0,nan,nan,0.000,0.0,1.228,0.0000e+00,nan,0.0000e+00
117.0,52.045,2.489,74,0,nan,nan,0.000,0.0,1.188,0.0000e+00,nan,0.0000e+00
119.0,52.934,2.532,73,0,nan,nan,0.000,0.0,1.220,0.0000e+00,nan,0.0000e+00
121.0,53.824,2.574,78,0,nan,nan,0.000,0.0,1.170,0.0000e+00,nan,0.0000e+00
123.0,54.714,2.617,71,0,nan,nan,0.000,0.0,1.238,0.0000e+00,nan,0.0000e+00
125.0,55.603,2.659,71,0,nan,nan,0.000,0.0,1.256,0.0000e+00,nan,0.0000e+00
127.0,56.493,2.702,79,0,nan,nan,0.000,0.0,1.153,0.0000e+00,nan,0.0000e+00
129.0,57.383,2.745,75,0,nan,nan,0.000,0.0,1.221,0.0000e+00,nan,0.0000e+00
131.0,58.272,2.787,72,0,nan,nan,0.000,0.0,1.230,0.0000e+00,nan,0.0000e+00
133.0,59.162,2.830,75,0,nan,nan,0.000,0.0,1.241,0.0000e+00,nan,0.0000e+00
135.0,60.052,2.872,78,0,nan,nan,0.000,0.0,1.187,0.0000e+00,nan,0.0000e+00
137.0,60.941,2.915,69,0,nan,nan,0.000,0.0,1.286,0.0000e+00,nan,0.0000e+00
139.0,61.831,2.957,69,0,nan,nan,0.000,0.0,1.285,0.0000e+00,nan,0.0000e+00
141.0,62.721,3.000,79,0,nan,nan,0.000,0.0,1.181,0.0000e+00,nan,0.0000e+00
143.0,63.610,3.042,70,0,nan,nan,0.000,0.0,1.302,0.0000e+00,nan,0.0000e+00
145.0,64.500,3.085,75,0,nan,nan,0.000,0.0,1.236,0.0000e+00,nan,0.0000e+00
147.0,65.390,3.127,76,0,nan,nan,0.000,0.0,1.230,0.0000e+00,nan,0.0000e+00
149.0,66.279,3.170,75,0,nan,nan,0.000,0.0,1.250,0.0000e+00,nan,0.0000e+00
151.0,67.169,3.213,69,0,nan,nan,0.000,0.0,1.322,0.0000e+00,nan,0.0000e+00
153.0,68.059,3.255,70,0,nan,nan,0.000,0.0,1.286,0.0000e+00,nan,0.0000e+00
155.0,68.948,3.298,76,0,nan,nan,0.000,0.0,1.238,0.0000e+00,nan,0.0000e+00
157.0,69.838,3.340,66,0,nan,nan,0.000,0.0,1.349,0.0000e+00,nan,0.0000e+00
159.0,70.728,3.383,69,0,nan,nan,0.000,0.0,1.294,0.0000e+00,nan,0.0000e+00
161.0,71.617,3.425,70,0,nan,nan,0.000,0.0,1.289,0.0000e+00,nan,0.0000e+00
163.0,72.507,3.468,73,0,nan,nan,0.000,0.0,1.258,0.0000e+00,nan,0.0000e+00
165.0,73.396,3.510,66,0,nan,nan,0.000,0.0,1.350,0.0000e+00,nan,0.0000e+00
167.0,74.286,3.553,65,0,nan,nan,0.000,0.0,1.334,0.0000e+00,nan,0.0000e+00
169.0,75.176,3.596,70,0,nan,nan,0.000,0.0,1.276,0.0000e+00,nan,0.0000e+00
171.0,76.065,3.638,62,0,nan,nan,0.000,0.0,1.389,0.0000e+00,nan,0.0000e+00
173.0,76.955,3.681,67,0,nan,nan,0.000,0.0,1.314,0.0000e+00,nan,0.0000e+00
175.0,77.845,3.723,65,0,nan,nan,0.000,0.0,1.353,0.0000e+00,nan,0.0000e+00
177.0,78.734,3.766,64,0,nan,nan,0.000,0.0,1.352,0.0000e+00,nan,0.0000e+00
179.0,79.624,3.808,65,0,nan,nan,0.000,0.0,1.330,0.0000e+00,nan,0.0000e+00
181.0,80.514,3.851,61,0,nan,nan,0.000,0.0,1.402,0.0000e+00,nan,0.0000e+00
183.0,81.403,3.893,67,0,nan,nan,0.000,0.0,1.335,0.0000e+00,nan,0.0000e+00
185.0,82.293,3.936,54,0,nan,nan,0.000,0.0,1.469,0.0000e+00,nan,0.0000e+00
187.0,83.183,3.979,61,0,nan,nan,0.000,0.0,1.375,0.0000e+00,nan,0.0000e+00
189.0,84.072,4.021,66,0,nan,nan,0.000,0.0,1.369,0.0000e+00,nan,0.0000e+00
191.0,84.962,4.064,61,0,nan,nan,0.000,0.0,1.381,0.0000e+00,nan,0.0000e+00
193.0,85.852,4.106,56,0,nan,nan,0.000,0.0,1.462,0.0000e+00,nan,0.0000e+00
195.0,86.741,4.149,57,0,nan,nan,0.000,0.0,1.418,0.0000e+00,nan,0.0000e+00
197.0,87.631,4.191,66,0,nan,nan,0.000,0.0,1.383,0.0000e+00,nan,0.0000e+00
199.0,88.521,4.234,54,0,nan,nan,0.000,0.0,1.475,0.0000e+00,nan,0.0000e+00
201.0,89.410,4.276,51,0,nan,nan,0.000,0.0,1.481,0.0000e+00,nan,0.0000e+00
203.0,90.300,4.319,62,0,nan,nan,0.000,0.0,1.445,0.0000e+00,nan,0.0000e+00
205.0,91.190,4.361,60,0,nan,nan,0.000,0.0,1.410,0.0000e+00,nan,0.0000e+00
207.0,92.079,4.404,53,0,nan,nan,0.000,0.0,1.531,0.0000e+00,nan,0.0000e+00
209.0,92.969,4.447,53,0,nan,nan,0.000,0.0,1.482,0.0000e+00,nan,0.0000e+00
211.0,93.859,4.489,57,0,nan,nan,0.000,0.0,1.508,0.0000e+00,nan,0.0000e+00
213.0,94.748,4.532,53,0,nan,nan,0.000,0.0,1.517,0.0000e+00,nan,0.0000e+00
215.0,95.638,4.574,50,0,nan,nan,0.000,0.0,1.531,0.0000e+00,nan,0.0000e+00
217.0,96.527,4.617,58,0,nan,nan,0.000,0.0,1.488,0.0000e+00,nan,0.0000e+00
219.0,97.417,4.659,51,0,nan,nan,0.000,0.0,1.582,0.0000e+00,nan,0.0000e+00
221.0,98.307,4.702,54,0,nan,nan,0.000,0.0,1.532,0.0000e+00,nan,0.0000e+00
223.0,99.196,4.744,52,0,nan,nan,0.000,0.0,1.508,0.0000e+00,nan,0.0000e+00
225.0,100.086,4.787,52,0,nan,nan,0.000,0.0,1.616,0.0000e+00,nan,0.0000e+00
227.0,100.976,4.830,47,0,nan,nan,0.000,0.0,1.634,0.0000e+00,nan,0.0000e+00
229.0,101.865,4.872,51,0,nan,nan,0.000,0.0,1.559,0.0000e+00,nan,0.0000e+00
231.0,102.755,4.915,53,0,nan,nan,0.000,0.0,1.580,0.0000e+00,nan,0.0000e+00
233.0,103.645,4.957,44,0,nan,nan,0.000,0.0,1.721,0.0000e+00,nan,0.0000e+00
235.0,104.534,5.000,50,0,nan,nan,0.000,0.0,1.652,0.0000e+00,nan,0.0000e+00
237.0,105.424,5.042,49,0,nan,nan,0.000,0.0,1.620,0.0000e+00,nan,0.0000e+00
239.0,106.314,5.085,46,0,nan,nan,0.000,0.0,1.715,0.0000e+00,nan,0.0000e+00
241.0,107.203,5.127,48,0,nan,nan,0.000,0.0,1.677,0.0000e+00,nan,0.0000e+00
243.0,108.093,5.170,46,0,nan,nan,0.000,0.0,1.693,0.0000e+00,nan,0.0000e+00
245.0,108.983,5.212,47,0,nan,nan,0.000,0.0,1.705,0.0000e+00,nan,0.0000e+00
247.0,109.872,5.255,45,0,nan,nan,0.000,0.0,1.743,0.0000e+00,nan,0.0000e+00
249.0,110.762,5.298,44,0,nan,nan,0.000,0.0,1.765,0.0000e+00,nan,0.0000e+00
251.0,111.652,5.340,46,0,nan,nan,0.000,0.0,1.779,0.0000e+00,nan,0.0000e+00
253.0,112.541,5.383,40,0,nan,nan,0.000,0.0,1.860,0.0000e+00,nan,0.0000e+00
255.0,113.431,5.425,45,0,nan,nan,0.000,0.0,1.776,0.0000e+00,nan,0.0000e+00
257.0,114.321,5.468,47,0,nan,nan,0.000,0.0,1.777,0.0000e+00,nan,0.0000e+00
259.0,115.210,5.510,40,0,nan,nan,0.000,0.0,1.917,0.0000e+00,nan,0.0000e+00
261.0,116.100,5.553,40,0,nan,nan,0.000,0.0,1.872,0.0000e+00,nan,0.0000e+00
263.0,116.990,5.595,43,0,nan,nan,0.000,0.0,1.888,0.0000e+00,nan,0.0000e+00
265.0,117.879,5.638,41,0,nan,nan,0.000,0.0,1.956,0.0000e+00,nan,0.0000e+00
267.0,118.769,5.681,40,0,nan,nan,0.000,0.0,1.919,0.0000e+00,nan,0.0000e+00
269.0,119.658,5.723,40,0,nan,nan,0.000,0.0,1.942,0.0000e+00,nan,0.0000e+00
271.0,120.548,5.766,40,0,nan,nan,0.000,0.0,2.011,0.0000e+00,nan,0.0000e+00
273.0,121.438,5.808,40,0,nan,nan,0.000,0.0,1.996,0.0000e+00,nan,0.0000e+00
275.0,122.327,5.851,38,0,nan,nan,0.000,0.0,2.073,0.0000e+00,nan,0.0000e+00
277.0,123.217,5.893,37,0,nan,nan,0.000,0.0,2.102,0.0000e+00,nan,0.0000e+00
279.0,124.107,5.936,38,0,nan,nan,0.000,0.0,2.112,0.0000e+00,nan,0.0000e+00
281.0,124.996,5.978,39,0,nan,nan,0.000,0.0,2.141,0.0000e+00,nan,0.0000e+00
283.0,125.886,6.021,36,0,nan,nan,0.000,0.0,2.167,0.0000e+00,nan,0.0000e+00
285.0,126.776,6.064,35,0,nan,nan,0.000,0.0,2.267,0.0000e+00,nan,0.0000e+00
287.0,127.665,6.106,35,0,nan,nan,0.000,0.0,2.278,0.0000e+00,nan,0.0000e+00
289.0,128.555,6.149,36,0,nan,nan,0.000,0.0,2.297,0.0000e+00,nan,0.0000e+00
291.0,129.445,6.191,34,0,nan,nan,0.000,0.0,2.389,0.0000e+00,nan,0.0000e+00
293.0,130.334,6.234,34,0,nan,nan,0.000,0.0,2.367,0.0000e+00,nan,0.0000e+00
295.0,131.224,6.276,33,0,nan,nan,0.000,0.0,2.421,0.0000e+00,nan,0.0000e+00
297.0,132.114,6.319,34,0,nan,nan,0.000,0.0,2.575,0.0000e+00,nan,0.0000e+00
299.0,133.003,6.361,33,0,nan,nan,0.000,0.0,2.528,0.0000e+00,nan,0.0000e+00
301.0,133.893,6.404,33,0,nan,nan,0.000,0.0,2.566,0.0000e+00,nan,0.0000e+00
303.0,134.783,6.446,30,0,nan,nan,0.000,0.0,2.688,0.0000e+00,nan,0.0000e+00
305.0,135.672,6.489,31,0,nan,nan,0.000,0.0,2.794,0.0000e+00,nan,0.0000e+00
307.0,136.562,6.532,34,0,nan,nan,0.000,0.0,2.841,0.0000e+00,nan,0.0000e+00
309.0,137.452,6.574,29,0,nan,nan,0.000,0.0,3.159,0.0000e+00,nan,0.0000e+00
311.0,138.341,6.617,30,0,nan,nan,0.000,0.0,2.934,0.0000e+00,nan,0.0000e+00
313.0,139.231,6.659,28,0,nan,nan,0.000,0.0,3.305,0.0000e+00,nan,0.0000e+00
315.0,140.121,6.702,29,0,nan,nan,0.000,0.0,3.668,0.0000e+00,nan,0.0000e+00
317.0,141.010,6.744,29,0,nan,nan,0.000,0.0,3.570,0.0000e+00,nan,0.0000e+00
319.0,141.900,6.787,28,0,nan,nan,0.000,0.0,3.738,0.0000e+00,nan,0.0000e+00
321.0,142.789,6.829,26,0,nan,nan,0.000,0.0,4.774,0.0000e+00,nan,0.0000e+00
323.0,143.679,6.872,29,0,nan,nan,0.000,0.0,5.136,0.0000e+00,nan,0.0000e+00
325.0,144.569,6.915,26,0,nan,nan,0.000,0.0,nan,0.0000e+00,nan,0.0000e+00
327.0,145.458,6.957,25,0,nan,nan,0.000,0.0,nan,0.0000e+00,nan,0.0000e+00
329.0,146.348,7.000,26,0,nan,nan,0.000,0.0,nan,0.0000e+00,nan,0.0000e+00
331.0,147.238,7.042,27,0,nan,nan,0.000,0.0,nan,0.0000e+00,nan,0.0000e+00
333.0,148.127,7.085,23,0,nan,nan,0.000,0.0,nan,0.0000e+00,nan,0.0000e+00
335.0,149.017,7.127,25,0,nan,nan,0.000,0.0,nan,0.0000e+00,nan,0.0000e+00
337.0,149.907,7.170,24,0,nan,nan,0.000,0.0,nan,0.0000e+00,nan,0.0000e+00
339.0,150.796,7.212,20,0,nan,nan,0.000,0.0,nan,0.0000e+00,nan,0.0000e+00
341.0,151.686,7.255,25,0,nan,nan,0.000,0.0,nan,0.0000e+00,nan,0.0000e+00
343.0,152.576,7.297,22,0,nan,nan,0.000,0.0,nan,0.0000e+00,nan,0.0000e+00
345.0,153.465,7.340,21,0,nan,nan,0.000,0.0,nan,0.0000e+00,nan,0.0000e+00
347.0,154.355,7.383,21,0,nan,nan,0.000,0.0,nan,0.0000e+00,nan,0.0000e+00
349.0,155.245,7.425,21,0,nan,nan,0.000,0.0,nan,0.0000e+00,nan,0.0000e+00
351.0,156.134,7.468,21,0,nan,nan,0.000,0.0,nan,0.0000e+00,nan,0.0000e+00
353.0,157.024,7.510,19,0,nan,nan,0.000,0.0,nan,0.0000e+00,nan,0.0000e+00
355.0,157.914,7.553,19,0,nan,nan,0.000,0.0,nan,0.0000e+00,nan,0.0000e+00
357.0,158.803,7.595,21,0,nan,nan,0.000,0.0,nan,0.0000e+00,nan,0.0000e+00
359.0,159.693,7.638,18,0,nan,nan,0.000,0.0,nan,0.0000e+00,nan,0.0000e+00
361.0,160.583,7.680,17,0,nan,nan,0.000,0.0,nan,0.0000e+00,nan,0.0000e+00
363.0,161.472,7.723,19,0,nan,nan,0.000,0.0,nan,0.0000e+00,nan,0.0000e+00
365.0,162.362,7.766,15,0,nan,nan,0.000,0.0,nan,0.0000e+00,nan,0.0000e+00
367.0,163.252,7.808,17,0,nan,nan,0.000,0.0,nan,0.0000e+00,nan,0.0000e+00
369.0,164.141,7.851,16,0,nan,nan,0.000,0.0,nan,0.0000e+00,nan,0.0000e+00
371.0,165.031,7.893,16,0,nan,nan,0.000,0.0,nan,0.0000e+00,nan,0.0000e+00
373.0,165.921,7.936,14,0,nan,nan,0.000,0.0,nan,0.0000e+00,nan,0.0000e+00
375.0,166.810,7.978,15,0,nan,nan,0.000,0.0,nan,0.0000e+00,nan,0.0000e+00
377.0,167.700,8.021,14,0,nan,nan,0.000,0.0,nan,0.0000e+00,nan,0.0000e+00
379.0,168.589,8.063,15,0,nan,nan,0.000,0.0,nan,0.0000e+00,nan,0.0000e+00
381.0,169.479,8.106,13,0,nan,nan,0.000,0.0,nan,0.0000e+00,nan,0.0000e+00
383.0,170.369,8.148,12,0,nan,nan,0.000,0.0,nan,0.0000e+00,nan,0.0000e+00
385.0,171.258,8.191,14,0,nan,nan,0.000,0.0,nan,0.0000e+00,nan,0.0000e+00
387.0,172.148,8.234,11,0,nan,nan,0.000,0.0,nan,0.0000e+00,nan,0.0000e+00
389.0,173.038,8.276,11,0,nan,nan,0.000,0.0,nan,0.0000e+00,nan,0.0000e+00
391.0,173.927,8.319,11,0,nan,nan,0.000,0.0,nan,0.0000e+00,nan,0.0000e+00
393.0,174.817,8.361,10,0,nan,nan,0.000,0.0,nan,0.0000e+00,nan,0.0000e+00
395.0,175.707,8.404,9,0,nan,nan,0.000,0.0,nan,0.0000e+00,nan,0.0000e+00
397.0,176.596,8.446,11,0,nan,nan,0.000,0.0,nan,0.0000e+00,nan,0.0000e+00
399.0,177.486,8.489,8,0,nan,nan,0.000,0.0,nan,0.0000e+00,nan,0.0000e+00
401.0,178.376,8.531,8,0,nan,nan,0.000,0.0,nan,0.0000e+00,nan,0.0000e+00
403.0,179.265,8.574,9,0,nan,nan,0.000,0.0,nan,0.0000e+00,nan,0.0000e+00
405.0,180.155,8.617,7,0,nan,nan,0.000,0.0,nan,0.0000e+00,nan,0.0000e+00
407.0,181.045,8.659,8,0,nan,nan,0.000,0.0,nan,0.0000e+00,nan,0.0000e+00
409.0,181.934,8.702,7,0,nan,nan,0.000,0.0,nan,0.0000e+00,nan,0.0000e+00
411.0,182.824,8.744,5,0,nan,nan,0.000,0.0,nan,0.0000e+00,nan,0.0000e+00
413.0,183.714,8.787,7,0,nan,nan,0.000,0.0,nan,0.0000e+00,nan,0.0000e+00
415.0,184.603,8.829,6,0,nan,nan,0.000,0.0,nan,0.0000e+00,nan,0.0000e+00
417.0,185.493,8.872,3,0,nan,nan,0.000,0.0,nan,0.0000e+00,nan,0.0000e+00
419.0,186.383,8.914,5,0,nan,nan,0.000,0.0,nan,0.0000e+00,nan,0.0000e+00
421.0,187.272,8.957,4,0,nan,nan,0.000,0.0,nan,0.0000e+00,nan,0.0000e+00
423.0,188.162,9.000,3,0,nan,nan,0.000,0.0,nan,0.0000e+00,nan,0.0000e+00
425.0,189.052,9.042,3,0,nan,nan,0.000,0.0,nan,0.0000e+00,nan,0.0000e+00
427.0,189.941,9.085,3,0,nan,nan,0.000,0.0,nan,0.0000e+00,nan,0.0000e+00
429.0,190.831,9.127,1,0,nan,nan,0.000,0.0,nan,0.0000e+00,nan,0.0000e+00
431.0,191.720,9.170,2,0,nan,nan,0.000,0.0,nan,0.0000e+00,nan,0.0000e+00
433.0,192.610,9.212,1,0,nan,nan,0.000,0.0,nan,0.0000e+00,nan,0.0000e+00
435.0,193.500,9.255,1,0,nan,nan,0.000,0.0,nan,0.0000e+00,nan,0.0000e+00
437.0,194.389,9.297,0,0,nan,nan,0.000,0.0,nan,0.0000e+00,nan,0.0000e+00
