dat_prof/radprof/build/rproftxt/UGC04461.de20_smob0.rprof.txt
# %ECSV 0.9
# ---
# datatype:
# - {name: radius, unit: arcsec, datatype: float64, description: Adopting RA=128.3444 deg DEC=52.5323 deg PA=222.8 INC=70.1}
# - {name: r_kpc, unit: kpc, datatype: float64, format: 10.3f, description: Adopting distance of 72.27 Mpc}
# - {name: r_r25, unit: '', datatype: float64, format: 10.3f, description: Adopting R25=41.41 arcsec}
# - {name: npix, datatype: int64}
# - {name: ngood, datatype: int64, description: Requiring fill fraction of 0.1 npix}
# - {name: wtmean, unit: K km / s, datatype: float64, format: 10.3f, description: Replaced blanks with 0 times UGC04461.co.de20_smo.emom0max.fits}
# - {name: rms, unit: K km / s, datatype: float32}
# - {name: annsum, unit: K km pix / s, datatype: float32, format: 10.3f}
# - {name: cumsum, unit: K km pix / s, datatype: float32}
# - {name: detlim, unit: K km / s, datatype: float64, format: 10.3f}
# - {name: cumlum, unit: K km pc2 / s, datatype: float32, format: 10.4e}
# - {name: sigmol, unit: solMass / pc2, datatype: float64, format: 10.3f}
# - {name: cummass, unit: solMass, datatype: float32, format: 10.4e}
# delimiter: ','
# schema: astropy-2.0
radius,r_kpc,r_r25,npix,ngood,wtmean,rms,annsum,cumsum,detlim,cumlum,sigmol,cummass
1.0,0.350,0.024,5,5,15.021,1.1180718,220.651,220.65056,7.287,2.7088e+07,64.590,1.1648e+08
3.0,1.051,0.072,13,13,11.288,2.9553869,431.115,651.7653,4.502,8.0013e+07,48.538,3.4406e+08
5.0,1.752,0.121,20,20,7.400,3.3312104,434.805,1086.5707,3.591,1.3339e+08,31.820,5.7359e+08
7.0,2.453,0.169,32,32,4.773,2.8159447,448.702,1535.273,2.789,1.8848e+08,20.523,8.1045e+08
9.0,3.153,0.217,39,39,3.562,2.1237562,408.168,1943.4406,2.456,2.3858e+08,15.318,1.0259e+09
11.0,3.854,0.266,48,48,2.339,1.6417737,329.774,2273.2144,2.100,2.7907e+08,10.056,1.2000e+09
13.0,4.555,0.314,54,54,2.111,1.2501843,334.906,2608.1204,1.963,3.2018e+08,9.077,1.3768e+09
15.0,5.256,0.362,68,68,1.888,1.0835472,377.203,2985.3235,1.722,3.6649e+08,8.119,1.5759e+09
17.0,5.956,0.411,68,68,1.437,0.9962019,287.065,3272.389,1.711,4.0173e+08,6.179,1.7274e+09
19.0,6.657,0.459,83,82,0.787,0.8555434,191.968,3464.3567,1.549,4.2530e+08,3.385,1.8288e+09
21.0,7.358,0.507,85,71,0.228,0.84198684,56.833,3521.1895,1.528,4.3228e+08,0.979,1.8588e+09
23.0,8.059,0.555,101,67,-0.016,0.8108673,-4.734,3516.455,1.406,4.3169e+08,-0.069,1.8563e+09
25.0,8.759,0.604,106,59,-0.005,0.68023175,-1.583,3514.8718,1.381,4.3150e+08,-0.022,1.8555e+09
27.0,9.460,0.652,114,51,-0.068,0.5972168,-22.876,3491.9956,1.347,4.2869e+08,-0.294,1.8434e+09
29.0,10.161,0.700,128,43,-0.027,0.54741544,-10.229,3481.767,1.287,4.2744e+08,-0.117,1.8380e+09
31.0,10.862,0.749,130,38,-0.032,0.55885714,-12.207,3469.56,1.296,4.2594e+08,-0.137,1.8315e+09
33.0,11.562,0.797,139,27,-0.006,0.394557,-2.250,3467.3096,1.281,4.2566e+08,-0.024,1.8303e+09
35.0,12.263,0.845,150,18,-0.027,0.27042025,-11.944,3455.366,1.260,4.2420e+08,-0.117,1.8240e+09
37.0,12.964,0.893,154,10,nan,nan,0.000,3455.366,1.277,4.2420e+08,nan,1.8240e+09
39.0,13.665,0.942,169,8,nan,nan,0.000,3455.366,1.249,4.2420e+08,nan,1.8240e+09
41.0,14.365,0.990,180,8,nan,nan,0.000,3455.366,1.247,4.2420e+08,nan,1.8240e+09
43.0,15.066,1.038,182,8,nan,nan,0.000,3455.366,1.274,4.2420e+08,nan,1.8240e+09
45.0,15.767,1.087,191,8,nan,nan,0.000,3455.366,1.288,4.2420e+08,nan,1.8240e+09
47.0,16.468,1.135,203,7,nan,nan,0.000,3455.366,1.287,4.2420e+08,nan,1.8240e+09
49.0,17.168,1.183,207,8,nan,nan,0.000,3455.366,1.331,4.2420e+08,nan,1.8240e+09
51.0,17.869,1.232,216,7,nan,nan,0.000,3455.366,1.352,4.2420e+08,nan,1.8240e+09
53.0,18.570,1.280,234,6,nan,nan,0.000,3455.366,1.385,4.2420e+08,nan,1.8240e+09
55.0,19.271,1.328,233,5,nan,nan,0.000,3455.366,1.422,4.2420e+08,nan,1.8240e+09
57.0,19.972,1.376,247,4,nan,nan,0.000,3455.366,1.432,4.2420e+08,nan,1.8240e+09
59.0,20.672,1.425,254,3,nan,nan,0.000,3455.366,1.451,4.2420e+08,nan,1.8240e+09
61.0,21.373,1.473,263,2,nan,nan,0.000,3455.366,1.481,4.2420e+08,nan,1.8240e+09
63.0,22.074,1.521,268,0,nan,nan,0.000,3455.366,1.482,4.2420e+08,nan,1.8240e+09
65.0,22.775,1.570,280,0,nan,nan,0.000,3455.366,1.506,4.2420e+08,nan,1.8240e+09
67.0,23.475,1.618,243,0,nan,nan,0.000,3455.366,1.549,4.2420e+08,nan,1.8240e+09
69.0,24.176,1.666,238,0,nan,nan,0.000,3455.366,1.536,4.2420e+08,nan,1.8240e+09
71.0,24.877,1.714,191,0,nan,nan,0.000,3455.366,1.578,4.2420e+08,nan,1.8240e+09
73.0,25.578,1.763,173,0,nan,nan,0.000,3455.366,1.571,4.2420e+08,nan,1.8240e+09
75.0,26.278,1.811,166,0,nan,nan,0.000,3455.366,1.606,4.2420e+08,nan,1.8240e+09
77.0,26.979,1.859,157,0,nan,nan,0.000,3455.366,1.616,4.2420e+08,nan,1.8240e+09
79.0,27.680,1.908,149,0,nan,nan,0.000,3455.366,1.654,4.2420e+08,nan,1.8240e+09
81.0,28.381,1.956,146,0,nan,nan,0.000,3455.366,1.664,4.2420e+08,nan,1.8240e+09
83.0,29.081,2.004,143,0,nan,nan,0.000,3455.366,1.680,4.2420e+08,nan,1.8240e+09
85.0,29.782,2.053,136,0,nan,nan,0.000,3455.366,1.721,4.2420e+08,nan,1.8240e+09
87.0,30.483,2.101,130,0,nan,nan,0.000,3455.366,1.744,4.2420e+08,nan,1.8240e+09
89.0,31.184,2.149,128,0,nan,nan,0.000,3455.366,1.778,4.2420e+08,nan,1.8240e+09
91.0,31.884,2.197,131,0,nan,nan,0.000,3455.366,1.747,4.2420e+08,nan,1.8240e+09
93.0,32.585,2.246,118,0,nan,nan,0.000,3455.366,1.842,4.2420e+08,nan,1.8240e+09
95.0,33.286,2.294,123,0,nan,nan,0.000,3455.366,1.804,4.2420e+08,nan,1.8240e+09
97.0,33.987,2.342,116,0,nan,nan,0.000,3455.366,1.878,4.2420e+08,nan,1.8240e+09
99.0,34.687,2.391,111,0,nan,nan,0.000,3455.366,1.914,4.2420e+08,nan,1.8240e+09
101.0,35.388,2.439,111,0,nan,nan,0.000,3455.366,1.925,4.2420e+08,nan,1.8240e+09
103.0,36.089,2.487,111,0,nan,nan,0.000,3455.366,1.930,4.2420e+08,nan,1.8240e+09
105.0,36.790,2.536,109,0,nan,nan,0.000,3455.366,1.961,4.2420e+08,nan,1.8240e+09
107.0,37.490,2.584,101,0,nan,nan,0.000,3455.366,2.043,4.2420e+08,nan,1.8240e+09
109.0,38.191,2.632,106,0,nan,nan,0.000,3455.366,2.021,4.2420e+08,nan,1.8240e+09
111.0,38.892,2.680,97,0,nan,nan,0.000,3455.366,2.115,4.2420e+08,nan,1.8240e+09
113.0,39.593,2.729,100,0,nan,nan,0.000,3455.366,2.124,4.2420e+08,nan,1.8240e+09
115.0,40.293,2.777,93,0,nan,nan,0.000,3455.366,2.208,4.2420e+08,nan,1.8240e+09
117.0,40.994,2.825,95,0,nan,nan,0.000,3455.366,2.216,4.2420e+08,nan,1.8240e+09
119.0,41.695,2.874,88,0,nan,nan,0.000,3455.366,2.328,4.2420e+08,nan,1.8240e+09
121.0,42.396,2.922,91,0,nan,nan,0.000,3455.366,2.338,4.2420e+08,nan,1.8240e+09
123.0,43.096,2.970,85,0,nan,nan,0.000,3455.366,2.431,4.2420e+08,nan,1.8240e+09
125.0,43.797,3.018,82,0,nan,nan,0.000,3455.366,2.512,4.2420e+08,nan,1.8240e+09
127.0,44.498,3.067,84,0,nan,nan,0.000,3455.366,2.565,4.2420e+08,nan,1.8240e+09
129.0,45.199,3.115,77,0,nan,nan,0.000,3455.366,2.711,4.2420e+08,nan,1.8240e+09
131.0,45.899,3.163,78,0,nan,nan,0.000,3455.366,2.766,4.2420e+08,nan,1.8240e+09
133.0,46.600,3.212,75,0,nan,nan,0.000,3455.366,2.865,4.2420e+08,nan,1.8240e+09
135.0,47.301,3.260,71,0,nan,nan,0.000,3455.366,3.056,4.2420e+08,nan,1.8240e+09
137.0,48.002,3.308,72,0,nan,nan,0.000,3455.366,3.152,4.2420e+08,nan,1.8240e+09
139.0,48.702,3.357,67,0,nan,nan,0.000,3455.366,3.428,4.2420e+08,nan,1.8240e+09
141.0,49.403,3.405,67,0,nan,nan,0.000,3455.366,3.587,4.2420e+08,nan,1.8240e+09
143.0,50.104,3.453,63,0,nan,nan,0.000,3455.366,4.084,4.2420e+08,nan,1.8240e+09
145.0,50.805,3.501,61,0,nan,nan,0.000,3455.366,4.518,4.2420e+08,nan,1.8240e+09
147.0,51.505,3.550,59,0,nan,nan,0.000,3455.366,5.691,4.2420e+08,nan,1.8240e+09
149.0,52.206,3.598,58,0,nan,nan,0.000,3455.366,10.465,4.2420e+08,nan,1.8240e+09
151.0,52.907,3.646,51,0,nan,nan,0.000,3455.366,nan,4.2420e+08,nan,1.8240e+09
153.0,53.608,3.695,53,0,nan,nan,0.000,3455.366,nan,4.2420e+08,nan,1.8240e+09
155.0,54.308,3.743,52,0,nan,nan,0.000,3455.366,nan,4.2420e+08,nan,1.8240e+09
157.0,55.009,3.791,51,0,nan,nan,0.000,3455.366,nan,4.2420e+08,nan,1.8240e+09
159.0,55.710,3.840,48,0,nan,nan,0.000,3455.366,nan,4.2420e+08,nan,1.8240e+09
161.0,56.411,3.888,44,0,nan,nan,0.000,3455.366,nan,4.2420e+08,nan,1.8240e+09
163.0,57.111,3.936,43,0,nan,nan,0.000,3455.366,nan,4.2420e+08,nan,1.8240e+09
165.0,57.812,3.984,43,0,nan,nan,0.000,3455.366,nan,4.2420e+08,nan,1.8240e+09
167.0,58.513,4.033,41,0,nan,nan,0.000,3455.366,nan,4.2420e+08,nan,1.8240e+09
169.0,59.214,4.081,40,0,nan,nan,0.000,3455.366,nan,4.2420e+08,nan,1.8240e+09
171.0,59.915,4.129,37,0,nan,nan,0.000,3455.366,nan,4.2420e+08,nan,1.8240e+09
173.0,60.615,4.178,36,0,nan,nan,0.000,3455.366,nan,4.2420e+08,nan,1.8240e+09
175.0,61.316,4.226,33,0,nan,nan,0.000,3455.366,nan,4.2420e+08,nan,1.8240e+09
177.0,62.017,4.274,31,0,nan,nan,0.000,3455.366,nan,4.2420e+08,nan,1.8240e+09
179.0,62.718,4.322,29,0,nan,nan,0.000,3455.366,nan,4.2420e+08,nan,1.8240e+09
181.0,63.418,4.371,27,0,nan,nan,0.000,3455.366,nan,4.2420e+08,nan,1.8240e+09
183.0,64.119,4.419,25,0,nan,nan,0.000,3455.366,nan,4.2420e+08,nan,1.8240e+09
185.0,64.820,4.467,23,0,nan,nan,0.000,3455.366,nan,4.2420e+08,nan,1.8240e+09
187.0,65.521,4.516,21,0,nan,nan,0.000,3455.366,nan,4.2420e+08,nan,1.8240e+09
189.0,66.221,4.564,18,0,nan,nan,0.000,3455.366,nan,4.2420e+08,nan,1.8240e+09
191.0,66.922,4.612,17,0,nan,nan,0.000,3455.366,nan,4.2420e+08,nan,1.8240e+09
193.0,67.623,4.661,15,0,nan,nan,0.000,3455.366,nan,4.2420e+08,nan,1.8240e+09
195.0,68.324,4.709,13,0,nan,nan,0.000,3455.366,nan,4.2420e+08,nan,1.8240e+09
197.0,69.024,4.757,12,0,nan,nan,0.000,3455.366,nan,4.2420e+08,nan,1.8240e+09
199.0,69.725,4.805,10,0,nan,nan,0.000,3455.366,nan,4.2420e+08,nan,1.8240e+09
201.0,70.426,4.854,8,0,nan,nan,0.000,3455.366,nan,4.2420e+08,nan,1.8240e+09
203.0,71.127,4.902,7,0,nan,nan,0.000,3455.366,nan,4.2420e+08,nan,1.8240e+09
205.0,71.827,4.950,5,0,nan,nan,0.000,3455.366,nan,4.2420e+08,nan,1.8240e+09
207.0,72.528,4.999,3,0,nan,nan,0.000,3455.366,nan,4.2420e+08,nan,1.8240e+09
209.0,73.229,5.047,1,0,nan,nan,0.000,3455.366,nan,4.2420e+08,nan,1.8240e+09
