dat_prof/radprof/build/rproftxt/UGC09665.smo7_smob0.rprof.txt
# %ECSV 0.9
# ---
# datatype:
# - {name: radius, unit: arcsec, datatype: float64, description: Adopting RA=225.3852 deg DEC=48.3198 deg PA=138.2 INC=74.0}
# - {name: r_kpc, unit: kpc, datatype: float64, format: 10.3f, description: Adopting distance of 36.54 Mpc}
# - {name: r_r25, unit: '', datatype: float64, format: 10.3f, description: Adopting R25=50.83 arcsec}
# - {name: npix, datatype: int64}
# - {name: ngood, datatype: int64, description: Requiring fill fraction of 0.1 npix}
# - {name: wtmean, unit: K km / s, datatype: float64, format: 10.3f, description: Replaced blanks with 0 times UGC09665.co.smo7_smo.emom0max.fits}
# - {name: rms, unit: K km / s, datatype: float32}
# - {name: annsum, unit: K km pix / s, datatype: float32, format: 10.3f}
# - {name: cumsum, unit: K km pix / s, datatype: float32}
# - {name: detlim, unit: K km / s, datatype: float64, format: 10.3f}
# - {name: cumlum, unit: K km pc2 / s, datatype: float32, format: 10.4e}
# - {name: sigmol, unit: solMass / pc2, datatype: float64, format: 10.3f}
# - {name: cummass, unit: solMass, datatype: float32, format: 10.4e}
# delimiter: ','
# schema: astropy-2.0
radius,r_kpc,r_r25,npix,ngood,wtmean,rms,annsum,cumsum,detlim,cumlum,sigmol,cummass
1.5,0.266,0.030,8,8,6.812,0.1507425,197.709,197.70874,4.008,6.2049e+06,29.292,2.6681e+07
4.5,0.797,0.089,25,25,6.156,0.4224113,558.312,756.0204,2.239,2.3727e+07,26.469,1.0203e+08
7.5,1.329,0.148,38,38,5.273,0.47128287,726.984,1483.004,1.789,4.6543e+07,22.675,2.0013e+08
10.5,1.860,0.207,51,51,4.442,0.5232395,821.923,2304.927,1.524,7.2338e+07,19.102,3.1105e+08
13.5,2.392,0.266,65,65,3.573,0.6821882,842.665,3147.5923,1.348,9.8784e+07,15.366,4.2477e+08
16.5,2.923,0.325,97,97,2.708,0.7093209,952.968,4100.5605,1.088,1.2869e+08,11.644,5.5337e+08
19.5,3.455,0.384,102,102,1.812,0.6956149,670.673,4771.2334,1.057,1.4974e+08,7.793,6.4388e+08
22.5,3.986,0.443,114,114,1.186,0.69394344,490.398,5261.632,0.973,1.6513e+08,5.099,7.1006e+08
25.5,4.517,0.502,132,132,0.778,0.6478917,372.384,5634.016,0.899,1.7682e+08,3.344,7.6032e+08
28.5,5.049,0.561,146,146,0.440,0.5746329,233.062,5867.0776,0.866,1.8413e+08,1.892,7.9177e+08
31.5,5.580,0.620,164,164,0.226,0.5542034,134.357,6001.4346,0.826,1.8835e+08,0.971,8.0990e+08
34.5,6.112,0.679,185,173,0.069,0.6102352,46.435,6047.8696,0.802,1.8981e+08,0.297,8.1617e+08
37.5,6.643,0.738,190,152,-0.052,0.56040835,-35.729,6012.141,0.815,1.8868e+08,-0.223,8.1134e+08
40.5,7.175,0.797,208,122,-0.033,0.45004734,-25.183,5986.9585,0.814,1.8789e+08,-0.144,8.0795e+08
43.5,7.706,0.856,221,113,-0.020,0.38963813,-15.906,5971.0527,0.825,1.8740e+08,-0.085,8.0580e+08
46.5,8.238,0.915,247,105,0.001,0.3245589,1.287,5972.34,0.818,1.8744e+08,0.006,8.0597e+08
49.5,8.769,0.974,262,68,0.009,0.24601585,8.648,5980.988,0.837,1.8771e+08,0.039,8.0714e+08
52.5,9.301,1.033,274,36,0.014,0.1375536,14.052,5995.0396,0.883,1.8815e+08,0.061,8.0904e+08
55.5,9.832,1.092,288,26,nan,nan,0.000,5995.0396,0.927,1.8815e+08,nan,8.0904e+08
58.5,10.364,1.151,299,18,nan,nan,0.000,5995.0396,0.956,1.8815e+08,nan,8.0904e+08
61.5,10.895,1.210,314,13,nan,nan,0.000,5995.0396,0.961,1.8815e+08,nan,8.0904e+08
64.5,11.427,1.269,352,7,nan,nan,0.000,5995.0396,0.938,1.8815e+08,nan,8.0904e+08
67.5,11.958,1.328,345,0,nan,nan,0.000,5995.0396,0.989,1.8815e+08,nan,8.0904e+08
70.5,12.489,1.387,362,0,nan,nan,0.000,5995.0396,0.995,1.8815e+08,nan,8.0904e+08
73.5,13.021,1.446,374,0,nan,nan,0.000,5995.0396,1.025,1.8815e+08,nan,8.0904e+08
76.5,13.552,1.505,393,0,nan,nan,0.000,5995.0396,1.029,1.8815e+08,nan,8.0904e+08
79.5,14.084,1.564,425,0,nan,nan,0.000,5995.0396,0.984,1.8815e+08,nan,8.0904e+08
82.5,14.615,1.623,433,0,nan,nan,0.000,5995.0396,1.023,1.8815e+08,nan,8.0904e+08
85.5,15.147,1.682,441,0,nan,nan,0.000,5995.0396,1.070,1.8815e+08,nan,8.0904e+08
88.5,15.678,1.741,457,0,nan,nan,0.000,5995.0396,1.076,1.8815e+08,nan,8.0904e+08
91.5,16.210,1.800,467,0,nan,nan,0.000,5995.0396,1.095,1.8815e+08,nan,8.0904e+08
94.5,16.741,1.859,505,0,nan,nan,0.000,5995.0396,1.036,1.8815e+08,nan,8.0904e+08
97.5,17.273,1.918,510,0,nan,nan,0.000,5995.0396,1.087,1.8815e+08,nan,8.0904e+08
100.5,17.804,1.977,516,0,nan,nan,0.000,5995.0396,1.110,1.8815e+08,nan,8.0904e+08
103.5,18.336,2.036,518,0,nan,nan,0.000,5995.0396,1.154,1.8815e+08,nan,8.0904e+08
106.5,18.867,2.095,475,0,nan,nan,0.000,5995.0396,1.172,1.8815e+08,nan,8.0904e+08
109.5,19.398,2.154,466,0,nan,nan,0.000,5995.0396,1.121,1.8815e+08,nan,8.0904e+08
112.5,19.930,2.213,444,0,nan,nan,0.000,5995.0396,1.149,1.8815e+08,nan,8.0904e+08
115.5,20.461,2.272,403,0,nan,nan,0.000,5995.0396,1.198,1.8815e+08,nan,8.0904e+08
118.5,20.993,2.331,354,0,nan,nan,0.000,5995.0396,1.237,1.8815e+08,nan,8.0904e+08
121.5,21.524,2.390,348,0,nan,nan,0.000,5995.0396,1.243,1.8815e+08,nan,8.0904e+08
124.5,22.056,2.449,331,0,nan,nan,0.000,5995.0396,1.248,1.8815e+08,nan,8.0904e+08
127.5,22.587,2.508,342,0,nan,nan,0.000,5995.0396,1.214,1.8815e+08,nan,8.0904e+08
130.5,23.119,2.567,311,0,nan,nan,0.000,5995.0396,1.298,1.8815e+08,nan,8.0904e+08
133.5,23.650,2.626,301,0,nan,nan,0.000,5995.0396,1.342,1.8815e+08,nan,8.0904e+08
136.5,24.182,2.685,295,0,nan,nan,0.000,5995.0396,1.365,1.8815e+08,nan,8.0904e+08
139.5,24.713,2.744,291,0,nan,nan,0.000,5995.0396,1.372,1.8815e+08,nan,8.0904e+08
142.5,25.245,2.803,298,0,nan,nan,0.000,5995.0396,1.333,1.8815e+08,nan,8.0904e+08
145.5,25.776,2.862,284,0,nan,nan,0.000,5995.0396,1.442,1.8815e+08,nan,8.0904e+08
148.5,26.308,2.921,270,0,nan,nan,0.000,5995.0396,1.483,1.8815e+08,nan,8.0904e+08
151.5,26.839,2.981,260,0,nan,nan,0.000,5995.0396,1.515,1.8815e+08,nan,8.0904e+08
154.5,27.370,3.040,260,0,nan,nan,0.000,5995.0396,1.557,1.8815e+08,nan,8.0904e+08
157.5,27.902,3.099,274,0,nan,nan,0.000,5995.0396,1.518,1.8815e+08,nan,8.0904e+08
160.5,28.433,3.158,261,0,nan,nan,0.000,5995.0396,1.610,1.8815e+08,nan,8.0904e+08
163.5,28.965,3.217,248,0,nan,nan,0.000,5995.0396,1.666,1.8815e+08,nan,8.0904e+08
166.5,29.496,3.276,240,0,nan,nan,0.000,5995.0396,1.733,1.8815e+08,nan,8.0904e+08
169.5,30.028,3.335,231,0,nan,nan,0.000,5995.0396,1.810,1.8815e+08,nan,8.0904e+08
172.5,30.559,3.394,254,0,nan,nan,0.000,5995.0396,1.793,1.8815e+08,nan,8.0904e+08
175.5,31.091,3.453,238,0,nan,nan,0.000,5995.0396,1.906,1.8815e+08,nan,8.0904e+08
178.5,31.622,3.512,229,0,nan,nan,0.000,5995.0396,1.968,1.8815e+08,nan,8.0904e+08
181.5,32.154,3.571,219,0,nan,nan,0.000,5995.0396,2.069,1.8815e+08,nan,8.0904e+08
184.5,32.685,3.630,216,0,nan,nan,0.000,5995.0396,2.177,1.8815e+08,nan,8.0904e+08
187.5,33.217,3.689,228,0,nan,nan,0.000,5995.0396,2.351,1.8815e+08,nan,8.0904e+08
190.5,33.748,3.748,222,0,nan,nan,0.000,5995.0396,2.451,1.8815e+08,nan,8.0904e+08
193.5,34.280,3.807,214,0,nan,nan,0.000,5995.0396,2.607,1.8815e+08,nan,8.0904e+08
196.5,34.811,3.866,206,0,nan,nan,0.000,5995.0396,2.852,1.8815e+08,nan,8.0904e+08
199.5,35.342,3.925,191,0,nan,nan,0.000,5995.0396,3.304,1.8815e+08,nan,8.0904e+08
202.5,35.874,3.984,200,0,nan,nan,0.000,5995.0396,4.009,1.8815e+08,nan,8.0904e+08
205.5,36.405,4.043,218,0,nan,nan,0.000,5995.0396,10.132,1.8815e+08,nan,8.0904e+08
208.5,36.937,4.102,192,0,nan,nan,0.000,5995.0396,nan,1.8815e+08,nan,8.0904e+08
211.5,37.468,4.161,185,0,nan,nan,0.000,5995.0396,nan,1.8815e+08,nan,8.0904e+08
214.5,38.000,4.220,182,0,nan,nan,0.000,5995.0396,nan,1.8815e+08,nan,8.0904e+08
217.5,38.531,4.279,181,0,nan,nan,0.000,5995.0396,nan,1.8815e+08,nan,8.0904e+08
220.5,39.063,4.338,201,0,nan,nan,0.000,5995.0396,nan,1.8815e+08,nan,8.0904e+08
223.5,39.594,4.397,175,0,nan,nan,0.000,5995.0396,nan,1.8815e+08,nan,8.0904e+08
226.5,40.126,4.456,172,0,nan,nan,0.000,5995.0396,nan,1.8815e+08,nan,8.0904e+08
229.5,40.657,4.515,166,0,nan,nan,0.000,5995.0396,nan,1.8815e+08,nan,8.0904e+08
232.5,41.189,4.574,162,0,nan,nan,0.000,5995.0396,nan,1.8815e+08,nan,8.0904e+08
235.5,41.720,4.633,180,0,nan,nan,0.000,5995.0396,nan,1.8815e+08,nan,8.0904e+08
238.5,42.252,4.692,165,0,nan,nan,0.000,5995.0396,nan,1.8815e+08,nan,8.0904e+08
241.5,42.783,4.751,160,0,nan,nan,0.000,5995.0396,nan,1.8815e+08,nan,8.0904e+08
244.5,43.314,4.810,153,0,nan,nan,0.000,5995.0396,nan,1.8815e+08,nan,8.0904e+08
247.5,43.846,4.869,149,0,nan,nan,0.000,5995.0396,nan,1.8815e+08,nan,8.0904e+08
250.5,44.377,4.928,153,0,nan,nan,0.000,5995.0396,nan,1.8815e+08,nan,8.0904e+08
253.5,44.909,4.987,152,0,nan,nan,0.000,5995.0396,nan,1.8815e+08,nan,8.0904e+08
256.5,45.440,5.046,146,0,nan,nan,0.000,5995.0396,nan,1.8815e+08,nan,8.0904e+08
259.5,45.972,5.105,140,0,nan,nan,0.000,5995.0396,nan,1.8815e+08,nan,8.0904e+08
262.5,46.503,5.164,136,0,nan,nan,0.000,5995.0396,nan,1.8815e+08,nan,8.0904e+08
265.5,47.035,5.223,134,0,nan,nan,0.000,5995.0396,nan,1.8815e+08,nan,8.0904e+08
268.5,47.566,5.282,135,0,nan,nan,0.000,5995.0396,nan,1.8815e+08,nan,8.0904e+08
271.5,48.098,5.341,133,0,nan,nan,0.000,5995.0396,nan,1.8815e+08,nan,8.0904e+08
274.5,48.629,5.400,126,0,nan,nan,0.000,5995.0396,nan,1.8815e+08,nan,8.0904e+08
277.5,49.161,5.459,124,0,nan,nan,0.000,5995.0396,nan,1.8815e+08,nan,8.0904e+08
280.5,49.692,5.518,119,0,nan,nan,0.000,5995.0396,nan,1.8815e+08,nan,8.0904e+08
283.5,50.223,5.577,114,0,nan,nan,0.000,5995.0396,nan,1.8815e+08,nan,8.0904e+08
286.5,50.755,5.636,120,0,nan,nan,0.000,5995.0396,nan,1.8815e+08,nan,8.0904e+08
289.5,51.286,5.695,114,0,nan,nan,0.000,5995.0396,nan,1.8815e+08,nan,8.0904e+08
292.5,51.818,5.754,110,0,nan,nan,0.000,5995.0396,nan,1.8815e+08,nan,8.0904e+08
295.5,52.349,5.813,106,0,nan,nan,0.000,5995.0396,nan,1.8815e+08,nan,8.0904e+08
298.5,52.881,5.873,105,0,nan,nan,0.000,5995.0396,nan,1.8815e+08,nan,8.0904e+08
301.5,53.412,5.932,97,0,nan,nan,0.000,5995.0396,nan,1.8815e+08,nan,8.0904e+08
304.5,53.944,5.991,97,0,nan,nan,0.000,5995.0396,nan,1.8815e+08,nan,8.0904e+08
307.5,54.475,6.050,98,0,nan,nan,0.000,5995.0396,nan,1.8815e+08,nan,8.0904e+08
310.5,55.007,6.109,93,0,nan,nan,0.000,5995.0396,nan,1.8815e+08,nan,8.0904e+08
313.5,55.538,6.168,91,0,nan,nan,0.000,5995.0396,nan,1.8815e+08,nan,8.0904e+08
316.5,56.070,6.227,87,0,nan,nan,0.000,5995.0396,nan,1.8815e+08,nan,8.0904e+08
319.5,56.601,6.286,83,0,nan,nan,0.000,5995.0396,nan,1.8815e+08,nan,8.0904e+08
322.5,57.133,6.345,80,0,nan,nan,0.000,5995.0396,nan,1.8815e+08,nan,8.0904e+08
325.5,57.664,6.404,75,0,nan,nan,0.000,5995.0396,nan,1.8815e+08,nan,8.0904e+08
328.5,58.195,6.463,77,0,nan,nan,0.000,5995.0396,nan,1.8815e+08,nan,8.0904e+08
331.5,58.727,6.522,76,0,nan,nan,0.000,5995.0396,nan,1.8815e+08,nan,8.0904e+08
334.5,59.258,6.581,68,0,nan,nan,0.000,5995.0396,nan,1.8815e+08,nan,8.0904e+08
337.5,59.790,6.640,68,0,nan,nan,0.000,5995.0396,nan,1.8815e+08,nan,8.0904e+08
340.5,60.321,6.699,63,0,nan,nan,0.000,5995.0396,nan,1.8815e+08,nan,8.0904e+08
343.5,60.853,6.758,63,0,nan,nan,0.000,5995.0396,nan,1.8815e+08,nan,8.0904e+08
346.5,61.384,6.817,55,0,nan,nan,0.000,5995.0396,nan,1.8815e+08,nan,8.0904e+08
349.5,61.916,6.876,55,0,nan,nan,0.000,5995.0396,nan,1.8815e+08,nan,8.0904e+08
352.5,62.447,6.935,54,0,nan,nan,0.000,5995.0396,nan,1.8815e+08,nan,8.0904e+08
355.5,62.979,6.994,52,0,nan,nan,0.000,5995.0396,nan,1.8815e+08,nan,8.0904e+08
358.5,63.510,7.053,47,0,nan,nan,0.000,5995.0396,nan,1.8815e+08,nan,8.0904e+08
361.5,64.042,7.112,46,0,nan,nan,0.000,5995.0396,nan,1.8815e+08,nan,8.0904e+08
364.5,64.573,7.171,41,0,nan,nan,0.000,5995.0396,nan,1.8815e+08,nan,8.0904e+08
367.5,65.105,7.230,39,0,nan,nan,0.000,5995.0396,nan,1.8815e+08,nan,8.0904e+08
370.5,65.636,7.289,34,0,nan,nan,0.000,5995.0396,nan,1.8815e+08,nan,8.0904e+08
373.5,66.167,7.348,33,0,nan,nan,0.000,5995.0396,nan,1.8815e+08,nan,8.0904e+08
376.5,66.699,7.407,32,0,nan,nan,0.000,5995.0396,nan,1.8815e+08,nan,8.0904e+08
379.5,67.230,7.466,29,0,nan,nan,0.000,5995.0396,nan,1.8815e+08,nan,8.0904e+08
382.5,67.762,7.525,25,0,nan,nan,0.000,5995.0396,nan,1.8815e+08,nan,8.0904e+08
385.5,68.293,7.584,23,0,nan,nan,0.000,5995.0396,nan,1.8815e+08,nan,8.0904e+08
388.5,68.825,7.643,20,0,nan,nan,0.000,5995.0396,nan,1.8815e+08,nan,8.0904e+08
391.5,69.356,7.702,17,0,nan,nan,0.000,5995.0396,nan,1.8815e+08,nan,8.0904e+08
394.5,69.888,7.761,12,0,nan,nan,0.000,5995.0396,nan,1.8815e+08,nan,8.0904e+08
397.5,70.419,7.820,10,0,nan,nan,0.000,5995.0396,nan,1.8815e+08,nan,8.0904e+08
400.5,70.951,7.879,9,0,nan,nan,0.000,5995.0396,nan,1.8815e+08,nan,8.0904e+08
403.5,71.482,7.938,8,0,nan,nan,0.000,5995.0396,nan,1.8815e+08,nan,8.0904e+08
406.5,72.014,7.997,3,0,nan,nan,0.000,5995.0396,nan,1.8815e+08,nan,8.0904e+08
409.5,72.545,8.056,0,0,nan,nan,0.000,5995.0396,nan,1.8815e+08,nan,8.0904e+08
