dat_prof/radprof/build/rproftxt/UGC07012.de20_smob1.rprof.txt
# %ECSV 0.9
# ---
# datatype:
# - {name: radius, unit: arcsec, datatype: float64, description: Adopting RA=180.5131 deg DEC=29.8481 deg PA=184.1 INC=60.5}
# - {name: r_kpc, unit: kpc, datatype: float64, format: 10.3f, description: Adopting distance of 44.28 Mpc}
# - {name: r_r25, unit: '', datatype: float64, format: 10.3f, description: Adopting R25=32.44 arcsec}
# - {name: npix, datatype: int64}
# - {name: ngood, datatype: int64, description: Requiring fill fraction of 0.1 npix}
# - {name: wtmean, unit: K km / s, datatype: float64, format: 10.3f, description: Replaced blanks with 1 times UGC07012.co.de20_smo.emom0max.fits}
# - {name: rms, unit: K km / s, datatype: float32}
# - {name: annsum, unit: K km pix / s, datatype: float32, format: 10.3f}
# - {name: cumsum, unit: K km pix / s, datatype: float32}
# - {name: detlim, unit: K km / s, datatype: float64, format: 10.3f}
# - {name: cumlum, unit: K km pc2 / s, datatype: float32, format: 10.4e}
# - {name: sigmol, unit: solMass / pc2, datatype: float64, format: 10.3f}
# - {name: cummass, unit: solMass, datatype: float32, format: 10.4e}
# delimiter: ','
# schema: astropy-2.0
radius,r_kpc,r_r25,npix,ngood,wtmean,rms,annsum,cumsum,detlim,cumlum,sigmol,cummass
1.0,0.215,0.031,7,7,4.279,1.3200083,60.835,60.83458,7.231,2.8034e+06,18.402,1.2055e+07
3.0,0.644,0.092,19,19,2.929,1.4515831,113.016,173.85063,4.342,8.0114e+06,12.595,3.4449e+07
5.0,1.073,0.154,32,32,2.598,1.0030352,168.831,342.68152,3.306,1.5791e+07,11.171,6.7903e+07
7.0,1.503,0.216,44,44,2.112,0.7794967,188.728,531.40955,2.801,2.4488e+07,9.082,1.0530e+08
9.0,1.932,0.277,54,54,1.723,0.62347734,188.915,720.325,2.531,3.3194e+07,7.408,1.4273e+08
11.0,2.361,0.339,69,69,1.394,0.44480065,195.390,915.7151,2.236,4.2198e+07,5.996,1.8145e+08
13.0,2.791,0.401,81,79,1.353,0.44259262,222.494,1138.209,2.079,5.2451e+07,5.816,2.2554e+08
15.0,3.220,0.462,92,84,1.170,0.28639108,218.512,1356.7213,1.967,6.2521e+07,5.029,2.6884e+08
17.0,3.649,0.524,105,75,1.209,0.27795675,257.872,1614.5938,1.859,7.4404e+07,5.200,3.1994e+08
19.0,4.079,0.586,122,50,1.269,0.19749294,314.440,1929.0336,1.745,8.8894e+07,5.457,3.8224e+08
21.0,4.508,0.647,127,38,1.320,0.1767246,340.429,2269.4624,1.733,1.0458e+08,5.676,4.4970e+08
23.0,4.937,0.709,144,37,1.342,0.1834485,392.530,2661.9927,1.648,1.2267e+08,5.772,5.2748e+08
25.0,5.367,0.771,152,37,1.381,0.19548444,426.166,3088.159,1.633,1.4231e+08,5.937,6.1193e+08
27.0,5.796,0.832,168,24,1.438,0.16550621,490.437,3578.5957,1.578,1.6491e+08,6.181,7.0911e+08
29.0,6.225,0.894,179,23,1.464,0.17298968,532.244,4110.84,1.556,1.8944e+08,6.296,8.1458e+08
31.0,6.655,0.956,194,21,1.504,0.18909231,592.629,4703.469,1.531,2.1675e+08,6.468,9.3201e+08
33.0,7.084,1.017,204,18,nan,nan,0.000,4703.469,1.524,2.1675e+08,nan,9.3201e+08
35.0,7.513,1.079,214,18,nan,nan,0.000,4703.469,1.525,2.1675e+08,nan,9.3201e+08
37.0,7.943,1.140,234,19,nan,nan,0.000,4703.469,1.498,2.1675e+08,nan,9.3201e+08
39.0,8.372,1.202,243,17,nan,nan,0.000,4703.469,1.514,2.1675e+08,nan,9.3201e+08
41.0,8.801,1.264,250,17,nan,nan,0.000,4703.469,1.537,2.1675e+08,nan,9.3201e+08
43.0,9.231,1.325,268,16,nan,nan,0.000,4703.469,1.538,2.1675e+08,nan,9.3201e+08
45.0,9.660,1.387,277,14,nan,nan,0.000,4703.469,1.565,2.1675e+08,nan,9.3201e+08
47.0,10.089,1.449,291,13,nan,nan,0.000,4703.469,1.580,2.1675e+08,nan,9.3201e+08
49.0,10.519,1.510,299,13,nan,nan,0.000,4703.469,1.619,2.1675e+08,nan,9.3201e+08
51.0,10.948,1.572,286,13,nan,nan,0.000,4703.469,1.684,2.1675e+08,nan,9.3201e+08
53.0,11.377,1.634,258,13,nan,nan,0.000,4703.469,1.742,2.1675e+08,nan,9.3201e+08
55.0,11.807,1.695,249,13,nan,nan,0.000,4703.469,1.792,2.1675e+08,nan,9.3201e+08
57.0,12.236,1.757,238,8,nan,nan,0.000,4703.469,1.862,2.1675e+08,nan,9.3201e+08
59.0,12.665,1.819,238,8,nan,nan,0.000,4703.469,1.877,2.1675e+08,nan,9.3201e+08
61.0,13.095,1.880,233,0,nan,nan,0.000,4703.469,1.923,2.1675e+08,nan,9.3201e+08
63.0,13.524,1.942,227,0,nan,nan,0.000,4703.469,1.986,2.1675e+08,nan,9.3201e+08
65.0,13.953,2.004,226,0,nan,nan,0.000,4703.469,2.025,2.1675e+08,nan,9.3201e+08
67.0,14.383,2.065,220,0,nan,nan,0.000,4703.469,2.088,2.1675e+08,nan,9.3201e+08
69.0,14.812,2.127,222,0,nan,nan,0.000,4703.469,2.133,2.1675e+08,nan,9.3201e+08
71.0,15.241,2.188,220,0,nan,nan,0.000,4703.469,2.193,2.1675e+08,nan,9.3201e+08
73.0,15.671,2.250,216,0,nan,nan,0.000,4703.469,2.267,2.1675e+08,nan,9.3201e+08
75.0,16.100,2.312,214,0,nan,nan,0.000,4703.469,2.333,2.1675e+08,nan,9.3201e+08
77.0,16.529,2.373,218,0,nan,nan,0.000,4703.469,2.410,2.1675e+08,nan,9.3201e+08
79.0,16.959,2.435,212,0,nan,nan,0.000,4703.469,2.475,2.1675e+08,nan,9.3201e+08
81.0,17.388,2.497,215,0,nan,nan,0.000,4703.469,2.599,2.1675e+08,nan,9.3201e+08
83.0,17.817,2.558,210,0,nan,nan,0.000,4703.469,2.661,2.1675e+08,nan,9.3201e+08
85.0,18.247,2.620,210,0,nan,nan,0.000,4703.469,2.826,2.1675e+08,nan,9.3201e+08
87.0,18.676,2.682,212,0,nan,nan,0.000,4703.469,2.947,2.1675e+08,nan,9.3201e+08
89.0,19.105,2.743,212,0,nan,nan,0.000,4703.469,3.062,2.1675e+08,nan,9.3201e+08
91.0,19.535,2.805,207,0,nan,nan,0.000,4703.469,3.247,2.1675e+08,nan,9.3201e+08
93.0,19.964,2.867,205,0,nan,nan,0.000,4703.469,3.511,2.1675e+08,nan,9.3201e+08
95.0,20.393,2.928,210,0,nan,nan,0.000,4703.469,3.776,2.1675e+08,nan,9.3201e+08
97.0,20.823,2.990,208,0,nan,nan,0.000,4703.469,4.244,2.1675e+08,nan,9.3201e+08
99.0,21.252,3.052,206,0,nan,nan,0.000,4703.469,5.094,2.1675e+08,nan,9.3201e+08
101.0,21.681,3.113,190,0,nan,nan,0.000,4703.469,6.537,2.1675e+08,nan,9.3201e+08
103.0,22.111,3.175,150,0,nan,nan,0.000,4703.469,10.942,2.1675e+08,nan,9.3201e+08
105.0,22.540,3.236,105,0,nan,nan,0.000,4703.469,nan,2.1675e+08,nan,9.3201e+08
107.0,22.969,3.298,74,0,nan,nan,0.000,4703.469,nan,2.1675e+08,nan,9.3201e+08
109.0,23.399,3.360,51,0,nan,nan,0.000,4703.469,nan,2.1675e+08,nan,9.3201e+08
111.0,23.828,3.421,36,0,nan,nan,0.000,4703.469,nan,2.1675e+08,nan,9.3201e+08
113.0,24.257,3.483,27,0,nan,nan,0.000,4703.469,nan,2.1675e+08,nan,9.3201e+08
115.0,24.687,3.545,17,0,nan,nan,0.000,4703.469,nan,2.1675e+08,nan,9.3201e+08
117.0,25.116,3.606,8,0,nan,nan,0.000,4703.469,nan,2.1675e+08,nan,9.3201e+08
119.0,25.545,3.668,1,0,nan,nan,0.000,4703.469,nan,2.1675e+08,nan,9.3201e+08
