dat_prof/radprof/build/rproftxt/UGC09759.smo7_smob1.rprof.txt
# %ECSV 0.9
# ---
# datatype:
# - {name: radius, unit: arcsec, datatype: float64, description: Adopting RA=227.6704 deg DEC=55.3504 deg PA=49.7 INC=66.8}
# - {name: r_kpc, unit: kpc, datatype: float64, format: 10.3f, description: Adopting distance of 49.25 Mpc}
# - {name: r_r25, unit: '', datatype: float64, format: 10.3f, description: Adopting R25=40.01 arcsec}
# - {name: npix, datatype: int64}
# - {name: ngood, datatype: int64, description: Requiring fill fraction of 0.1 npix}
# - {name: wtmean, unit: K km / s, datatype: float64, format: 10.3f, description: Replaced blanks with 1 times UGC09759.co.smo7_smo.emom0max.fits}
# - {name: rms, unit: K km / s, datatype: float32}
# - {name: annsum, unit: K km pix / s, datatype: float32, format: 10.3f}
# - {name: cumsum, unit: K km pix / s, datatype: float32}
# - {name: detlim, unit: K km / s, datatype: float64, format: 10.3f}
# - {name: cumlum, unit: K km pc2 / s, datatype: float32, format: 10.4e}
# - {name: sigmol, unit: solMass / pc2, datatype: float64, format: 10.3f}
# - {name: cummass, unit: solMass, datatype: float32, format: 10.4e}
# delimiter: ','
# schema: astropy-2.0
radius,r_kpc,r_r25,npix,ngood,wtmean,rms,annsum,cumsum,detlim,cumlum,sigmol,cummass
1.5,0.358,0.037,12,12,14.635,2.0787723,445.808,445.80804,4.790,2.5416e+07,62.931,1.0929e+08
4.5,1.074,0.112,34,34,11.411,4.151485,984.825,1430.633,2.837,8.1562e+07,49.066,3.5072e+08
7.5,1.791,0.187,56,56,7.336,4.4114184,1042.808,2473.4412,2.173,1.4101e+08,31.544,6.0636e+08
10.5,2.507,0.262,76,76,4.430,3.6025162,854.701,3328.1418,1.798,1.8974e+08,19.050,8.1588e+08
13.5,3.223,0.337,102,102,2.554,2.2236326,661.272,3989.4136,1.458,2.2744e+08,10.982,9.7799e+08
16.5,3.940,0.412,118,118,1.531,1.1288332,458.599,4448.0127,1.290,2.5359e+08,6.583,1.0904e+09
19.5,4.656,0.487,150,150,0.847,0.386107,322.579,4770.592,1.098,2.7198e+08,3.643,1.1695e+09
22.5,5.372,0.562,164,164,0.584,0.14890555,242.965,5013.557,1.021,2.8583e+08,2.510,1.2291e+09
25.5,6.089,0.637,187,179,0.500,0.09265032,237.385,5250.942,0.948,2.9936e+08,2.150,1.2873e+09
28.5,6.805,0.712,219,125,0.539,0.09017423,299.407,5550.3486,0.880,3.1643e+08,2.316,1.3607e+09
31.5,7.521,0.787,230,79,0.559,0.085932046,326.572,5876.921,0.867,3.3505e+08,2.405,1.4407e+09
34.5,8.238,0.862,254,49,0.584,0.08586343,376.435,6253.356,0.846,3.5651e+08,2.510,1.5330e+09
37.5,8.954,0.937,280,29,0.607,0.09649025,431.476,6684.832,0.834,3.8111e+08,2.610,1.6388e+09
40.5,9.670,1.012,299,19,nan,nan,0.000,6684.832,0.839,3.8111e+08,nan,1.6388e+09
43.5,10.386,1.087,320,16,nan,nan,0.000,6684.832,0.853,3.8111e+08,nan,1.6388e+09
46.5,11.103,1.162,348,25,nan,nan,0.000,6684.832,0.863,3.8111e+08,nan,1.6388e+09
49.5,11.819,1.237,372,23,nan,nan,0.000,6684.832,0.878,3.8111e+08,nan,1.6388e+09
52.5,12.535,1.312,386,16,nan,nan,0.000,6684.832,0.928,3.8111e+08,nan,1.6388e+09
55.5,13.252,1.387,408,26,nan,nan,0.000,6684.832,0.958,3.8111e+08,nan,1.6388e+09
58.5,13.968,1.462,443,23,nan,nan,0.000,6684.832,0.979,3.8111e+08,nan,1.6388e+09
61.5,14.684,1.537,449,21,nan,nan,0.000,6684.832,1.026,3.8111e+08,nan,1.6388e+09
64.5,15.401,1.612,483,18,nan,nan,0.000,6684.832,1.040,3.8111e+08,nan,1.6388e+09
67.5,16.117,1.687,503,22,nan,nan,0.000,6684.832,1.061,3.8111e+08,nan,1.6388e+09
70.5,16.833,1.762,530,17,nan,nan,0.000,6684.832,1.073,3.8111e+08,nan,1.6388e+09
73.5,17.550,1.837,540,11,nan,nan,0.000,6684.832,1.124,3.8111e+08,nan,1.6388e+09
76.5,18.266,1.912,559,13,nan,nan,0.000,6684.832,1.133,3.8111e+08,nan,1.6388e+09
79.5,18.982,1.987,598,6,nan,nan,0.000,6684.832,1.139,3.8111e+08,nan,1.6388e+09
82.5,19.698,2.062,607,0,nan,nan,0.000,6684.832,1.198,3.8111e+08,nan,1.6388e+09
85.5,20.415,2.137,637,0,nan,nan,0.000,6684.832,1.211,3.8111e+08,nan,1.6388e+09
88.5,21.131,2.212,661,0,nan,nan,0.000,6684.832,1.225,3.8111e+08,nan,1.6388e+09
91.5,21.847,2.287,681,0,nan,nan,0.000,6684.832,1.274,3.8111e+08,nan,1.6388e+09
94.5,22.564,2.362,703,0,nan,nan,0.000,6684.832,1.314,3.8111e+08,nan,1.6388e+09
97.5,23.280,2.437,694,0,nan,nan,0.000,6684.832,1.339,3.8111e+08,nan,1.6388e+09
100.5,23.996,2.512,686,0,nan,nan,0.000,6684.832,1.374,3.8111e+08,nan,1.6388e+09
103.5,24.713,2.587,637,0,nan,nan,0.000,6684.832,1.444,3.8111e+08,nan,1.6388e+09
106.5,25.429,2.662,598,0,nan,nan,0.000,6684.832,1.482,3.8111e+08,nan,1.6388e+09
109.5,26.145,2.737,532,0,nan,nan,0.000,6684.832,1.505,3.8111e+08,nan,1.6388e+09
112.5,26.862,2.812,483,0,nan,nan,0.000,6684.832,1.619,3.8111e+08,nan,1.6388e+09
115.5,27.578,2.887,474,0,nan,nan,0.000,6684.832,1.653,3.8111e+08,nan,1.6388e+09
118.5,28.294,2.962,448,0,nan,nan,0.000,6684.832,1.708,3.8111e+08,nan,1.6388e+09
121.5,29.010,3.037,407,0,nan,nan,0.000,6684.832,1.811,3.8111e+08,nan,1.6388e+09
124.5,29.727,3.112,382,0,nan,nan,0.000,6684.832,1.949,3.8111e+08,nan,1.6388e+09
127.5,30.443,3.187,367,0,nan,nan,0.000,6684.832,1.998,3.8111e+08,nan,1.6388e+09
130.5,31.159,3.262,361,0,nan,nan,0.000,6684.832,2.181,3.8111e+08,nan,1.6388e+09
133.5,31.876,3.337,338,0,nan,nan,0.000,6684.832,2.457,3.8111e+08,nan,1.6388e+09
136.5,32.592,3.412,330,0,nan,nan,0.000,6684.832,2.694,3.8111e+08,nan,1.6388e+09
139.5,33.308,3.487,327,0,nan,nan,0.000,6684.832,2.964,3.8111e+08,nan,1.6388e+09
142.5,34.025,3.562,305,0,nan,nan,0.000,6684.832,3.224,3.8111e+08,nan,1.6388e+09
145.5,34.741,3.637,304,0,nan,nan,0.000,6684.832,3.353,3.8111e+08,nan,1.6388e+09
148.5,35.457,3.712,293,0,nan,nan,0.000,6684.832,3.918,3.8111e+08,nan,1.6388e+09
151.5,36.174,3.787,291,0,nan,nan,0.000,6684.832,4.287,3.8111e+08,nan,1.6388e+09
154.5,36.890,3.862,272,0,nan,nan,0.000,6684.832,5.839,3.8111e+08,nan,1.6388e+09
157.5,37.606,3.937,268,0,nan,nan,0.000,6684.832,27.826,3.8111e+08,nan,1.6388e+09
160.5,38.323,4.012,268,0,nan,nan,0.000,6684.832,nan,3.8111e+08,nan,1.6388e+09
163.5,39.039,4.087,246,0,nan,nan,0.000,6684.832,nan,3.8111e+08,nan,1.6388e+09
166.5,39.755,4.162,239,0,nan,nan,0.000,6684.832,nan,3.8111e+08,nan,1.6388e+09
169.5,40.471,4.237,245,0,nan,nan,0.000,6684.832,nan,3.8111e+08,nan,1.6388e+09
172.5,41.188,4.312,230,0,nan,nan,0.000,6684.832,nan,3.8111e+08,nan,1.6388e+09
175.5,41.904,4.387,223,0,nan,nan,0.000,6684.832,nan,3.8111e+08,nan,1.6388e+09
178.5,42.620,4.462,218,0,nan,nan,0.000,6684.832,nan,3.8111e+08,nan,1.6388e+09
181.5,43.337,4.537,215,0,nan,nan,0.000,6684.832,nan,3.8111e+08,nan,1.6388e+09
184.5,44.053,4.612,196,0,nan,nan,0.000,6684.832,nan,3.8111e+08,nan,1.6388e+09
187.5,44.769,4.687,197,0,nan,nan,0.000,6684.832,nan,3.8111e+08,nan,1.6388e+09
190.5,45.486,4.762,194,0,nan,nan,0.000,6684.832,nan,3.8111e+08,nan,1.6388e+09
193.5,46.202,4.837,179,0,nan,nan,0.000,6684.832,nan,3.8111e+08,nan,1.6388e+09
196.5,46.918,4.912,178,0,nan,nan,0.000,6684.832,nan,3.8111e+08,nan,1.6388e+09
199.5,47.635,4.987,175,0,nan,nan,0.000,6684.832,nan,3.8111e+08,nan,1.6388e+09
202.5,48.351,5.062,163,0,nan,nan,0.000,6684.832,nan,3.8111e+08,nan,1.6388e+09
205.5,49.067,5.137,154,0,nan,nan,0.000,6684.832,nan,3.8111e+08,nan,1.6388e+09
208.5,49.783,5.212,158,0,nan,nan,0.000,6684.832,nan,3.8111e+08,nan,1.6388e+09
211.5,50.500,5.287,144,0,nan,nan,0.000,6684.832,nan,3.8111e+08,nan,1.6388e+09
214.5,51.216,5.362,139,0,nan,nan,0.000,6684.832,nan,3.8111e+08,nan,1.6388e+09
217.5,51.932,5.437,138,0,nan,nan,0.000,6684.832,nan,3.8111e+08,nan,1.6388e+09
220.5,52.649,5.512,124,0,nan,nan,0.000,6684.832,nan,3.8111e+08,nan,1.6388e+09
223.5,53.365,5.587,125,0,nan,nan,0.000,6684.832,nan,3.8111e+08,nan,1.6388e+09
226.5,54.081,5.662,113,0,nan,nan,0.000,6684.832,nan,3.8111e+08,nan,1.6388e+09
229.5,54.798,5.737,109,0,nan,nan,0.000,6684.832,nan,3.8111e+08,nan,1.6388e+09
232.5,55.514,5.812,104,0,nan,nan,0.000,6684.832,nan,3.8111e+08,nan,1.6388e+09
235.5,56.230,5.887,98,0,nan,nan,0.000,6684.832,nan,3.8111e+08,nan,1.6388e+09
238.5,56.947,5.962,91,0,nan,nan,0.000,6684.832,nan,3.8111e+08,nan,1.6388e+09
241.5,57.663,6.037,87,0,nan,nan,0.000,6684.832,nan,3.8111e+08,nan,1.6388e+09
244.5,58.379,6.112,80,0,nan,nan,0.000,6684.832,nan,3.8111e+08,nan,1.6388e+09
247.5,59.095,6.187,74,0,nan,nan,0.000,6684.832,nan,3.8111e+08,nan,1.6388e+09
250.5,59.812,6.262,70,0,nan,nan,0.000,6684.832,nan,3.8111e+08,nan,1.6388e+09
253.5,60.528,6.337,60,0,nan,nan,0.000,6684.832,nan,3.8111e+08,nan,1.6388e+09
256.5,61.244,6.412,59,0,nan,nan,0.000,6684.832,nan,3.8111e+08,nan,1.6388e+09
259.5,61.961,6.487,51,0,nan,nan,0.000,6684.832,nan,3.8111e+08,nan,1.6388e+09
262.5,62.677,6.562,45,0,nan,nan,0.000,6684.832,nan,3.8111e+08,nan,1.6388e+09
265.5,63.393,6.637,40,0,nan,nan,0.000,6684.832,nan,3.8111e+08,nan,1.6388e+09
268.5,64.110,6.712,32,0,nan,nan,0.000,6684.832,nan,3.8111e+08,nan,1.6388e+09
271.5,64.826,6.787,30,0,nan,nan,0.000,6684.832,nan,3.8111e+08,nan,1.6388e+09
274.5,65.542,6.862,22,0,nan,nan,0.000,6684.832,nan,3.8111e+08,nan,1.6388e+09
277.5,66.259,6.937,21,0,nan,nan,0.000,6684.832,nan,3.8111e+08,nan,1.6388e+09
280.5,66.975,7.012,18,0,nan,nan,0.000,6684.832,nan,3.8111e+08,nan,1.6388e+09
283.5,67.691,7.087,13,0,nan,nan,0.000,6684.832,nan,3.8111e+08,nan,1.6388e+09
286.5,68.407,7.161,12,0,nan,nan,0.000,6684.832,nan,3.8111e+08,nan,1.6388e+09
289.5,69.124,7.236,7,0,nan,nan,0.000,6684.832,nan,3.8111e+08,nan,1.6388e+09
292.5,69.840,7.311,7,0,nan,nan,0.000,6684.832,nan,3.8111e+08,nan,1.6388e+09
295.5,70.556,7.386,3,0,nan,nan,0.000,6684.832,nan,3.8111e+08,nan,1.6388e+09
298.5,71.273,7.461,0,0,nan,nan,0.000,6684.832,nan,3.8111e+08,nan,1.6388e+09
