dat_prof/radprof/build/rproftxt/UGC08107.smo7_smob0.rprof.txt
# %ECSV 0.9
# ---
# datatype:
# - {name: radius, unit: arcsec, datatype: float64, description: Adopting RA=194.9156 deg DEC=53.3413 deg PA=228.2 INC=71.4}
# - {name: r_kpc, unit: kpc, datatype: float64, format: 10.3f, description: Adopting distance of 121.62 Mpc}
# - {name: r_r25, unit: '', datatype: float64, format: 10.3f, description: Adopting R25=68.57 arcsec}
# - {name: npix, datatype: int64}
# - {name: ngood, datatype: int64, description: Requiring fill fraction of 0.1 npix}
# - {name: wtmean, unit: K km / s, datatype: float64, format: 10.3f, description: Replaced blanks with 0 times UGC08107.co.smo7_smo.emom0max.fits}
# - {name: rms, unit: K km / s, datatype: float32}
# - {name: annsum, unit: K km pix / s, datatype: float32, format: 10.3f}
# - {name: cumsum, unit: K km pix / s, datatype: float32}
# - {name: detlim, unit: K km / s, datatype: float64, format: 10.3f}
# - {name: cumlum, unit: K km pc2 / s, datatype: float32, format: 10.4e}
# - {name: sigmol, unit: solMass / pc2, datatype: float64, format: 10.3f}
# - {name: cummass, unit: solMass, datatype: float32, format: 10.4e}
# delimiter: ','
# schema: astropy-2.0
radius,r_kpc,r_r25,npix,ngood,wtmean,rms,annsum,cumsum,detlim,cumlum,sigmol,cummass
1.5,0.884,0.022,9,9,15.558,0.8584686,438.992,438.99164,4.494,1.5263e+08,66.899,6.5629e+08
4.5,2.653,0.066,27,27,12.638,2.0284507,1069.784,1508.7756,2.576,5.2456e+08,54.342,2.2556e+09
7.5,4.422,0.109,43,43,9.645,2.7189538,1300.275,2809.0503,2.020,9.7663e+08,41.473,4.1995e+09
10.5,6.191,0.153,64,64,6.796,2.3101892,1363.693,4172.743,1.587,1.4508e+09,29.224,6.2382e+09
13.5,7.960,0.197,83,83,4.735,2.0755203,1232.198,5404.941,1.300,1.8792e+09,20.361,8.0804e+09
16.5,9.729,0.241,103,103,3.352,1.6900831,1082.366,6487.307,1.109,2.2555e+09,14.413,9.6985e+09
19.5,11.498,0.284,115,115,2.155,1.253858,776.888,7264.195,0.992,2.5256e+09,9.265,1.0860e+10
22.5,13.267,0.328,133,133,1.339,0.95815486,558.521,7822.716,0.870,2.7198e+09,5.760,1.1695e+10
25.5,15.036,0.372,157,157,0.751,0.6025802,369.841,8192.557,0.775,2.8483e+09,3.231,1.2248e+10
28.5,16.805,0.416,167,156,0.301,0.430512,157.797,8350.354,0.727,2.9032e+09,1.296,1.2484e+10
31.5,18.574,0.459,188,127,0.086,0.34206423,50.471,8400.824,0.683,2.9207e+09,0.368,1.2559e+10
34.5,20.343,0.503,212,109,-0.042,0.2623483,-28.205,8372.619,0.637,2.9109e+09,-0.182,1.2517e+10
37.5,22.111,0.547,218,94,-0.058,0.19994791,-39.439,8333.18,0.618,2.8972e+09,-0.248,1.2458e+10
40.5,23.880,0.591,255,98,-0.060,0.19343063,-48.075,8285.1045,0.583,2.8805e+09,-0.259,1.2386e+10
43.5,25.649,0.634,259,80,-0.055,0.17872947,-44.553,8240.552,0.592,2.8650e+09,-0.236,1.2320e+10
46.5,27.418,0.678,273,68,-0.035,0.15410325,-29.878,8210.674,0.597,2.8546e+09,-0.150,1.2275e+10
49.5,29.187,0.722,299,65,-0.008,0.11565602,-7.735,8202.938,0.593,2.8519e+09,-0.035,1.2263e+10
52.5,30.956,0.766,319,38,-0.002,0.0858641,-2.025,8200.913,0.616,2.8512e+09,-0.009,1.2260e+10
55.5,32.725,0.809,326,18,nan,nan,0.000,8200.913,0.641,2.8512e+09,nan,1.2260e+10
58.5,34.494,0.853,356,17,nan,nan,0.000,8200.913,0.657,2.8512e+09,nan,1.2260e+10
61.5,36.263,0.897,366,5,nan,nan,0.000,8200.913,0.685,2.8512e+09,nan,1.2260e+10
64.5,38.032,0.941,394,5,nan,nan,0.000,8200.913,0.684,2.8512e+09,nan,1.2260e+10
67.5,39.801,0.984,403,1,nan,nan,0.000,8200.913,0.696,2.8512e+09,nan,1.2260e+10
70.5,41.570,1.028,425,0,nan,nan,0.000,8200.913,0.713,2.8512e+09,nan,1.2260e+10
73.5,43.338,1.072,449,0,nan,nan,0.000,8200.913,0.700,2.8512e+09,nan,1.2260e+10
76.5,45.107,1.116,448,0,nan,nan,0.000,8200.913,0.740,2.8512e+09,nan,1.2260e+10
79.5,46.876,1.159,482,0,nan,nan,0.000,8200.913,0.736,2.8512e+09,nan,1.2260e+10
82.5,48.645,1.203,499,0,nan,nan,0.000,8200.913,0.739,2.8512e+09,nan,1.2260e+10
85.5,50.414,1.247,499,0,nan,nan,0.000,8200.913,0.775,2.8512e+09,nan,1.2260e+10
88.5,52.183,1.291,548,0,nan,nan,0.000,8200.913,0.764,2.8512e+09,nan,1.2260e+10
91.5,53.952,1.334,551,0,nan,nan,0.000,8200.913,0.770,2.8512e+09,nan,1.2260e+10
94.5,55.721,1.378,560,0,nan,nan,0.000,8200.913,0.805,2.8512e+09,nan,1.2260e+10
97.5,57.490,1.422,595,0,nan,nan,0.000,8200.913,0.784,2.8512e+09,nan,1.2260e+10
100.5,59.259,1.466,600,0,nan,nan,0.000,8200.913,0.836,2.8512e+09,nan,1.2260e+10
103.5,61.028,1.509,580,0,nan,nan,0.000,8200.913,0.833,2.8512e+09,nan,1.2260e+10
106.5,62.797,1.553,544,0,nan,nan,0.000,8200.913,0.832,2.8512e+09,nan,1.2260e+10
109.5,64.565,1.597,520,0,nan,nan,0.000,8200.913,0.875,2.8512e+09,nan,1.2260e+10
112.5,66.334,1.641,474,0,nan,nan,0.000,8200.913,0.879,2.8512e+09,nan,1.2260e+10
115.5,68.103,1.684,424,0,nan,nan,0.000,8200.913,0.876,2.8512e+09,nan,1.2260e+10
118.5,69.872,1.728,379,0,nan,nan,0.000,8200.913,0.941,2.8512e+09,nan,1.2260e+10
121.5,71.641,1.772,382,0,nan,nan,0.000,8200.913,0.912,2.8512e+09,nan,1.2260e+10
124.5,73.410,1.816,352,0,nan,nan,0.000,8200.913,0.965,2.8512e+09,nan,1.2260e+10
127.5,75.179,1.859,341,0,nan,nan,0.000,8200.913,0.979,2.8512e+09,nan,1.2260e+10
130.5,76.948,1.903,342,0,nan,nan,0.000,8200.913,0.989,2.8512e+09,nan,1.2260e+10
133.5,78.717,1.947,321,0,nan,nan,0.000,8200.913,1.057,2.8512e+09,nan,1.2260e+10
136.5,80.486,1.991,311,0,nan,nan,0.000,8200.913,1.061,2.8512e+09,nan,1.2260e+10
139.5,82.255,2.034,317,0,nan,nan,0.000,8200.913,1.068,2.8512e+09,nan,1.2260e+10
142.5,84.024,2.078,296,0,nan,nan,0.000,8200.913,1.155,2.8512e+09,nan,1.2260e+10
145.5,85.792,2.122,297,0,nan,nan,0.000,8200.913,1.145,2.8512e+09,nan,1.2260e+10
148.5,87.561,2.166,288,0,nan,nan,0.000,8200.913,1.196,2.8512e+09,nan,1.2260e+10
151.5,89.330,2.209,278,0,nan,nan,0.000,8200.913,1.261,2.8512e+09,nan,1.2260e+10
154.5,91.099,2.253,284,0,nan,nan,0.000,8200.913,1.280,2.8512e+09,nan,1.2260e+10
157.5,92.868,2.297,264,0,nan,nan,0.000,8200.913,1.390,2.8512e+09,nan,1.2260e+10
160.5,94.637,2.341,264,0,nan,nan,0.000,8200.913,1.423,2.8512e+09,nan,1.2260e+10
163.5,96.406,2.384,261,0,nan,nan,0.000,8200.913,1.485,2.8512e+09,nan,1.2260e+10
166.5,98.175,2.428,247,0,nan,nan,0.000,8200.913,1.594,2.8512e+09,nan,1.2260e+10
169.5,99.944,2.472,254,0,nan,nan,0.000,8200.913,1.745,2.8512e+09,nan,1.2260e+10
172.5,101.713,2.516,246,0,nan,nan,0.000,8200.913,1.773,2.8512e+09,nan,1.2260e+10
175.5,103.482,2.560,233,0,nan,nan,0.000,8200.913,2.093,2.8512e+09,nan,1.2260e+10
178.5,105.250,2.603,240,0,nan,nan,0.000,8200.913,2.521,2.8512e+09,nan,1.2260e+10
181.5,107.019,2.647,220,0,nan,nan,0.000,8200.913,3.444,2.8512e+09,nan,1.2260e+10
184.5,108.788,2.691,224,0,nan,nan,0.000,8200.913,4.443,2.8512e+09,nan,1.2260e+10
187.5,110.557,2.735,223,0,nan,nan,0.000,8200.913,nan,2.8512e+09,nan,1.2260e+10
190.5,112.326,2.778,204,0,nan,nan,0.000,8200.913,nan,2.8512e+09,nan,1.2260e+10
193.5,114.095,2.822,210,0,nan,nan,0.000,8200.913,nan,2.8512e+09,nan,1.2260e+10
196.5,115.864,2.866,213,0,nan,nan,0.000,8200.913,nan,2.8512e+09,nan,1.2260e+10
199.5,117.633,2.910,198,0,nan,nan,0.000,8200.913,nan,2.8512e+09,nan,1.2260e+10
202.5,119.402,2.953,203,0,nan,nan,0.000,8200.913,nan,2.8512e+09,nan,1.2260e+10
205.5,121.171,2.997,184,0,nan,nan,0.000,8200.913,nan,2.8512e+09,nan,1.2260e+10
208.5,122.940,3.041,191,0,nan,nan,0.000,8200.913,nan,2.8512e+09,nan,1.2260e+10
211.5,124.709,3.085,187,0,nan,nan,0.000,8200.913,nan,2.8512e+09,nan,1.2260e+10
214.5,126.477,3.128,170,0,nan,nan,0.000,8200.913,nan,2.8512e+09,nan,1.2260e+10
217.5,128.246,3.172,175,0,nan,nan,0.000,8200.913,nan,2.8512e+09,nan,1.2260e+10
220.5,130.015,3.216,179,0,nan,nan,0.000,8200.913,nan,2.8512e+09,nan,1.2260e+10
223.5,131.784,3.260,164,0,nan,nan,0.000,8200.913,nan,2.8512e+09,nan,1.2260e+10
226.5,133.553,3.303,166,0,nan,nan,0.000,8200.913,nan,2.8512e+09,nan,1.2260e+10
229.5,135.322,3.347,155,0,nan,nan,0.000,8200.913,nan,2.8512e+09,nan,1.2260e+10
232.5,137.091,3.391,153,0,nan,nan,0.000,8200.913,nan,2.8512e+09,nan,1.2260e+10
235.5,138.860,3.435,155,0,nan,nan,0.000,8200.913,nan,2.8512e+09,nan,1.2260e+10
238.5,140.629,3.478,141,0,nan,nan,0.000,8200.913,nan,2.8512e+09,nan,1.2260e+10
241.5,142.398,3.522,145,0,nan,nan,0.000,8200.913,nan,2.8512e+09,nan,1.2260e+10
244.5,144.167,3.566,141,0,nan,nan,0.000,8200.913,nan,2.8512e+09,nan,1.2260e+10
247.5,145.936,3.610,129,0,nan,nan,0.000,8200.913,nan,2.8512e+09,nan,1.2260e+10
250.5,147.704,3.653,131,0,nan,nan,0.000,8200.913,nan,2.8512e+09,nan,1.2260e+10
253.5,149.473,3.697,131,0,nan,nan,0.000,8200.913,nan,2.8512e+09,nan,1.2260e+10
256.5,151.242,3.741,116,0,nan,nan,0.000,8200.913,nan,2.8512e+09,nan,1.2260e+10
259.5,153.011,3.785,125,0,nan,nan,0.000,8200.913,nan,2.8512e+09,nan,1.2260e+10
262.5,154.780,3.828,115,0,nan,nan,0.000,8200.913,nan,2.8512e+09,nan,1.2260e+10
265.5,156.549,3.872,107,0,nan,nan,0.000,8200.913,nan,2.8512e+09,nan,1.2260e+10
268.5,158.318,3.916,110,0,nan,nan,0.000,8200.913,nan,2.8512e+09,nan,1.2260e+10
271.5,160.087,3.960,104,0,nan,nan,0.000,8200.913,nan,2.8512e+09,nan,1.2260e+10
274.5,161.856,4.003,97,0,nan,nan,0.000,8200.913,nan,2.8512e+09,nan,1.2260e+10
277.5,163.625,4.047,98,0,nan,nan,0.000,8200.913,nan,2.8512e+09,nan,1.2260e+10
280.5,165.394,4.091,93,0,nan,nan,0.000,8200.913,nan,2.8512e+09,nan,1.2260e+10
283.5,167.163,4.135,85,0,nan,nan,0.000,8200.913,nan,2.8512e+09,nan,1.2260e+10
286.5,168.931,4.178,85,0,nan,nan,0.000,8200.913,nan,2.8512e+09,nan,1.2260e+10
289.5,170.700,4.222,82,0,nan,nan,0.000,8200.913,nan,2.8512e+09,nan,1.2260e+10
292.5,172.469,4.266,75,0,nan,nan,0.000,8200.913,nan,2.8512e+09,nan,1.2260e+10
295.5,174.238,4.310,73,0,nan,nan,0.000,8200.913,nan,2.8512e+09,nan,1.2260e+10
298.5,176.007,4.353,71,0,nan,nan,0.000,8200.913,nan,2.8512e+09,nan,1.2260e+10
301.5,177.776,4.397,63,0,nan,nan,0.000,8200.913,nan,2.8512e+09,nan,1.2260e+10
304.5,179.545,4.441,62,0,nan,nan,0.000,8200.913,nan,2.8512e+09,nan,1.2260e+10
307.5,181.314,4.485,58,0,nan,nan,0.000,8200.913,nan,2.8512e+09,nan,1.2260e+10
310.5,183.083,4.528,55,0,nan,nan,0.000,8200.913,nan,2.8512e+09,nan,1.2260e+10
313.5,184.852,4.572,48,0,nan,nan,0.000,8200.913,nan,2.8512e+09,nan,1.2260e+10
316.5,186.621,4.616,49,0,nan,nan,0.000,8200.913,nan,2.8512e+09,nan,1.2260e+10
319.5,188.390,4.660,42,0,nan,nan,0.000,8200.913,nan,2.8512e+09,nan,1.2260e+10
322.5,190.158,4.703,38,0,nan,nan,0.000,8200.913,nan,2.8512e+09,nan,1.2260e+10
325.5,191.927,4.747,37,0,nan,nan,0.000,8200.913,nan,2.8512e+09,nan,1.2260e+10
328.5,193.696,4.791,32,0,nan,nan,0.000,8200.913,nan,2.8512e+09,nan,1.2260e+10
331.5,195.465,4.835,26,0,nan,nan,0.000,8200.913,nan,2.8512e+09,nan,1.2260e+10
334.5,197.234,4.878,25,0,nan,nan,0.000,8200.913,nan,2.8512e+09,nan,1.2260e+10
337.5,199.003,4.922,22,0,nan,nan,0.000,8200.913,nan,2.8512e+09,nan,1.2260e+10
340.5,200.772,4.966,16,0,nan,nan,0.000,8200.913,nan,2.8512e+09,nan,1.2260e+10
343.5,202.541,5.010,12,0,nan,nan,0.000,8200.913,nan,2.8512e+09,nan,1.2260e+10
346.5,204.310,5.053,11,0,nan,nan,0.000,8200.913,nan,2.8512e+09,nan,1.2260e+10
349.5,206.079,5.097,6,0,nan,nan,0.000,8200.913,nan,2.8512e+09,nan,1.2260e+10
352.5,207.848,5.141,3,0,nan,nan,0.000,8200.913,nan,2.8512e+09,nan,1.2260e+10
355.5,209.617,5.185,3,0,nan,nan,0.000,8200.913,nan,2.8512e+09,nan,1.2260e+10
358.5,211.385,5.228,0,0,nan,nan,0.000,8200.913,nan,2.8512e+09,nan,1.2260e+10
