dat_prof/radprof/build/rproftxt/UGC03539.de20_smob1.rprof.txt
# %ECSV 0.9
# ---
# datatype:
# - {name: radius, unit: arcsec, datatype: float64, description: Adopting RA=102.2246 deg DEC=66.2613 deg PA=302.9 INC=72.1}
# - {name: r_kpc, unit: kpc, datatype: float64, format: 10.3f, description: Adopting distance of 47.12 Mpc}
# - {name: r_r25, unit: '', datatype: float64, format: 10.3f, description: Adopting R25=54.97 arcsec}
# - {name: npix, datatype: int64}
# - {name: ngood, datatype: int64, description: Requiring fill fraction of 0.1 npix}
# - {name: wtmean, unit: K km / s, datatype: float64, format: 10.3f, description: Replaced blanks with 1 times UGC03539.co.de20_smo.emom0max.fits}
# - {name: rms, unit: K km / s, datatype: float32}
# - {name: annsum, unit: K km pix / s, datatype: float32, format: 10.3f}
# - {name: cumsum, unit: K km pix / s, datatype: float32}
# - {name: detlim, unit: K km / s, datatype: float64, format: 10.3f}
# - {name: cumlum, unit: K km pc2 / s, datatype: float32, format: 10.4e}
# - {name: sigmol, unit: solMass / pc2, datatype: float64, format: 10.3f}
# - {name: cummass, unit: solMass, datatype: float32, format: 10.4e}
# delimiter: ','
# schema: astropy-2.0
radius,r_kpc,r_r25,npix,ngood,wtmean,rms,annsum,cumsum,detlim,cumlum,sigmol,cummass
1.0,0.228,0.018,4,4,13.260,0.40338567,172.564,172.56439,7.421,9.0062e+06,57.017,3.8727e+07
3.0,0.685,0.055,11,11,11.701,1.2580189,418.754,591.31885,4.389,3.0861e+07,50.313,1.3270e+08
5.0,1.142,0.091,19,19,10.018,1.6352046,619.264,1210.5829,3.326,6.3181e+07,43.076,2.7168e+08
7.0,1.599,0.127,27,27,8.492,2.0962875,745.987,1956.5702,2.816,1.0211e+08,36.516,4.3909e+08
9.0,2.056,0.164,34,34,6.810,2.8593256,753.363,2709.9333,2.453,1.4143e+08,29.284,6.0816e+08
11.0,2.513,0.200,43,43,5.770,2.93591,807.186,3517.1196,2.169,1.8356e+08,24.809,7.8931e+08
13.0,2.970,0.236,55,55,4.323,2.3212883,773.599,4290.7188,1.875,2.2394e+08,18.589,9.6292e+08
15.0,3.427,0.273,55,55,2.933,1.4997047,524.907,4815.6255,1.819,2.5133e+08,12.613,1.0807e+09
17.0,3.884,0.309,66,66,1.983,1.0907122,425.881,5241.507,1.631,2.7356e+08,8.528,1.1763e+09
19.0,4.341,0.346,73,73,1.531,0.83933467,363.574,5605.081,1.535,2.9253e+08,6.582,1.2579e+09
21.0,4.798,0.382,82,82,1.278,0.67723197,340.861,5945.942,1.437,3.1032e+08,5.494,1.3344e+09
23.0,5.254,0.418,89,89,1.038,0.56127554,300.667,6246.6084,1.373,3.2601e+08,4.465,1.4019e+09
25.0,5.711,0.455,91,91,0.938,0.47400522,277.597,6524.205,1.363,3.4050e+08,4.032,1.4642e+09
27.0,6.168,0.491,113,104,0.875,0.3627892,321.673,6845.8784,1.225,3.5729e+08,3.762,1.5363e+09
29.0,6.625,0.528,111,90,0.882,0.46305823,318.445,7164.323,1.246,3.7391e+08,3.792,1.6078e+09
31.0,7.082,0.564,116,69,0.885,0.40131113,334.132,7498.455,1.228,3.9135e+08,3.807,1.6828e+09
33.0,7.539,0.600,128,61,0.854,0.32601514,355.722,7854.1772,1.191,4.0991e+08,3.673,1.7626e+09
35.0,7.996,0.637,132,49,0.822,0.1926533,353.011,8207.188,1.196,4.2834e+08,3.534,1.8419e+09
37.0,8.453,0.673,145,39,0.820,0.1650025,387.056,8594.244,1.158,4.4854e+08,3.528,1.9287e+09
39.0,8.910,0.709,150,27,0.857,0.15849154,418.183,9012.427,1.177,4.7036e+08,3.685,2.0226e+09
41.0,9.367,0.746,158,17,0.892,0.16308239,458.709,9471.136,1.177,4.9430e+08,3.837,2.1255e+09
43.0,9.823,0.782,165,9,nan,nan,0.000,9471.136,1.187,4.9430e+08,nan,2.1255e+09
45.0,10.280,0.819,174,3,nan,nan,0.000,9471.136,1.183,4.9430e+08,nan,2.1255e+09
47.0,10.737,0.855,185,2,nan,nan,0.000,9471.136,1.207,4.9430e+08,nan,2.1255e+09
49.0,11.194,0.891,191,1,nan,nan,0.000,9471.136,1.216,4.9430e+08,nan,2.1255e+09
51.0,11.651,0.928,187,0,nan,nan,0.000,9471.136,1.290,4.9430e+08,nan,2.1255e+09
53.0,12.108,0.964,210,0,nan,nan,0.000,9471.136,1.282,4.9430e+08,nan,2.1255e+09
55.0,12.565,1.001,214,0,nan,nan,0.000,9471.136,1.310,4.9430e+08,nan,2.1255e+09
57.0,13.022,1.037,222,0,nan,nan,0.000,9471.136,1.332,4.9430e+08,nan,2.1255e+09
59.0,13.479,1.073,225,0,nan,nan,0.000,9471.136,1.339,4.9430e+08,nan,2.1255e+09
61.0,13.936,1.110,199,0,nan,nan,0.000,9471.136,1.375,4.9430e+08,nan,2.1255e+09
63.0,14.393,1.146,195,0,nan,nan,0.000,9471.136,1.361,4.9430e+08,nan,2.1255e+09
65.0,14.849,1.182,182,0,nan,nan,0.000,9471.136,1.399,4.9430e+08,nan,2.1255e+09
67.0,15.306,1.219,192,0,nan,nan,0.000,9471.136,1.357,4.9430e+08,nan,2.1255e+09
69.0,15.763,1.255,171,0,nan,nan,0.000,9471.136,1.443,4.9430e+08,nan,2.1255e+09
71.0,16.220,1.292,170,0,nan,nan,0.000,9471.136,1.437,4.9430e+08,nan,2.1255e+09
73.0,16.677,1.328,173,0,nan,nan,0.000,9471.136,1.445,4.9430e+08,nan,2.1255e+09
75.0,17.134,1.364,171,0,nan,nan,0.000,9471.136,1.430,4.9430e+08,nan,2.1255e+09
77.0,17.591,1.401,170,0,nan,nan,0.000,9471.136,1.473,4.9430e+08,nan,2.1255e+09
79.0,18.048,1.437,162,0,nan,nan,0.000,9471.136,1.505,4.9430e+08,nan,2.1255e+09
81.0,18.505,1.474,169,0,nan,nan,0.000,9471.136,1.489,4.9430e+08,nan,2.1255e+09
83.0,18.962,1.510,159,0,nan,nan,0.000,9471.136,1.514,4.9430e+08,nan,2.1255e+09
85.0,19.418,1.546,159,0,nan,nan,0.000,9471.136,1.519,4.9430e+08,nan,2.1255e+09
87.0,19.875,1.583,147,0,nan,nan,0.000,9471.136,1.563,4.9430e+08,nan,2.1255e+09
89.0,20.332,1.619,147,0,nan,nan,0.000,9471.136,1.562,4.9430e+08,nan,2.1255e+09
91.0,20.789,1.655,138,0,nan,nan,0.000,9471.136,1.599,4.9430e+08,nan,2.1255e+09
93.0,21.246,1.692,143,0,nan,nan,0.000,9471.136,1.545,4.9430e+08,nan,2.1255e+09
95.0,21.703,1.728,128,0,nan,nan,0.000,9471.136,1.641,4.9430e+08,nan,2.1255e+09
97.0,22.160,1.765,129,0,nan,nan,0.000,9471.136,1.625,4.9430e+08,nan,2.1255e+09
99.0,22.617,1.801,120,0,nan,nan,0.000,9471.136,1.689,4.9430e+08,nan,2.1255e+09
101.0,23.074,1.837,119,0,nan,nan,0.000,9471.136,1.676,4.9430e+08,nan,2.1255e+09
103.0,23.531,1.874,123,0,nan,nan,0.000,9471.136,1.663,4.9430e+08,nan,2.1255e+09
105.0,23.988,1.910,110,0,nan,nan,0.000,9471.136,1.765,4.9430e+08,nan,2.1255e+09
107.0,24.444,1.947,115,0,nan,nan,0.000,9471.136,1.735,4.9430e+08,nan,2.1255e+09
109.0,24.901,1.983,108,0,nan,nan,0.000,9471.136,1.774,4.9430e+08,nan,2.1255e+09
111.0,25.358,2.019,114,0,nan,nan,0.000,9471.136,1.759,4.9430e+08,nan,2.1255e+09
113.0,25.815,2.056,99,0,nan,nan,0.000,9471.136,1.854,4.9430e+08,nan,2.1255e+09
115.0,26.272,2.092,105,0,nan,nan,0.000,9471.136,1.860,4.9430e+08,nan,2.1255e+09
117.0,26.729,2.128,96,0,nan,nan,0.000,9471.136,1.905,4.9430e+08,nan,2.1255e+09
119.0,27.186,2.165,102,0,nan,nan,0.000,9471.136,1.881,4.9430e+08,nan,2.1255e+09
121.0,27.643,2.201,94,0,nan,nan,0.000,9471.136,1.970,4.9430e+08,nan,2.1255e+09
123.0,28.100,2.238,92,0,nan,nan,0.000,9471.136,2.007,4.9430e+08,nan,2.1255e+09
125.0,28.557,2.274,90,0,nan,nan,0.000,9471.136,2.055,4.9430e+08,nan,2.1255e+09
127.0,29.013,2.310,90,0,nan,nan,0.000,9471.136,2.055,4.9430e+08,nan,2.1255e+09
129.0,29.470,2.347,90,0,nan,nan,0.000,9471.136,2.059,4.9430e+08,nan,2.1255e+09
131.0,29.927,2.383,85,0,nan,nan,0.000,9471.136,2.182,4.9430e+08,nan,2.1255e+09
133.0,30.384,2.420,83,0,nan,nan,0.000,9471.136,2.215,4.9430e+08,nan,2.1255e+09
135.0,30.841,2.456,76,0,nan,nan,0.000,9471.136,2.323,4.9430e+08,nan,2.1255e+09
137.0,31.298,2.492,83,0,nan,nan,0.000,9471.136,2.274,4.9430e+08,nan,2.1255e+09
139.0,31.755,2.529,81,0,nan,nan,0.000,9471.136,2.320,4.9430e+08,nan,2.1255e+09
141.0,32.212,2.565,71,0,nan,nan,0.000,9471.136,2.523,4.9430e+08,nan,2.1255e+09
143.0,32.669,2.601,74,0,nan,nan,0.000,9471.136,2.534,4.9430e+08,nan,2.1255e+09
145.0,33.126,2.638,69,0,nan,nan,0.000,9471.136,2.679,4.9430e+08,nan,2.1255e+09
147.0,33.583,2.674,72,0,nan,nan,0.000,9471.136,2.634,4.9430e+08,nan,2.1255e+09
149.0,34.039,2.711,70,0,nan,nan,0.000,9471.136,2.803,4.9430e+08,nan,2.1255e+09
151.0,34.496,2.747,64,0,nan,nan,0.000,9471.136,2.979,4.9430e+08,nan,2.1255e+09
153.0,34.953,2.783,63,0,nan,nan,0.000,9471.136,3.158,4.9430e+08,nan,2.1255e+09
155.0,35.410,2.820,62,0,nan,nan,0.000,9471.136,3.360,4.9430e+08,nan,2.1255e+09
157.0,35.867,2.856,63,0,nan,nan,0.000,9471.136,3.452,4.9430e+08,nan,2.1255e+09
159.0,36.324,2.893,60,0,nan,nan,0.000,9471.136,3.956,4.9430e+08,nan,2.1255e+09
161.0,36.781,2.929,55,0,nan,nan,0.000,9471.136,5.166,4.9430e+08,nan,2.1255e+09
163.0,37.238,2.965,53,0,nan,nan,0.000,9471.136,5.391,4.9430e+08,nan,2.1255e+09
165.0,37.695,3.002,55,0,nan,nan,0.000,9471.136,5.615,4.9430e+08,nan,2.1255e+09
167.0,38.152,3.038,54,0,nan,nan,0.000,9471.136,7.571,4.9430e+08,nan,2.1255e+09
169.0,38.608,3.074,50,0,nan,nan,0.000,9471.136,nan,4.9430e+08,nan,2.1255e+09
171.0,39.065,3.111,45,0,nan,nan,0.000,9471.136,nan,4.9430e+08,nan,2.1255e+09
173.0,39.522,3.147,47,0,nan,nan,0.000,9471.136,nan,4.9430e+08,nan,2.1255e+09
175.0,39.979,3.184,47,0,nan,nan,0.000,9471.136,nan,4.9430e+08,nan,2.1255e+09
177.0,40.436,3.220,43,0,nan,nan,0.000,9471.136,nan,4.9430e+08,nan,2.1255e+09
179.0,40.893,3.256,40,0,nan,nan,0.000,9471.136,nan,4.9430e+08,nan,2.1255e+09
181.0,41.350,3.293,38,0,nan,nan,0.000,9471.136,nan,4.9430e+08,nan,2.1255e+09
183.0,41.807,3.329,40,0,nan,nan,0.000,9471.136,nan,4.9430e+08,nan,2.1255e+09
185.0,42.264,3.366,38,0,nan,nan,0.000,9471.136,nan,4.9430e+08,nan,2.1255e+09
187.0,42.721,3.402,34,0,nan,nan,0.000,9471.136,nan,4.9430e+08,nan,2.1255e+09
189.0,43.178,3.438,30,0,nan,nan,0.000,9471.136,nan,4.9430e+08,nan,2.1255e+09
191.0,43.634,3.475,30,0,nan,nan,0.000,9471.136,nan,4.9430e+08,nan,2.1255e+09
193.0,44.091,3.511,34,0,nan,nan,0.000,9471.136,nan,4.9430e+08,nan,2.1255e+09
195.0,44.548,3.547,28,0,nan,nan,0.000,9471.136,nan,4.9430e+08,nan,2.1255e+09
197.0,45.005,3.584,24,0,nan,nan,0.000,9471.136,nan,4.9430e+08,nan,2.1255e+09
199.0,45.462,3.620,22,0,nan,nan,0.000,9471.136,nan,4.9430e+08,nan,2.1255e+09
201.0,45.919,3.657,25,0,nan,nan,0.000,9471.136,nan,4.9430e+08,nan,2.1255e+09
203.0,46.376,3.693,23,0,nan,nan,0.000,9471.136,nan,4.9430e+08,nan,2.1255e+09
205.0,46.833,3.729,18,0,nan,nan,0.000,9471.136,nan,4.9430e+08,nan,2.1255e+09
207.0,47.290,3.766,16,0,nan,nan,0.000,9471.136,nan,4.9430e+08,nan,2.1255e+09
209.0,47.747,3.802,15,0,nan,nan,0.000,9471.136,nan,4.9430e+08,nan,2.1255e+09
211.0,48.203,3.838,19,0,nan,nan,0.000,9471.136,nan,4.9430e+08,nan,2.1255e+09
213.0,48.660,3.875,12,0,nan,nan,0.000,9471.136,nan,4.9430e+08,nan,2.1255e+09
215.0,49.117,3.911,10,0,nan,nan,0.000,9471.136,nan,4.9430e+08,nan,2.1255e+09
217.0,49.574,3.948,9,0,nan,nan,0.000,9471.136,nan,4.9430e+08,nan,2.1255e+09
219.0,50.031,3.984,9,0,nan,nan,0.000,9471.136,nan,4.9430e+08,nan,2.1255e+09
221.0,50.488,4.020,6,0,nan,nan,0.000,9471.136,nan,4.9430e+08,nan,2.1255e+09
223.0,50.945,4.057,4,0,nan,nan,0.000,9471.136,nan,4.9430e+08,nan,2.1255e+09
225.0,51.402,4.093,3,0,nan,nan,0.000,9471.136,nan,4.9430e+08,nan,2.1255e+09
227.0,51.859,4.130,2,0,nan,nan,0.000,9471.136,nan,4.9430e+08,nan,2.1255e+09
229.0,52.316,4.166,2,0,nan,nan,0.000,9471.136,nan,4.9430e+08,nan,2.1255e+09
231.0,52.773,4.202,0,0,nan,nan,0.000,9471.136,nan,4.9430e+08,nan,2.1255e+09
