dat_prof/radprof/build/rproftxt/UGC10380.de20_smob1.rprof.txt
# %ECSV 0.9
# ---
# datatype:
# - {name: radius, unit: arcsec, datatype: float64, description: Adopting RA=246.4581 deg DEC=16.5761 deg PA=288.2 INC=77.9}
# - {name: r_kpc, unit: kpc, datatype: float64, format: 10.3f, description: Adopting distance of 110.84 Mpc}
# - {name: r_r25, unit: '', datatype: float64, format: 10.3f, description: Adopting R25=46.36 arcsec}
# - {name: npix, datatype: int64}
# - {name: ngood, datatype: int64, description: Requiring fill fraction of 0.1 npix}
# - {name: wtmean, unit: K km / s, datatype: float64, format: 10.3f, description: Replaced blanks with 1 times UGC10380.co.de20_smo.emom0max.fits}
# - {name: rms, unit: K km / s, datatype: float32}
# - {name: annsum, unit: K km pix / s, datatype: float32, format: 10.3f}
# - {name: cumsum, unit: K km pix / s, datatype: float32}
# - {name: detlim, unit: K km / s, datatype: float64, format: 10.3f}
# - {name: cumlum, unit: K km pc2 / s, datatype: float32, format: 10.4e}
# - {name: sigmol, unit: solMass / pc2, datatype: float64, format: 10.3f}
# - {name: cummass, unit: solMass, datatype: float32, format: 10.4e}
# delimiter: ','
# schema: astropy-2.0
radius,r_kpc,r_r25,npix,ngood,wtmean,rms,annsum,cumsum,detlim,cumlum,sigmol,cummass
1.0,0.537,0.022,3,3,9.518,0.95421934,136.217,136.2172,5.694,3.9336e+07,40.927,1.6914e+08
3.0,1.612,0.065,8,8,6.929,3.0613673,264.446,400.66278,3.490,1.1570e+08,29.795,4.9751e+08
5.0,2.687,0.108,13,13,4.606,2.9253168,285.643,686.30554,2.731,1.9819e+08,19.805,8.5220e+08
7.0,3.762,0.151,18,18,2.156,2.2913005,185.113,871.41815,2.232,2.5164e+08,9.270,1.0821e+09
9.0,4.836,0.194,22,22,2.108,1.9076633,221.287,1092.7054,1.945,3.1554e+08,9.066,1.3568e+09
11.0,5.911,0.237,31,31,1.619,1.3316541,239.363,1332.0681,1.562,3.8467e+08,6.960,1.6541e+09
13.0,6.986,0.280,30,30,1.109,0.9924331,158.745,1490.8135,1.552,4.3051e+08,4.770,1.8512e+09
15.0,8.061,0.324,41,38,0.875,0.8049375,171.222,1662.0354,1.293,4.7995e+08,3.764,2.0638e+09
17.0,9.135,0.367,46,37,0.786,0.6624294,172.493,1834.5281,1.211,5.2976e+08,3.380,2.2780e+09
19.0,10.210,0.410,51,34,0.662,0.46109805,161.011,1995.5387,1.130,5.7626e+08,2.846,2.4779e+09
21.0,11.285,0.453,57,31,0.642,0.35462987,174.667,2170.2053,1.071,6.2670e+08,2.762,2.6948e+09
23.0,12.360,0.496,64,29,0.601,0.29512596,183.348,2353.5537,1.009,6.7964e+08,2.582,2.9225e+09
25.0,13.434,0.539,60,24,0.580,0.20184702,165.959,2519.5125,1.041,7.2757e+08,2.493,3.1285e+09
27.0,14.509,0.582,73,28,0.555,0.12234144,193.122,2712.6348,0.949,7.8334e+08,2.385,3.3684e+09
29.0,15.584,0.626,74,25,0.565,0.12506828,199.314,2911.9485,0.950,8.4089e+08,2.428,3.6158e+09
31.0,16.659,0.669,82,27,0.548,0.106957205,214.181,3126.1296,0.901,9.0274e+08,2.354,3.8818e+09
33.0,17.733,0.712,89,27,0.560,0.086376086,237.611,3363.7405,0.880,9.7136e+08,2.406,4.1768e+09
35.0,18.808,0.755,94,25,0.568,0.088047564,254.700,3618.441,0.869,1.0449e+09,2.442,4.4931e+09
37.0,19.883,0.798,94,23,0.581,0.11393765,260.463,3878.9038,0.884,1.1201e+09,2.498,4.8165e+09
39.0,20.958,0.841,106,24,0.595,0.12947349,301.072,4179.9756,0.852,1.2071e+09,2.560,5.1904e+09
41.0,22.032,0.884,104,23,0.609,0.12855496,302.136,4482.1113,0.882,1.2943e+09,2.619,5.5656e+09
43.0,23.107,0.928,114,22,0.612,0.12538451,332.772,4814.8833,0.863,1.3904e+09,2.631,5.9788e+09
45.0,24.182,0.971,118,20,0.624,0.12952046,351.009,5165.892,0.865,1.4918e+09,2.681,6.4146e+09
47.0,25.257,1.014,129,20,0.646,0.14724086,397.696,5563.5884,0.865,1.6066e+09,2.779,6.9085e+09
49.0,26.331,1.057,130,16,0.663,0.16082005,411.327,5974.9155,0.886,1.7254e+09,2.852,7.4192e+09
51.0,27.406,1.100,127,16,0.633,0.22362389,383.233,6358.149,0.930,1.8361e+09,2.720,7.8951e+09
53.0,28.481,1.143,143,15,0.545,0.29024097,371.671,6729.8203,0.924,1.9434e+09,2.343,8.3566e+09
55.0,29.556,1.186,121,11,nan,nan,0.000,6729.8203,0.954,1.9434e+09,nan,8.3566e+09
57.0,30.630,1.230,115,13,0.567,0.25030857,311.265,7041.085,0.964,2.0333e+09,2.440,8.7431e+09
59.0,31.705,1.273,112,12,0.576,0.22505502,307.531,7348.6157,0.944,2.1221e+09,2.475,9.1250e+09
61.0,32.780,1.316,114,6,nan,nan,0.000,7348.6157,0.961,2.1221e+09,nan,9.1250e+09
63.0,33.855,1.359,105,8,nan,nan,0.000,7348.6157,0.975,2.1221e+09,nan,9.1250e+09
65.0,34.929,1.402,108,9,nan,nan,0.000,7348.6157,0.973,2.1221e+09,nan,9.1250e+09
67.0,36.004,1.445,107,4,nan,nan,0.000,7348.6157,0.967,2.1221e+09,nan,9.1250e+09
69.0,37.079,1.488,101,6,nan,nan,0.000,7348.6157,1.006,2.1221e+09,nan,9.1250e+09
71.0,38.154,1.532,102,5,nan,nan,0.000,7348.6157,0.986,2.1221e+09,nan,9.1250e+09
73.0,39.228,1.575,94,4,nan,nan,0.000,7348.6157,1.029,2.1221e+09,nan,9.1250e+09
75.0,40.303,1.618,99,5,nan,nan,0.000,7348.6157,1.025,2.1221e+09,nan,9.1250e+09
77.0,41.378,1.661,108,5,nan,nan,0.000,7348.6157,0.975,2.1221e+09,nan,9.1250e+09
79.0,42.453,1.704,100,5,nan,nan,0.000,7348.6157,0.999,2.1221e+09,nan,9.1250e+09
81.0,43.528,1.747,96,4,nan,nan,0.000,7348.6157,1.038,2.1221e+09,nan,9.1250e+09
83.0,44.602,1.790,97,6,nan,nan,0.000,7348.6157,1.018,2.1221e+09,nan,9.1250e+09
85.0,45.677,1.834,97,4,nan,nan,0.000,7348.6157,1.030,2.1221e+09,nan,9.1250e+09
87.0,46.752,1.877,91,4,nan,nan,0.000,7348.6157,1.064,2.1221e+09,nan,9.1250e+09
89.0,47.827,1.920,100,6,nan,nan,0.000,7348.6157,1.022,2.1221e+09,nan,9.1250e+09
91.0,48.901,1.963,96,4,nan,nan,0.000,7348.6157,1.043,2.1221e+09,nan,9.1250e+09
93.0,49.976,2.006,94,3,nan,nan,0.000,7348.6157,1.069,2.1221e+09,nan,9.1250e+09
95.0,51.051,2.049,96,6,nan,nan,0.000,7348.6157,1.056,2.1221e+09,nan,9.1250e+09
97.0,52.126,2.092,95,3,nan,nan,0.000,7348.6157,1.055,2.1221e+09,nan,9.1250e+09
99.0,53.200,2.136,96,3,nan,nan,0.000,7348.6157,1.074,2.1221e+09,nan,9.1250e+09
101.0,54.275,2.179,98,4,nan,nan,0.000,7348.6157,1.044,2.1221e+09,nan,9.1250e+09
103.0,55.350,2.222,95,2,nan,nan,0.000,7348.6157,1.068,2.1221e+09,nan,9.1250e+09
105.0,56.425,2.265,90,1,nan,nan,0.000,7348.6157,1.115,2.1221e+09,nan,9.1250e+09
107.0,57.499,2.308,95,1,nan,nan,0.000,7348.6157,1.088,2.1221e+09,nan,9.1250e+09
109.0,58.574,2.351,93,0,nan,nan,0.000,7348.6157,1.088,2.1221e+09,nan,9.1250e+09
111.0,59.649,2.394,94,0,nan,nan,0.000,7348.6157,1.112,2.1221e+09,nan,9.1250e+09
113.0,60.724,2.438,94,0,nan,nan,0.000,7348.6157,1.102,2.1221e+09,nan,9.1250e+09
115.0,61.798,2.481,97,0,nan,nan,0.000,7348.6157,1.089,2.1221e+09,nan,9.1250e+09
117.0,62.873,2.524,92,0,nan,nan,0.000,7348.6157,1.136,2.1221e+09,nan,9.1250e+09
119.0,63.948,2.567,92,0,nan,nan,0.000,7348.6157,1.124,2.1221e+09,nan,9.1250e+09
121.0,65.023,2.610,95,0,nan,nan,0.000,7348.6157,1.117,2.1221e+09,nan,9.1250e+09
123.0,66.097,2.653,91,0,nan,nan,0.000,7348.6157,1.160,2.1221e+09,nan,9.1250e+09
125.0,67.172,2.696,94,0,nan,nan,0.000,7348.6157,1.149,2.1221e+09,nan,9.1250e+09
127.0,68.247,2.740,92,0,nan,nan,0.000,7348.6157,1.148,2.1221e+09,nan,9.1250e+09
129.0,69.322,2.783,92,0,nan,nan,0.000,7348.6157,1.185,2.1221e+09,nan,9.1250e+09
131.0,70.396,2.826,89,0,nan,nan,0.000,7348.6157,1.185,2.1221e+09,nan,9.1250e+09
133.0,71.471,2.869,95,0,nan,nan,0.000,7348.6157,1.154,2.1221e+09,nan,9.1250e+09
135.0,72.546,2.912,92,0,nan,nan,0.000,7348.6157,1.200,2.1221e+09,nan,9.1250e+09
137.0,73.621,2.955,93,0,nan,nan,0.000,7348.6157,1.201,2.1221e+09,nan,9.1250e+09
139.0,74.695,2.998,96,0,nan,nan,0.000,7348.6157,1.182,2.1221e+09,nan,9.1250e+09
141.0,75.770,3.042,88,0,nan,nan,0.000,7348.6157,1.235,2.1221e+09,nan,9.1250e+09
143.0,76.845,3.085,88,0,nan,nan,0.000,7348.6157,1.233,2.1221e+09,nan,9.1250e+09
145.0,77.920,3.128,98,0,nan,nan,0.000,7348.6157,1.212,2.1221e+09,nan,9.1250e+09
147.0,78.994,3.171,92,0,nan,nan,0.000,7348.6157,1.253,2.1221e+09,nan,9.1250e+09
149.0,80.069,3.214,89,0,nan,nan,0.000,7348.6157,1.287,2.1221e+09,nan,9.1250e+09
151.0,81.144,3.257,94,0,nan,nan,0.000,7348.6157,1.238,2.1221e+09,nan,9.1250e+09
153.0,82.219,3.300,89,0,nan,nan,0.000,7348.6157,1.284,2.1221e+09,nan,9.1250e+09
155.0,83.293,3.344,90,0,nan,nan,0.000,7348.6157,1.295,2.1221e+09,nan,9.1250e+09
157.0,84.368,3.387,97,0,nan,nan,0.000,7348.6157,1.267,2.1221e+09,nan,9.1250e+09
159.0,85.443,3.430,92,0,nan,nan,0.000,7348.6157,1.320,2.1221e+09,nan,9.1250e+09
161.0,86.518,3.473,90,0,nan,nan,0.000,7348.6157,1.349,2.1221e+09,nan,9.1250e+09
163.0,87.592,3.516,94,0,nan,nan,0.000,7348.6157,1.314,2.1221e+09,nan,9.1250e+09
165.0,88.667,3.559,88,0,nan,nan,0.000,7348.6157,1.349,2.1221e+09,nan,9.1250e+09
167.0,89.742,3.602,89,0,nan,nan,0.000,7348.6157,1.390,2.1221e+09,nan,9.1250e+09
169.0,90.817,3.646,91,0,nan,nan,0.000,7348.6157,1.362,2.1221e+09,nan,9.1250e+09
171.0,91.891,3.689,86,0,nan,nan,0.000,7348.6157,1.411,2.1221e+09,nan,9.1250e+09
173.0,92.966,3.732,83,0,nan,nan,0.000,7348.6157,1.427,2.1221e+09,nan,9.1250e+09
175.0,94.041,3.775,83,0,nan,nan,0.000,7348.6157,1.402,2.1221e+09,nan,9.1250e+09
177.0,95.116,3.818,84,0,nan,nan,0.000,7348.6157,1.422,2.1221e+09,nan,9.1250e+09
179.0,96.190,3.861,79,0,nan,nan,0.000,7348.6157,1.482,2.1221e+09,nan,9.1250e+09
181.0,97.265,3.904,80,0,nan,nan,0.000,7348.6157,1.469,2.1221e+09,nan,9.1250e+09
183.0,98.340,3.948,77,0,nan,nan,0.000,7348.6157,1.475,2.1221e+09,nan,9.1250e+09
185.0,99.415,3.991,72,0,nan,nan,0.000,7348.6157,1.580,2.1221e+09,nan,9.1250e+09
187.0,100.489,4.034,76,0,nan,nan,0.000,7348.6157,1.499,2.1221e+09,nan,9.1250e+09
189.0,101.564,4.077,74,0,nan,nan,0.000,7348.6157,1.509,2.1221e+09,nan,9.1250e+09
191.0,102.639,4.120,65,0,nan,nan,0.000,7348.6157,1.677,2.1221e+09,nan,9.1250e+09
193.0,103.714,4.163,74,0,nan,nan,0.000,7348.6157,1.547,2.1221e+09,nan,9.1250e+09
195.0,104.788,4.206,70,0,nan,nan,0.000,7348.6157,1.577,2.1221e+09,nan,9.1250e+09
197.0,105.863,4.250,63,0,nan,nan,0.000,7348.6157,1.727,2.1221e+09,nan,9.1250e+09
199.0,106.938,4.293,66,0,nan,nan,0.000,7348.6157,1.657,2.1221e+09,nan,9.1250e+09
201.0,108.013,4.336,67,0,nan,nan,0.000,7348.6157,1.644,2.1221e+09,nan,9.1250e+09
203.0,109.087,4.379,59,0,nan,nan,0.000,7348.6157,1.810,2.1221e+09,nan,9.1250e+09
205.0,110.162,4.422,62,0,nan,nan,0.000,7348.6157,1.743,2.1221e+09,nan,9.1250e+09
207.0,111.237,4.465,62,0,nan,nan,0.000,7348.6157,1.738,2.1221e+09,nan,9.1250e+09
209.0,112.312,4.508,56,0,nan,nan,0.000,7348.6157,1.929,2.1221e+09,nan,9.1250e+09
211.0,113.386,4.552,58,0,nan,nan,0.000,7348.6157,1.851,2.1221e+09,nan,9.1250e+09
213.0,114.461,4.595,59,0,nan,nan,0.000,7348.6157,1.836,2.1221e+09,nan,9.1250e+09
215.0,115.536,4.638,50,0,nan,nan,0.000,7348.6157,2.073,2.1221e+09,nan,9.1250e+09
217.0,116.611,4.681,54,0,nan,nan,0.000,7348.6157,1.985,2.1221e+09,nan,9.1250e+09
219.0,117.685,4.724,53,0,nan,nan,0.000,7348.6157,1.981,2.1221e+09,nan,9.1250e+09
221.0,118.760,4.767,48,0,nan,nan,0.000,7348.6157,2.208,2.1221e+09,nan,9.1250e+09
223.0,119.835,4.810,51,0,nan,nan,0.000,7348.6157,2.139,2.1221e+09,nan,9.1250e+09
225.0,120.910,4.854,51,0,nan,nan,0.000,7348.6157,2.134,2.1221e+09,nan,9.1250e+09
227.0,121.984,4.897,44,0,nan,nan,0.000,7348.6157,2.564,2.1221e+09,nan,9.1250e+09
229.0,123.059,4.940,46,0,nan,nan,0.000,7348.6157,2.427,2.1221e+09,nan,9.1250e+09
231.0,124.134,4.983,48,0,nan,nan,0.000,7348.6157,2.422,2.1221e+09,nan,9.1250e+09
233.0,125.209,5.026,39,0,nan,nan,0.000,7348.6157,2.988,2.1221e+09,nan,9.1250e+09
235.0,126.283,5.069,41,0,nan,nan,0.000,7348.6157,2.851,2.1221e+09,nan,9.1250e+09
237.0,127.358,5.112,44,0,nan,nan,0.000,7348.6157,2.838,2.1221e+09,nan,9.1250e+09
239.0,128.433,5.156,37,0,nan,nan,0.000,7348.6157,3.794,2.1221e+09,nan,9.1250e+09
241.0,129.508,5.199,37,0,nan,nan,0.000,7348.6157,3.669,2.1221e+09,nan,9.1250e+09
243.0,130.583,5.242,40,0,nan,nan,0.000,7348.6157,5.655,2.1221e+09,nan,9.1250e+09
245.0,131.657,5.285,34,0,nan,nan,0.000,7348.6157,8.039,2.1221e+09,nan,9.1250e+09
247.0,132.732,5.328,35,0,nan,nan,0.000,7348.6157,nan,2.1221e+09,nan,9.1250e+09
249.0,133.807,5.371,34,0,nan,nan,0.000,7348.6157,nan,2.1221e+09,nan,9.1250e+09
251.0,134.882,5.414,31,0,nan,nan,0.000,7348.6157,nan,2.1221e+09,nan,9.1250e+09
253.0,135.956,5.458,31,0,nan,nan,0.000,7348.6157,nan,2.1221e+09,nan,9.1250e+09
255.0,137.031,5.501,31,0,nan,nan,0.000,7348.6157,nan,2.1221e+09,nan,9.1250e+09
257.0,138.106,5.544,28,0,nan,nan,0.000,7348.6157,nan,2.1221e+09,nan,9.1250e+09
259.0,139.181,5.587,27,0,nan,nan,0.000,7348.6157,nan,2.1221e+09,nan,9.1250e+09
261.0,140.255,5.630,26,0,nan,nan,0.000,7348.6157,nan,2.1221e+09,nan,9.1250e+09
263.0,141.330,5.673,25,0,nan,nan,0.000,7348.6157,nan,2.1221e+09,nan,9.1250e+09
265.0,142.405,5.716,24,0,nan,nan,0.000,7348.6157,nan,2.1221e+09,nan,9.1250e+09
267.0,143.480,5.760,22,0,nan,nan,0.000,7348.6157,nan,2.1221e+09,nan,9.1250e+09
269.0,144.554,5.803,22,0,nan,nan,0.000,7348.6157,nan,2.1221e+09,nan,9.1250e+09
271.0,145.629,5.846,20,0,nan,nan,0.000,7348.6157,nan,2.1221e+09,nan,9.1250e+09
273.0,146.704,5.889,20,0,nan,nan,0.000,7348.6157,nan,2.1221e+09,nan,9.1250e+09
275.0,147.779,5.932,18,0,nan,nan,0.000,7348.6157,nan,2.1221e+09,nan,9.1250e+09
277.0,148.853,5.975,16,0,nan,nan,0.000,7348.6157,nan,2.1221e+09,nan,9.1250e+09
279.0,149.928,6.018,17,0,nan,nan,0.000,7348.6157,nan,2.1221e+09,nan,9.1250e+09
281.0,151.003,6.062,14,0,nan,nan,0.000,7348.6157,nan,2.1221e+09,nan,9.1250e+09
283.0,152.078,6.105,14,0,nan,nan,0.000,7348.6157,nan,2.1221e+09,nan,9.1250e+09
285.0,153.152,6.148,12,0,nan,nan,0.000,7348.6157,nan,2.1221e+09,nan,9.1250e+09
287.0,154.227,6.191,11,0,nan,nan,0.000,7348.6157,nan,2.1221e+09,nan,9.1250e+09
289.0,155.302,6.234,11,0,nan,nan,0.000,7348.6157,nan,2.1221e+09,nan,9.1250e+09
291.0,156.377,6.277,8,0,nan,nan,0.000,7348.6157,nan,2.1221e+09,nan,9.1250e+09
293.0,157.451,6.320,7,0,nan,nan,0.000,7348.6157,nan,2.1221e+09,nan,9.1250e+09
295.0,158.526,6.364,7,0,nan,nan,0.000,7348.6157,nan,2.1221e+09,nan,9.1250e+09
297.0,159.601,6.407,6,0,nan,nan,0.000,7348.6157,nan,2.1221e+09,nan,9.1250e+09
299.0,160.676,6.450,3,0,nan,nan,0.000,7348.6157,nan,2.1221e+09,nan,9.1250e+09
301.0,161.750,6.493,4,0,nan,nan,0.000,7348.6157,nan,2.1221e+09,nan,9.1250e+09
303.0,162.825,6.536,2,0,nan,nan,0.000,7348.6157,nan,2.1221e+09,nan,9.1250e+09
305.0,163.900,6.579,1,0,nan,nan,0.000,7348.6157,nan,2.1221e+09,nan,9.1250e+09
