dat_prof/radprof/build/rproftxt/UGC10123.smo7_smob1.rprof.txt
# %ECSV 0.9
# ---
# datatype:
# - {name: radius, unit: arcsec, datatype: float64, description: Adopting RA=239.7619 deg DEC=51.3046 deg PA=236.6 INC=70.0}
# - {name: r_kpc, unit: kpc, datatype: float64, format: 10.3f, description: Adopting distance of 53.76 Mpc}
# - {name: r_r25, unit: '', datatype: float64, format: 10.3f, description: Adopting R25=34.68 arcsec}
# - {name: npix, datatype: int64}
# - {name: ngood, datatype: int64, description: Requiring fill fraction of 0.1 npix}
# - {name: wtmean, unit: K km / s, datatype: float64, format: 10.3f, description: Replaced blanks with 1 times UGC10123.co.smo7_smo.emom0max.fits}
# - {name: rms, unit: K km / s, datatype: float32}
# - {name: annsum, unit: K km pix / s, datatype: float32, format: 10.3f}
# - {name: cumsum, unit: K km pix / s, datatype: float32}
# - {name: detlim, unit: K km / s, datatype: float64, format: 10.3f}
# - {name: cumlum, unit: K km pc2 / s, datatype: float32, format: 10.4e}
# - {name: sigmol, unit: solMass / pc2, datatype: float64, format: 10.3f}
# - {name: cummass, unit: solMass, datatype: float32, format: 10.4e}
# delimiter: ','
# schema: astropy-2.0
radius,r_kpc,r_r25,npix,ngood,wtmean,rms,annsum,cumsum,detlim,cumlum,sigmol,cummass
1.5,0.391,0.043,10,10,10.702,0.8467287,312.911,312.91098,4.910,2.1255e+07,46.019,9.1397e+07
4.5,1.173,0.130,30,30,9.898,1.5021493,868.158,1181.0686,2.800,8.0226e+07,42.560,3.4497e+08
7.5,1.955,0.216,47,47,8.968,1.8580315,1232.372,2413.4404,2.213,1.6394e+08,38.562,7.0493e+08
10.5,2.737,0.303,65,65,7.690,2.5127783,1461.491,3874.9314,1.828,2.6321e+08,33.068,1.1318e+09
13.5,3.518,0.389,90,90,6.323,2.6273928,1663.807,5538.739,1.511,3.7623e+08,27.188,1.6178e+09
16.5,4.300,0.476,98,98,4.781,2.2406373,1369.992,6908.731,1.438,4.6929e+08,20.559,2.0179e+09
19.5,5.082,0.562,137,137,3.224,1.7588409,1291.447,8200.178,1.187,5.5701e+08,13.864,2.3952e+09
22.5,5.864,0.649,143,143,2.080,1.1329328,869.822,9070.0,1.155,6.1610e+08,8.946,2.6492e+09
25.5,6.646,0.735,163,163,1.315,0.78157324,626.513,9696.513,1.074,6.5865e+08,5.653,2.8322e+09
28.5,7.428,0.822,186,186,0.889,0.46625718,483.722,10180.234,0.993,6.9151e+08,3.825,2.9735e+09
31.5,8.210,0.908,196,196,0.701,0.3071721,401.685,10581.919,0.959,7.1880e+08,3.014,3.0908e+09
34.5,8.992,0.995,224,194,0.683,0.31810102,447.453,11029.372,0.899,7.4919e+08,2.938,3.2215e+09
37.5,9.774,1.081,243,173,0.638,0.24135102,453.033,11482.405,0.860,7.7996e+08,2.742,3.3538e+09
40.5,10.555,1.168,271,153,0.615,0.14926486,487.182,11969.587,0.840,8.1306e+08,2.644,3.4961e+09
43.5,11.337,1.254,269,116,0.608,0.15220007,478.017,12447.604,0.880,8.4553e+08,2.613,3.6358e+09
46.5,12.119,1.341,310,99,0.631,0.17038342,571.687,13019.29,0.863,8.8436e+08,2.712,3.8027e+09
49.5,12.901,1.427,317,79,0.673,0.1903039,623.499,13642.789,0.902,9.2671e+08,2.893,3.9849e+09
52.5,13.683,1.514,321,62,0.726,0.21820803,681.727,14324.516,0.961,9.7302e+08,3.123,4.1840e+09
55.5,14.465,1.600,373,47,0.730,0.27882636,795.853,15120.368,0.950,1.0271e+09,3.138,4.4164e+09
58.5,15.247,1.687,373,36,nan,nan,0.000,15120.368,1.006,1.0271e+09,nan,4.4164e+09
61.5,16.029,1.773,400,28,nan,nan,0.000,15120.368,1.028,1.0271e+09,nan,4.4164e+09
64.5,16.810,1.860,420,21,nan,nan,0.000,15120.368,1.026,1.0271e+09,nan,4.4164e+09
67.5,17.592,1.946,435,20,nan,nan,0.000,15120.368,1.062,1.0271e+09,nan,4.4164e+09
70.5,18.374,2.033,451,19,nan,nan,0.000,15120.368,1.068,1.0271e+09,nan,4.4164e+09
73.5,19.156,2.119,472,18,nan,nan,0.000,15120.368,1.092,1.0271e+09,nan,4.4164e+09
76.5,19.938,2.206,496,17,nan,nan,0.000,15120.368,1.104,1.0271e+09,nan,4.4164e+09
79.5,20.720,2.292,504,18,nan,nan,0.000,15120.368,1.131,1.0271e+09,nan,4.4164e+09
82.5,21.502,2.379,544,15,nan,nan,0.000,15120.368,1.146,1.0271e+09,nan,4.4164e+09
85.5,22.284,2.465,549,12,nan,nan,0.000,15120.368,1.155,1.0271e+09,nan,4.4164e+09
88.5,23.066,2.552,566,10,nan,nan,0.000,15120.368,1.201,1.0271e+09,nan,4.4164e+09
91.5,23.847,2.638,589,8,nan,nan,0.000,15120.368,1.184,1.0271e+09,nan,4.4164e+09
94.5,24.629,2.725,536,3,nan,nan,0.000,15120.368,1.258,1.0271e+09,nan,4.4164e+09
97.5,25.411,2.811,524,0,nan,nan,0.000,15120.368,1.236,1.0271e+09,nan,4.4164e+09
100.5,26.193,2.898,508,0,nan,nan,0.000,15120.368,1.282,1.0271e+09,nan,4.4164e+09
103.5,26.975,2.984,466,0,nan,nan,0.000,15120.368,1.335,1.0271e+09,nan,4.4164e+09
106.5,27.757,3.071,480,0,nan,nan,0.000,15120.368,1.329,1.0271e+09,nan,4.4164e+09
109.5,28.539,3.157,463,0,nan,nan,0.000,15120.368,1.382,1.0271e+09,nan,4.4164e+09
112.5,29.321,3.244,445,0,nan,nan,0.000,15120.368,1.402,1.0271e+09,nan,4.4164e+09
115.5,30.102,3.330,446,0,nan,nan,0.000,15120.368,1.461,1.0271e+09,nan,4.4164e+09
118.5,30.884,3.417,444,0,nan,nan,0.000,15120.368,1.485,1.0271e+09,nan,4.4164e+09
121.5,31.666,3.503,435,0,nan,nan,0.000,15120.368,1.546,1.0271e+09,nan,4.4164e+09
124.5,32.448,3.590,428,0,nan,nan,0.000,15120.368,1.606,1.0271e+09,nan,4.4164e+09
127.5,33.230,3.676,448,0,nan,nan,0.000,15120.368,1.630,1.0271e+09,nan,4.4164e+09
130.5,34.012,3.763,396,0,nan,nan,0.000,15120.368,1.692,1.0271e+09,nan,4.4164e+09
133.5,34.794,3.849,382,0,nan,nan,0.000,15120.368,1.797,1.0271e+09,nan,4.4164e+09
136.5,35.576,3.936,362,0,nan,nan,0.000,15120.368,1.855,1.0271e+09,nan,4.4164e+09
139.5,36.358,4.022,345,0,nan,nan,0.000,15120.368,1.907,1.0271e+09,nan,4.4164e+09
142.5,37.139,4.109,342,0,nan,nan,0.000,15120.368,2.046,1.0271e+09,nan,4.4164e+09
145.5,37.921,4.195,321,0,nan,nan,0.000,15120.368,2.131,1.0271e+09,nan,4.4164e+09
148.5,38.703,4.282,320,0,nan,nan,0.000,15120.368,2.285,1.0271e+09,nan,4.4164e+09
151.5,39.485,4.368,305,0,nan,nan,0.000,15120.368,2.443,1.0271e+09,nan,4.4164e+09
154.5,40.267,4.455,292,0,nan,nan,0.000,15120.368,2.773,1.0271e+09,nan,4.4164e+09
157.5,41.049,4.541,295,0,nan,nan,0.000,15120.368,2.925,1.0271e+09,nan,4.4164e+09
160.5,41.831,4.628,279,0,nan,nan,0.000,15120.368,3.488,1.0271e+09,nan,4.4164e+09
163.5,42.613,4.714,277,0,nan,nan,0.000,15120.368,5.282,1.0271e+09,nan,4.4164e+09
166.5,43.395,4.801,264,0,nan,nan,0.000,15120.368,18.584,1.0271e+09,nan,4.4164e+09
169.5,44.176,4.887,265,0,nan,nan,0.000,15120.368,nan,1.0271e+09,nan,4.4164e+09
172.5,44.958,4.974,250,0,nan,nan,0.000,15120.368,nan,1.0271e+09,nan,4.4164e+09
175.5,45.740,5.060,246,0,nan,nan,0.000,15120.368,nan,1.0271e+09,nan,4.4164e+09
178.5,46.522,5.147,249,0,nan,nan,0.000,15120.368,nan,1.0271e+09,nan,4.4164e+09
181.5,47.304,5.233,229,0,nan,nan,0.000,15120.368,nan,1.0271e+09,nan,4.4164e+09
184.5,48.086,5.320,225,0,nan,nan,0.000,15120.368,nan,1.0271e+09,nan,4.4164e+09
187.5,48.868,5.406,230,0,nan,nan,0.000,15120.368,nan,1.0271e+09,nan,4.4164e+09
190.5,49.650,5.493,220,0,nan,nan,0.000,15120.368,nan,1.0271e+09,nan,4.4164e+09
193.5,50.431,5.579,208,0,nan,nan,0.000,15120.368,nan,1.0271e+09,nan,4.4164e+09
196.5,51.213,5.666,204,0,nan,nan,0.000,15120.368,nan,1.0271e+09,nan,4.4164e+09
199.5,51.995,5.752,204,0,nan,nan,0.000,15120.368,nan,1.0271e+09,nan,4.4164e+09
202.5,52.777,5.839,192,0,nan,nan,0.000,15120.368,nan,1.0271e+09,nan,4.4164e+09
205.5,53.559,5.925,191,0,nan,nan,0.000,15120.368,nan,1.0271e+09,nan,4.4164e+09
208.5,54.341,6.012,189,0,nan,nan,0.000,15120.368,nan,1.0271e+09,nan,4.4164e+09
211.5,55.123,6.098,178,0,nan,nan,0.000,15120.368,nan,1.0271e+09,nan,4.4164e+09
214.5,55.905,6.185,169,0,nan,nan,0.000,15120.368,nan,1.0271e+09,nan,4.4164e+09
217.5,56.687,6.271,172,0,nan,nan,0.000,15120.368,nan,1.0271e+09,nan,4.4164e+09
220.5,57.468,6.358,168,0,nan,nan,0.000,15120.368,nan,1.0271e+09,nan,4.4164e+09
223.5,58.250,6.444,155,0,nan,nan,0.000,15120.368,nan,1.0271e+09,nan,4.4164e+09
226.5,59.032,6.531,154,0,nan,nan,0.000,15120.368,nan,1.0271e+09,nan,4.4164e+09
229.5,59.814,6.617,152,0,nan,nan,0.000,15120.368,nan,1.0271e+09,nan,4.4164e+09
232.5,60.596,6.704,140,0,nan,nan,0.000,15120.368,nan,1.0271e+09,nan,4.4164e+09
235.5,61.378,6.790,141,0,nan,nan,0.000,15120.368,nan,1.0271e+09,nan,4.4164e+09
238.5,62.160,6.876,135,0,nan,nan,0.000,15120.368,nan,1.0271e+09,nan,4.4164e+09
241.5,62.942,6.963,129,0,nan,nan,0.000,15120.368,nan,1.0271e+09,nan,4.4164e+09
244.5,63.723,7.049,121,0,nan,nan,0.000,15120.368,nan,1.0271e+09,nan,4.4164e+09
247.5,64.505,7.136,123,0,nan,nan,0.000,15120.368,nan,1.0271e+09,nan,4.4164e+09
250.5,65.287,7.222,116,0,nan,nan,0.000,15120.368,nan,1.0271e+09,nan,4.4164e+09
253.5,66.069,7.309,105,0,nan,nan,0.000,15120.368,nan,1.0271e+09,nan,4.4164e+09
256.5,66.851,7.395,108,0,nan,nan,0.000,15120.368,nan,1.0271e+09,nan,4.4164e+09
259.5,67.633,7.482,102,0,nan,nan,0.000,15120.368,nan,1.0271e+09,nan,4.4164e+09
262.5,68.415,7.568,92,0,nan,nan,0.000,15120.368,nan,1.0271e+09,nan,4.4164e+09
265.5,69.197,7.655,90,0,nan,nan,0.000,15120.368,nan,1.0271e+09,nan,4.4164e+09
268.5,69.979,7.741,90,0,nan,nan,0.000,15120.368,nan,1.0271e+09,nan,4.4164e+09
271.5,70.760,7.828,83,0,nan,nan,0.000,15120.368,nan,1.0271e+09,nan,4.4164e+09
274.5,71.542,7.914,71,0,nan,nan,0.000,15120.368,nan,1.0271e+09,nan,4.4164e+09
277.5,72.324,8.001,76,0,nan,nan,0.000,15120.368,nan,1.0271e+09,nan,4.4164e+09
280.5,73.106,8.087,69,0,nan,nan,0.000,15120.368,nan,1.0271e+09,nan,4.4164e+09
283.5,73.888,8.174,61,0,nan,nan,0.000,15120.368,nan,1.0271e+09,nan,4.4164e+09
286.5,74.670,8.260,57,0,nan,nan,0.000,15120.368,nan,1.0271e+09,nan,4.4164e+09
289.5,75.452,8.347,56,0,nan,nan,0.000,15120.368,nan,1.0271e+09,nan,4.4164e+09
292.5,76.234,8.433,48,0,nan,nan,0.000,15120.368,nan,1.0271e+09,nan,4.4164e+09
295.5,77.015,8.520,44,0,nan,nan,0.000,15120.368,nan,1.0271e+09,nan,4.4164e+09
298.5,77.797,8.606,40,0,nan,nan,0.000,15120.368,nan,1.0271e+09,nan,4.4164e+09
301.5,78.579,8.693,36,0,nan,nan,0.000,15120.368,nan,1.0271e+09,nan,4.4164e+09
304.5,79.361,8.779,31,0,nan,nan,0.000,15120.368,nan,1.0271e+09,nan,4.4164e+09
307.5,80.143,8.866,25,0,nan,nan,0.000,15120.368,nan,1.0271e+09,nan,4.4164e+09
310.5,80.925,8.952,21,0,nan,nan,0.000,15120.368,nan,1.0271e+09,nan,4.4164e+09
313.5,81.707,9.039,19,0,nan,nan,0.000,15120.368,nan,1.0271e+09,nan,4.4164e+09
316.5,82.489,9.125,13,0,nan,nan,0.000,15120.368,nan,1.0271e+09,nan,4.4164e+09
319.5,83.271,9.212,6,0,nan,nan,0.000,15120.368,nan,1.0271e+09,nan,4.4164e+09
322.5,84.052,9.298,5,0,nan,nan,0.000,15120.368,nan,1.0271e+09,nan,4.4164e+09
325.5,84.834,9.385,2,0,nan,nan,0.000,15120.368,nan,1.0271e+09,nan,4.4164e+09
328.5,85.616,9.471,0,0,nan,nan,0.000,15120.368,nan,1.0271e+09,nan,4.4164e+09
