dat_prof/radprof/build/rproftxt/UGC10384.de20_smob1.rprof.txt
# %ECSV 0.9
# ---
# datatype:
# - {name: radius, unit: arcsec, datatype: float64, description: Adopting RA=246.6944 deg DEC=11.5802 deg PA=275.8 INC=70.0}
# - {name: r_kpc, unit: kpc, datatype: float64, format: 10.3f, description: Adopting distance of 71.75 Mpc}
# - {name: r_r25, unit: '', datatype: float64, format: 10.3f, description: Adopting R25=35.00 arcsec}
# - {name: npix, datatype: int64}
# - {name: ngood, datatype: int64, description: Requiring fill fraction of 0.1 npix}
# - {name: wtmean, unit: K km / s, datatype: float64, format: 10.3f, description: Replaced blanks with 1 times UGC10384.co.de20_smo.emom0max.fits}
# - {name: rms, unit: K km / s, datatype: float32}
# - {name: annsum, unit: K km pix / s, datatype: float32, format: 10.3f}
# - {name: cumsum, unit: K km pix / s, datatype: float32}
# - {name: detlim, unit: K km / s, datatype: float64, format: 10.3f}
# - {name: cumlum, unit: K km pc2 / s, datatype: float32, format: 10.4e}
# - {name: sigmol, unit: solMass / pc2, datatype: float64, format: 10.3f}
# - {name: cummass, unit: solMass, datatype: float32, format: 10.4e}
# delimiter: ','
# schema: astropy-2.0
radius,r_kpc,r_r25,npix,ngood,wtmean,rms,annsum,cumsum,detlim,cumlum,sigmol,cummass
1.0,0.348,0.029,4,4,19.684,0.640939,230.211,230.21141,7.889,2.7857e+07,84.642,1.1978e+08
3.0,1.044,0.086,15,15,17.341,1.3937805,760.513,990.72437,4.028,1.1988e+08,74.565,5.1550e+08
5.0,1.739,0.143,19,19,15.788,2.3741672,877.060,1867.7844,3.581,2.2601e+08,67.888,9.7185e+08
7.0,2.435,0.200,29,29,14.080,2.3732243,1193.819,3061.603,2.875,3.7047e+08,60.542,1.5930e+09
9.0,3.131,0.257,43,43,10.703,1.8582213,1345.660,4407.263,2.330,5.3330e+08,46.024,2.2932e+09
11.0,3.826,0.314,49,49,7.246,1.8629519,1038.086,5445.3496,2.151,6.5892e+08,31.157,2.8333e+09
13.0,4.522,0.371,51,51,4.654,1.7705758,693.944,6139.2935,2.037,7.4289e+08,20.011,3.1944e+09
15.0,5.218,0.429,63,63,2.992,1.7953532,551.048,6690.342,1.771,8.0957e+08,12.864,3.4811e+09
17.0,5.914,0.486,79,79,1.820,1.1445047,420.490,7110.832,1.534,8.6045e+08,7.828,3.6999e+09
19.0,6.609,0.543,76,76,1.311,0.72275937,291.387,7402.2188,1.497,8.9571e+08,5.639,3.8515e+09
21.0,7.305,0.600,89,89,1.103,0.56658226,286.997,7689.2153,1.355,9.3044e+08,4.742,4.0009e+09
23.0,8.001,0.657,105,101,0.994,0.37917808,305.107,7994.3223,1.234,9.6735e+08,4.274,4.1596e+09
25.0,8.696,0.714,108,93,0.915,0.30351654,289.040,8283.362,1.201,1.0023e+09,3.936,4.3100e+09
27.0,9.392,0.771,113,92,0.932,0.3374195,307.963,8591.325,1.174,1.0396e+09,4.008,4.4703e+09
29.0,10.088,0.828,123,98,0.885,0.33995268,318.298,8909.623,1.118,1.0781e+09,3.806,4.6359e+09
31.0,10.784,0.886,139,97,0.776,0.16797735,315.420,9225.043,1.050,1.1163e+09,3.337,4.8000e+09
33.0,11.479,0.943,135,73,0.799,0.13066804,315.353,9540.3955,1.090,1.1544e+09,3.435,4.9641e+09
35.0,12.175,1.000,150,64,0.834,0.19313787,365.746,9906.142,1.049,1.1987e+09,3.586,5.1544e+09
37.0,12.871,1.057,166,63,0.853,0.22687142,414.149,10320.291,1.013,1.2488e+09,3.669,5.3699e+09
39.0,13.566,1.114,168,52,0.891,0.24367768,437.545,10757.836,1.043,1.3018e+09,3.830,5.5975e+09
41.0,14.262,1.171,171,36,0.954,0.24517131,476.907,11234.743,1.069,1.3595e+09,4.102,5.8457e+09
43.0,14.958,1.228,185,27,0.987,0.2774612,533.854,11768.598,1.047,1.4241e+09,4.244,6.1235e+09
45.0,15.654,1.286,196,23,1.007,0.229509,577.111,12345.709,1.052,1.4939e+09,4.330,6.4237e+09
47.0,16.349,1.343,199,18,nan,nan,0.000,12345.709,1.098,1.4939e+09,nan,6.4237e+09
49.0,17.045,1.400,207,7,nan,nan,0.000,12345.709,1.109,1.4939e+09,nan,6.4237e+09
51.0,17.741,1.457,201,14,nan,nan,0.000,12345.709,1.112,1.4939e+09,nan,6.4237e+09
53.0,18.436,1.514,180,3,nan,nan,0.000,12345.709,1.173,1.4939e+09,nan,6.4237e+09
55.0,19.132,1.571,167,4,nan,nan,0.000,12345.709,1.216,1.4939e+09,nan,6.4237e+09
57.0,19.828,1.628,179,6,nan,nan,0.000,12345.709,1.155,1.4939e+09,nan,6.4237e+09
59.0,20.524,1.686,164,6,nan,nan,0.000,12345.709,1.205,1.4939e+09,nan,6.4237e+09
61.0,21.219,1.743,154,0,nan,nan,0.000,12345.709,1.274,1.4939e+09,nan,6.4237e+09
63.0,21.915,1.800,159,6,nan,nan,0.000,12345.709,1.256,1.4939e+09,nan,6.4237e+09
65.0,22.611,1.857,166,6,nan,nan,0.000,12345.709,1.209,1.4939e+09,nan,6.4237e+09
67.0,23.306,1.914,147,2,nan,nan,0.000,12345.709,1.325,1.4939e+09,nan,6.4237e+09
69.0,24.002,1.971,151,4,nan,nan,0.000,12345.709,1.312,1.4939e+09,nan,6.4237e+09
71.0,24.698,2.028,160,5,nan,nan,0.000,12345.709,1.256,1.4939e+09,nan,6.4237e+09
73.0,25.394,2.085,158,0,nan,nan,0.000,12345.709,1.292,1.4939e+09,nan,6.4237e+09
75.0,26.089,2.143,142,0,nan,nan,0.000,12345.709,1.386,1.4939e+09,nan,6.4237e+09
77.0,26.785,2.200,151,0,nan,nan,0.000,12345.709,1.357,1.4939e+09,nan,6.4237e+09
79.0,27.481,2.257,157,0,nan,nan,0.000,12345.709,1.314,1.4939e+09,nan,6.4237e+09
81.0,28.177,2.314,135,0,nan,nan,0.000,12345.709,1.469,1.4939e+09,nan,6.4237e+09
83.0,28.872,2.371,148,0,nan,nan,0.000,12345.709,1.414,1.4939e+09,nan,6.4237e+09
85.0,29.568,2.428,155,0,nan,nan,0.000,12345.709,1.372,1.4939e+09,nan,6.4237e+09
87.0,30.264,2.485,151,0,nan,nan,0.000,12345.709,1.425,1.4939e+09,nan,6.4237e+09
89.0,30.959,2.543,139,0,nan,nan,0.000,12345.709,1.501,1.4939e+09,nan,6.4237e+09
91.0,31.655,2.600,147,0,nan,nan,0.000,12345.709,1.492,1.4939e+09,nan,6.4237e+09
93.0,32.351,2.657,151,0,nan,nan,0.000,12345.709,1.461,1.4939e+09,nan,6.4237e+09
95.0,33.047,2.714,132,0,nan,nan,0.000,12345.709,1.624,1.4939e+09,nan,6.4237e+09
97.0,33.742,2.771,142,0,nan,nan,0.000,12345.709,1.571,1.4939e+09,nan,6.4237e+09
99.0,34.438,2.828,157,0,nan,nan,0.000,12345.709,1.527,1.4939e+09,nan,6.4237e+09
101.0,35.134,2.885,146,0,nan,nan,0.000,12345.709,1.590,1.4939e+09,nan,6.4237e+09
103.0,35.829,2.942,131,0,nan,nan,0.000,12345.709,1.712,1.4939e+09,nan,6.4237e+09
105.0,36.525,3.000,150,0,nan,nan,0.000,12345.709,1.638,1.4939e+09,nan,6.4237e+09
107.0,37.221,3.057,148,0,nan,nan,0.000,12345.709,1.689,1.4939e+09,nan,6.4237e+09
109.0,37.917,3.114,135,0,nan,nan,0.000,12345.709,1.760,1.4939e+09,nan,6.4237e+09
111.0,38.612,3.171,138,0,nan,nan,0.000,12345.709,1.824,1.4939e+09,nan,6.4237e+09
113.0,39.308,3.228,154,0,nan,nan,0.000,12345.709,1.746,1.4939e+09,nan,6.4237e+09
115.0,40.004,3.285,138,0,nan,nan,0.000,12345.709,1.895,1.4939e+09,nan,6.4237e+09
117.0,40.699,3.342,133,0,nan,nan,0.000,12345.709,1.940,1.4939e+09,nan,6.4237e+09
119.0,41.395,3.400,154,0,nan,nan,0.000,12345.709,1.905,1.4939e+09,nan,6.4237e+09
121.0,42.091,3.457,145,0,nan,nan,0.000,12345.709,2.019,1.4939e+09,nan,6.4237e+09
123.0,42.787,3.514,131,0,nan,nan,0.000,12345.709,2.087,1.4939e+09,nan,6.4237e+09
125.0,43.482,3.571,142,0,nan,nan,0.000,12345.709,2.126,1.4939e+09,nan,6.4237e+09
127.0,44.178,3.628,149,0,nan,nan,0.000,12345.709,2.261,1.4939e+09,nan,6.4237e+09
129.0,44.874,3.685,135,0,nan,nan,0.000,12345.709,2.277,1.4939e+09,nan,6.4237e+09
131.0,45.569,3.742,129,0,nan,nan,0.000,12345.709,2.349,1.4939e+09,nan,6.4237e+09
133.0,46.265,3.800,157,0,nan,nan,0.000,12345.709,2.525,1.4939e+09,nan,6.4237e+09
135.0,46.961,3.857,148,0,nan,nan,0.000,12345.709,2.620,1.4939e+09,nan,6.4237e+09
137.0,47.657,3.914,127,0,nan,nan,0.000,12345.709,2.787,1.4939e+09,nan,6.4237e+09
139.0,48.352,3.971,142,0,nan,nan,0.000,12345.709,2.991,1.4939e+09,nan,6.4237e+09
141.0,49.048,4.028,123,0,nan,nan,0.000,12345.709,3.337,1.4939e+09,nan,6.4237e+09
143.0,49.744,4.085,87,0,nan,nan,0.000,12345.709,3.931,1.4939e+09,nan,6.4237e+09
145.0,50.439,4.142,74,0,nan,nan,0.000,12345.709,4.847,1.4939e+09,nan,6.4237e+09
147.0,51.135,4.199,64,0,nan,nan,0.000,12345.709,21.269,1.4939e+09,nan,6.4237e+09
149.0,51.831,4.257,54,0,nan,nan,0.000,12345.709,nan,1.4939e+09,nan,6.4237e+09
151.0,52.527,4.314,46,0,nan,nan,0.000,12345.709,nan,1.4939e+09,nan,6.4237e+09
153.0,53.222,4.371,38,0,nan,nan,0.000,12345.709,nan,1.4939e+09,nan,6.4237e+09
155.0,53.918,4.428,34,0,nan,nan,0.000,12345.709,nan,1.4939e+09,nan,6.4237e+09
157.0,54.614,4.485,26,0,nan,nan,0.000,12345.709,nan,1.4939e+09,nan,6.4237e+09
159.0,55.309,4.542,21,0,nan,nan,0.000,12345.709,nan,1.4939e+09,nan,6.4237e+09
161.0,56.005,4.599,15,0,nan,nan,0.000,12345.709,nan,1.4939e+09,nan,6.4237e+09
163.0,56.701,4.657,7,0,nan,nan,0.000,12345.709,nan,1.4939e+09,nan,6.4237e+09
165.0,57.397,4.714,4,0,nan,nan,0.000,12345.709,nan,1.4939e+09,nan,6.4237e+09
167.0,58.092,4.771,0,0,nan,nan,0.000,12345.709,nan,1.4939e+09,nan,6.4237e+09
