edge_pydb/dat_prof/radprof/rprof_smo7_smo.csv
# %ECSV 0.9
# ---
# datatype:
# - {name: Name, datatype: string, description: Galaxy Name}
# - {name: r_arcs, unit: arcsec, datatype: float64, description: outer radius of ring in arcsec}
# - {name: r_kpc, unit: kpc, datatype: float64, format: 10.3f, description: outer radius of ring in kpc}
# - {name: r_r25, unit: '', datatype: float64, format: 10.3f, description: outer radius of ring as frac of opt radius}
# - {name: npix, datatype: int64, description: number of available pixels in the ring}
# - {name: ngood, datatype: int64, description: number of unmasked pixels in the ring}
# - {name: ico_avg, unit: K km / s, datatype: float64, format: 10.3f, description: average face-on intensity in ring if ngood/npix > 0.1
#     and setting blanks to zero}
# - {name: ico_rms, unit: K km / s, datatype: float32, description: rms face-on intensity in ring for unmasked pixels}
# - {name: detlim, unit: K km / s, datatype: float64, format: 10.3f, description: 3 sigma detection limit based on emom0max}
# - {name: sigmol, unit: solMass / pc2, datatype: float64, format: 10.3f, description: average face-on surface density including He with
#     alphaco=4.3}
# - {name: cumlum, unit: K km pc2 / s, datatype: float32, format: 10.4e, description: total CO luminosity within the given radius}
# - {name: cummass, unit: solMass, datatype: float32, format: 10.4e, description: total molecular gas mass within the given radius}
# delimiter: ','
# schema: astropy-2.0
Name,r_arcs,r_kpc,r_r25,npix,ngood,ico_avg,ico_rms,detlim,sigmol,cumlum,cummass
ARP220,1.5,0.567,0.045,25,25,398.733,97.927216,8.037,1714.552,1.6399e+09,7.0516e+09
ARP220,4.5,1.701,0.136,74,74,223.592,118.65766,4.672,961.445,4.3619e+09,1.8756e+10
ARP220,7.5,2.835,0.226,125,125,72.398,53.31096,3.579,311.309,5.8506e+09,2.5158e+10
ARP220,10.5,3.969,0.316,174,174,14.124,13.196211,2.987,60.732,6.2549e+09,2.6896e+10
ARP220,13.5,5.103,0.407,213,213,0.454,5.595395,2.647,1.952,6.2708e+09,2.6965e+10
ARP220,16.5,6.237,0.497,275,275,-0.990,5.575442,2.164,-4.258,6.2260e+09,2.6772e+10
ARP220,19.5,7.371,0.587,322,304,1.692,5.014644,1.673,7.275,6.3157e+09,2.7157e+10
ARP220,22.5,8.505,0.678,362,300,1.989,3.8649008,1.339,8.552,6.4341e+09,2.7667e+10
ARP220,25.5,9.640,0.768,418,261,1.120,2.3403893,1.136,4.816,6.5111e+09,2.7998e+10
ARP220,28.5,10.774,0.858,467,146,0.541,1.3445102,1.080,2.324,6.5527e+09,2.8176e+10
ARP220,31.5,11.908,0.949,511,83,0.176,0.7105766,1.070,0.758,6.5675e+09,2.8240e+10
ARP220,34.5,13.042,1.039,568,29,nan,nan,1.063,nan,6.5675e+09,2.8240e+10
IC0480,1.5,0.482,0.029,6,6,11.040,0.7046355,3.868,47.471,2.9518e+07,1.2693e+08
IC0480,4.5,1.446,0.086,17,17,10.209,1.1681514,2.291,43.900,1.0686e+08,4.5950e+08
IC0480,7.5,2.410,0.143,34,34,8.149,1.5278702,1.594,35.040,2.3033e+08,9.9040e+08
IC0480,10.5,3.374,0.200,46,46,6.065,1.5254343,1.330,26.078,3.5465e+08,1.5250e+09
IC0480,13.5,4.338,0.257,63,63,4.454,1.3829411,1.110,19.150,4.7968e+08,2.0626e+09
IC0480,16.5,5.302,0.314,72,72,3.325,1.1333597,1.017,14.298,5.8637e+08,2.5214e+09
IC0480,19.5,6.267,0.371,86,86,2.271,0.9687324,0.899,9.767,6.7342e+08,2.8957e+09
IC0480,22.5,7.231,0.429,97,97,1.543,0.7715859,0.840,6.635,7.4012e+08,3.1825e+09
IC0480,25.5,8.195,0.486,113,113,1.000,0.53865904,0.780,4.300,7.9047e+08,3.3990e+09
IC0480,28.5,9.159,0.543,128,124,0.559,0.38571557,0.737,2.402,8.2234e+08,3.5361e+09
IC0480,31.5,10.123,0.600,132,106,0.208,0.3330434,0.739,0.894,8.3456e+08,3.5886e+09
IC0480,34.5,11.087,0.657,150,95,-0.001,0.28457668,0.708,-0.005,8.3449e+08,3.5883e+09
IC0480,37.5,12.051,0.714,159,87,-0.099,0.27508757,0.704,-0.426,8.2747e+08,3.5581e+09
IC0480,40.5,13.015,0.771,179,87,-0.135,0.27214345,0.688,-0.579,8.1673e+08,3.5119e+09
IC0480,43.5,13.979,0.829,186,79,-0.150,0.27911702,0.697,-0.644,8.0432e+08,3.4586e+09
IC0480,46.5,14.943,0.886,206,69,-0.124,0.2599227,0.699,-0.535,7.9290e+08,3.4095e+09
IC0480,49.5,15.907,0.943,217,63,-0.089,0.21508119,0.714,-0.384,7.8425e+08,3.3723e+09
IC0480,52.5,16.872,1.000,231,58,-0.053,0.15408455,0.715,-0.226,7.7884e+08,3.3490e+09
IC0480,55.5,17.836,1.057,245,54,-0.016,0.14702652,0.721,-0.069,7.7710e+08,3.3415e+09
IC0480,58.5,18.800,1.114,253,48,0.001,0.12148961,0.737,0.003,7.7718e+08,3.3419e+09
IC0480,61.5,19.764,1.172,273,43,0.003,0.11975523,0.758,0.012,7.7753e+08,3.3434e+09
IC0480,64.5,20.728,1.229,284,40,0.007,0.11347572,0.765,0.029,7.7838e+08,3.3471e+09
IC0480,67.5,21.692,1.286,294,36,0.001,0.09182058,0.783,0.006,7.7858e+08,3.3479e+09
IC0480,70.5,22.656,1.343,305,25,nan,nan,0.792,nan,7.7858e+08,3.3479e+09
IC0480,73.5,23.620,1.400,324,21,nan,nan,0.795,nan,7.7858e+08,3.3479e+09
IC0480,76.5,24.584,1.457,305,16,nan,nan,0.809,nan,7.7858e+08,3.3479e+09
IC0480,79.5,25.548,1.514,311,13,nan,nan,0.792,nan,7.7858e+08,3.3479e+09
IC0480,82.5,26.512,1.572,308,11,nan,nan,0.818,nan,7.7858e+08,3.3479e+09
IC0480,85.5,27.477,1.629,314,10,nan,nan,0.803,nan,7.7858e+08,3.3479e+09
IC0480,88.5,28.441,1.686,310,9,nan,nan,0.838,nan,7.7858e+08,3.3479e+09
IC0480,91.5,29.405,1.743,289,11,nan,nan,0.834,nan,7.7858e+08,3.3479e+09
IC0480,94.5,30.369,1.800,286,10,nan,nan,0.834,nan,7.7858e+08,3.3479e+09
IC0480,97.5,31.333,1.857,277,10,nan,nan,0.845,nan,7.7858e+08,3.3479e+09
IC0480,100.5,32.297,1.914,271,9,nan,nan,0.850,nan,7.7858e+08,3.3479e+09
IC0480,103.5,33.261,1.972,259,10,nan,nan,0.865,nan,7.7858e+08,3.3479e+09
IC0480,106.5,34.225,2.029,266,9,nan,nan,0.864,nan,7.7858e+08,3.3479e+09
IC0480,109.5,35.189,2.086,253,8,nan,nan,0.897,nan,7.7858e+08,3.3479e+09
IC0480,112.5,36.153,2.143,255,10,nan,nan,0.863,nan,7.7858e+08,3.3479e+09
IC0480,115.5,37.117,2.200,250,6,nan,nan,0.893,nan,7.7858e+08,3.3479e+09
IC0480,118.5,38.082,2.257,246,7,nan,nan,0.904,nan,7.7858e+08,3.3479e+09
IC0480,121.5,39.046,2.314,254,2,nan,nan,0.912,nan,7.7858e+08,3.3479e+09
IC0540,1.5,0.217,0.047,10,10,9.966,1.0112743,5.799,42.853,5.6664e+06,2.4366e+07
IC0540,4.5,0.652,0.140,31,31,7.087,1.9533089,3.263,30.476,1.8159e+07,7.8083e+07
IC0540,7.5,1.087,0.233,53,53,4.149,2.2130105,2.444,17.839,3.0661e+07,1.3184e+08
IC0540,10.5,1.522,0.327,75,75,2.116,1.8030106,1.962,9.100,3.9685e+07,1.7065e+08
IC0540,13.5,1.957,0.420,96,86,0.738,1.3343072,1.684,3.172,4.3712e+07,1.8796e+08
IC0540,16.5,2.392,0.513,107,83,0.346,0.9692186,1.568,1.486,4.5816e+07,1.9701e+08
IC0540,19.5,2.827,0.607,142,78,0.035,0.73224515,1.370,0.150,4.6097e+07,1.9822e+08
IC0540,22.5,3.262,0.700,154,63,-0.041,0.47183058,1.330,-0.175,4.5740e+07,1.9668e+08
IC0540,25.5,3.697,0.793,182,56,-0.026,0.3404289,1.248,-0.113,4.5467e+07,1.9551e+08
IC0540,28.5,4.132,0.887,197,44,0.023,0.19723849,1.232,0.097,4.5721e+07,1.9660e+08
IC0540,31.5,4.567,0.980,216,45,0.023,0.20892897,1.208,0.098,4.6001e+07,1.9780e+08
IC0540,34.5,5.002,1.073,242,51,0.025,0.23644143,1.178,0.109,4.6349e+07,1.9930e+08
IC0540,37.5,5.437,1.167,262,45,0.032,0.2577241,1.176,0.136,4.6819e+07,2.0132e+08
IC0540,40.5,5.872,1.260,283,38,0.045,0.31465217,1.180,0.192,4.7537e+07,2.0441e+08
IC0540,43.5,6.307,1.353,299,32,0.034,0.2844118,1.207,0.145,4.8111e+07,2.0688e+08
IC0540,46.5,6.742,1.447,326,32,nan,nan,1.212,nan,4.8111e+07,2.0688e+08
IC0540,49.5,7.177,1.540,342,20,nan,nan,1.258,nan,4.8111e+07,2.0688e+08
IC0540,52.5,7.612,1.633,374,17,nan,nan,1.280,nan,4.8111e+07,2.0688e+08
IC0540,55.5,8.047,1.727,385,16,nan,nan,1.350,nan,4.8111e+07,2.0688e+08
IC0540,58.5,8.482,1.820,408,16,nan,nan,1.406,nan,4.8111e+07,2.0688e+08
IC0540,61.5,8.917,1.913,422,14,nan,nan,1.434,nan,4.8111e+07,2.0688e+08
IC0944,1.5,0.733,0.033,7,7,11.754,0.5307015,4.402,50.542,7.5931e+07,3.2650e+08
IC0944,4.5,2.199,0.098,23,23,9.417,1.6012394,2.465,40.495,2.7582e+08,1.1860e+09
IC0944,7.5,3.665,0.164,38,38,6.944,2.0423763,1.927,29.858,5.1933e+08,2.2331e+09
IC0944,10.5,5.132,0.229,51,51,5.281,1.7567108,1.630,22.710,7.6790e+08,3.3020e+09
IC0944,13.5,6.598,0.295,66,66,4.249,1.3704332,1.369,18.272,1.0267e+09,4.4149e+09
IC0944,16.5,8.064,0.360,75,75,3.249,0.86390215,1.221,13.972,1.2516e+09,5.3820e+09
IC0944,19.5,9.530,0.426,98,98,2.462,0.72261244,1.029,10.586,1.4743e+09,6.3393e+09
IC0944,22.5,10.996,0.491,105,105,1.904,0.542506,0.956,8.186,1.6587e+09,7.1326e+09
IC0944,25.5,12.463,0.556,126,126,1.511,0.5275397,0.856,6.499,1.8345e+09,7.8882e+09
IC0944,28.5,13.929,0.622,142,142,1.089,0.5602859,0.781,4.683,1.9772e+09,8.5020e+09
IC0944,31.5,15.395,0.687,158,158,0.711,0.5074656,0.731,3.057,2.0809e+09,8.9477e+09
IC0944,34.5,16.861,0.753,167,167,0.440,0.44083753,0.706,1.891,2.1486e+09,9.2391e+09
IC0944,37.5,18.327,0.818,183,183,0.172,0.36097142,0.681,0.740,2.1777e+09,9.3641e+09
IC0944,40.5,19.793,0.884,194,184,0.069,0.32123214,0.668,0.299,2.1901e+09,9.4175e+09
IC0944,43.5,21.260,0.949,213,183,0.019,0.3007947,0.645,0.082,2.1939e+09,9.4337e+09
IC0944,46.5,22.726,1.015,224,174,0.040,0.28286013,0.650,0.172,2.2022e+09,9.4693e+09
IC0944,49.5,24.192,1.080,245,155,0.039,0.20032059,0.638,0.168,2.2110e+09,9.5072e+09
IC0944,52.5,25.658,1.146,247,122,0.015,0.17591426,0.672,0.065,2.2144e+09,9.5219e+09
IC0944,55.5,27.124,1.211,284,103,0.039,0.15860762,0.656,0.167,2.2246e+09,9.5657e+09
IC0944,58.5,28.590,1.277,279,65,0.012,0.12264164,0.715,0.052,2.2277e+09,9.5792e+09
IC0944,61.5,30.057,1.342,308,39,0.010,0.10082321,0.701,0.042,2.2305e+09,9.5911e+09
IC0944,64.5,31.523,1.407,309,19,nan,nan,0.731,nan,2.2305e+09,9.5911e+09
IC0944,67.5,32.989,1.473,331,12,nan,nan,0.723,nan,2.2305e+09,9.5911e+09
IC1199,1.5,0.496,0.042,12,12,7.849,1.22556,4.852,33.751,2.3956e+07,1.0301e+08
IC1199,4.5,1.489,0.126,37,37,5.477,2.1443715,2.715,23.550,7.5497e+07,3.2464e+08
IC1199,7.5,2.482,0.210,64,64,3.814,1.8837459,2.034,16.401,1.3758e+08,5.9161e+08
IC1199,10.5,3.474,0.294,84,84,3.128,1.2249141,1.646,13.452,2.0442e+08,8.7901e+08
IC1199,13.5,4.467,0.378,109,109,2.770,0.85008746,1.352,11.911,2.8121e+08,1.2092e+09
IC1199,16.5,5.460,0.462,133,133,2.201,0.65459585,1.175,9.464,3.5567e+08,1.5294e+09
IC1199,19.5,6.453,0.546,156,156,1.486,0.5651436,1.057,6.390,4.1462e+08,1.7829e+09
IC1199,22.5,7.445,0.630,184,184,0.872,0.5866502,0.957,3.748,4.5541e+08,1.9583e+09
IC1199,25.5,8.438,0.714,205,205,0.415,0.5437267,0.908,1.785,4.7706e+08,2.0514e+09
IC1199,28.5,9.431,0.797,232,230,0.072,0.49421698,0.862,0.311,4.8133e+08,2.0697e+09
IC1199,31.5,10.423,0.881,255,199,-0.013,0.3867653,0.840,-0.056,4.8049e+08,2.0661e+09
IC1199,34.5,11.416,0.965,278,106,-0.028,0.29860774,0.831,-0.122,4.7849e+08,2.0575e+09
IC1199,37.5,12.409,1.049,307,58,0.019,0.11732946,0.818,0.083,4.8000e+08,2.0640e+09
IC1199,40.5,13.402,1.133,325,43,-0.002,0.06509214,0.831,-0.007,4.7986e+08,2.0634e+09
IC1199,43.5,14.394,1.217,356,40,-0.005,0.07922421,0.833,-0.021,4.7941e+08,2.0614e+09
IC1199,46.5,15.387,1.301,381,36,nan,nan,0.851,nan,4.7941e+08,2.0614e+09
IC1199,49.5,16.380,1.385,402,35,nan,nan,0.875,nan,4.7941e+08,2.0614e+09
IC1199,52.5,17.372,1.469,425,32,nan,nan,0.906,nan,4.7941e+08,2.0614e+09
IC1199,55.5,18.365,1.553,448,30,nan,nan,0.943,nan,4.7941e+08,2.0614e+09
IC1199,58.5,19.358,1.637,475,24,nan,nan,0.985,nan,4.7941e+08,2.0614e+09
IC1199,61.5,20.350,1.721,500,16,nan,nan,1.012,nan,4.7941e+08,2.0614e+09
IC1199,64.5,21.343,1.805,529,14,nan,nan,1.043,nan,4.7941e+08,2.0614e+09
IC1199,67.5,22.336,1.889,550,11,nan,nan,1.064,nan,4.7941e+08,2.0614e+09
IC1199,70.5,23.329,1.973,565,7,nan,nan,1.102,nan,4.7941e+08,2.0614e+09
IC1199,73.5,24.321,2.057,597,1,nan,nan,1.125,nan,4.7941e+08,2.0614e+09
IC1683,1.5,0.507,0.038,17,17,46.948,4.690633,6.029,201.875,1.5822e+08,6.8034e+08
IC1683,4.5,1.521,0.114,49,49,31.311,8.162348,3.538,134.635,4.6237e+08,1.9882e+09
IC1683,7.5,2.535,0.190,82,82,16.070,6.948882,2.697,69.101,7.2360e+08,3.1115e+09
IC1683,10.5,3.549,0.266,109,109,7.510,4.525658,2.270,32.294,8.8589e+08,3.8093e+09
IC1683,13.5,4.564,0.342,150,150,2.938,3.2850308,1.822,12.631,9.7324e+08,4.1849e+09
IC1683,16.5,5.578,0.418,178,178,0.660,2.591819,1.518,2.839,9.9653e+08,4.2851e+09
IC1683,19.5,6.592,0.494,214,207,0.012,1.8290803,1.292,0.053,9.9705e+08,4.2873e+09
IC1683,22.5,7.606,0.570,243,191,0.054,1.0383972,1.158,0.232,9.9965e+08,4.2985e+09
IC1683,25.5,8.620,0.646,276,141,0.033,0.53084487,1.048,0.141,1.0014e+09,4.3062e+09
IC1683,28.5,9.634,0.722,300,106,0.057,0.3457064,1.002,0.244,1.0048e+09,4.3207e+09
IC1683,31.5,10.648,0.798,350,86,0.085,0.3557501,0.953,0.365,1.0107e+09,4.3461e+09
IC1683,34.5,11.663,0.874,378,42,0.062,0.30429265,0.952,0.267,1.0154e+09,4.3661e+09
IC1683,37.5,12.677,0.950,413,10,nan,nan,0.948,nan,1.0154e+09,4.3661e+09
IC2247,1.5,0.451,0.027,5,5,6.900,0.38567662,3.354,29.668,1.4645e+07,6.2973e+07
IC2247,4.5,1.353,0.082,18,18,5.995,0.63648605,1.735,25.780,6.0457e+07,2.5997e+08
IC2247,7.5,2.255,0.137,30,30,5.140,0.7903596,1.311,22.103,1.2592e+08,5.4146e+08
IC2247,10.5,3.158,0.192,43,43,4.412,0.83801574,1.075,18.970,2.0645e+08,8.8775e+08
IC2247,13.5,4.060,0.247,52,52,3.715,0.790939,0.963,15.976,2.8847e+08,1.2404e+09
IC2247,16.5,4.962,0.302,70,70,3.004,0.71953434,0.807,12.918,3.7774e+08,1.6243e+09
IC2247,19.5,5.864,0.356,77,77,2.400,0.76715493,0.755,10.320,4.5619e+08,1.9616e+09
IC2247,22.5,6.766,0.411,89,89,1.799,0.62878007,0.685,7.734,5.2415e+08,2.2538e+09
IC2247,25.5,7.668,0.466,109,109,1.231,0.52772427,0.602,5.292,5.8110e+08,2.4987e+09
IC2247,28.5,8.571,0.521,105,105,0.849,0.4324896,0.613,3.651,6.1895e+08,2.6615e+09
IC2247,31.5,9.473,0.576,128,128,0.538,0.37597263,0.558,2.314,6.4819e+08,2.7872e+09
IC2247,34.5,10.375,0.631,141,141,0.321,0.33229065,0.534,1.379,6.6740e+08,2.8698e+09
IC2247,37.5,11.277,0.685,151,146,0.096,0.30630964,0.527,0.414,6.7357e+08,2.8964e+09
IC2247,40.5,12.179,0.740,158,135,-0.002,0.27818716,0.529,-0.010,6.7341e+08,2.8957e+09
IC2247,43.5,13.081,0.795,181,145,-0.062,0.29330844,0.509,-0.268,6.6862e+08,2.8751e+09
IC2247,46.5,13.984,0.850,185,124,-0.072,0.26719582,0.527,-0.308,6.6299e+08,2.8509e+09
IC2247,49.5,14.886,0.905,197,95,-0.084,0.20674588,0.529,-0.362,6.5596e+08,2.8206e+09
IC2247,52.5,15.788,0.959,216,87,-0.070,0.19460288,0.539,-0.299,6.4957e+08,2.7932e+09
IC2247,55.5,16.690,1.014,221,59,-0.061,0.15585274,0.560,-0.262,6.4386e+08,2.7686e+09
IC2247,58.5,17.592,1.069,234,46,-0.053,0.14810115,0.584,-0.227,6.3862e+08,2.7461e+09
IC2247,61.5,18.495,1.124,248,44,-0.044,0.13314244,0.587,-0.187,6.3403e+08,2.7263e+09
IC2247,64.5,19.397,1.179,259,36,-0.027,0.102222644,0.579,-0.115,6.3109e+08,2.7137e+09
IC2247,67.5,20.299,1.234,263,22,nan,nan,0.609,nan,6.3109e+08,2.7137e+09
IC2247,70.5,21.201,1.288,294,19,nan,nan,0.584,nan,6.3109e+08,2.7137e+09
IC2247,73.5,22.103,1.343,294,13,nan,nan,0.608,nan,6.3109e+08,2.7137e+09
IC2247,76.5,23.005,1.398,304,5,nan,nan,0.612,nan,6.3109e+08,2.7137e+09
IC2247,79.5,23.908,1.453,323,1,nan,nan,0.612,nan,6.3109e+08,2.7137e+09
IC2487,1.5,0.453,0.027,6,6,3.402,0.41515154,3.302,14.629,8.8972e+06,3.8258e+07
IC2487,4.5,1.360,0.082,19,19,3.205,0.52965593,1.877,13.781,3.5439e+07,1.5239e+08
IC2487,7.5,2.267,0.136,30,30,2.900,0.39418775,1.488,12.470,7.3361e+07,3.1545e+08
IC2487,10.5,3.174,0.191,41,41,2.791,0.28244385,1.226,12.002,1.2324e+08,5.2994e+08
IC2487,13.5,4.081,0.245,56,56,2.447,0.26062492,1.003,10.521,1.8297e+08,7.8675e+08
IC2487,16.5,4.987,0.299,62,62,2.024,0.3035645,0.930,8.703,2.3766e+08,1.0220e+09
IC2487,19.5,5.894,0.354,77,77,1.611,0.44742408,0.820,6.926,2.9172e+08,1.2544e+09
IC2487,22.5,6.801,0.408,91,91,1.266,0.4623994,0.750,5.442,3.4192e+08,1.4703e+09
IC2487,25.5,7.708,0.463,97,97,0.979,0.35757625,0.722,4.211,3.8332e+08,1.6483e+09
IC2487,28.5,8.615,0.517,113,113,0.787,0.29935157,0.678,3.386,4.2211e+08,1.8151e+09
IC2487,31.5,9.522,0.572,123,123,0.577,0.2504964,0.659,2.479,4.5301e+08,1.9480e+09
IC2487,34.5,10.428,0.626,135,135,0.380,0.23877805,0.640,1.636,4.7540e+08,2.0442e+09
IC2487,37.5,11.335,0.681,145,134,0.216,0.25130078,0.634,0.927,4.8903e+08,2.1028e+09
IC2487,40.5,12.242,0.735,162,138,0.113,0.24084662,0.615,0.486,4.9702e+08,2.1372e+09
IC2487,43.5,13.149,0.790,171,139,0.044,0.24866797,0.621,0.189,5.0028e+08,2.1512e+09
IC2487,46.5,14.056,0.844,190,142,-0.063,0.23226735,0.616,-0.270,4.9508e+08,2.1288e+09
IC2487,49.5,14.962,0.898,199,110,-0.104,0.21035033,0.628,-0.448,4.8604e+08,2.0900e+09
IC2487,52.5,15.869,0.953,205,79,-0.082,0.19198836,0.660,-0.351,4.7874e+08,2.0586e+09
IC2487,55.5,16.776,1.007,223,67,-0.065,0.15463245,0.665,-0.278,4.7245e+08,2.0315e+09
IC2487,58.5,17.683,1.062,229,47,-0.038,0.10500036,0.704,-0.162,4.6870e+08,2.0154e+09
IC2487,61.5,18.590,1.116,244,34,-0.019,0.08908608,0.710,-0.081,4.6671e+08,2.0068e+09
IC2487,64.5,19.496,1.171,254,21,nan,nan,0.719,nan,4.6671e+08,2.0068e+09
IC2487,67.5,20.403,1.225,265,10,nan,nan,0.723,nan,4.6671e+08,2.0068e+09
IC2487,70.5,21.310,1.280,279,4,nan,nan,0.729,nan,4.6671e+08,2.0068e+09
IC2487,73.5,22.217,1.334,284,1,nan,nan,0.734,nan,4.6671e+08,2.0068e+09
IC4566,1.5,0.587,0.037,16,16,2.866,0.4610103,5.702,12.323,1.1927e+07,5.1287e+07
IC4566,4.5,1.762,0.111,50,50,2.351,0.7225131,2.922,10.110,4.2507e+07,1.8278e+08
IC4566,7.5,2.936,0.185,83,83,2.296,0.99603003,2.128,9.873,9.2078e+07,3.9593e+08
IC4566,10.5,4.111,0.259,117,117,2.680,1.2378806,1.769,11.524,1.7364e+08,7.4665e+08
IC4566,13.5,5.285,0.333,151,151,3.126,1.2123553,1.533,13.441,2.9641e+08,1.2746e+09
IC4566,16.5,6.459,0.407,183,183,3.114,1.2991021,1.375,13.392,4.4466e+08,1.9120e+09
IC4566,19.5,7.634,0.481,216,216,2.631,1.4040061,1.260,11.315,5.9251e+08,2.5478e+09
IC4566,22.5,8.808,0.555,250,250,1.745,1.405051,1.161,7.502,7.0596e+08,3.0356e+09
IC4566,25.5,9.983,0.629,282,282,0.923,1.1626186,1.092,3.969,7.7366e+08,3.3267e+09
IC4566,28.5,11.157,0.703,314,271,0.299,0.7008996,1.034,1.284,7.9804e+08,3.4316e+09
IC4566,31.5,12.332,0.777,354,231,0.080,0.44828004,0.991,0.346,8.0545e+08,3.4634e+09
IC4566,34.5,13.506,0.851,384,131,0.009,0.25339195,0.985,0.040,8.0637e+08,3.4674e+09
