edge_pydb/dat_prof/radprof/rprof_smo7_smo.csv
# %ECSV 0.9
# ---
# datatype:
# - {name: Name, datatype: string, description: Galaxy Name}
# - {name: r_arcs, unit: arcsec, datatype: float64, description: outer radius of ring in arcsec}
# - {name: r_kpc, unit: kpc, datatype: float64, format: 10.3f, description: outer radius of ring in kpc}
# - {name: r_r25, unit: '', datatype: float64, format: 10.3f, description: outer radius of ring as frac of opt radius}
# - {name: npix, datatype: int64, description: number of available pixels in the ring}
# - {name: ngood, datatype: int64, description: number of unmasked pixels in the ring}
# - {name: ico_avg, unit: K km / s, datatype: float64, format: 10.3f, description: average face-on intensity in ring if ngood/npix > 0.1
#     and setting blanks to zero}
# - {name: ico_rms, unit: K km / s, datatype: float32, description: rms face-on intensity in ring for unmasked pixels}
# - {name: detlim, unit: K km / s, datatype: float64, format: 10.3f, description: 3 sigma detection limit based on emom0max}
# - {name: sigmol, unit: solMass / pc2, datatype: float64, format: 10.3f, description: average face-on surface density including He with
#     alphaco=4.3}
# - {name: cumlum, unit: K km pc2 / s, datatype: float32, format: 10.4e, description: total CO luminosity within the given radius}
# - {name: cummass, unit: solMass, datatype: float32, format: 10.4e, description: total molecular gas mass within the given radius}
# delimiter: ','
# schema: astropy-2.0
Name,r_arcs,r_kpc,r_r25,npix,ngood,ico_avg,ico_rms,detlim,sigmol,cumlum,cummass
[from data line 2175]
UGC10380,169.5,91.085,3.656,227,10,nan,nan,0.903,nan,6.1285e+08,2.6353e+09
UGC10380,172.5,92.697,3.721,219,10,nan,nan,0.921,nan,6.1285e+08,2.6353e+09
UGC10380,175.5,94.310,3.786,217,9,nan,nan,0.922,nan,6.1285e+08,2.6353e+09
UGC10380,178.5,95.922,3.850,222,9,nan,nan,0.932,nan,6.1285e+08,2.6353e+09
UGC10380,181.5,97.534,3.915,215,10,nan,nan,0.968,nan,6.1285e+08,2.6353e+09
UGC10380,184.5,99.146,3.980,223,9,nan,nan,0.958,nan,6.1285e+08,2.6353e+09
UGC10380,187.5,100.758,4.045,216,9,nan,nan,0.976,nan,6.1285e+08,2.6353e+09
UGC10380,190.5,102.370,4.109,220,10,nan,nan,1.000,nan,6.1285e+08,2.6353e+09
UGC10380,193.5,103.982,4.174,221,8,nan,nan,0.997,nan,6.1285e+08,2.6353e+09
UGC10380,196.5,105.594,4.239,221,9,nan,nan,1.022,nan,6.1285e+08,2.6353e+09
UGC10380,199.5,107.207,4.303,212,9,nan,nan,1.045,nan,6.1285e+08,2.6353e+09
UGC10380,202.5,108.819,4.368,223,8,nan,nan,1.052,nan,6.1285e+08,2.6353e+09
UGC10380,205.5,110.431,4.433,219,9,nan,nan,1.078,nan,6.1285e+08,2.6353e+09
UGC10380,208.5,112.043,4.498,217,8,nan,nan,1.100,nan,6.1285e+08,2.6353e+09
UGC10380,211.5,113.655,4.562,212,8,nan,nan,1.114,nan,6.1285e+08,2.6353e+09
UGC10380,214.5,115.267,4.627,223,8,nan,nan,1.145,nan,6.1285e+08,2.6353e+09
UGC10380,217.5,116.879,4.692,215,8,nan,nan,1.162,nan,6.1285e+08,2.6353e+09
UGC10380,220.5,118.492,4.756,216,8,nan,nan,1.201,nan,6.1285e+08,2.6353e+09
UGC10380,223.5,120.104,4.821,217,7,nan,nan,1.211,nan,6.1285e+08,2.6353e+09
UGC10380,226.5,121.716,4.886,216,8,nan,nan,1.248,nan,6.1285e+08,2.6353e+09
UGC10380,229.5,123.328,4.951,222,7,nan,nan,1.274,nan,6.1285e+08,2.6353e+09
UGC10380,232.5,124.940,5.015,211,7,nan,nan,1.305,nan,6.1285e+08,2.6353e+09
UGC10380,235.5,126.552,5.080,215,7,nan,nan,1.355,nan,6.1285e+08,2.6353e+09
UGC10380,238.5,128.164,5.145,221,6,nan,nan,1.375,nan,6.1285e+08,2.6353e+09
UGC10380,241.5,129.776,5.209,215,5,nan,nan,1.447,nan,6.1285e+08,2.6353e+09
UGC10380,244.5,131.389,5.274,214,3,nan,nan,1.459,nan,6.1285e+08,2.6353e+09
UGC10380,247.5,133.001,5.339,219,1,nan,nan,1.529,nan,6.1285e+08,2.6353e+09
UGC10384,1.5,0.522,0.043,9,9,14.097,0.5353983,4.365,60.615,4.4886e+07,1.9301e+08
UGC10384,4.5,1.565,0.129,29,29,12.744,1.2277919,2.446,54.797,1.7564e+08,7.5523e+08
UGC10384,7.5,2.609,0.214,52,52,10.347,1.4642527,1.830,44.493,3.6600e+08,1.5738e+09
UGC10384,10.5,3.653,0.300,69,69,7.373,1.3399833,1.548,31.703,5.4599e+08,2.3477e+09
UGC10384,13.5,4.696,0.386,84,84,4.654,1.3382245,1.367,20.012,6.8429e+08,2.9425e+09
UGC10384,16.5,5.740,0.471,109,109,2.639,1.2097389,1.160,11.349,7.8608e+08,3.3801e+09
UGC10384,19.5,6.783,0.557,126,126,1.226,0.88691443,1.021,5.273,8.4075e+08,3.6152e+09
UGC10384,22.5,7.827,0.643,144,144,0.573,0.6482071,0.929,2.465,8.6996e+08,3.7408e+09
UGC10384,25.5,8.870,0.728,161,161,0.351,0.4460232,0.861,1.510,8.8996e+08,3.8268e+09
UGC10384,28.5,9.914,0.814,183,166,0.267,0.3694347,0.803,1.150,9.0727e+08,3.9013e+09
UGC10384,31.5,10.958,0.900,202,158,0.135,0.31223345,0.763,0.581,9.1693e+08,3.9428e+09
UGC10384,34.5,12.001,0.986,222,138,0.015,0.25786105,0.739,0.062,9.1807e+08,3.9477e+09
UGC10384,37.5,13.045,1.071,241,111,-0.022,0.19850494,0.722,-0.096,9.1616e+08,3.9395e+09
UGC10384,40.5,14.088,1.157,264,105,-0.017,0.18417244,0.711,-0.075,9.1453e+08,3.9325e+09
UGC10384,43.5,15.132,1.243,276,92,-0.029,0.14835395,0.721,-0.126,9.1167e+08,3.9202e+09
UGC10384,46.5,16.175,1.328,304,46,-0.021,0.12506649,0.727,-0.089,9.0943e+08,3.9106e+09
UGC10384,49.5,17.219,1.414,321,11,nan,nan,0.752,nan,9.0943e+08,3.9106e+09
UGC10384,52.5,18.263,1.500,337,8,nan,nan,0.777,nan,9.0943e+08,3.9106e+09
UGC10384,55.5,19.306,1.586,360,8,nan,nan,0.806,nan,9.0943e+08,3.9106e+09
UGC10384,58.5,20.350,1.671,379,9,nan,nan,0.833,nan,9.0943e+08,3.9106e+09
UGC10384,61.5,21.393,1.757,400,8,nan,nan,0.850,nan,9.0943e+08,3.9106e+09
UGC10384,64.5,22.437,1.843,414,8,nan,nan,0.874,nan,9.0943e+08,3.9106e+09
UGC10384,67.5,23.480,1.928,435,9,nan,nan,0.884,nan,9.0943e+08,3.9106e+09
UGC10384,70.5,24.524,2.014,455,7,nan,nan,0.905,nan,9.0943e+08,3.9106e+09
UGC10384,73.5,25.568,2.100,468,3,nan,nan,0.915,nan,9.0943e+08,3.9106e+09
UGC10710,1.5,0.885,0.030,9,9,8.195,0.28319693,5.566,35.238,7.3651e+07,3.1670e+08
UGC10710,4.5,2.655,0.090,31,31,6.965,0.76383597,3.016,29.947,2.8925e+08,1.2438e+09
UGC10710,7.5,4.425,0.150,50,50,5.069,1.1517491,2.283,21.799,5.4237e+08,2.3322e+09
UGC10710,10.5,6.195,0.210,67,67,3.718,1.0188547,1.879,15.987,7.9112e+08,3.4018e+09
UGC10710,13.5,7.965,0.270,89,89,2.708,0.7807587,1.559,11.646,1.0318e+09,4.4368e+09
UGC10710,16.5,9.735,0.330,109,109,1.892,0.7112274,1.362,8.137,1.2378e+09,5.3225e+09
UGC10710,19.5,11.505,0.390,125,125,1.102,0.64046824,1.218,4.741,1.3754e+09,5.9142e+09
UGC10710,22.5,13.275,0.450,151,151,0.742,0.597602,1.063,3.191,1.4873e+09,6.3954e+09
UGC10710,25.5,15.045,0.510,168,168,0.510,0.51627165,0.939,2.192,1.5728e+09,6.7631e+09
UGC10710,28.5,16.815,0.570,190,189,0.319,0.46075284,0.847,1.372,1.6334e+09,7.0234e+09
UGC10710,31.5,18.585,0.630,208,164,0.199,0.3605335,0.805,0.857,1.6748e+09,7.2015e+09
UGC10710,34.5,20.355,0.690,221,118,0.088,0.3054783,0.793,0.377,1.6941e+09,7.2846e+09
UGC10710,37.5,22.124,0.750,248,96,0.006,0.22120245,0.768,0.024,1.6955e+09,7.2907e+09
UGC10710,40.5,23.894,0.810,266,56,-0.013,0.18929344,0.778,-0.056,1.6921e+09,7.2758e+09
UGC10710,43.5,25.664,0.870,290,43,0.003,0.18718602,0.776,0.011,1.6928e+09,7.2790e+09
UGC10710,46.5,27.434,0.930,302,12,nan,nan,0.804,nan,1.6928e+09,7.2790e+09
UGC10710,49.5,29.204,0.990,320,6,nan,nan,0.824,nan,1.6928e+09,7.2790e+09
UGC10710,52.5,30.974,1.050,347,2,nan,nan,0.829,nan,1.6928e+09,7.2790e+09
