edge_pydb/dat_prof/radprof/rprof_smo7_smo.csv
# %ECSV 0.9
# ---
# datatype:
# - {name: Name, datatype: string, description: Galaxy Name}
# - {name: r_arcs, unit: arcsec, datatype: float64, description: outer radius of ring in arcsec}
# - {name: r_kpc, unit: kpc, datatype: float64, format: 10.3f, description: outer radius of ring in kpc}
# - {name: r_r25, unit: '', datatype: float64, format: 10.3f, description: outer radius of ring as frac of opt radius}
# - {name: npix, datatype: int64, description: number of available pixels in the ring}
# - {name: ngood, datatype: int64, description: number of unmasked pixels in the ring}
# - {name: ico_avg, unit: K km / s, datatype: float64, format: 10.3f, description: average face-on intensity in ring if ngood/npix > 0.1
#     and setting blanks to zero}
# - {name: ico_rms, unit: K km / s, datatype: float32, description: rms face-on intensity in ring for unmasked pixels}
# - {name: detlim, unit: K km / s, datatype: float64, format: 10.3f, description: 3 sigma detection limit based on emom0max}
# - {name: sigmol, unit: solMass / pc2, datatype: float64, format: 10.3f, description: average face-on surface density including He with
#     alphaco=4.3}
# - {name: cumlum, unit: K km pc2 / s, datatype: float32, format: 10.4e, description: total CO luminosity within the given radius}
# - {name: cummass, unit: solMass, datatype: float32, format: 10.4e, description: total molecular gas mass within the given radius}
# delimiter: ','
# schema: astropy-2.0
Name,r_arcs,r_kpc,r_r25,npix,ngood,ico_avg,ico_rms,detlim,sigmol,cumlum,cummass
[from data line 1578]
UGC04029,100.5,30.937,1.858,286,11,nan,nan,0.725,nan,5.1846e+08,2.2294e+09
UGC04029,103.5,31.861,1.913,267,10,nan,nan,0.761,nan,5.1846e+08,2.2294e+09
UGC04029,106.5,32.784,1.969,282,11,nan,nan,0.710,nan,5.1846e+08,2.2294e+09
UGC04029,109.5,33.708,2.024,262,11,nan,nan,0.775,nan,5.1846e+08,2.2294e+09
UGC04029,112.5,34.631,2.080,272,11,nan,nan,0.729,nan,5.1846e+08,2.2294e+09
UGC04029,115.5,35.555,2.135,257,10,nan,nan,0.780,nan,5.1846e+08,2.2294e+09
UGC04029,118.5,36.478,2.191,254,10,nan,nan,0.768,nan,5.1846e+08,2.2294e+09
UGC04029,121.5,37.402,2.246,262,9,nan,nan,0.770,nan,5.1846e+08,2.2294e+09
UGC04029,124.5,38.325,2.302,249,9,nan,nan,0.805,nan,5.1846e+08,2.2294e+09
UGC04029,127.5,39.249,2.357,263,10,nan,nan,0.767,nan,5.1846e+08,2.2294e+09
UGC04029,130.5,40.172,2.413,235,8,nan,nan,0.833,nan,5.1846e+08,2.2294e+09
UGC04029,133.5,41.096,2.468,266,9,nan,nan,0.768,nan,5.1846e+08,2.2294e+09
UGC04029,136.5,42.019,2.524,246,8,nan,nan,0.838,nan,5.1846e+08,2.2294e+09
UGC04029,139.5,42.943,2.579,251,7,nan,nan,0.798,nan,5.1846e+08,2.2294e+09
UGC04029,142.5,43.866,2.634,242,6,nan,nan,0.853,nan,5.1846e+08,2.2294e+09
UGC04029,145.5,44.790,2.690,248,7,nan,nan,0.841,nan,5.1846e+08,2.2294e+09
UGC04029,148.5,45.713,2.745,250,4,nan,nan,0.826,nan,5.1846e+08,2.2294e+09
UGC04029,151.5,46.637,2.801,233,3,nan,nan,0.902,nan,5.1846e+08,2.2294e+09
UGC04029,154.5,47.560,2.856,257,3,nan,nan,0.827,nan,5.1846e+08,2.2294e+09
UGC04029,157.5,48.484,2.912,237,1,nan,nan,0.920,nan,5.1846e+08,2.2294e+09
UGC04132,1.5,0.548,0.041,9,9,21.010,0.8937613,4.995,90.345,8.1661e+07,3.5114e+08
UGC04132,4.5,1.644,0.122,28,28,18.053,2.1932597,2.810,77.630,2.9996e+08,1.2898e+09
UGC04132,7.5,2.740,0.203,42,42,14.695,3.157404,2.241,63.189,5.6650e+08,2.4359e+09
UGC04132,10.5,3.836,0.284,65,65,11.581,3.2497303,1.746,49.796,8.9157e+08,3.8338e+09
UGC04132,13.5,4.932,0.365,68,68,8.963,3.0008292,1.641,38.542,1.1548e+09,4.9656e+09
UGC04132,16.5,6.028,0.446,102,102,6.800,2.688688,1.288,29.240,1.4543e+09,6.2536e+09
UGC04132,19.5,7.124,0.527,112,112,4.915,2.1485915,1.192,21.135,1.6921e+09,7.2758e+09
UGC04132,22.5,8.219,0.608,136,136,3.649,1.6071008,1.032,15.692,1.9064e+09,8.1975e+09
UGC04132,25.5,9.315,0.689,150,150,2.732,1.29436,0.968,11.749,2.0834e+09,8.9585e+09
UGC04132,28.5,10.411,0.770,155,155,1.789,0.9530178,0.940,7.695,2.2032e+09,9.4736e+09
UGC04132,31.5,11.507,0.852,193,193,0.981,0.7823974,0.838,4.218,2.2849e+09,9.8252e+09
UGC04132,34.5,12.603,0.933,195,195,0.269,0.6693019,0.845,1.157,2.3076e+09,9.9225e+09
UGC04132,37.5,13.699,1.014,227,209,-0.057,0.6139649,0.791,-0.244,2.3020e+09,9.8986e+09
UGC04132,40.5,14.795,1.095,233,158,-0.155,0.55460036,0.801,-0.668,2.2864e+09,9.8314e+09
UGC04132,43.5,15.891,1.176,248,155,-0.163,0.57798105,0.792,-0.702,2.2689e+09,9.7562e+09
UGC04132,46.5,16.987,1.257,272,139,-0.121,0.50080186,0.789,-0.519,2.2547e+09,9.6953e+09
UGC04132,49.5,18.083,1.338,290,129,-0.080,0.41623577,0.796,-0.343,2.2447e+09,9.6523e+09
UGC04132,52.5,19.179,1.419,313,111,-0.018,0.30484578,0.808,-0.078,2.2423e+09,9.6418e+09
UGC04132,55.5,20.275,1.500,311,84,0.020,0.24012668,0.859,0.085,2.2449e+09,9.6532e+09
UGC04132,58.5,21.371,1.581,347,79,0.059,0.23690085,0.865,0.254,2.2538e+09,9.6913e+09
UGC04132,61.5,22.466,1.662,356,64,0.068,0.21275258,0.899,0.291,2.2642e+09,9.7360e+09
UGC04132,64.5,23.562,1.744,376,42,0.047,0.17002434,0.910,0.202,2.2718e+09,9.7689e+09
UGC04132,67.5,24.658,1.825,402,38,nan,nan,0.910,nan,2.2718e+09,9.7689e+09
UGC04132,70.5,25.754,1.906,402,20,nan,nan,0.929,nan,2.2718e+09,9.7689e+09
UGC04132,73.5,26.850,1.987,430,15,nan,nan,0.938,nan,2.2718e+09,9.7689e+09
UGC04132,76.5,27.946,2.068,435,14,nan,nan,0.974,nan,2.2718e+09,9.7689e+09
UGC04132,79.5,29.042,2.149,481,9,nan,nan,0.960,nan,2.2718e+09,9.7689e+09
UGC04132,82.5,30.138,2.230,469,7,nan,nan,0.988,nan,2.2718e+09,9.7689e+09
UGC04132,85.5,31.234,2.311,508,7,nan,nan,0.981,nan,2.2718e+09,9.7689e+09
UGC04132,88.5,32.330,2.392,513,3,nan,nan,1.009,nan,2.2718e+09,9.7689e+09
UGC04280,1.5,0.370,0.038,11,11,4.972,0.40681675,3.986,21.380,1.0484e+07,4.5081e+07
UGC04280,4.5,1.110,0.114,27,27,3.659,0.96331745,2.519,15.732,2.9419e+07,1.2650e+08
UGC04280,7.5,1.850,0.189,43,43,2.360,1.1958126,1.920,10.148,4.8871e+07,2.1015e+08
UGC04280,10.5,2.590,0.265,65,59,1.387,1.1322298,1.508,5.966,6.6157e+07,2.8448e+08
UGC04280,13.5,3.329,0.341,82,62,0.765,0.8998737,1.314,3.290,7.8184e+07,3.3619e+08
UGC04280,16.5,4.069,0.416,99,71,0.438,0.690328,1.192,1.884,8.6500e+07,3.7195e+08
UGC04280,19.5,4.809,0.492,117,63,0.238,0.4900101,1.098,1.024,9.1839e+07,3.9491e+08
UGC04280,22.5,5.549,0.568,132,59,0.133,0.34105703,1.038,0.570,9.5194e+07,4.0933e+08
UGC04280,25.5,6.289,0.643,153,57,0.062,0.23406847,0.969,0.267,9.7016e+07,4.1717e+08
UGC04280,28.5,7.029,0.719,171,59,0.028,0.15960233,0.934,0.121,9.7941e+07,4.2115e+08
UGC04280,31.5,7.769,0.795,185,52,0.016,0.12452112,0.919,0.068,9.8502e+07,4.2356e+08
UGC04280,34.5,8.508,0.870,205,50,0.012,0.10355644,0.900,0.053,9.8985e+07,4.2563e+08
UGC04280,37.5,9.248,0.946,225,45,0.005,0.10709522,0.891,0.020,9.9185e+07,4.2650e+08
UGC04280,40.5,9.988,1.022,246,29,0.007,0.081424884,0.888,0.028,9.9495e+07,4.2783e+08
UGC04280,43.5,10.728,1.097,258,28,0.002,0.064480565,0.905,0.008,9.9587e+07,4.2822e+08
UGC04280,46.5,11.468,1.173,278,27,nan,nan,0.917,nan,9.9587e+07,4.2822e+08
UGC04280,49.5,12.208,1.249,296,22,nan,nan,0.939,nan,9.9587e+07,4.2822e+08
UGC04280,52.5,12.948,1.324,309,18,nan,nan,0.983,nan,9.9587e+07,4.2822e+08
UGC04461,1.5,0.526,0.036,9,9,8.659,0.7563066,4.531,37.233,2.8107e+07,1.2086e+08
UGC04461,4.5,1.577,0.109,29,29,6.610,1.5909525,2.503,28.422,9.7241e+07,4.1814e+08
UGC04461,7.5,2.628,0.181,45,45,4.101,1.7076248,1.983,17.634,1.6380e+08,7.0434e+08
UGC04461,10.5,3.679,0.254,74,74,2.922,1.6277685,1.498,12.566,2.4179e+08,1.0397e+09
UGC04461,13.5,4.730,0.326,85,85,1.893,1.0726529,1.325,8.140,2.9983e+08,1.2893e+09
UGC04461,16.5,5.781,0.398,105,105,1.467,0.8610392,1.171,6.306,3.5537e+08,1.5281e+09
UGC04461,19.5,6.832,0.471,123,123,0.763,0.6267739,1.071,3.282,3.8922e+08,1.6737e+09
UGC04461,22.5,7.883,0.543,146,136,0.294,0.5355047,0.981,1.263,4.0469e+08,1.7402e+09
UGC04461,25.5,8.935,0.616,164,121,0.111,0.43904027,0.932,0.476,4.1124e+08,1.7683e+09
UGC04461,28.5,9.986,0.688,184,103,-0.004,0.3410092,0.895,-0.019,4.1095e+08,1.7671e+09
UGC04461,31.5,11.037,0.761,205,87,-0.023,0.25598353,0.861,-0.100,4.0924e+08,1.7597e+09
UGC04461,34.5,12.088,0.833,214,56,-0.020,0.18723986,0.868,-0.088,4.0766e+08,1.7529e+09
UGC04461,37.5,13.139,0.906,242,48,-0.027,0.16383694,0.842,-0.115,4.0532e+08,1.7429e+09
UGC04461,40.5,14.190,0.978,261,24,nan,nan,0.852,nan,4.0532e+08,1.7429e+09
UGC04461,43.5,15.241,1.050,282,28,nan,nan,0.848,nan,4.0532e+08,1.7429e+09
UGC04461,46.5,16.293,1.123,294,12,nan,nan,0.881,nan,4.0532e+08,1.7429e+09
UGC04461,49.5,17.344,1.195,328,14,nan,nan,0.881,nan,4.0532e+08,1.7429e+09
UGC04461,52.5,18.395,1.268,329,10,nan,nan,0.937,nan,4.0532e+08,1.7429e+09
UGC04461,55.5,19.446,1.340,350,6,nan,nan,0.965,nan,4.0532e+08,1.7429e+09
UGC04461,58.5,20.497,1.413,384,9,nan,nan,0.990,nan,4.0532e+08,1.7429e+09
UGC04461,61.5,21.548,1.485,389,3,nan,nan,1.033,nan,4.0532e+08,1.7429e+09
UGC04461,64.5,22.599,1.558,422,1,nan,nan,1.013,nan,4.0532e+08,1.7429e+09
UGC05108,1.5,0.861,0.046,13,13,13.955,1.5885696,4.559,60.006,1.4757e+08,6.3454e+08
UGC05108,4.5,2.583,0.137,35,35,9.613,2.8891132,2.760,41.337,4.2126e+08,1.8114e+09
UGC05108,7.5,4.305,0.229,53,53,5.258,2.5168579,2.232,22.607,6.4791e+08,2.7860e+09
UGC05108,10.5,6.028,0.320,80,80,3.020,1.708696,1.765,12.986,8.4444e+08,3.6311e+09
UGC05108,13.5,7.750,0.411,107,107,1.555,0.98800707,1.405,6.686,9.7977e+08,4.2130e+09
UGC05108,16.5,9.472,0.503,125,125,0.713,0.59251153,1.215,3.068,1.0523e+09,4.5249e+09
UGC05108,19.5,11.194,0.594,150,150,0.332,0.50311756,1.034,1.428,1.0928e+09,4.6992e+09
UGC05108,22.5,12.916,0.686,169,160,0.081,0.47301698,0.934,0.350,1.1040e+09,4.7473e+09
UGC05108,25.5,14.639,0.777,198,164,0.061,0.48189583,0.837,0.264,1.1139e+09,4.7899e+09
UGC05108,28.5,16.361,0.868,218,166,0.083,0.44230044,0.774,0.358,1.1287e+09,4.8534e+09
UGC05108,31.5,18.083,0.960,235,163,0.128,0.31951565,0.738,0.548,1.1531e+09,4.9582e+09
UGC05108,34.5,19.805,1.051,264,148,0.148,0.29688928,0.710,0.637,1.1849e+09,5.0949e+09
UGC05108,37.5,21.527,1.143,291,98,0.098,0.24397546,0.702,0.419,1.2080e+09,5.1942e+09
UGC05108,40.5,23.250,1.234,308,63,0.048,0.18792772,0.710,0.205,1.2199e+09,5.2455e+09
UGC05108,43.5,24.972,1.325,323,42,0.023,0.16196643,0.721,0.098,1.2259e+09,5.2713e+09
UGC05108,46.5,26.694,1.417,366,25,nan,nan,0.715,nan,1.2259e+09,5.2713e+09
UGC05108,49.5,28.416,1.508,383,5,nan,nan,0.740,nan,1.2259e+09,5.2713e+09
UGC05111,1.5,0.714,0.033,8,8,8.712,0.13877977,4.108,37.462,5.3694e+07,2.3088e+08
UGC05111,4.5,2.142,0.100,26,26,8.143,0.3301681,2.205,35.016,2.1680e+08,9.3226e+08
UGC05111,7.5,3.570,0.167,39,39,7.537,0.53380096,1.764,32.410,4.4326e+08,1.9060e+09
UGC05111,10.5,4.997,0.234,62,62,6.645,0.788201,1.337,28.572,7.6063e+08,3.2707e+09
UGC05111,13.5,6.425,0.301,76,76,5.484,0.87983376,1.164,23.580,1.0817e+09,4.6513e+09
UGC05111,16.5,7.853,0.368,91,91,4.254,1.0118084,1.029,18.294,1.3800e+09,5.9338e+09
UGC05111,19.5,9.281,0.435,107,107,3.091,0.92772424,0.920,13.289,1.6347e+09,7.0293e+09
UGC05111,22.5,10.709,0.502,124,124,1.944,0.7584839,0.835,8.359,1.8204e+09,7.8278e+09
UGC05111,25.5,12.137,0.569,142,142,1.101,0.6308376,0.767,4.733,1.9408e+09,8.3456e+09
UGC05111,28.5,13.564,0.636,156,156,0.603,0.6461145,0.733,2.592,2.0133e+09,8.6571e+09
UGC05111,31.5,14.992,0.703,176,176,0.238,0.6346337,0.696,1.023,2.0455e+09,8.7957e+09
UGC05111,34.5,16.420,0.770,195,195,-0.024,0.5110711,0.669,-0.103,2.0419e+09,8.7803e+09
UGC05111,37.5,17.848,0.837,203,193,-0.135,0.38071376,0.671,-0.582,2.0208e+09,8.6893e+09
UGC05111,40.5,19.276,0.904,225,179,-0.183,0.3019373,0.654,-0.787,1.9890e+09,8.5529e+09
UGC05111,43.5,20.704,0.971,246,142,-0.154,0.2520223,0.653,-0.661,1.9599e+09,8.4276e+09
UGC05111,46.5,22.132,1.038,257,110,-0.095,0.2224237,0.662,-0.410,1.9411e+09,8.3465e+09
UGC05111,49.5,23.559,1.105,276,82,-0.048,0.18409689,0.677,-0.207,1.9308e+09,8.3026e+09
UGC05111,52.5,24.987,1.172,286,46,0.004,0.10825379,0.706,0.016,1.9316e+09,8.3061e+09
UGC05111,55.5,26.415,1.239,306,27,nan,nan,0.727,nan,1.9316e+09,8.3061e+09
UGC05111,58.5,27.843,1.306,324,22,nan,nan,0.751,nan,1.9316e+09,8.3061e+09
UGC05111,61.5,29.271,1.373,346,22,nan,nan,0.749,nan,1.9316e+09,8.3061e+09
UGC05111,64.5,30.699,1.440,350,19,nan,nan,0.775,nan,1.9316e+09,8.3061e+09
UGC05111,67.5,32.126,1.507,375,17,nan,nan,0.780,nan,1.9316e+09,8.3061e+09
UGC05111,70.5,33.554,1.574,394,13,nan,nan,0.782,nan,1.9316e+09,8.3061e+09
UGC05111,73.5,34.982,1.641,403,9,nan,nan,0.801,nan,1.9316e+09,8.3061e+09
UGC05111,76.5,36.410,1.708,426,4,nan,nan,0.803,nan,1.9316e+09,8.3061e+09
UGC05111,79.5,37.838,1.775,440,1,nan,nan,0.818,nan,1.9316e+09,8.3061e+09
UGC05359,1.5,0.896,0.032,6,6,1.411,0.13234892,3.731,6.069,9.9374e+06,4.2731e+07
UGC05359,4.5,2.688,0.096,24,24,1.441,0.2809149,1.820,6.194,5.0507e+07,2.1718e+08
UGC05359,7.5,4.480,0.161,44,44,1.535,0.28399783,1.280,6.599,1.2974e+08,5.5789e+08
UGC05359,10.5,6.272,0.225,61,61,1.508,0.32431424,1.065,6.482,2.3765e+08,1.0219e+09
UGC05359,13.5,8.063,0.289,78,78,1.278,0.42795393,0.899,5.494,3.5459e+08,1.5247e+09
UGC05359,16.5,9.855,0.353,95,95,1.095,0.37266353,0.795,4.707,4.7663e+08,2.0495e+09
UGC05359,19.5,11.647,0.418,115,115,0.901,0.32219574,0.707,3.876,5.9827e+08,2.5726e+09
UGC05359,22.5,13.439,0.482,131,131,0.612,0.37760568,0.661,2.630,6.9229e+08,2.9768e+09
UGC05359,25.5,15.231,0.546,146,146,0.333,0.39898598,0.630,1.430,7.4926e+08,3.2218e+09
UGC05359,28.5,17.023,0.611,162,160,0.166,0.37972534,0.601,0.712,7.8072e+08,3.3571e+09
UGC05359,31.5,18.815,0.675,180,163,0.103,0.34272835,0.574,0.443,8.0248e+08,3.4507e+09
UGC05359,34.5,20.607,0.739,200,155,0.045,0.31966764,0.555,0.192,8.1296e+08,3.4957e+09
UGC05359,37.5,22.399,0.803,213,144,0.068,0.30210507,0.552,0.293,8.2997e+08,3.5689e+09
UGC05359,40.5,24.190,0.868,228,133,0.137,0.2598636,0.553,0.588,8.6654e+08,3.7261e+09
UGC05359,43.5,25.982,0.932,242,105,0.117,0.21693152,0.560,0.505,8.9987e+08,3.8694e+09
UGC05359,46.5,27.774,0.996,270,113,0.121,0.21040426,0.556,0.520,9.3821e+08,4.0343e+09
UGC05359,49.5,29.566,1.060,284,108,0.111,0.19978847,0.570,0.476,9.7511e+08,4.1930e+09
UGC05359,52.5,31.358,1.125,292,97,0.092,0.19643158,0.598,0.394,1.0065e+09,4.3281e+09
UGC05359,55.5,33.150,1.189,322,98,0.069,0.18108955,0.602,0.295,1.0325e+09,4.4396e+09
UGC05359,58.5,34.942,1.253,339,90,0.042,0.1504217,0.625,0.179,1.0490e+09,4.5108e+09
UGC05359,61.5,36.734,1.318,357,85,0.024,0.11719589,0.639,0.103,1.0590e+09,4.5539e+09
UGC05359,64.5,38.526,1.382,374,70,0.018,0.09170838,0.654,0.078,1.0670e+09,4.5879e+09
UGC05359,67.5,40.317,1.446,386,62,0.016,0.087488435,0.659,0.069,1.0742e+09,4.6193e+09
UGC05359,70.5,42.109,1.510,405,54,0.011,0.07363407,0.671,0.048,1.0796e+09,4.6421e+09
UGC05359,73.5,43.901,1.575,426,51,0.010,0.07067785,0.676,0.044,1.0847e+09,4.6641e+09
UGC05359,76.5,45.693,1.639,433,41,nan,nan,0.692,nan,1.0847e+09,4.6641e+09
UGC05359,79.5,47.485,1.703,450,36,nan,nan,0.699,nan,1.0847e+09,4.6641e+09
UGC05359,82.5,49.277,1.767,408,36,nan,nan,0.703,nan,1.0847e+09,4.6641e+09
UGC05359,85.5,51.069,1.832,386,31,nan,nan,0.717,nan,1.0847e+09,4.6641e+09
UGC05359,88.5,52.861,1.896,357,29,nan,nan,0.739,nan,1.0847e+09,4.6641e+09
UGC05359,91.5,54.653,1.960,353,27,nan,nan,0.743,nan,1.0847e+09,4.6641e+09
UGC05359,94.5,56.444,2.024,341,21,nan,nan,0.765,nan,1.0847e+09,4.6641e+09
UGC05359,97.5,58.236,2.089,347,19,nan,nan,0.752,nan,1.0847e+09,4.6641e+09
UGC05359,100.5,60.028,2.153,335,19,nan,nan,0.780,nan,1.0847e+09,4.6641e+09
UGC05359,103.5,61.820,2.217,331,18,nan,nan,0.784,nan,1.0847e+09,4.6641e+09
UGC05359,106.5,63.612,2.282,333,16,nan,nan,0.781,nan,1.0847e+09,4.6641e+09
UGC05359,109.5,65.404,2.346,332,15,nan,nan,0.798,nan,1.0847e+09,4.6641e+09
UGC05359,112.5,67.196,2.410,327,15,nan,nan,0.814,nan,1.0847e+09,4.6641e+09
UGC05359,115.5,68.988,2.474,332,15,nan,nan,0.817,nan,1.0847e+09,4.6641e+09
UGC05359,118.5,70.780,2.539,325,13,nan,nan,0.842,nan,1.0847e+09,4.6641e+09
UGC05359,121.5,72.571,2.603,322,12,nan,nan,0.852,nan,1.0847e+09,4.6641e+09
UGC05359,124.5,74.363,2.667,315,11,nan,nan,0.882,nan,1.0847e+09,4.6641e+09
UGC05359,127.5,76.155,2.731,321,9,nan,nan,0.886,nan,1.0847e+09,4.6641e+09
UGC05359,130.5,77.947,2.796,316,7,nan,nan,0.917,nan,1.0847e+09,4.6641e+09
UGC05598,1.5,0.590,0.039,9,9,3.339,0.59344184,3.051,14.360,1.7738e+07,7.6274e+07
UGC05598,4.5,1.770,0.118,21,21,2.794,0.90335053,2.029,12.015,5.2368e+07,2.2518e+08
UGC05598,7.5,2.950,0.197,38,38,1.996,0.9498164,1.529,8.583,9.7134e+07,4.1767e+08
UGC05598,10.5,4.130,0.276,50,50,1.468,0.83629906,1.336,6.313,1.4046e+08,6.0397e+08
UGC05598,13.5,5.311,0.355,68,68,0.975,0.724831,1.137,4.194,1.7960e+08,7.7229e+08
UGC05598,16.5,6.491,0.434,80,68,0.664,0.58739275,1.055,2.857,2.1097e+08,9.0717e+08
UGC05598,19.5,7.671,0.513,97,66,0.387,0.4602384,0.969,1.666,2.3315e+08,1.0025e+09
UGC05598,22.5,8.851,0.592,110,58,0.219,0.3465684,0.917,0.942,2.4737e+08,1.0637e+09
UGC05598,25.5,10.031,0.671,126,52,0.124,0.24375704,0.876,0.532,2.5657e+08,1.1033e+09
UGC05598,28.5,11.211,0.749,141,51,0.074,0.17997746,0.844,0.318,2.6274e+08,1.1298e+09
UGC05598,31.5,12.391,0.828,156,48,0.054,0.15952529,0.826,0.233,2.6772e+08,1.1512e+09
UGC05598,34.5,13.571,0.907,172,45,0.033,0.14700983,0.811,0.142,2.7108e+08,1.1656e+09
UGC05598,37.5,14.751,0.986,188,40,0.023,0.1136588,0.801,0.099,2.7364e+08,1.1767e+09
UGC05598,40.5,15.932,1.065,193,32,0.019,0.09169163,0.819,0.082,2.7581e+08,1.1860e+09
UGC05598,43.5,17.112,1.144,219,29,0.011,0.07873667,0.807,0.047,2.7723e+08,1.1921e+09
UGC05598,46.5,18.292,1.223,225,23,0.008,0.07509568,0.829,0.035,2.7831e+08,1.1967e+09
UGC05598,49.5,19.472,1.302,249,15,nan,nan,0.837,nan,2.7831e+08,1.1967e+09
UGC05598,52.5,20.652,1.381,264,10,nan,nan,0.858,nan,2.7831e+08,1.1967e+09
UGC05598,55.5,21.832,1.459,267,9,nan,nan,0.912,nan,2.7831e+08,1.1967e+09
