edge_pydb/dat_prof/rotcur_leung/jam_rotcurves.csv
# %ECSV 0.9
# ---
# datatype:
# - {name: Name, datatype: string, description: Galaxy Name}
# - {name: radius, unit: arcsec, datatype: float64}
# - {name: Vrot, unit: km / s, datatype: float64, description: Rotation curve}
# - {name: e_Vrot, unit: km / s, datatype: float64, description: Error in rotation curve}
# - {name: Vrot_bsc, unit: km / s, datatype: float64, description: Beam smearing corrected rotation curve}
# - {name: e_Vrot_bsc, unit: km / s, datatype: float64, description: Error in corrected rotation curve}
# delimiter: ','
# meta: !!omap
# - {comments: CO Rotation Curves from 2018MNRAS.477..254L}
# - {date: '2020-06-22'}
# schema: astropy-2.0
Name,radius,Vrot,e_Vrot,Vrot_bsc,e_Vrot_bsc
IC0480,4.84955,79.8054,1.54311,80.6049,3.05366
IC0480,8.14117,116.276,1.37539,126.788,2.81586
IC0480,10.2355,129.76,1.88094,126.528,3.5234
IC0480,12.2187,138.863,1.95231,144.319,3.78567
IC0480,14.1951,143.975,1.80043,141.988,2.57329
IC0480,16.3079,159.559,2.62623,160.465,6.25332
IC0480,18.3531,166.255,2.74534,165.624,8.96912
IC0480,20.4284,176.632,4.6523,170.131,7.27917
IC0480,22.3296,182.739,11.6548,183.414,18.6276
IC0944,3.75052,163.649,3.6821,228.182,8.84173
IC0944,6.65309,197.449,4.52984,221.569,9.73917
IC0944,8.81198,229.585,8.41246,255.246,8.35673
IC0944,11.0693,244.968,4.16837,257.781,6.27185
IC0944,13.3766,265.211,3.72029,271.123,4.03532
IC0944,15.6214,277.874,3.25298,275.955,4.40497
IC0944,17.7791,282.705,3.73898,278.074,4.28826
IC0944,19.9054,297.058,4.95324,291.471,6.72179
IC0944,22.1306,306.66,8.36288,297.689,9.36784
IC0944,24.414,312.436,8.20999,317.837,12.3063
IC1199,3.30326,114.98,5.23692,158.555,6.79433
IC1199,5.92327,190.511,8.39587,222.167,8.89469
IC1199,8.02264,208.386,6.43918,225.193,8.29067
IC1199,10.2271,202.05,5.67338,210.84,6.03533
IC1199,12.3246,201.786,3.32208,208.341,4.95911
IC1199,14.5253,195.386,1.21723,193.298,1.2453
IC1199,16.5017,203.414,2.51066,200.417,2.62792
IC1199,18.5802,208.172,2.81555,209.908,2.89482
IC1199,20.5965,197.18,4.57159,196.703,5.37799
IC1683,3.47502,166.665,5.09379,192.789,8.80247
IC1683,6.1266,213.793,2.67003,248.818,4.84152
IC1683,8.20435,207.951,2.76235,213.905,4.05715
IC1683,10.3012,216.021,6.33276,196.941,6.94714
IC1683,12.3392,223.342,9.4196,201.52,24.9136
IC1683,16.4526,209.372,139.166,203.638,48.4679
IC2247,4.79394,88.833,2.22145,105.726,3.55159
IC2247,8.13947,134.15,2.26195,156.008,2.19369
IC2247,10.097,153.283,2.00716,176.165,2.68227
IC2247,11.9982,168.503,1.61786,182.91,1.91603
IC2247,13.9515,177.463,1.65344,191.102,2.92669
IC2247,15.8944,184.219,1.79059,190.762,3.13498
IC2247,17.9674,182.887,2.86633,193.961,3.01065
IC2247,20.0253,182.237,3.44057,181.749,5.36779
IC2247,22.0786,175.308,3.90758,181.433,4.95763
IC2247,24.0414,162.372,5.65635,160.485,5.00845
IC2487,3.99623,66.0635,4.27523,81.4092,4.28423
IC2487,7.44808,107.414,3.43945,126.677,3.13203
IC2487,9.90375,130.448,2.40951,148.479,3.6067
IC2487,12.3711,149.037,3.63459,165.642,3.66852
IC2487,15.0188,168.332,3.71181,181.205,3.29535
IC2487,17.6115,179.516,3.59286,183.814,3.24931
IC2487,20.2008,188.427,6.11352,187.329,5.5964
IC2487,22.895,194.018,7.83569,187.48,6.30335
IC2487,25.6156,189.485,4.58818,176.907,5.48096
IC4566,3.96508,94.657,7.36001,88.078,8.0788
IC4566,7.27407,136.911,8.76779,163.4,8.36431
IC4566,10.0122,199.492,6.67665,194.904,6.12171
IC4566,12.3473,185.412,3.52001,191.231,2.64518
IC4566,14.8511,214.435,3.15933,213.891,3.4028
IC4566,17.4897,223.595,2.35665,225.472,2.10105
IC4566,19.8721,220.857,2.61634,219.156,2.59958
NGC0477,3.44737,102.529,4.14516,123.12,4.14388
NGC0477,6.33569,116.508,5.91734,120.807,5.89155
NGC0477,8.3196,139.001,6.23831,137.172,6.38829
NGC0477,14.8034,116.067,3.40032,131.027,13.4996
NGC0477,19.0494,137.501,9.75408,146.889,9.80231
NGC0496,3.36401,59.9522,1.52021,77.1083,1.31307
NGC0496,5.999,91.6618,2.142,87.9617,1.84909
NGC0496,8.03981,109.376,1.39613,116.939,1.69858
NGC0496,10.2303,128.808,7.58457,138.614,2.50527
NGC0496,12.1902,130.284,4.36471,152.464,5.71989
NGC0496,14.2312,160.47,20.3125,160.56,3.94429
NGC0496,16.4851,177.747,62.8663,133.793,17.7168
NGC0551,9.4209,170.157,13.3599,185.49,15.742
NGC0551,12.0207,181.124,11.5585,190.031,11.4155
NGC0551,14.013,171.319,6.54776,177.273,8.59076
NGC0551,16.2201,168.153,2.20458,163.431,2.75083
NGC0551,18.1477,175.295,2.22813,175.145,3.36033
NGC0551,20.0869,183.956,2.57296,185.036,4.83613
NGC2253,2.2241,75.5402,3.24635,101.322,3.42634
NGC2253,4.57413,122.225,2.73796,156.071,3.35862
NGC2253,6.89928,167.273,6.10488,183.46,6.45057
NGC2253,9.31289,163.957,1.19467,167.754,1.0889
NGC2253,11.7038,162.545,0.447801,163.065,0.482881
NGC2253,14.0507,163.915,0.391098,165.461,0.422842
NGC2253,16.4474,166.594,0.81857,169.661,0.797351
NGC2253,18.8967,165.861,1.13938,170.78,2.04256
NGC2253,21.2222,174.403,0.891604,175.635,0.936685
NGC2253,23.6405,182.757,3.91716,169.759,5.67792
NGC2347,3.32178,212.544,3.86499,283.567,4.2254
NGC2347,5.86632,263.236,4.2187,288.882,5.62379
NGC2347,7.92403,274.119,1.93186,288.578,2.38756
NGC2347,10.0112,282.17,1.36629,288.889,1.37857
NGC2347,11.9666,284.719,1.16515,290.988,1.21781
NGC2347,13.9843,284.469,1.10341,288.279,1.20578
NGC2347,16.013,279.419,1.3859,280.694,1.4752
NGC2347,17.9705,281.786,4.92185,285.066,4.97811
NGC2347,19.9612,260.237,5.93002,266.408,5.8444
NGC2410,3.31425,92.893,4.82206,97.6728,4.69104
NGC2410,6.02891,164.135,6.27815,188.008,4.65021
NGC2410,8.13142,199.731,3.974,232.826,4.364
NGC2410,10.1792,232.411,2.78468,254.167,2.71867
NGC2410,12.2801,238.436,2.85703,256.753,2.84022
NGC2410,14.4137,237.16,2.20018,247.139,1.99732
NGC2410,16.4881,235.386,4.83662,245.464,5.89653
NGC2410,18.6193,216.6,3.75997,240.398,3.01234
NGC2410,20.752,198.989,3.18244,245.128,4.11309
NGC2410,22.7797,158.472,4.14146,256.432,14.5283
NGC2639,6.53039,271.008,4.12603,287.014,4.1732
NGC2639,8.87971,282.666,2.29079,288.157,2.28731
NGC2639,11.1207,305.328,1.42034,312.589,1.4158
NGC2639,13.3537,318.384,1.19231,323.248,1.18719
NGC2639,15.5352,326.728,1.37045,329.253,1.37457
NGC2639,17.6939,329.254,1.70334,331.079,1.70355
NGC2639,19.9266,331.426,3.10744,329.458,3.12593
NGC2906,2.38039,72.8177,5.22101,78.5182,5.20133
NGC2906,5.0315,119.959,10.0001,116.729,9.88613
NGC2906,7.6833,138.78,10.395,133.286,11.2963
NGC2906,13.0625,178.377,1.90356,179.579,11.9779
NGC2906,15.7055,176.167,1.4198,177.679,11.5528
NGC2906,18.364,184.8,1.97825,190.686,11.9121
NGC2906,23.848,175.979,3.54249,185.39,12.2602
NGC3815,3.34022,93.465,4.94378,115.711,7.14309
NGC3815,5.93001,135.767,3.66247,151.22,7.00263
NGC3815,7.92609,155.721,2.63408,161.775,4.22829
NGC3815,9.97259,170.045,1.66574,171.175,1.69305
NGC3815,12.0416,180.676,1.44681,181.355,1.72165
NGC3815,16.0254,191.999,20.7292,171.257,29.4048
NGC3994,3.58559,159.427,7.17122,193.494,9.34917
NGC3994,6.6253,216.854,2.76098,250.61,3.92763
NGC3994,9.00795,227.371,1.70856,239.438,2.69888
NGC3994,11.2651,229.994,2.56897,229.659,4.35585
NGC3994,13.4853,242.839,4.95729,246.173,9.16848
NGC4047,2.04866,91.2107,2.50412,145.041,3.30725
NGC4047,4.28563,150.964,1.22308,170.416,2.47346
NGC4047,6.45766,174.459,1.44368,177.13,1.80308
NGC4047,8.60735,191.268,0.793255,195.623,0.765336
NGC4047,10.8589,203.189,0.417302,212.705,0.530321
NGC4047,13.039,213.021,1.76141,216.999,1.50778
NGC4047,15.2672,215.8,2.00458,217.603,1.89199
NGC4047,17.55,217.042,2.55232,219.559,2.34546
NGC4047,19.6377,213.118,3.95201,217.89,3.19172
NGC4149,3.51995,124.293,3.42749,134.596,11.7867
NGC4149,6.37605,185.545,3.18366,193.86,9.23581
NGC4149,8.62996,216.573,3.93953,215.265,8.58042
NGC4149,10.7773,231.599,2.54338,231.027,5.69695
NGC4149,12.9394,247.07,6.93143,242.091,9.83262
NGC4149,15.1122,257.817,10.811,259.147,13.3022
NGC4149,17.2337,212.604,16.5551,258.061,25.8076
NGC4210,6.50527,103.959,25.6277,121.791,26.5288
NGC4210,8.83491,123.349,27.2704,139.087,29.8592
NGC4210,11.1931,126.872,29.548,128.252,24.3769
NGC4210,13.3206,148.715,13.7448,144.392,14.4447
NGC4210,15.6575,190.632,12.3029,183.741,17.858
NGC4644,3.56047,95.0636,5.79772,128.873,7.41186
NGC4644,6.17735,142.634,4.37089,170.187,5.18464
NGC4644,8.3012,163.991,3.74595,176.012,5.08279
NGC4644,10.3723,171.931,4.15788,177.859,6.28155
NGC4644,12.399,157.096,19.6529,163.58,20.7733
NGC4644,14.5085,172.278,6.54086,178.559,8.9138
NGC4644,16.605,183.639,8.37203,190.493,8.1757
NGC4711,3.43908,56.8442,9.75619,61.6039,9.76501
NGC4711,6.10203,102.161,2.78757,115.242,2.7995
NGC4711,8.27753,119.723,3.50363,130.473,3.51189
NGC4711,10.4139,123.163,3.06786,124.823,3.03125
NGC4711,12.5241,131.387,5.14419,128.163,5.19402
NGC4711,14.8868,145.27,2.10518,145.6,2.08206
NGC4711,16.9051,148.068,1.30571,147.862,1.30362
NGC4711,19.0203,153.923,2.26743,162.724,2.25071
NGC4961,3.08989,42.486,9.11606,57.4611,9.10295
NGC4961,5.85841,81.1503,5.11907,94.1276,5.17526
NGC4961,7.87435,104.048,11.3947,83.6108,11.3807
NGC4961,9.92851,109.84,6.95364,134.032,6.92238
NGC4961,11.7858,124.783,18.6566,120.557,18.5876
NGC4961,16.4739,125.095,1254.33,136.964,26.8724
NGC5016,2.06717,51.5633,3.38441,74.3928,7.0044
NGC5016,4.29706,94.9244,4.10729,114.608,5.02429
NGC5016,6.53225,114.381,3.46301,120.531,3.33857
NGC5016,8.74885,136.86,1.54237,136.163,1.77981
NGC5016,10.943,152.799,1.27294,156.704,1.63129
NGC5016,13.2509,167.56,1.5854,175.454,2.03369
NGC5016,15.5137,182.496,4.8071,182.047,5.14389
NGC5016,17.722,214.261,8.96944,202.698,7.91513
NGC5056,3.92523,112.308,7.51651,141.487,8.12404
NGC5056,6.99092,170.156,4.64825,192.775,5.36573
NGC5056,9.38243,182.154,4.21043,186.18,4.18375
NGC5056,11.7903,191.007,4.60787,188.82,4.38564
NGC5056,14.3143,183.754,3.46117,182.278,3.16187
NGC5056,16.5948,179.681,2.9583,177.907,4.51467
NGC5218,6.66559,170.752,4.00756,196.939,13.992
NGC5218,8.96436,205.622,2.12641,232.892,12.1247
NGC5218,11.2204,207.983,2.05892,204.693,12.0638
NGC5218,13.5467,246.568,3.60006,245.759,13.5272
NGC5218,15.7748,246.025,3.16373,264.639,13.0394
NGC5218,20.4488,251.579,14.6759,261.681,14.7739
NGC5480,3.16198,89.0781,1.76616,118.679,11.7855
NGC5480,5.58743,96.423,2.19382,87.6959,12.2191
NGC5480,7.51899,109.647,2.15207,115.446,12.1772
NGC5480,9.4542,112.529,1.12869,117.686,11.1283
NGC5480,11.2823,112.263,1.18584,116.423,11.175
NGC5480,13.1838,114.543,3.0456,109.558,13.0469
NGC5480,15.0872,149.014,6.61406,129.393,16.5439
NGC5480,22.5625,124.901,5.56839,122.263,15.5597
NGC5520,3.35837,122.07,4.5241,169.995,4.7484
NGC5520,6.09809,148.895,1.53457,160.221,3.3223
NGC5520,8.19246,154.049,1.97383,162.347,2.67824
NGC5520,10.254,158.216,1.36868,159.861,1.84071
NGC5520,12.2322,161.688,1.16923,163.005,1.5758
NGC5520,14.2271,174.484,5.66293,170.674,6.3183
NGC5520,16.3094,175.657,6.06781,173.808,6.82192
NGC5633,2.05561,79.0495,2.13125,94.7873,2.33372
NGC5633,4.11806,103.881,1.63654,118.851,2.24599
NGC5633,6.14223,127.785,1.15288,133.161,2.23666
NGC5633,8.20022,145.121,0.706928,146.743,1.43295
NGC5633,10.2488,163.834,0.796396,171.735,1.80435
NGC5633,12.3076,173.399,0.507512,175.818,1.01868
NGC5633,14.3873,182.383,0.443023,180.904,0.525401
NGC5633,16.4144,191.379,1.30103,191.41,1.55936
NGC5784,3.38843,187.052,25.0505,361.147,25.0057
NGC5784,6.02665,299.84,5.23886,336.614,5.24977
NGC5784,8.02303,313.291,3.19996,324.124,3.21738
NGC5784,10.107,311.154,6.41709,330.526,6.42082
NGC5784,12.1804,322.93,4.56356,332.384,4.48922
NGC5784,17.0733,323.944,28.6232,315.94,28.761
NGC5908,4.63571,88.3046,3.6284,98.1564,6.17794
NGC5908,8.81161,165.184,7.17956,181.318,4.91142
NGC5908,11.5991,205.286,5.55787,226.607,3.61656
NGC5908,13.6491,235.959,3.80961,256.273,3.38222
NGC5908,15.4577,257.896,4.49479,281.325,3.73184
NGC5908,17.2353,274.298,3.97345,299.865,2.57027
NGC5908,19.1796,284.689,4.25034,312.045,2.78995
NGC5908,21.0661,286.889,3.4882,308.469,2.60823
NGC5908,23.0056,286.176,3.36196,299.611,2.72371
NGC5908,24.8933,288.193,3.56471,296.898,2.60635
NGC5908,26.8182,295.55,3.17229,300.348,2.28282
NGC5908,28.7986,307.461,2.19242,309.721,1.45533
NGC5908,30.8477,319.371,2.78116,322.445,1.42917
NGC5908,32.8275,327.103,4.78173,334.502,2.09857
NGC5908,34.6606,321.469,7.10689,338.008,2.55553
NGC5908,36.6143,306.99,11.0807,331.913,4.25373
NGC5908,38.5789,283.415,18.2191,314.081,8.9256
NGC5980,3.17753,117.747,4.1372,145.412,6.17351
NGC5980,5.78455,172.492,3.60726,198.877,3.33624
NGC5980,7.81048,192.557,2.29495,211.381,4.02226
NGC5980,9.73237,204.222,1.38989,213.975,2.37799
NGC5980,11.4815,208.98,1.23828,213.949,1.53865
NGC5980,13.3158,211.444,0.907733,217.719,0.967257
NGC5980,15.3143,211.251,0.773455,215.979,1.26116
NGC5980,17.3145,211.795,0.613466,214.078,0.683593
NGC5980,19.2506,213.005,0.527125,212.789,0.567442
NGC5980,21.2231,213.895,0.637388,212.98,0.687453
NGC5980,23.1856,214.992,0.770176,215.794,0.783
NGC5980,25.1507,218.704,1.2321,222.604,1.45432
NGC6060,3.17767,139.888,5.49846,171.556,6.54633
NGC6060,5.80532,198.478,3.54866,232.368,4.71561
NGC6060,7.85884,215.592,5.17959,233.505,3.63882
NGC6060,9.89981,213.101,2.06278,217.524,2.48374
NGC6060,11.9649,215.739,3.79828,220.016,5.9792
NGC6060,14.0598,191.397,4.356,196.137,4.55518
NGC6060,16.0303,202.621,3.66793,198.815,5.50665
NGC6060,18.0164,197.335,2.14043,191.465,3.09618
NGC6060,20.0076,162.693,3.11614,160.968,3.69037
NGC6060,21.9659,187.977,2.27565,186.858,2.28051
NGC6060,24.0372,199.946,1.07781,204.403,1.29957
NGC6060,26.1208,211.179,1.82352,215.995,1.83097
NGC6060,28.0458,216.482,1.91891,221.939,1.9434
NGC6060,30.1418,224.359,1.94983,229.003,2.22381
NGC6168,5.10541,45.2952,6.96502,23.5404,6.993
NGC6168,9.49909,40.2272,1.51257,35.4239,1.51296
NGC6168,12.2726,54.9921,2.80238,53.5753,2.94588
NGC6168,14.4574,64.5044,2.44121,65.1308,2.45621
NGC6168,16.7044,74.7279,3.53906,86.4114,3.5577
NGC6168,23.0272,97.2432,3.52056,101.208,3.5485
NGC6186,3.13621,106.478,1.38302,171.076,11.3949
NGC6186,5.92088,123.387,1.13295,145.722,11.1367
NGC6186,7.93385,120.241,1.52815,131.6,11.517
NGC6186,10.0319,114.909,2.12483,112.966,2.04975
NGC6186,12.0349,127.311,7.54597,132.846,7.58931
NGC6186,14.1798,144.646,16.1594,140.28,16.3122
NGC6186,16.32,147.339,10.5409,121.14,10.6549
NGC6186,34.9625,93.8462,20.8768,136.804,20.9257
NGC6301,3.17112,116.62,7.64203,140.683,9.73852
NGC6301,6.05874,163.992,10.0893,168.82,14.6918
NGC6301,8.10643,173.586,9.64245,188.271,19.9659
NGC6301,10.2026,192.377,4.15119,196.686,5.15233
NGC6301,12.283,210.376,2.37813,214.093,3.19075
NGC6301,14.3051,222.145,1.91801,221.741,2.14041
NGC6301,16.3737,234.197,2.14848,231.21,2.23092
NGC6301,18.4719,245.352,2.11313,250.985,4.41366
NGC6301,20.4831,269.199,2.66484,274.562,3.46831
NGC6301,22.4354,270.856,2.1975,268.38,2.7509
NGC6301,24.6524,249.204,8.53583,249.579,8.37039
NGC6301,26.7179,217.271,61.5384,242.984,50.6087
NGC6394,3.79643,76.4135,6.21974,88.3776,9.54078
NGC6394,6.82405,129.813,9.88818,129.71,14.2082
NGC6394,9.20455,188.049,15.3443,185.688,19.2976
NGC6394,11.4977,248.544,10.6427,261.671,12.9482
NGC6394,13.8462,261.482,7.96612,275.945,10.9427
NGC6394,16.226,272.33,15.6687,271.252,16.4254
NGC6478,3.35185,187.791,4.00397,264.229,4.56008
NGC6478,6.07232,244.872,2.65761,290.851,3.83726
NGC6478,8.06486,244.275,2.74186,278.377,4.74728
NGC6478,10.0666,233.054,1.83032,235.066,2.02153
NGC6478,12.2152,231.111,0.928834,227.272,1.10099
NGC6478,14.3357,237.351,0.634518,234.206,0.747704
NGC6478,16.4298,248.18,0.579784,248.931,0.894041
NGC6478,18.4916,257.954,0.688563,260.024,0.750589
NGC6478,20.501,266.225,0.746093,270.908,0.797488
NGC6478,22.4392,270.931,1.19523,277.552,1.29209
NGC6478,24.6307,267.608,2.45166,277.586,2.52056
NGC6478,26.7788,260.319,3.90247,253.724,3.892
UGC00809,4.19703,69.9746,2.31492,71.3585,2.28301
UGC00809,7.9832,97.1189,4.61753,110.454,4.54932
UGC00809,10.7742,122.869,3.42308,122.783,3.32174
UGC00809,13.4313,120.858,5.44886,110.509,15.4754
UGC03539,3.74728,53.7811,1.90547,64.8006,4.52961
UGC03539,6.72183,93.2378,2.13647,95.8992,3.75226
UGC03539,9.08485,114.836,1.75931,120.563,2.44568
UGC03539,11.4002,130.015,2.31604,137.601,2.49057
UGC03539,13.676,135.016,6.05963,144.842,2.92953
UGC03539,15.8675,121.162,12.3919,150.365,5.05348
UGC03539,18.2926,130.501,14.4458,159.251,20.2476
UGC03539,20.6826,138.482,23.6197,161.011,10.5974
UGC03539,23.1244,121.33,98.6124,156.911,17.5241
UGC03969,5.10783,94.5138,4.09025,89.2072,5.85477
UGC03969,8.65756,156.887,3.864,159.727,4.57735
UGC03969,10.8865,187.108,3.40017,193.782,4.30215
UGC03969,13.0917,207.166,2.91791,217.093,3.40453
UGC03969,15.3022,217.663,3.28427,225.569,4.17143
UGC03969,17.5698,217.576,4.50863,227.111,6.65974
UGC03969,19.7813,203.786,6.68357,215.73,11.0991
UGC04029,4.71277,61.1292,4.73193,85.3384,6.67956
UGC04029,8.02867,97.9094,5.0319,108.09,7.11614
UGC04029,10.2012,108.689,5.70885,102.581,8.90119
UGC04029,12.3525,117.022,4.01955,115.318,5.67256
UGC04029,14.5,132.804,3.30352,133.943,3.55078
UGC04029,16.4868,142.972,5.2748,142.312,8.06327
UGC04029,18.5402,157.476,3.61279,164.762,4.76038
