edge_pydb/dat_prof/rotcur_leung/jam_rotcurves.csv
# %ECSV 0.9
# ---
# datatype:
# - {name: Name, datatype: string, description: Galaxy Name}
# - {name: radius, unit: arcsec, datatype: float64}
# - {name: Vrot, unit: km / s, datatype: float64, description: Rotation curve}
# - {name: e_Vrot, unit: km / s, datatype: float64, description: Error in rotation curve}
# - {name: Vrot_bsc, unit: km / s, datatype: float64, description: Beam smearing corrected rotation curve}
# - {name: e_Vrot_bsc, unit: km / s, datatype: float64, description: Error in corrected rotation curve}
# delimiter: ','
# meta: !!omap
# - {comments: CO Rotation Curves from 2018MNRAS.477..254L}
# - {date: '2020-06-22'}
# schema: astropy-2.0
Name,radius,Vrot,e_Vrot,Vrot_bsc,e_Vrot_bsc
[from data line 338]
UGC04029,22.6848,177.222,4.65919,184.814,5.46132
UGC04029,26.6907,184.21,6.2852,190.415,7.51615
UGC04132,3.70538,150.372,5.21771,208.677,5.67938
UGC04132,6.73527,185.655,1.93025,215.499,2.26045
UGC04132,9.06848,202.7,2.384,225.553,5.90552
UGC04132,11.386,211.507,1.51402,221.219,1.89577
UGC04132,13.7446,218.342,1.72602,223.928,2.54432
UGC04132,16.0926,223.337,0.719357,223.169,0.617524
UGC04132,18.4555,229.389,0.964094,227.629,1.0938
UGC04132,20.716,237.506,0.774803,238.609,0.834765
UGC04132,23.1223,246.133,0.922998,248.894,1.03777
UGC04132,25.4371,246.445,1.52709,246.472,1.56587
UGC04132,27.7217,243.831,2.15243,244.051,2.30204
UGC05108,3.62559,158.082,7.86512,187.834,7.92273
UGC05108,6.54702,215.447,8.90402,226.294,8.98275
UGC05108,8.98679,267.24,6.56797,272.833,7.23604
UGC05108,11.1979,296.853,5.13603,309.364,5.60534
UGC05598,3.92359,73.2521,3.85318,91.782,23.9329
UGC05598,6.9954,98.1437,5.12677,110.731,16.3118
UGC05598,9.34283,120.118,7.79926,125.365,12.4872
UGC05598,11.8949,144.578,8.52294,148.582,25.4329
UGC05598,14.2823,178.819,66.1327,149.579,26.1698
UGC08107,3.38748,177.552,4.55832,228.469,6.33635
UGC08107,6.25783,260.49,4.97954,296.67,8.16487
UGC08107,8.35528,291.909,5.9354,320.867,9.97236
UGC08107,10.2257,303.122,5.45364,328.7,7.67313
UGC08107,12.3389,310.126,4.01836,325.039,5.08712
UGC08107,14.4584,316.83,2.76675,320.689,3.17831
UGC08107,16.5365,319.712,4.24266,319.716,5.38284
UGC08107,18.5954,323.801,4.6029,323.479,5.05223
UGC08107,20.6017,351.57,6.10793,339.231,10.7703
UGC09067,3.87128,134.13,5.2929,177.65,7.92149
UGC09067,6.90128,191.816,3.68218,220.063,5.36162
UGC09067,9.15383,204.453,1.90745,209.707,2.25717
UGC09067,11.4015,208.35,2.62765,209.901,3.56768
UGC09067,13.6849,219.211,2.86002,226.705,3.71531
UGC09067,15.8533,231.98,6.40534,230.603,7.29901
UGC09537,4.5289,96.1266,6.65312,96.6597,6.63357
UGC09537,7.93196,154.201,17.2753,183.251,17.2964
UGC09537,10.8577,239.914,3.04575,260.932,13.0115
UGC09537,13.7897,289.619,2.41362,305.932,12.4097
UGC09537,17.4041,287.921,2.8831,293.97,12.881
UGC09537,22.6578,299.016,9.2896,257.921,9.41412
UGC09542,3.46019,51.4252,4.56808,59.9303,4.63288
UGC09542,6.24924,77.8911,3.74902,76.7166,3.75654
UGC09542,10.6428,106.809,3.13867,105.483,3.14847
UGC09542,12.7901,144.91,4.27606,142.122,4.30516
UGC09542,15.0198,145.821,3.52967,137.929,3.57339
UGC09542,17.0068,157.82,5.25018,162.479,5.28557
UGC09542,19.2674,195.603,2.82397,164.287,12.8108
UGC09542,21.3297,257.202,10.1594,185.242,10.1021
UGC09665,3.42167,41.1313,2.61632,43.3631,12.5997
UGC09665,6.93808,67.0876,3.29385,73.3938,13.272
UGC09665,9.5795,80.671,3.19702,80.7291,13.1943
UGC09665,11.5726,99.6569,2.75347,109.196,12.7186
UGC09665,13.656,105.985,2.93999,108.786,13.2205
UGC09665,15.4706,115.364,1.52436,113.295,12.4709
UGC09665,17.3963,121.487,3.21605,110.388,16.2195
UGC09665,19.4817,141.831,5.63296,143.096,18.5187
UGC09665,21.2587,188.586,8.86327,127.238,19.7199
UGC09665,24.4457,150.815,12.2825,144.391,12.9315
UGC09665,28.1228,125.963,8.20252,144.799,8.43261
UGC09892,3.39926,60.861,4.02999,67.6663,4.02689
UGC09892,7.08316,106.134,3.29255,122.018,3.28786
UGC09892,10.2611,133.444,10.1285,129.314,10.1434
UGC09892,13.8952,128.23,43.1271,142.733,43.0177
UGC10123,4.54514,85.918,3.78807,108.617,4.89097
UGC10123,8.61033,149.198,1.57851,169.277,3.15195
UGC10123,11.2208,176.512,1.25856,183.65,2.29055
UGC10123,13.0721,190.377,1.14175,194.256,2.23548
UGC10123,14.7183,200.137,0.887153,202.002,1.28913
UGC10123,16.7241,210.514,1.12495,210.734,1.44072
UGC10123,18.7001,217.573,1.33642,219.007,1.37451
UGC10123,22.1623,216.327,4.20258,215.273,5.88084
UGC10123,24.1833,212.952,6.61962,209.803,6.86462
UGC10384,3.9571,88.5042,2.29939,96.0329,3.44305
UGC10384,8.44488,147.684,1.29993,159.581,2.24201
UGC10384,10.902,169.219,0.9709,184.739,1.42489
UGC10384,12.8157,179.268,1.08957,182.87,1.80646
UGC10384,15.0706,190.04,1.56302,196.858,2.14054
UGC10384,17.1586,191.523,2.20963,188.432,3.0085
UGC10710,3.55808,147.851,6.55489,215.37,16.5663
UGC10710,6.36833,202.859,5.50453,235.393,15.5531
UGC10710,8.47672,201.972,6.55487,197.702,16.571
UGC10710,10.4642,225.744,4.84891,207.969,14.8379
UGC10710,12.5588,232.27,9.03343,205.814,18.9111
UGC10710,14.7875,260.91,9.05617,244.527,19.0229
UGC10710,17.5429,278.02,28.3854,249.147,28.1247
