edge_pydb/dat_prof/radprof/build/rproftxt/IC0540.de20_smob0.rprof.txt
# %ECSV 0.9
# ---
# datatype:
# - {name: radius, unit: arcsec, datatype: float64, description: Adopting RA=142.5428 deg DEC=7.9026 deg PA=350.0 INC=68.3}
# - {name: r_kpc, unit: kpc, datatype: float64, format: 10.3f, description: Adopting distance of 29.91 Mpc}
# - {name: r_r25, unit: '', datatype: float64, format: 10.3f, description: Adopting R25=32.15 arcsec}
# - {name: npix, datatype: int64}
# - {name: ngood, datatype: int64, description: Requiring fill fraction of 0.1 npix}
# - {name: wtmean, unit: K km / s, datatype: float64, format: 10.3f, description: Replaced blanks with 0 times IC0540.co.de20_smo.emom0max.fits}
# - {name: rms, unit: K km / s, datatype: float32}
# - {name: annsum, unit: K km pix / s, datatype: float32, format: 10.3f}
# - {name: cumsum, unit: K km pix / s, datatype: float32}
# - {name: detlim, unit: K km / s, datatype: float64, format: 10.3f}
# - {name: cumlum, unit: K km pc2 / s, datatype: float32, format: 10.4e}
# - {name: sigmol, unit: solMass / pc2, datatype: float64, format: 10.3f}
# - {name: cummass, unit: solMass, datatype: float32, format: 10.4e}
# delimiter: ','
# schema: astropy-2.0
radius,r_kpc,r_r25,npix,ngood,wtmean,rms,annsum,cumsum,detlim,cumlum,sigmol,cummass
1.0,0.145,0.031,5,5,16.007,1.2641662,216.460,216.45966,9.926,4.5507e+06,68.830,1.9568e+07
3.0,0.435,0.093,13,13,12.234,2.372123,430.149,646.6087,6.146,1.3594e+07,52.608,5.8454e+07
5.0,0.725,0.156,23,23,8.783,3.6497653,546.360,1192.9683,4.561,2.5080e+07,37.768,1.0785e+08
7.0,1.015,0.218,33,33,6.097,2.9465115,544.182,1737.1499,3.702,3.6521e+07,26.218,1.5704e+08
9.0,1.305,0.280,41,41,3.362,2.0309775,372.759,2109.9087,3.269,4.4358e+07,14.455,1.9074e+08
11.0,1.595,0.342,54,54,1.664,1.689064,242.979,2352.8882,2.764,4.9466e+07,7.154,2.1270e+08
13.0,1.885,0.404,55,43,0.253,1.1874164,37.667,2390.5547,2.656,5.0258e+07,1.089,2.1611e+08
15.0,2.175,0.467,75,45,-0.142,1.013031,-28.703,2361.852,2.253,4.9654e+07,-0.608,2.1351e+08
17.0,2.465,0.529,73,30,-0.119,0.89932173,-23.570,2338.2822,2.261,4.9159e+07,-0.513,2.1138e+08
19.0,2.755,0.591,94,36,0.023,0.8114133,5.884,2344.1658,1.985,4.9283e+07,0.100,2.1192e+08
21.0,3.045,0.653,100,31,0.116,0.66344464,31.408,2375.5737,1.937,4.9943e+07,0.499,2.1475e+08
23.0,3.335,0.715,102,26,0.158,0.51654816,43.626,2419.2,1.935,5.0860e+07,0.680,2.1870e+08
25.0,3.625,0.778,114,26,0.099,0.4566124,30.657,2449.8572,1.854,5.1505e+07,0.428,2.2147e+08
27.0,3.915,0.840,127,24,-0.002,0.45632833,-0.829,2449.0286,1.790,5.1487e+07,-0.010,2.2139e+08
29.0,4.205,0.902,138,27,0.026,0.37091193,9.518,2458.5469,1.743,5.1687e+07,0.110,2.2226e+08
31.0,4.495,0.964,146,25,0.014,0.30810595,5.633,2464.1802,1.721,5.1806e+07,0.061,2.2276e+08
33.0,4.785,1.027,148,23,0.019,0.3356552,7.780,2471.96,1.759,5.1969e+07,0.084,2.2347e+08
35.0,5.075,1.089,164,24,0.043,0.30009937,19.282,2491.2422,1.701,5.2375e+07,0.187,2.2521e+08
37.0,5.365,1.151,167,21,0.079,0.43989047,35.726,2526.968,1.734,5.3126e+07,0.340,2.2844e+08
39.0,5.655,1.213,185,23,0.068,0.43014258,33.872,2560.8403,1.686,5.3838e+07,0.291,2.3150e+08
41.0,5.945,1.275,193,25,0.028,0.39684385,14.648,2575.4885,1.698,5.4146e+07,0.121,2.3283e+08
43.0,6.235,1.338,201,18,nan,nan,0.000,2575.4885,1.724,5.4146e+07,nan,2.3283e+08
45.0,6.525,1.400,205,23,0.033,0.44783664,18.161,2593.65,1.771,5.4528e+07,0.141,2.3447e+08
47.0,6.815,1.462,219,22,0.035,0.35965616,20.862,2614.5115,1.758,5.4966e+07,0.151,2.3635e+08
49.0,7.105,1.524,224,17,nan,nan,0.000,2614.5115,1.819,5.4966e+07,nan,2.3635e+08
51.0,7.395,1.587,239,20,nan,nan,0.000,2614.5115,1.821,5.4966e+07,nan,2.3635e+08
53.0,7.685,1.649,205,20,nan,nan,0.000,2614.5115,1.921,5.4966e+07,nan,2.3635e+08
55.0,7.975,1.711,190,20,0.032,0.30095536,16.447,2630.9587,1.972,5.5312e+07,0.138,2.3784e+08
57.0,8.265,1.773,188,11,nan,nan,0.000,2630.9587,1.983,5.5312e+07,nan,2.3784e+08
59.0,8.555,1.835,183,11,nan,nan,0.000,2630.9587,1.990,5.5312e+07,nan,2.3784e+08
61.0,8.845,1.898,181,8,nan,nan,0.000,2630.9587,2.036,5.5312e+07,nan,2.3784e+08
63.0,9.135,1.960,180,0,nan,nan,0.000,2630.9587,2.033,5.5312e+07,nan,2.3784e+08
65.0,9.425,2.022,167,0,nan,nan,0.000,2630.9587,2.150,5.5312e+07,nan,2.3784e+08
67.0,9.715,2.084,178,0,nan,nan,0.000,2630.9587,2.073,5.5312e+07,nan,2.3784e+08
69.0,10.005,2.146,162,0,nan,nan,0.000,2630.9587,2.215,5.5312e+07,nan,2.3784e+08
71.0,10.295,2.209,178,0,nan,nan,0.000,2630.9587,2.123,5.5312e+07,nan,2.3784e+08
73.0,10.585,2.271,169,0,nan,nan,0.000,2630.9587,2.210,5.5312e+07,nan,2.3784e+08
75.0,10.875,2.333,162,0,nan,nan,0.000,2630.9587,2.270,5.5312e+07,nan,2.3784e+08
77.0,11.165,2.395,167,0,nan,nan,0.000,2630.9587,2.277,5.5312e+07,nan,2.3784e+08
79.0,11.455,2.458,158,0,nan,nan,0.000,2630.9587,2.338,5.5312e+07,nan,2.3784e+08
81.0,11.745,2.520,171,0,nan,nan,0.000,2630.9587,2.307,5.5312e+07,nan,2.3784e+08
83.0,12.035,2.582,168,0,nan,nan,0.000,2630.9587,2.336,5.5312e+07,nan,2.3784e+08
85.0,12.325,2.644,152,0,nan,nan,0.000,2630.9587,2.508,5.5312e+07,nan,2.3784e+08
87.0,12.615,2.706,168,0,nan,nan,0.000,2630.9587,2.409,5.5312e+07,nan,2.3784e+08
89.0,12.905,2.769,152,0,nan,nan,0.000,2630.9587,2.550,5.5312e+07,nan,2.3784e+08
91.0,13.195,2.831,170,0,nan,nan,0.000,2630.9587,2.513,5.5312e+07,nan,2.3784e+08
93.0,13.485,2.893,162,0,nan,nan,0.000,2630.9587,2.625,5.5312e+07,nan,2.3784e+08
95.0,13.775,2.955,160,0,nan,nan,0.000,2630.9587,2.634,5.5312e+07,nan,2.3784e+08
97.0,14.064,3.018,153,0,nan,nan,0.000,2630.9587,2.756,5.5312e+07,nan,2.3784e+08
99.0,14.354,3.080,158,0,nan,nan,0.000,2630.9587,2.772,5.5312e+07,nan,2.3784e+08
101.0,14.644,3.142,162,0,nan,nan,0.000,2630.9587,2.803,5.5312e+07,nan,2.3784e+08
103.0,14.934,3.204,163,0,nan,nan,0.000,2630.9587,2.893,5.5312e+07,nan,2.3784e+08
105.0,15.224,3.266,157,0,nan,nan,0.000,2630.9587,2.968,5.5312e+07,nan,2.3784e+08
107.0,15.514,3.329,155,0,nan,nan,0.000,2630.9587,3.038,5.5312e+07,nan,2.3784e+08
109.0,15.804,3.391,157,0,nan,nan,0.000,2630.9587,3.147,5.5312e+07,nan,2.3784e+08
111.0,16.094,3.453,159,0,nan,nan,0.000,2630.9587,3.195,5.5312e+07,nan,2.3784e+08
113.0,16.384,3.515,159,0,nan,nan,0.000,2630.9587,3.429,5.5312e+07,nan,2.3784e+08
115.0,16.674,3.577,159,0,nan,nan,0.000,2630.9587,3.434,5.5312e+07,nan,2.3784e+08
117.0,16.964,3.640,147,0,nan,nan,0.000,2630.9587,3.630,5.5312e+07,nan,2.3784e+08
119.0,17.254,3.702,161,0,nan,nan,0.000,2630.9587,3.674,5.5312e+07,nan,2.3784e+08
121.0,17.544,3.764,150,0,nan,nan,0.000,2630.9587,3.910,5.5312e+07,nan,2.3784e+08
123.0,17.834,3.826,146,0,nan,nan,0.000,2630.9587,4.034,5.5312e+07,nan,2.3784e+08
125.0,18.124,3.889,132,0,nan,nan,0.000,2630.9587,4.427,5.5312e+07,nan,2.3784e+08
127.0,18.414,3.951,110,0,nan,nan,0.000,2630.9587,4.567,5.5312e+07,nan,2.3784e+08
129.0,18.704,4.013,98,0,nan,nan,0.000,2630.9587,5.109,5.5312e+07,nan,2.3784e+08
131.0,18.994,4.075,90,0,nan,nan,0.000,2630.9587,5.603,5.5312e+07,nan,2.3784e+08
133.0,19.284,4.137,78,0,nan,nan,0.000,2630.9587,7.558,5.5312e+07,nan,2.3784e+08
135.0,19.574,4.200,72,0,nan,nan,0.000,2630.9587,9.269,5.5312e+07,nan,2.3784e+08
137.0,19.864,4.262,66,0,nan,nan,0.000,2630.9587,36.157,5.5312e+07,nan,2.3784e+08
139.0,20.154,4.324,60,0,nan,nan,0.000,2630.9587,nan,5.5312e+07,nan,2.3784e+08
141.0,20.444,4.386,51,0,nan,nan,0.000,2630.9587,nan,5.5312e+07,nan,2.3784e+08
143.0,20.734,4.449,48,0,nan,nan,0.000,2630.9587,nan,5.5312e+07,nan,2.3784e+08
145.0,21.024,4.511,43,0,nan,nan,0.000,2630.9587,nan,5.5312e+07,nan,2.3784e+08
147.0,21.314,4.573,36,0,nan,nan,0.000,2630.9587,nan,5.5312e+07,nan,2.3784e+08
149.0,21.604,4.635,32,0,nan,nan,0.000,2630.9587,nan,5.5312e+07,nan,2.3784e+08
151.0,21.894,4.697,26,0,nan,nan,0.000,2630.9587,nan,5.5312e+07,nan,2.3784e+08
153.0,22.184,4.760,21,0,nan,nan,0.000,2630.9587,nan,5.5312e+07,nan,2.3784e+08
155.0,22.474,4.822,18,0,nan,nan,0.000,2630.9587,nan,5.5312e+07,nan,2.3784e+08
157.0,22.764,4.884,11,0,nan,nan,0.000,2630.9587,nan,5.5312e+07,nan,2.3784e+08
159.0,23.054,4.946,7,0,nan,nan,0.000,2630.9587,nan,5.5312e+07,nan,2.3784e+08
161.0,23.344,5.008,4,0,nan,nan,0.000,2630.9587,nan,5.5312e+07,nan,2.3784e+08
163.0,23.634,5.071,2,0,nan,nan,0.000,2630.9587,nan,5.5312e+07,nan,2.3784e+08
165.0,23.924,5.133,0,0,nan,nan,0.000,2630.9587,nan,5.5312e+07,nan,2.3784e+08
