edge_pydb/dat_prof/radprof/build/rproftxt/IC0944.smo7_smob0.rprof.txt
# %ECSV 0.9
# ---
# datatype:
# - {name: radius, unit: arcsec, datatype: float64, description: Adopting RA=207.8786 deg DEC=14.0920 deg PA=105.7 INC=75.0}
# - {name: r_kpc, unit: kpc, datatype: float64, format: 10.3f, description: Adopting distance of 100.81 Mpc}
# - {name: r_r25, unit: '', datatype: float64, format: 10.3f, description: Adopting R25=45.83 arcsec}
# - {name: npix, datatype: int64}
# - {name: ngood, datatype: int64, description: Requiring fill fraction of 0.1 npix}
# - {name: wtmean, unit: K km / s, datatype: float64, format: 10.3f, description: Replaced blanks with 0 times IC0944.co.smo7_smo.emom0max.fits}
# - {name: rms, unit: K km / s, datatype: float32}
# - {name: annsum, unit: K km pix / s, datatype: float32, format: 10.3f}
# - {name: cumsum, unit: K km pix / s, datatype: float32}
# - {name: detlim, unit: K km / s, datatype: float64, format: 10.3f}
# - {name: cumlum, unit: K km pc2 / s, datatype: float32, format: 10.4e}
# - {name: sigmol, unit: solMass / pc2, datatype: float64, format: 10.3f}
# - {name: cummass, unit: solMass, datatype: float32, format: 10.4e}
# delimiter: ','
# schema: astropy-2.0
radius,r_kpc,r_r25,npix,ngood,wtmean,rms,annsum,cumsum,detlim,cumlum,sigmol,cummass
1.5,0.733,0.033,7,7,11.754,0.5307015,317.896,317.89636,4.402,7.5931e+07,50.542,3.2650e+08
4.5,2.199,0.098,23,23,9.417,1.6012394,836.876,1154.7727,2.465,2.7582e+08,40.495,1.1860e+09
7.5,3.665,0.164,38,38,6.944,2.0423763,1019.475,2174.2476,1.927,5.1933e+08,29.858,2.2331e+09
10.5,5.132,0.229,51,51,5.281,1.7567108,1040.690,3214.9373,1.630,7.6790e+08,22.710,3.3020e+09
13.5,6.598,0.295,66,66,4.249,1.3704332,1083.589,4298.526,1.369,1.0267e+09,18.272,4.4149e+09
16.5,8.064,0.360,75,75,3.249,0.86390215,941.579,5240.105,1.221,1.2516e+09,13.972,5.3820e+09
19.5,9.530,0.426,98,98,2.462,0.72261244,932.158,6172.2627,1.029,1.4743e+09,10.586,6.3393e+09
22.5,10.996,0.491,105,105,1.904,0.542506,772.330,6944.593,0.956,1.6587e+09,8.186,7.1326e+09
25.5,12.463,0.556,126,126,1.511,0.5275397,735.747,7680.3394,0.856,1.8345e+09,6.499,7.8882e+09
28.5,13.929,0.622,142,142,1.089,0.5602859,597.536,8277.875,0.781,1.9772e+09,4.683,8.5020e+09
31.5,15.395,0.687,158,158,0.711,0.5074656,433.977,8711.852,0.731,2.0809e+09,3.057,8.9477e+09
34.5,16.861,0.753,167,167,0.440,0.44083753,283.757,8995.608,0.706,2.1486e+09,1.891,9.2391e+09
37.5,18.327,0.818,183,183,0.172,0.36097142,121.691,9117.3,0.681,2.1777e+09,0.740,9.3641e+09
40.5,19.793,0.884,194,184,0.069,0.32123214,52.038,9169.338,0.668,2.1901e+09,0.299,9.4175e+09
43.5,21.260,0.949,213,183,0.019,0.3007947,15.755,9185.093,0.645,2.1939e+09,0.082,9.4337e+09
46.5,22.726,1.015,224,174,0.040,0.28286013,34.603,9219.695,0.650,2.2022e+09,0.172,9.4693e+09
49.5,24.192,1.080,245,155,0.039,0.20032059,36.899,9256.595,0.638,2.2110e+09,0.168,9.5072e+09
52.5,25.658,1.146,247,122,0.015,0.17591426,14.363,9270.958,0.672,2.2144e+09,0.065,9.5219e+09
55.5,27.124,1.211,284,103,0.039,0.15860762,42.670,9313.628,0.656,2.2246e+09,0.167,9.5657e+09
58.5,28.590,1.277,279,65,0.012,0.12264164,13.061,9326.688,0.715,2.2277e+09,0.052,9.5792e+09
61.5,30.057,1.342,308,39,0.010,0.10082321,11.592,9338.28,0.701,2.2305e+09,0.042,9.5911e+09
64.5,31.523,1.407,309,19,nan,nan,0.000,9338.28,0.731,2.2305e+09,nan,9.5911e+09
67.5,32.989,1.473,331,12,nan,nan,0.000,9338.28,0.723,2.2305e+09,nan,9.5911e+09
70.5,34.455,1.538,346,0,nan,nan,0.000,9338.28,0.736,2.2305e+09,nan,9.5911e+09
73.5,35.921,1.604,356,0,nan,nan,0.000,9338.28,0.732,2.2305e+09,nan,9.5911e+09
76.5,37.388,1.669,368,0,nan,nan,0.000,9338.28,0.769,2.2305e+09,nan,9.5911e+09
79.5,38.854,1.735,389,0,nan,nan,0.000,9338.28,0.749,2.2305e+09,nan,9.5911e+09
82.5,40.320,1.800,388,0,nan,nan,0.000,9338.28,0.764,2.2305e+09,nan,9.5911e+09
85.5,41.786,1.866,359,0,nan,nan,0.000,9338.28,0.763,2.2305e+09,nan,9.5911e+09
88.5,43.252,1.931,328,0,nan,nan,0.000,9338.28,0.793,2.2305e+09,nan,9.5911e+09
91.5,44.718,1.997,330,0,nan,nan,0.000,9338.28,0.780,2.2305e+09,nan,9.5911e+09
94.5,46.185,2.062,312,0,nan,nan,0.000,9338.28,0.811,2.2305e+09,nan,9.5911e+09
97.5,47.651,2.128,313,0,nan,nan,0.000,9338.28,0.778,2.2305e+09,nan,9.5911e+09
100.5,49.117,2.193,301,0,nan,nan,0.000,9338.28,0.814,2.2305e+09,nan,9.5911e+09
103.5,50.583,2.258,298,0,nan,nan,0.000,9338.28,0.820,2.2305e+09,nan,9.5911e+09
106.5,52.049,2.324,286,0,nan,nan,0.000,9338.28,0.839,2.2305e+09,nan,9.5911e+09
109.5,53.516,2.389,293,0,nan,nan,0.000,9338.28,0.816,2.2305e+09,nan,9.5911e+09
112.5,54.982,2.455,292,0,nan,nan,0.000,9338.28,0.860,2.2305e+09,nan,9.5911e+09
115.5,56.448,2.520,285,0,nan,nan,0.000,9338.28,0.844,2.2305e+09,nan,9.5911e+09
118.5,57.914,2.586,288,0,nan,nan,0.000,9338.28,0.886,2.2305e+09,nan,9.5911e+09
121.5,59.380,2.651,287,0,nan,nan,0.000,9338.28,0.871,2.2305e+09,nan,9.5911e+09
124.5,60.846,2.717,280,0,nan,nan,0.000,9338.28,0.885,2.2305e+09,nan,9.5911e+09
127.5,62.313,2.782,284,0,nan,nan,0.000,9338.28,0.891,2.2305e+09,nan,9.5911e+09
130.5,63.779,2.848,274,0,nan,nan,0.000,9338.28,0.930,2.2305e+09,nan,9.5911e+09
133.5,65.245,2.913,281,0,nan,nan,0.000,9338.28,0.919,2.2305e+09,nan,9.5911e+09
136.5,66.711,2.979,274,0,nan,nan,0.000,9338.28,0.937,2.2305e+09,nan,9.5911e+09
139.5,68.177,3.044,281,0,nan,nan,0.000,9338.28,0.946,2.2305e+09,nan,9.5911e+09
142.5,69.643,3.110,273,0,nan,nan,0.000,9338.28,0.978,2.2305e+09,nan,9.5911e+09
145.5,71.110,3.175,270,0,nan,nan,0.000,9338.28,1.000,2.2305e+09,nan,9.5911e+09
148.5,72.576,3.240,273,0,nan,nan,0.000,9338.28,1.002,2.2305e+09,nan,9.5911e+09
151.5,74.042,3.306,277,0,nan,nan,0.000,9338.28,0.999,2.2305e+09,nan,9.5911e+09
154.5,75.508,3.371,267,0,nan,nan,0.000,9338.28,1.060,2.2305e+09,nan,9.5911e+09
157.5,76.974,3.437,273,0,nan,nan,0.000,9338.28,1.055,2.2305e+09,nan,9.5911e+09
160.5,78.441,3.502,267,0,nan,nan,0.000,9338.28,1.096,2.2305e+09,nan,9.5911e+09
163.5,79.907,3.568,272,0,nan,nan,0.000,9338.28,1.096,2.2305e+09,nan,9.5911e+09
166.5,81.373,3.633,267,0,nan,nan,0.000,9338.28,1.130,2.2305e+09,nan,9.5911e+09
169.5,82.839,3.699,271,0,nan,nan,0.000,9338.28,1.148,2.2305e+09,nan,9.5911e+09
172.5,84.305,3.764,265,0,nan,nan,0.000,9338.28,1.204,2.2305e+09,nan,9.5911e+09
175.5,85.771,3.830,272,0,nan,nan,0.000,9338.28,1.197,2.2305e+09,nan,9.5911e+09
178.5,87.238,3.895,271,0,nan,nan,0.000,9338.28,1.227,2.2305e+09,nan,9.5911e+09
181.5,88.704,3.961,266,0,nan,nan,0.000,9338.28,1.297,2.2305e+09,nan,9.5911e+09
184.5,90.170,4.026,267,0,nan,nan,0.000,9338.28,1.316,2.2305e+09,nan,9.5911e+09
187.5,91.636,4.091,263,0,nan,nan,0.000,9338.28,1.393,2.2305e+09,nan,9.5911e+09
190.5,93.102,4.157,268,0,nan,nan,0.000,9338.28,1.377,2.2305e+09,nan,9.5911e+09
193.5,94.569,4.222,266,0,nan,nan,0.000,9338.28,1.447,2.2305e+09,nan,9.5911e+09
196.5,96.035,4.288,267,0,nan,nan,0.000,9338.28,1.503,2.2305e+09,nan,9.5911e+09
199.5,97.501,4.353,261,0,nan,nan,0.000,9338.28,1.601,2.2305e+09,nan,9.5911e+09
202.5,98.967,4.419,266,0,nan,nan,0.000,9338.28,1.637,2.2305e+09,nan,9.5911e+09
205.5,100.433,4.484,268,0,nan,nan,0.000,9338.28,1.729,2.2305e+09,nan,9.5911e+09
208.5,101.899,4.550,264,0,nan,nan,0.000,9338.28,1.818,2.2305e+09,nan,9.5911e+09
211.5,103.366,4.615,265,0,nan,nan,0.000,9338.28,1.925,2.2305e+09,nan,9.5911e+09
214.5,104.832,4.681,263,0,nan,nan,0.000,9338.28,2.122,2.2305e+09,nan,9.5911e+09
217.5,106.298,4.746,264,0,nan,nan,0.000,9338.28,2.336,2.2305e+09,nan,9.5911e+09
220.5,107.764,4.812,267,0,nan,nan,0.000,9338.28,2.640,2.2305e+09,nan,9.5911e+09
223.5,109.230,4.877,256,0,nan,nan,0.000,9338.28,3.988,2.2305e+09,nan,9.5911e+09
226.5,110.696,4.943,270,0,nan,nan,0.000,9338.28,6.788,2.2305e+09,nan,9.5911e+09
229.5,112.163,5.008,257,0,nan,nan,0.000,9338.28,nan,2.2305e+09,nan,9.5911e+09
232.5,113.629,5.073,270,0,nan,nan,0.000,9338.28,nan,2.2305e+09,nan,9.5911e+09
235.5,115.095,5.139,258,0,nan,nan,0.000,9338.28,nan,2.2305e+09,nan,9.5911e+09
238.5,116.561,5.204,258,0,nan,nan,0.000,9338.28,nan,2.2305e+09,nan,9.5911e+09
241.5,118.027,5.270,237,0,nan,nan,0.000,9338.28,nan,2.2305e+09,nan,9.5911e+09
244.5,119.494,5.335,246,0,nan,nan,0.000,9338.28,nan,2.2305e+09,nan,9.5911e+09
247.5,120.960,5.401,227,0,nan,nan,0.000,9338.28,nan,2.2305e+09,nan,9.5911e+09
250.5,122.426,5.466,223,0,nan,nan,0.000,9338.28,nan,2.2305e+09,nan,9.5911e+09
253.5,123.892,5.532,211,0,nan,nan,0.000,9338.28,nan,2.2305e+09,nan,9.5911e+09
256.5,125.358,5.597,213,0,nan,nan,0.000,9338.28,nan,2.2305e+09,nan,9.5911e+09
259.5,126.824,5.663,198,0,nan,nan,0.000,9338.28,nan,2.2305e+09,nan,9.5911e+09
262.5,128.291,5.728,205,0,nan,nan,0.000,9338.28,nan,2.2305e+09,nan,9.5911e+09
265.5,129.757,5.794,183,0,nan,nan,0.000,9338.28,nan,2.2305e+09,nan,9.5911e+09
268.5,131.223,5.859,187,0,nan,nan,0.000,9338.28,nan,2.2305e+09,nan,9.5911e+09
271.5,132.689,5.924,171,0,nan,nan,0.000,9338.28,nan,2.2305e+09,nan,9.5911e+09
274.5,134.155,5.990,183,0,nan,nan,0.000,9338.28,nan,2.2305e+09,nan,9.5911e+09
277.5,135.622,6.055,158,0,nan,nan,0.000,9338.28,nan,2.2305e+09,nan,9.5911e+09
280.5,137.088,6.121,168,0,nan,nan,0.000,9338.28,nan,2.2305e+09,nan,9.5911e+09
283.5,138.554,6.186,148,0,nan,nan,0.000,9338.28,nan,2.2305e+09,nan,9.5911e+09
286.5,140.020,6.252,158,0,nan,nan,0.000,9338.28,nan,2.2305e+09,nan,9.5911e+09
289.5,141.486,6.317,140,0,nan,nan,0.000,9338.28,nan,2.2305e+09,nan,9.5911e+09
292.5,142.952,6.383,147,0,nan,nan,0.000,9338.28,nan,2.2305e+09,nan,9.5911e+09
295.5,144.419,6.448,128,0,nan,nan,0.000,9338.28,nan,2.2305e+09,nan,9.5911e+09
298.5,145.885,6.514,138,0,nan,nan,0.000,9338.28,nan,2.2305e+09,nan,9.5911e+09
301.5,147.351,6.579,116,0,nan,nan,0.000,9338.28,nan,2.2305e+09,nan,9.5911e+09
304.5,148.817,6.645,128,0,nan,nan,0.000,9338.28,nan,2.2305e+09,nan,9.5911e+09
307.5,150.283,6.710,112,0,nan,nan,0.000,9338.28,nan,2.2305e+09,nan,9.5911e+09
310.5,151.749,6.775,111,0,nan,nan,0.000,9338.28,nan,2.2305e+09,nan,9.5911e+09
313.5,153.216,6.841,104,0,nan,nan,0.000,9338.28,nan,2.2305e+09,nan,9.5911e+09
316.5,154.682,6.906,106,0,nan,nan,0.000,9338.28,nan,2.2305e+09,nan,9.5911e+09
319.5,156.148,6.972,91,0,nan,nan,0.000,9338.28,nan,2.2305e+09,nan,9.5911e+09
322.5,157.614,7.037,98,0,nan,nan,0.000,9338.28,nan,2.2305e+09,nan,9.5911e+09
325.5,159.080,7.103,84,0,nan,nan,0.000,9338.28,nan,2.2305e+09,nan,9.5911e+09
328.5,160.547,7.168,84,0,nan,nan,0.000,9338.28,nan,2.2305e+09,nan,9.5911e+09
331.5,162.013,7.234,75,0,nan,nan,0.000,9338.28,nan,2.2305e+09,nan,9.5911e+09
334.5,163.479,7.299,76,0,nan,nan,0.000,9338.28,nan,2.2305e+09,nan,9.5911e+09
337.5,164.945,7.365,68,0,nan,nan,0.000,9338.28,nan,2.2305e+09,nan,9.5911e+09
340.5,166.411,7.430,66,0,nan,nan,0.000,9338.28,nan,2.2305e+09,nan,9.5911e+09
343.5,167.877,7.496,59,0,nan,nan,0.000,9338.28,nan,2.2305e+09,nan,9.5911e+09
346.5,169.344,7.561,57,0,nan,nan,0.000,9338.28,nan,2.2305e+09,nan,9.5911e+09
349.5,170.810,7.627,49,0,nan,nan,0.000,9338.28,nan,2.2305e+09,nan,9.5911e+09
352.5,172.276,7.692,48,0,nan,nan,0.000,9338.28,nan,2.2305e+09,nan,9.5911e+09
355.5,173.742,7.757,42,0,nan,nan,0.000,9338.28,nan,2.2305e+09,nan,9.5911e+09
358.5,175.208,7.823,38,0,nan,nan,0.000,9338.28,nan,2.2305e+09,nan,9.5911e+09
361.5,176.675,7.888,34,0,nan,nan,0.000,9338.28,nan,2.2305e+09,nan,9.5911e+09
364.5,178.141,7.954,28,0,nan,nan,0.000,9338.28,nan,2.2305e+09,nan,9.5911e+09
367.5,179.607,8.019,27,0,nan,nan,0.000,9338.28,nan,2.2305e+09,nan,9.5911e+09
370.5,181.073,8.085,19,0,nan,nan,0.000,9338.28,nan,2.2305e+09,nan,9.5911e+09
373.5,182.539,8.150,18,0,nan,nan,0.000,9338.28,nan,2.2305e+09,nan,9.5911e+09
376.5,184.005,8.216,12,0,nan,nan,0.000,9338.28,nan,2.2305e+09,nan,9.5911e+09
379.5,185.472,8.281,8,0,nan,nan,0.000,9338.28,nan,2.2305e+09,nan,9.5911e+09
382.5,186.938,8.347,3,0,nan,nan,0.000,9338.28,nan,2.2305e+09,nan,9.5911e+09
385.5,188.404,8.412,2,0,nan,nan,0.000,9338.28,nan,2.2305e+09,nan,9.5911e+09
