edge_pydb/dat_prof/radprof/build/rproftxt/IC1199.smo7_smob0.rprof.txt
# %ECSV 0.9
# ---
# datatype:
# - {name: radius, unit: arcsec, datatype: float64, description: Adopting RA=242.6430 deg DEC=10.0401 deg PA=339.3 INC=64.5}
# - {name: r_kpc, unit: kpc, datatype: float64, format: 10.3f, description: Adopting distance of 68.25 Mpc}
# - {name: r_r25, unit: '', datatype: float64, format: 10.3f, description: Adopting R25=35.74 arcsec}
# - {name: npix, datatype: int64}
# - {name: ngood, datatype: int64, description: Requiring fill fraction of 0.1 npix}
# - {name: wtmean, unit: K km / s, datatype: float64, format: 10.3f, description: Replaced blanks with 0 times IC1199.co.smo7_smo.emom0max.fits}
# - {name: rms, unit: K km / s, datatype: float32}
# - {name: annsum, unit: K km pix / s, datatype: float32, format: 10.3f}
# - {name: cumsum, unit: K km pix / s, datatype: float32}
# - {name: detlim, unit: K km / s, datatype: float64, format: 10.3f}
# - {name: cumlum, unit: K km pc2 / s, datatype: float32, format: 10.4e}
# - {name: sigmol, unit: solMass / pc2, datatype: float64, format: 10.3f}
# - {name: cummass, unit: solMass, datatype: float32, format: 10.4e}
# delimiter: ','
# schema: astropy-2.0
radius,r_kpc,r_r25,npix,ngood,wtmean,rms,annsum,cumsum,detlim,cumlum,sigmol,cummass
1.5,0.496,0.042,12,12,7.849,1.22556,218.787,218.78654,4.852,2.3956e+07,33.751,1.0301e+08
4.5,1.489,0.126,37,37,5.477,2.1443715,470.705,689.4912,2.715,7.5497e+07,23.550,3.2464e+08
7.5,2.482,0.210,64,64,3.814,1.8837459,567.031,1256.522,2.034,1.3758e+08,16.401,5.9161e+08
10.5,3.474,0.294,84,84,3.128,1.2249141,610.402,1866.9241,1.646,2.0442e+08,13.452,8.7901e+08
13.5,4.467,0.378,109,109,2.770,0.85008746,701.318,2568.2417,1.352,2.8121e+08,11.911,1.2092e+09
16.5,5.460,0.462,133,133,2.201,0.65459585,679.961,3248.2024,1.175,3.5567e+08,9.464,1.5294e+09
19.5,6.453,0.546,156,156,1.486,0.5651436,538.446,3786.6487,1.057,4.1462e+08,6.390,1.7829e+09
22.5,7.445,0.630,184,184,0.872,0.5866502,372.530,4159.1787,0.957,4.5541e+08,3.748,1.9583e+09
25.5,8.438,0.714,205,205,0.415,0.5437267,197.695,4356.8735,0.908,4.7706e+08,1.785,2.0514e+09
28.5,9.431,0.797,232,230,0.072,0.49421698,39.017,4395.8906,0.862,4.8133e+08,0.311,2.0697e+09
31.5,10.423,0.881,255,199,-0.013,0.3867653,-7.719,4388.172,0.840,4.8049e+08,-0.056,2.0661e+09
34.5,11.416,0.965,278,106,-0.028,0.29860774,-18.287,4369.8853,0.831,4.7849e+08,-0.122,2.0575e+09
37.5,12.409,1.049,307,58,0.019,0.11732946,13.837,4383.722,0.818,4.8000e+08,0.083,2.0640e+09
40.5,13.402,1.133,325,43,-0.002,0.06509214,-1.317,4382.4053,0.831,4.7986e+08,-0.007,2.0634e+09
43.5,14.394,1.217,356,40,-0.005,0.07922421,-4.130,4378.275,0.833,4.7941e+08,-0.021,2.0614e+09
46.5,15.387,1.301,381,36,nan,nan,0.000,4378.275,0.851,4.7941e+08,nan,2.0614e+09
49.5,16.380,1.385,402,35,nan,nan,0.000,4378.275,0.875,4.7941e+08,nan,2.0614e+09
52.5,17.372,1.469,425,32,nan,nan,0.000,4378.275,0.906,4.7941e+08,nan,2.0614e+09
55.5,18.365,1.553,448,30,nan,nan,0.000,4378.275,0.943,4.7941e+08,nan,2.0614e+09
58.5,19.358,1.637,475,24,nan,nan,0.000,4378.275,0.985,4.7941e+08,nan,2.0614e+09
61.5,20.350,1.721,500,16,nan,nan,0.000,4378.275,1.012,4.7941e+08,nan,2.0614e+09
64.5,21.343,1.805,529,14,nan,nan,0.000,4378.275,1.043,4.7941e+08,nan,2.0614e+09
67.5,22.336,1.889,550,11,nan,nan,0.000,4378.275,1.064,4.7941e+08,nan,2.0614e+09
70.5,23.329,1.973,565,7,nan,nan,0.000,4378.275,1.102,4.7941e+08,nan,2.0614e+09
73.5,24.321,2.057,597,1,nan,nan,0.000,4378.275,1.125,4.7941e+08,nan,2.0614e+09
76.5,25.314,2.141,620,0,nan,nan,0.000,4378.275,1.151,4.7941e+08,nan,2.0614e+09
79.5,26.307,2.225,641,0,nan,nan,0.000,4378.275,1.189,4.7941e+08,nan,2.0614e+09
82.5,27.299,2.309,677,0,nan,nan,0.000,4378.275,1.212,4.7941e+08,nan,2.0614e+09
85.5,28.292,2.392,625,0,nan,nan,0.000,4378.275,1.260,4.7941e+08,nan,2.0614e+09
88.5,29.285,2.476,585,0,nan,nan,0.000,4378.275,1.283,4.7941e+08,nan,2.0614e+09
91.5,30.278,2.560,553,0,nan,nan,0.000,4378.275,1.347,4.7941e+08,nan,2.0614e+09
94.5,31.270,2.644,537,0,nan,nan,0.000,4378.275,1.383,4.7941e+08,nan,2.0614e+09
97.5,32.263,2.728,527,0,nan,nan,0.000,4378.275,1.442,4.7941e+08,nan,2.0614e+09
100.5,33.256,2.812,516,0,nan,nan,0.000,4378.275,1.481,4.7941e+08,nan,2.0614e+09
103.5,34.248,2.896,507,0,nan,nan,0.000,4378.275,1.550,4.7941e+08,nan,2.0614e+09
106.5,35.241,2.980,512,0,nan,nan,0.000,4378.275,1.619,4.7941e+08,nan,2.0614e+09
109.5,36.234,3.064,496,0,nan,nan,0.000,4378.275,1.706,4.7941e+08,nan,2.0614e+09
112.5,37.227,3.148,494,0,nan,nan,0.000,4378.275,1.791,4.7941e+08,nan,2.0614e+09
115.5,38.219,3.232,481,0,nan,nan,0.000,4378.275,1.912,4.7941e+08,nan,2.0614e+09
118.5,39.212,3.316,487,0,nan,nan,0.000,4378.275,2.072,4.7941e+08,nan,2.0614e+09
121.5,40.205,3.400,489,0,nan,nan,0.000,4378.275,2.199,4.7941e+08,nan,2.0614e+09
124.5,41.197,3.484,478,0,nan,nan,0.000,4378.275,2.442,4.7941e+08,nan,2.0614e+09
127.5,42.190,3.568,478,0,nan,nan,0.000,4378.275,2.760,4.7941e+08,nan,2.0614e+09
130.5,43.183,3.652,478,0,nan,nan,0.000,4378.275,3.534,4.7941e+08,nan,2.0614e+09
133.5,44.175,3.736,467,0,nan,nan,0.000,4378.275,9.543,4.7941e+08,nan,2.0614e+09
136.5,45.168,3.820,475,0,nan,nan,0.000,4378.275,nan,4.7941e+08,nan,2.0614e+09
139.5,46.161,3.903,466,0,nan,nan,0.000,4378.275,nan,4.7941e+08,nan,2.0614e+09
142.5,47.154,3.987,463,0,nan,nan,0.000,4378.275,nan,4.7941e+08,nan,2.0614e+09
145.5,48.146,4.071,472,0,nan,nan,0.000,4378.275,nan,4.7941e+08,nan,2.0614e+09
148.5,49.139,4.155,448,0,nan,nan,0.000,4378.275,nan,4.7941e+08,nan,2.0614e+09
151.5,50.132,4.239,387,0,nan,nan,0.000,4378.275,nan,4.7941e+08,nan,2.0614e+09
154.5,51.124,4.323,349,0,nan,nan,0.000,4378.275,nan,4.7941e+08,nan,2.0614e+09
157.5,52.117,4.407,325,0,nan,nan,0.000,4378.275,nan,4.7941e+08,nan,2.0614e+09
160.5,53.110,4.491,306,0,nan,nan,0.000,4378.275,nan,4.7941e+08,nan,2.0614e+09
163.5,54.103,4.575,286,0,nan,nan,0.000,4378.275,nan,4.7941e+08,nan,2.0614e+09
166.5,55.095,4.659,269,0,nan,nan,0.000,4378.275,nan,4.7941e+08,nan,2.0614e+09
169.5,56.088,4.743,258,0,nan,nan,0.000,4378.275,nan,4.7941e+08,nan,2.0614e+09
172.5,57.081,4.827,244,0,nan,nan,0.000,4378.275,nan,4.7941e+08,nan,2.0614e+09
175.5,58.073,4.911,230,0,nan,nan,0.000,4378.275,nan,4.7941e+08,nan,2.0614e+09
178.5,59.066,4.995,220,0,nan,nan,0.000,4378.275,nan,4.7941e+08,nan,2.0614e+09
181.5,60.059,5.079,206,0,nan,nan,0.000,4378.275,nan,4.7941e+08,nan,2.0614e+09
184.5,61.051,5.163,194,0,nan,nan,0.000,4378.275,nan,4.7941e+08,nan,2.0614e+09
187.5,62.044,5.247,184,0,nan,nan,0.000,4378.275,nan,4.7941e+08,nan,2.0614e+09
190.5,63.037,5.331,171,0,nan,nan,0.000,4378.275,nan,4.7941e+08,nan,2.0614e+09
193.5,64.030,5.415,160,0,nan,nan,0.000,4378.275,nan,4.7941e+08,nan,2.0614e+09
196.5,65.022,5.498,150,0,nan,nan,0.000,4378.275,nan,4.7941e+08,nan,2.0614e+09
199.5,66.015,5.582,140,0,nan,nan,0.000,4378.275,nan,4.7941e+08,nan,2.0614e+09
202.5,67.008,5.666,129,0,nan,nan,0.000,4378.275,nan,4.7941e+08,nan,2.0614e+09
205.5,68.000,5.750,121,0,nan,nan,0.000,4378.275,nan,4.7941e+08,nan,2.0614e+09
208.5,68.993,5.834,110,0,nan,nan,0.000,4378.275,nan,4.7941e+08,nan,2.0614e+09
211.5,69.986,5.918,99,0,nan,nan,0.000,4378.275,nan,4.7941e+08,nan,2.0614e+09
214.5,70.979,6.002,89,0,nan,nan,0.000,4378.275,nan,4.7941e+08,nan,2.0614e+09
217.5,71.971,6.086,79,0,nan,nan,0.000,4378.275,nan,4.7941e+08,nan,2.0614e+09
220.5,72.964,6.170,69,0,nan,nan,0.000,4378.275,nan,4.7941e+08,nan,2.0614e+09
223.5,73.957,6.254,63,0,nan,nan,0.000,4378.275,nan,4.7941e+08,nan,2.0614e+09
226.5,74.949,6.338,53,0,nan,nan,0.000,4378.275,nan,4.7941e+08,nan,2.0614e+09
229.5,75.942,6.422,43,0,nan,nan,0.000,4378.275,nan,4.7941e+08,nan,2.0614e+09
232.5,76.935,6.506,35,0,nan,nan,0.000,4378.275,nan,4.7941e+08,nan,2.0614e+09
235.5,77.927,6.590,25,0,nan,nan,0.000,4378.275,nan,4.7941e+08,nan,2.0614e+09
238.5,78.920,6.674,17,0,nan,nan,0.000,4378.275,nan,4.7941e+08,nan,2.0614e+09
241.5,79.913,6.758,7,0,nan,nan,0.000,4378.275,nan,4.7941e+08,nan,2.0614e+09
244.5,80.906,6.842,1,0,nan,nan,0.000,4378.275,nan,4.7941e+08,nan,2.0614e+09
