edge_pydb/dat_prof/radprof/build/rproftxt/IC1151.de20_smob1.rprof.txt
# %ECSV 0.9
# ---
# datatype:
# - {name: radius, unit: arcsec, datatype: float64, description: Adopting RA=239.6348 deg DEC=17.4415 deg PA=203.9 INC=68.0}
# - {name: r_kpc, unit: kpc, datatype: float64, format: 10.3f, description: Adopting distance of 30.80 Mpc}
# - {name: r_r25, unit: '', datatype: float64, format: 10.3f, description: Adopting R25=67.01 arcsec}
# - {name: npix, datatype: int64}
# - {name: ngood, datatype: int64, description: Requiring fill fraction of 0.1 npix}
# - {name: wtmean, unit: K km / s, datatype: float64, format: 10.3f, description: Replaced blanks with 1 times IC1151.co.de20_smo.emom0max.fits}
# - {name: rms, unit: K km / s, datatype: float32}
# - {name: annsum, unit: K km pix / s, datatype: float32, format: 10.3f}
# - {name: cumsum, unit: K km pix / s, datatype: float32}
# - {name: detlim, unit: K km / s, datatype: float64, format: 10.3f}
# - {name: cumlum, unit: K km pc2 / s, datatype: float32, format: 10.4e}
# - {name: sigmol, unit: solMass / pc2, datatype: float64, format: 10.3f}
# - {name: cummass, unit: solMass, datatype: float32, format: 10.4e}
# delimiter: ','
# schema: astropy-2.0
radius,r_kpc,r_r25,npix,ngood,wtmean,rms,annsum,cumsum,detlim,cumlum,sigmol,cummass
1.0,0.149,0.015,4,4,1.101,0.001176311,11.759,11.759338,10.175,2.6229e+05,4.736,1.1278e+06
3.0,0.448,0.045,16,16,1.526,0.5627245,65.175,76.934586,5.093,1.7160e+06,6.562,7.3787e+06
5.0,0.747,0.075,21,16,1.791,0.6966007,100.390,177.32426,4.456,3.9551e+06,7.700,1.7007e+07
7.0,1.045,0.104,35,24,1.503,0.43891317,140.405,317.72958,3.462,7.0868e+06,6.462,3.0473e+07
9.0,1.344,0.134,42,26,1.325,0.17717402,148.573,466.30243,3.175,1.0401e+07,5.698,4.4723e+07
11.0,1.643,0.164,48,30,1.335,0.19834486,171.056,637.35846,2.984,1.4216e+07,5.740,6.1128e+07
13.0,1.942,0.194,64,38,1.383,0.29955584,236.223,873.58154,2.604,1.9485e+07,5.945,8.3784e+07
15.0,2.240,0.224,69,42,1.430,0.355796,263.352,1136.9333,2.525,2.5359e+07,6.148,1.0904e+08
17.0,2.539,0.254,84,43,1.446,0.3809224,324.299,1461.2327,2.311,3.2592e+07,6.219,1.4015e+08
19.0,2.838,0.284,84,28,1.553,0.45953596,348.224,1809.4564,2.337,4.0359e+07,6.678,1.7354e+08
21.0,3.136,0.313,105,28,1.540,0.39406502,431.726,2241.1826,2.113,4.9988e+07,6.623,2.1495e+08
23.0,3.435,0.343,111,24,1.527,0.3167969,452.582,2693.7644,2.085,6.0083e+07,6.568,2.5836e+08
25.0,3.734,0.373,108,22,1.557,0.29025665,448.951,3142.7158,2.143,7.0096e+07,6.696,3.0141e+08
27.0,4.032,0.403,135,23,1.558,0.24170166,561.512,3704.2275,1.948,8.2621e+07,6.700,3.5527e+08
29.0,4.331,0.433,135,22,1.571,0.2475149,566.187,4270.414,1.980,9.5249e+07,6.756,4.0957e+08
31.0,4.630,0.463,150,16,1.597,0.21013185,639.276,4909.69,1.922,1.0951e+08,6.865,4.7088e+08
33.0,4.928,0.492,152,16,1.631,0.23307052,661.597,5571.2866,1.952,1.2426e+08,7.011,5.3434e+08
35.0,5.227,0.522,163,16,nan,nan,0.000,5571.2866,1.923,1.2426e+08,nan,5.3434e+08
37.0,5.526,0.552,176,13,nan,nan,0.000,5571.2866,1.898,1.2426e+08,nan,5.3434e+08
39.0,5.825,0.582,173,13,nan,nan,0.000,5571.2866,1.969,1.2426e+08,nan,5.3434e+08
41.0,6.123,0.612,200,13,nan,nan,0.000,5571.2866,1.877,1.2426e+08,nan,5.3434e+08
43.0,6.422,0.642,197,9,nan,nan,0.000,5571.2866,1.966,1.2426e+08,nan,5.3434e+08
45.0,6.721,0.672,212,8,nan,nan,0.000,5571.2866,1.953,1.2426e+08,nan,5.3434e+08
47.0,7.019,0.701,230,8,nan,nan,0.000,5571.2866,1.947,1.2426e+08,nan,5.3434e+08
49.0,7.318,0.731,229,9,nan,nan,0.000,5571.2866,2.024,1.2426e+08,nan,5.3434e+08
51.0,7.617,0.761,235,7,nan,nan,0.000,5571.2866,2.123,1.2426e+08,nan,5.3434e+08
53.0,7.915,0.791,249,9,nan,nan,0.000,5571.2866,2.110,1.2426e+08,nan,5.3434e+08
55.0,8.214,0.821,226,7,nan,nan,0.000,5571.2866,2.146,1.2426e+08,nan,5.3434e+08
57.0,8.513,0.851,201,5,nan,nan,0.000,5571.2866,2.289,1.2426e+08,nan,5.3434e+08
59.0,8.811,0.881,207,6,nan,nan,0.000,5571.2866,2.201,1.2426e+08,nan,5.3434e+08
61.0,9.110,0.910,194,3,nan,nan,0.000,5571.2866,2.295,1.2426e+08,nan,5.3434e+08
63.0,9.409,0.940,186,0,nan,nan,0.000,5571.2866,2.349,1.2426e+08,nan,5.3434e+08
65.0,9.708,0.970,193,0,nan,nan,0.000,5571.2866,2.330,1.2426e+08,nan,5.3434e+08
67.0,10.006,1.000,185,0,nan,nan,0.000,5571.2866,2.371,1.2426e+08,nan,5.3434e+08
69.0,10.305,1.030,173,0,nan,nan,0.000,5571.2866,2.496,1.2426e+08,nan,5.3434e+08
71.0,10.604,1.060,183,0,nan,nan,0.000,5571.2866,2.423,1.2426e+08,nan,5.3434e+08
73.0,10.902,1.089,181,0,nan,nan,0.000,5571.2866,2.455,1.2426e+08,nan,5.3434e+08
75.0,11.201,1.119,171,0,nan,nan,0.000,5571.2866,2.581,1.2426e+08,nan,5.3434e+08
77.0,11.500,1.149,180,0,nan,nan,0.000,5571.2866,2.543,1.2426e+08,nan,5.3434e+08
79.0,11.798,1.179,182,0,nan,nan,0.000,5571.2866,2.565,1.2426e+08,nan,5.3434e+08
81.0,12.097,1.209,172,0,nan,nan,0.000,5571.2866,2.648,1.2426e+08,nan,5.3434e+08
83.0,12.396,1.239,174,0,nan,nan,0.000,5571.2866,2.733,1.2426e+08,nan,5.3434e+08
85.0,12.694,1.269,172,0,nan,nan,0.000,5571.2866,2.709,1.2426e+08,nan,5.3434e+08
87.0,12.993,1.298,176,0,nan,nan,0.000,5571.2866,2.726,1.2426e+08,nan,5.3434e+08
89.0,13.292,1.328,170,0,nan,nan,0.000,5571.2866,2.910,1.2426e+08,nan,5.3434e+08
91.0,13.591,1.358,173,0,nan,nan,0.000,5571.2866,2.825,1.2426e+08,nan,5.3434e+08
93.0,13.889,1.388,172,0,nan,nan,0.000,5571.2866,2.918,1.2426e+08,nan,5.3434e+08
95.0,14.188,1.418,164,0,nan,nan,0.000,5571.2866,3.086,1.2426e+08,nan,5.3434e+08
97.0,14.487,1.448,160,0,nan,nan,0.000,5571.2866,3.037,1.2426e+08,nan,5.3434e+08
99.0,14.785,1.477,152,0,nan,nan,0.000,5571.2866,3.093,1.2426e+08,nan,5.3434e+08
101.0,15.084,1.507,135,0,nan,nan,0.000,5571.2866,3.274,1.2426e+08,nan,5.3434e+08
103.0,15.383,1.537,134,0,nan,nan,0.000,5571.2866,3.276,1.2426e+08,nan,5.3434e+08
105.0,15.681,1.567,130,0,nan,nan,0.000,5571.2866,3.320,1.2426e+08,nan,5.3434e+08
107.0,15.980,1.597,116,0,nan,nan,0.000,5571.2866,3.548,1.2426e+08,nan,5.3434e+08
109.0,16.279,1.627,116,0,nan,nan,0.000,5571.2866,3.557,1.2426e+08,nan,5.3434e+08
111.0,16.577,1.657,115,0,nan,nan,0.000,5571.2866,3.576,1.2426e+08,nan,5.3434e+08
113.0,16.876,1.686,106,0,nan,nan,0.000,5571.2866,3.835,1.2426e+08,nan,5.3434e+08
115.0,17.175,1.716,99,0,nan,nan,0.000,5571.2866,4.018,1.2426e+08,nan,5.3434e+08
117.0,17.474,1.746,101,0,nan,nan,0.000,5571.2866,4.013,1.2426e+08,nan,5.3434e+08
119.0,17.772,1.776,95,0,nan,nan,0.000,5571.2866,4.258,1.2426e+08,nan,5.3434e+08
121.0,18.071,1.806,83,0,nan,nan,0.000,5571.2866,4.692,1.2426e+08,nan,5.3434e+08
123.0,18.370,1.836,91,0,nan,nan,0.000,5571.2866,4.616,1.2426e+08,nan,5.3434e+08
125.0,18.668,1.865,83,0,nan,nan,0.000,5571.2866,5.048,1.2426e+08,nan,5.3434e+08
127.0,18.967,1.895,75,0,nan,nan,0.000,5571.2866,5.648,1.2426e+08,nan,5.3434e+08
129.0,19.266,1.925,79,0,nan,nan,0.000,5571.2866,6.008,1.2426e+08,nan,5.3434e+08
131.0,19.564,1.955,75,0,nan,nan,0.000,5571.2866,7.414,1.2426e+08,nan,5.3434e+08
133.0,19.863,1.985,64,0,nan,nan,0.000,5571.2866,11.136,1.2426e+08,nan,5.3434e+08
135.0,20.162,2.015,66,0,nan,nan,0.000,5571.2866,40.507,1.2426e+08,nan,5.3434e+08
137.0,20.460,2.045,64,0,nan,nan,0.000,5571.2866,nan,1.2426e+08,nan,5.3434e+08
139.0,20.759,2.074,55,0,nan,nan,0.000,5571.2866,nan,1.2426e+08,nan,5.3434e+08
141.0,21.058,2.104,56,0,nan,nan,0.000,5571.2866,nan,1.2426e+08,nan,5.3434e+08
143.0,21.357,2.134,57,0,nan,nan,0.000,5571.2866,nan,1.2426e+08,nan,5.3434e+08
145.0,21.655,2.164,46,0,nan,nan,0.000,5571.2866,nan,1.2426e+08,nan,5.3434e+08
147.0,21.954,2.194,45,0,nan,nan,0.000,5571.2866,nan,1.2426e+08,nan,5.3434e+08
149.0,22.253,2.224,49,0,nan,nan,0.000,5571.2866,nan,1.2426e+08,nan,5.3434e+08
151.0,22.551,2.253,37,0,nan,nan,0.000,5571.2866,nan,1.2426e+08,nan,5.3434e+08
153.0,22.850,2.283,32,0,nan,nan,0.000,5571.2866,nan,1.2426e+08,nan,5.3434e+08
155.0,23.149,2.313,40,0,nan,nan,0.000,5571.2866,nan,1.2426e+08,nan,5.3434e+08
157.0,23.447,2.343,34,0,nan,nan,0.000,5571.2866,nan,1.2426e+08,nan,5.3434e+08
159.0,23.746,2.373,19,0,nan,nan,0.000,5571.2866,nan,1.2426e+08,nan,5.3434e+08
161.0,24.045,2.403,30,0,nan,nan,0.000,5571.2866,nan,1.2426e+08,nan,5.3434e+08
163.0,24.343,2.433,26,0,nan,nan,0.000,5571.2866,nan,1.2426e+08,nan,5.3434e+08
165.0,24.642,2.462,15,0,nan,nan,0.000,5571.2866,nan,1.2426e+08,nan,5.3434e+08
167.0,24.941,2.492,16,0,nan,nan,0.000,5571.2866,nan,1.2426e+08,nan,5.3434e+08
169.0,25.240,2.522,16,0,nan,nan,0.000,5571.2866,nan,1.2426e+08,nan,5.3434e+08
171.0,25.538,2.552,9,0,nan,nan,0.000,5571.2866,nan,1.2426e+08,nan,5.3434e+08
173.0,25.837,2.582,8,0,nan,nan,0.000,5571.2866,nan,1.2426e+08,nan,5.3434e+08
175.0,26.136,2.612,6,0,nan,nan,0.000,5571.2866,nan,1.2426e+08,nan,5.3434e+08
177.0,26.434,2.642,1,0,nan,nan,0.000,5571.2866,nan,1.2426e+08,nan,5.3434e+08
179.0,26.733,2.671,1,0,nan,nan,0.000,5571.2866,nan,1.2426e+08,nan,5.3434e+08
