edge_pydb/dat_prof/radprof/build/rproftxt/NGC1167.de20_smob0.rprof.txt
# %ECSV 0.9
# ---
# datatype:
# - {name: radius, unit: arcsec, datatype: float64, description: Adopting RA=45.4265 deg DEC=35.2057 deg PA=87.5 INC=39.5}
# - {name: r_kpc, unit: kpc, datatype: float64, format: 10.3f, description: Adopting distance of 70.90 Mpc}
# - {name: r_r25, unit: '', datatype: float64, format: 10.3f, description: Adopting R25=54.59 arcsec}
# - {name: npix, datatype: int64}
# - {name: ngood, datatype: int64, description: Requiring fill fraction of 0.1 npix}
# - {name: wtmean, unit: K km / s, datatype: float64, format: 10.3f, description: Replaced blanks with 0 times NGC1167.co.de20_smo.emom0max.fits}
# - {name: rms, unit: K km / s, datatype: float32}
# - {name: annsum, unit: K km pix / s, datatype: float32, format: 10.3f}
# - {name: cumsum, unit: K km pix / s, datatype: float32}
# - {name: detlim, unit: K km / s, datatype: float64, format: 10.3f}
# - {name: cumlum, unit: K km pc2 / s, datatype: float32, format: 10.4e}
# - {name: sigmol, unit: solMass / pc2, datatype: float64, format: 10.3f}
# - {name: cummass, unit: solMass, datatype: float32, format: 10.4e}
# delimiter: ','
# schema: astropy-2.0
radius,r_kpc,r_r25,npix,ngood,wtmean,rms,annsum,cumsum,detlim,cumlum,sigmol,cummass
1.0,0.344,0.018,9,0,nan,nan,0.000,0.0,8.924,0.0000e+00,nan,0.0000e+00
3.0,1.031,0.055,31,0,nan,nan,0.000,0.0,4.816,0.0000e+00,nan,0.0000e+00
5.0,1.719,0.092,47,0,nan,nan,0.000,0.0,3.922,0.0000e+00,nan,0.0000e+00
7.0,2.406,0.128,69,6,nan,nan,0.000,0.0,3.252,0.0000e+00,nan,0.0000e+00
9.0,3.094,0.165,87,14,0.390,0.95438755,43.949,43.94928,2.913,5.1926e+06,1.676,2.2328e+07
11.0,3.781,0.201,104,12,0.110,0.6131435,14.773,58.72223,2.685,6.9380e+06,0.471,2.9833e+07
13.0,4.468,0.238,131,21,0.048,0.53391397,8.157,66.87897,2.413,7.9017e+06,0.207,3.3977e+07
15.0,5.156,0.275,143,16,-0.019,0.24251634,-3.562,63.317413,2.336,7.4809e+06,-0.083,3.2168e+07
17.0,5.843,0.311,166,46,-0.133,0.742576,-28.521,34.796753,2.193,4.1112e+06,-0.570,1.7678e+07
19.0,6.531,0.348,181,86,-0.129,1.0681214,-30.164,4.633026,2.132,5.4739e+05,-0.553,2.3538e+06
21.0,7.218,0.385,207,112,0.084,1.4544356,22.543,27.176361,2.023,3.2109e+06,0.361,1.3807e+07
23.0,7.906,0.421,218,135,0.795,1.943214,224.567,251.74377,2.008,2.9743e+07,3.418,1.2790e+08
25.0,8.593,0.458,246,159,1.636,2.1399865,521.609,773.3524,1.925,9.1371e+07,7.035,3.9290e+08
27.0,9.281,0.495,263,171,1.666,2.2899163,567.850,1341.2021,1.905,1.5846e+08,7.164,6.8139e+08
29.0,9.968,0.531,280,179,1.096,2.1729574,397.799,1739.0012,1.888,2.0546e+08,4.714,8.8349e+08
31.0,10.656,0.568,307,188,0.702,1.9497105,279.486,2018.4875,1.849,2.3848e+08,3.021,1.0255e+09
33.0,11.343,0.604,311,180,0.233,1.6615064,93.942,2112.4294,1.889,2.4958e+08,1.002,1.0732e+09
35.0,12.031,0.641,346,194,0.345,1.6192266,154.643,2267.072,1.841,2.6785e+08,1.483,1.1518e+09
37.0,12.718,0.678,351,188,0.697,2.1348128,317.237,2584.3086,1.892,3.0534e+08,2.999,1.3129e+09
39.0,13.405,0.714,385,166,0.806,2.0583398,402.152,2986.4602,1.866,3.5285e+08,3.466,1.5173e+09
41.0,14.093,0.751,388,126,0.539,1.8861095,270.996,3257.456,1.928,3.8487e+08,2.317,1.6549e+09
43.0,14.780,0.788,424,115,0.445,1.5848097,244.590,3502.0461,1.912,4.1377e+08,1.914,1.7792e+09
45.0,15.468,0.824,432,94,0.313,1.2924469,175.159,3677.2056,1.979,4.3446e+08,1.345,1.8682e+09
47.0,16.155,0.861,461,63,-0.007,0.7436395,-4.396,3672.81,1.994,4.3394e+08,-0.032,1.8659e+09
49.0,16.843,0.898,472,48,-0.002,0.59097767,-1.349,3671.4612,2.065,4.3378e+08,-0.009,1.8653e+09
51.0,17.530,0.934,455,17,nan,nan,0.000,3671.4612,2.200,4.3378e+08,nan,1.8653e+09
53.0,18.218,0.971,418,24,nan,nan,0.000,3671.4612,2.434,4.3378e+08,nan,1.8653e+09
55.0,18.905,1.007,391,15,nan,nan,0.000,3671.4612,2.705,4.3378e+08,nan,1.8653e+09
57.0,19.593,1.044,391,25,nan,nan,0.000,3671.4612,2.869,4.3378e+08,nan,1.8653e+09
59.0,20.280,1.081,367,13,nan,nan,0.000,3671.4612,3.281,4.3378e+08,nan,1.8653e+09
61.0,20.967,1.117,369,17,nan,nan,0.000,3671.4612,3.537,4.3378e+08,nan,1.8653e+09
63.0,21.655,1.154,358,8,nan,nan,0.000,3671.4612,4.454,4.3378e+08,nan,1.8653e+09
65.0,22.342,1.191,348,6,nan,nan,0.000,3671.4612,6.334,4.3378e+08,nan,1.8653e+09
67.0,23.030,1.227,266,0,nan,nan,0.000,3671.4612,nan,4.3378e+08,nan,1.8653e+09
69.0,23.717,1.264,214,0,nan,nan,0.000,3671.4612,nan,4.3378e+08,nan,1.8653e+09
71.0,24.405,1.301,172,0,nan,nan,0.000,3671.4612,nan,4.3378e+08,nan,1.8653e+09
73.0,25.092,1.337,137,0,nan,nan,0.000,3671.4612,nan,4.3378e+08,nan,1.8653e+09
75.0,25.780,1.374,108,0,nan,nan,0.000,3671.4612,nan,4.3378e+08,nan,1.8653e+09
77.0,26.467,1.410,73,0,nan,nan,0.000,3671.4612,nan,4.3378e+08,nan,1.8653e+09
79.0,27.155,1.447,49,0,nan,nan,0.000,3671.4612,nan,4.3378e+08,nan,1.8653e+09
81.0,27.842,1.484,22,0,nan,nan,0.000,3671.4612,nan,4.3378e+08,nan,1.8653e+09
83.0,28.530,1.520,4,0,nan,nan,0.000,3671.4612,nan,4.3378e+08,nan,1.8653e+09
