edge_pydb/dat_prof/radprof/build/rproftxt/NGC1167.de20_smob1.rprof.txt
# %ECSV 0.9
# ---
# datatype:
# - {name: radius, unit: arcsec, datatype: float64, description: Adopting RA=45.4265 deg DEC=35.2057 deg PA=87.5 INC=39.5}
# - {name: r_kpc, unit: kpc, datatype: float64, format: 10.3f, description: Adopting distance of 70.90 Mpc}
# - {name: r_r25, unit: '', datatype: float64, format: 10.3f, description: Adopting R25=54.59 arcsec}
# - {name: npix, datatype: int64}
# - {name: ngood, datatype: int64, description: Requiring fill fraction of 0.1 npix}
# - {name: wtmean, unit: K km / s, datatype: float64, format: 10.3f, description: Replaced blanks with 1 times NGC1167.co.de20_smo.emom0max.fits}
# - {name: rms, unit: K km / s, datatype: float32}
# - {name: annsum, unit: K km pix / s, datatype: float32, format: 10.3f}
# - {name: cumsum, unit: K km pix / s, datatype: float32}
# - {name: detlim, unit: K km / s, datatype: float64, format: 10.3f}
# - {name: cumlum, unit: K km pc2 / s, datatype: float32, format: 10.4e}
# - {name: sigmol, unit: solMass / pc2, datatype: float64, format: 10.3f}
# - {name: cummass, unit: solMass, datatype: float32, format: 10.4e}
# delimiter: ','
# schema: astropy-2.0
radius,r_kpc,r_r25,npix,ngood,wtmean,rms,annsum,cumsum,detlim,cumlum,sigmol,cummass
1.0,0.344,0.018,9,0,nan,nan,0.000,0.0,8.924,0.0000e+00,nan,0.0000e+00
3.0,1.031,0.055,31,0,nan,nan,0.000,0.0,4.816,0.0000e+00,nan,0.0000e+00
5.0,1.719,0.092,47,0,nan,nan,0.000,0.0,3.922,0.0000e+00,nan,0.0000e+00
7.0,2.406,0.128,69,6,nan,nan,0.000,0.0,3.252,0.0000e+00,nan,0.0000e+00
9.0,3.094,0.165,87,14,2.118,0.3071009,238.837,238.83687,2.913,2.8219e+07,9.109,1.2134e+08
11.0,3.781,0.201,104,12,2.033,0.2022229,274.003,512.8402,2.685,6.0592e+07,8.742,2.6055e+08
13.0,4.468,0.238,131,21,1.983,0.21449307,336.596,849.4363,2.413,1.0036e+08,8.525,4.3155e+08
15.0,5.156,0.275,143,16,2.025,0.20020771,375.298,1224.7341,2.336,1.4470e+08,8.708,6.2222e+08
17.0,5.843,0.311,166,46,1.961,0.26906866,421.941,1646.6748,2.193,1.9455e+08,8.434,8.3658e+08
19.0,6.531,0.348,181,86,1.936,0.27687767,454.027,2100.702,2.132,2.4820e+08,8.323,1.0672e+09
21.0,7.218,0.385,207,112,2.067,0.45553765,554.584,2655.2861,2.023,3.1372e+08,8.889,1.3490e+09
23.0,7.906,0.421,218,135,2.372,1.0350863,670.100,3325.3865,2.008,3.9289e+08,10.199,1.6894e+09
25.0,8.593,0.458,246,159,2.770,1.3946661,883.149,4208.5356,1.925,4.9724e+08,11.912,2.1381e+09
27.0,9.281,0.495,263,171,2.871,1.4871044,978.439,5186.975,1.905,6.1284e+08,12.344,2.6352e+09
29.0,9.968,0.531,280,179,2.641,1.2847266,958.476,6145.4507,1.888,7.2608e+08,11.358,3.1222e+09
31.0,10.656,0.568,307,188,2.486,0.9090849,989.225,7134.6753,1.849,8.4296e+08,10.691,3.6247e+09
33.0,11.343,0.604,311,180,2.344,0.49860507,944.875,8079.55,1.889,9.5460e+08,10.081,4.1048e+09
35.0,12.031,0.641,346,194,2.427,0.6461165,1088.159,9167.709,1.841,1.0832e+09,10.435,4.6576e+09
37.0,12.718,0.678,351,188,2.747,1.228772,1249.791,10417.5,1.892,1.2308e+09,11.814,5.2926e+09
39.0,13.405,0.714,385,166,2.888,1.1384602,1440.806,11858.306,1.866,1.4011e+09,12.417,6.0245e+09
41.0,14.093,0.751,388,126,2.965,0.88071895,1490.767,13349.072,1.928,1.5772e+09,12.748,6.7819e+09
43.0,14.780,0.788,424,115,2.982,0.8525796,1638.368,14987.44,1.912,1.7708e+09,12.821,7.6143e+09
45.0,15.468,0.824,432,94,3.050,0.6269065,1707.737,16695.178,1.979,1.9725e+09,13.116,8.4819e+09
47.0,16.155,0.861,461,63,3.102,0.43636432,1853.113,18548.291,1.994,2.1915e+09,13.337,9.4234e+09
49.0,16.843,0.898,472,48,3.270,0.45938408,2000.107,20548.398,2.065,2.4278e+09,14.060,1.0439e+10
51.0,17.530,0.934,455,17,nan,nan,0.000,20548.398,2.200,2.4278e+09,nan,1.0439e+10
53.0,18.218,0.971,418,24,nan,nan,0.000,20548.398,2.434,2.4278e+09,nan,1.0439e+10
55.0,18.905,1.007,391,15,nan,nan,0.000,20548.398,2.705,2.4278e+09,nan,1.0439e+10
57.0,19.593,1.044,391,25,nan,nan,0.000,20548.398,2.869,2.4278e+09,nan,1.0439e+10
59.0,20.280,1.081,367,13,nan,nan,0.000,20548.398,3.281,2.4278e+09,nan,1.0439e+10
61.0,20.967,1.117,369,17,nan,nan,0.000,20548.398,3.537,2.4278e+09,nan,1.0439e+10
63.0,21.655,1.154,358,8,nan,nan,0.000,20548.398,4.454,2.4278e+09,nan,1.0439e+10
65.0,22.342,1.191,348,6,nan,nan,0.000,20548.398,6.334,2.4278e+09,nan,1.0439e+10
67.0,23.030,1.227,266,0,nan,nan,0.000,20548.398,nan,2.4278e+09,nan,1.0439e+10
69.0,23.717,1.264,214,0,nan,nan,0.000,20548.398,nan,2.4278e+09,nan,1.0439e+10
71.0,24.405,1.301,172,0,nan,nan,0.000,20548.398,nan,2.4278e+09,nan,1.0439e+10
73.0,25.092,1.337,137,0,nan,nan,0.000,20548.398,nan,2.4278e+09,nan,1.0439e+10
75.0,25.780,1.374,108,0,nan,nan,0.000,20548.398,nan,2.4278e+09,nan,1.0439e+10
77.0,26.467,1.410,73,0,nan,nan,0.000,20548.398,nan,2.4278e+09,nan,1.0439e+10
79.0,27.155,1.447,49,0,nan,nan,0.000,20548.398,nan,2.4278e+09,nan,1.0439e+10
81.0,27.842,1.484,22,0,nan,nan,0.000,20548.398,nan,2.4278e+09,nan,1.0439e+10
83.0,28.530,1.520,4,0,nan,nan,0.000,20548.398,nan,2.4278e+09,nan,1.0439e+10
