edge_pydb/dat_prof/radprof/build/rproftxt/NGC2623.smo7_smob1.rprof.txt
# %ECSV 0.9
# ---
# datatype:
# - {name: radius, unit: arcsec, datatype: float64, description: Adopting RA=129.6000 deg DEC=25.7541 deg PA=255.0 INC=45.6}
# - {name: r_kpc, unit: kpc, datatype: float64, format: 10.3f, description: Adopting distance of 80.21 Mpc}
# - {name: r_r25, unit: '', datatype: float64, format: 10.3f, description: Adopting R25=22.50 arcsec}
# - {name: npix, datatype: int64}
# - {name: ngood, datatype: int64, description: Requiring fill fraction of 0.1 npix}
# - {name: wtmean, unit: K km / s, datatype: float64, format: 10.3f, description: Replaced blanks with 1 times NGC2623.co.smo7_smo.emom0max.fits}
# - {name: rms, unit: K km / s, datatype: float32}
# - {name: annsum, unit: K km pix / s, datatype: float32, format: 10.3f}
# - {name: cumsum, unit: K km pix / s, datatype: float32}
# - {name: detlim, unit: K km / s, datatype: float64, format: 10.3f}
# - {name: cumlum, unit: K km pc2 / s, datatype: float32, format: 10.4e}
# - {name: sigmol, unit: solMass / pc2, datatype: float64, format: 10.3f}
# - {name: cummass, unit: solMass, datatype: float32, format: 10.4e}
# delimiter: ','
# schema: astropy-2.0
radius,r_kpc,r_r25,npix,ngood,wtmean,rms,annsum,cumsum,detlim,cumlum,sigmol,cummass
1.5,0.583,0.067,20,20,88.151,22.51537,2519.823,2519.8232,4.942,3.8105e+08,379.051,1.6385e+09
4.5,1.750,0.200,61,61,56.852,32.093456,4956.618,7476.441,2.814,1.1306e+09,244.463,4.8616e+09
7.5,2.917,0.333,99,99,23.628,21.44958,3343.324,10819.765,2.196,1.6362e+09,101.602,7.0356e+09
10.5,4.083,0.467,138,138,6.971,8.6369505,1374.934,12194.698,1.849,1.8441e+09,29.975,7.9296e+09
13.5,5.250,0.600,177,177,2.094,2.450096,529.735,12724.434,1.571,1.9242e+09,9.004,8.2741e+09
16.5,6.416,0.733,218,212,1.015,0.5077276,316.108,13040.542,1.324,1.9720e+09,4.363,8.4797e+09
19.5,7.583,0.867,255,213,0.803,0.2124568,292.594,13333.136,1.083,2.0163e+09,3.452,8.6699e+09
22.5,8.750,1.000,298,219,0.753,0.28791234,320.847,13653.982,0.897,2.0648e+09,3.239,8.8785e+09
25.5,9.916,1.133,335,188,0.753,0.35077503,360.679,14014.661,0.813,2.1193e+09,3.239,9.1131e+09
28.5,11.083,1.267,374,131,0.741,0.28507122,396.175,14410.836,0.775,2.1792e+09,3.187,9.3707e+09
31.5,12.249,1.400,419,108,0.739,0.24761061,442.390,14853.226,0.757,2.2461e+09,3.177,9.6584e+09
34.5,13.416,1.534,452,83,0.745,0.16532744,481.518,15334.743,0.758,2.3189e+09,3.205,9.9715e+09
37.5,14.583,1.667,498,53,0.743,0.08267217,528.614,15863.357,0.756,2.3989e+09,3.194,1.0315e+10
40.5,15.749,1.800,529,22,nan,nan,0.000,15863.357,0.769,2.3989e+09,nan,1.0315e+10
43.5,16.916,1.934,577,4,nan,nan,0.000,15863.357,0.778,2.3989e+09,nan,1.0315e+10
46.5,18.083,2.067,610,0,nan,nan,0.000,15863.357,0.804,2.3989e+09,nan,1.0315e+10
49.5,19.249,2.200,658,0,nan,nan,0.000,15863.357,0.823,2.3989e+09,nan,1.0315e+10
52.5,20.416,2.334,691,0,nan,nan,0.000,15863.357,0.864,2.3989e+09,nan,1.0315e+10
55.5,21.582,2.467,733,0,nan,nan,0.000,15863.357,0.905,2.3989e+09,nan,1.0315e+10
58.5,22.749,2.600,775,0,nan,nan,0.000,15863.357,0.970,2.3989e+09,nan,1.0315e+10
61.5,23.916,2.734,808,0,nan,nan,0.000,15863.357,1.077,2.3989e+09,nan,1.0315e+10
64.5,25.082,2.867,852,0,nan,nan,0.000,15863.357,1.169,2.3989e+09,nan,1.0315e+10
67.5,26.249,3.000,898,0,nan,nan,0.000,15863.357,1.269,2.3989e+09,nan,1.0315e+10
70.5,27.415,3.134,919,0,nan,nan,0.000,15863.357,1.422,2.3989e+09,nan,1.0315e+10
73.5,28.582,3.267,969,0,nan,nan,0.000,15863.357,1.585,2.3989e+09,nan,1.0315e+10
76.5,29.749,3.400,1016,0,nan,nan,0.000,15863.357,1.804,2.3989e+09,nan,1.0315e+10
79.5,30.915,3.534,1020,0,nan,nan,0.000,15863.357,2.379,2.3989e+09,nan,1.0315e+10
82.5,32.082,3.667,989,0,nan,nan,0.000,15863.357,3.839,2.3989e+09,nan,1.0315e+10
85.5,33.249,3.801,913,0,nan,nan,0.000,15863.357,18.564,2.3989e+09,nan,1.0315e+10
88.5,34.415,3.934,871,0,nan,nan,0.000,15863.357,nan,2.3989e+09,nan,1.0315e+10
91.5,35.582,4.067,848,0,nan,nan,0.000,15863.357,nan,2.3989e+09,nan,1.0315e+10
94.5,36.748,4.201,829,0,nan,nan,0.000,15863.357,nan,2.3989e+09,nan,1.0315e+10
97.5,37.915,4.334,804,0,nan,nan,0.000,15863.357,nan,2.3989e+09,nan,1.0315e+10
100.5,39.082,4.467,793,0,nan,nan,0.000,15863.357,nan,2.3989e+09,nan,1.0315e+10
103.5,40.248,4.601,792,0,nan,nan,0.000,15863.357,nan,2.3989e+09,nan,1.0315e+10
106.5,41.415,4.734,769,0,nan,nan,0.000,15863.357,nan,2.3989e+09,nan,1.0315e+10
109.5,42.582,4.867,712,0,nan,nan,0.000,15863.357,nan,2.3989e+09,nan,1.0315e+10
112.5,43.748,5.001,621,0,nan,nan,0.000,15863.357,nan,2.3989e+09,nan,1.0315e+10
115.5,44.915,5.134,475,0,nan,nan,0.000,15863.357,nan,2.3989e+09,nan,1.0315e+10
118.5,46.081,5.267,397,0,nan,nan,0.000,15863.357,nan,2.3989e+09,nan,1.0315e+10
121.5,47.248,5.401,321,0,nan,nan,0.000,15863.357,nan,2.3989e+09,nan,1.0315e+10
124.5,48.415,5.534,247,0,nan,nan,0.000,15863.357,nan,2.3989e+09,nan,1.0315e+10
127.5,49.581,5.667,200,0,nan,nan,0.000,15863.357,nan,2.3989e+09,nan,1.0315e+10
130.5,50.748,5.801,162,0,nan,nan,0.000,15863.357,nan,2.3989e+09,nan,1.0315e+10
133.5,51.914,5.934,137,0,nan,nan,0.000,15863.357,nan,2.3989e+09,nan,1.0315e+10
136.5,53.081,6.068,111,0,nan,nan,0.000,15863.357,nan,2.3989e+09,nan,1.0315e+10
139.5,54.248,6.201,85,0,nan,nan,0.000,15863.357,nan,2.3989e+09,nan,1.0315e+10
142.5,55.414,6.334,64,0,nan,nan,0.000,15863.357,nan,2.3989e+09,nan,1.0315e+10
145.5,56.581,6.468,40,0,nan,nan,0.000,15863.357,nan,2.3989e+09,nan,1.0315e+10
148.5,57.748,6.601,19,0,nan,nan,0.000,15863.357,nan,2.3989e+09,nan,1.0315e+10
151.5,58.914,6.734,2,0,nan,nan,0.000,15863.357,nan,2.3989e+09,nan,1.0315e+10
