edge_pydb/dat_prof/radprof/build/rproftxt/NGC2253.smo7_smob0.rprof.txt
# %ECSV 0.9
# ---
# datatype:
# - {name: radius, unit: arcsec, datatype: float64, description: Adopting RA=100.9242 deg DEC=65.2062 deg PA=300.0 INC=47.4}
# - {name: r_kpc, unit: kpc, datatype: float64, format: 10.3f, description: Adopting distance of 51.16 Mpc}
# - {name: r_r25, unit: '', datatype: float64, format: 10.3f, description: Adopting R25=42.77 arcsec}
# - {name: npix, datatype: int64}
# - {name: ngood, datatype: int64, description: Requiring fill fraction of 0.1 npix}
# - {name: wtmean, unit: K km / s, datatype: float64, format: 10.3f, description: Replaced blanks with 0 times NGC2253.co.smo7_smo.emom0max.fits}
# - {name: rms, unit: K km / s, datatype: float32}
# - {name: annsum, unit: K km pix / s, datatype: float32, format: 10.3f}
# - {name: cumsum, unit: K km pix / s, datatype: float32}
# - {name: detlim, unit: K km / s, datatype: float64, format: 10.3f}
# - {name: cumlum, unit: K km pc2 / s, datatype: float32, format: 10.4e}
# - {name: sigmol, unit: solMass / pc2, datatype: float64, format: 10.3f}
# - {name: cummass, unit: solMass, datatype: float32, format: 10.4e}
# delimiter: ','
# schema: astropy-2.0
radius,r_kpc,r_r25,npix,ngood,wtmean,rms,annsum,cumsum,detlim,cumlum,sigmol,cummass
1.5,0.372,0.035,18,18,35.916,3.6764078,955.101,955.1012,6.201,5.8746e+07,154.438,2.5261e+08
4.5,1.116,0.105,58,58,22.033,6.6792603,1887.996,2843.0977,3.501,1.7487e+08,94.744,7.5195e+08
7.5,1.860,0.175,98,98,11.131,4.4239573,1611.618,4454.716,2.680,2.7400e+08,47.865,1.1782e+09
10.5,2.604,0.246,135,135,8.825,2.0217843,1760.024,6214.74,2.257,3.8226e+08,37.946,1.6437e+09
13.5,3.348,0.316,167,167,7.904,1.6694913,1950.073,8164.8135,1.897,5.0220e+08,33.987,2.1595e+09
16.5,4.092,0.386,215,215,5.634,2.0564227,1789.570,9954.384,1.577,6.1227e+08,24.226,2.6328e+09
19.5,4.836,0.456,251,251,3.885,1.6898015,1440.522,11394.906,1.431,7.0088e+08,16.704,3.0138e+09
22.5,5.580,0.526,285,285,2.974,1.4607372,1252.036,12646.942,1.340,7.7789e+08,12.786,3.3449e+09
25.5,6.324,0.596,327,327,2.065,1.4234921,997.837,13644.779,1.261,8.3926e+08,8.882,3.6088e+09
28.5,7.068,0.666,359,359,1.177,1.2861991,624.311,14269.09,1.229,8.7766e+08,5.062,3.7739e+09
31.5,7.812,0.737,403,403,0.521,1.0559585,310.186,14579.275,1.198,8.9674e+08,2.240,3.8560e+09
34.5,8.556,0.807,447,435,0.211,0.83570504,139.146,14718.421,1.182,9.0530e+08,0.906,3.8928e+09
37.5,9.300,0.877,477,390,0.218,0.751743,153.790,14872.211,1.195,9.1476e+08,0.938,3.9335e+09
40.5,10.044,0.947,502,308,0.217,0.57994163,161.040,15033.251,1.223,9.2466e+08,0.934,3.9761e+09
43.5,10.788,1.017,559,206,0.176,0.5020997,145.281,15178.532,1.221,9.3360e+08,0.756,4.0145e+09
46.5,11.532,1.087,603,124,0.096,0.46210828,85.201,15263.733,1.251,9.3884e+08,0.411,4.0370e+09
49.5,12.276,1.157,630,53,nan,nan,0.000,15263.733,1.306,9.3884e+08,nan,4.0370e+09
52.5,13.020,1.228,677,48,nan,nan,0.000,15263.733,1.351,9.3884e+08,nan,4.0370e+09
55.5,13.764,1.298,698,24,nan,nan,0.000,15263.733,1.428,9.3884e+08,nan,4.0370e+09
58.5,14.508,1.368,744,0,nan,nan,0.000,15263.733,1.537,9.3884e+08,nan,4.0370e+09
61.5,15.252,1.438,782,0,nan,nan,0.000,15263.733,1.672,9.3884e+08,nan,4.0370e+09
64.5,15.997,1.508,828,0,nan,nan,0.000,15263.733,1.795,9.3884e+08,nan,4.0370e+09
67.5,16.741,1.578,862,0,nan,nan,0.000,15263.733,1.951,9.3884e+08,nan,4.0370e+09
70.5,17.485,1.648,892,0,nan,nan,0.000,15263.733,2.124,9.3884e+08,nan,4.0370e+09
73.5,18.229,1.719,945,0,nan,nan,0.000,15263.733,2.343,9.3884e+08,nan,4.0370e+09
76.5,18.973,1.789,973,0,nan,nan,0.000,15263.733,2.647,9.3884e+08,nan,4.0370e+09
79.5,19.717,1.859,1012,0,nan,nan,0.000,15263.733,3.045,9.3884e+08,nan,4.0370e+09
82.5,20.461,1.929,1059,0,nan,nan,0.000,15263.733,3.949,9.3884e+08,nan,4.0370e+09
85.5,21.205,1.999,1066,0,nan,nan,0.000,15263.733,10.516,9.3884e+08,nan,4.0370e+09
88.5,21.949,2.069,960,0,nan,nan,0.000,15263.733,nan,9.3884e+08,nan,4.0370e+09
91.5,22.693,2.139,909,0,nan,nan,0.000,15263.733,nan,9.3884e+08,nan,4.0370e+09
94.5,23.437,2.210,886,0,nan,nan,0.000,15263.733,nan,9.3884e+08,nan,4.0370e+09
97.5,24.181,2.280,842,0,nan,nan,0.000,15263.733,nan,9.3884e+08,nan,4.0370e+09
100.5,24.925,2.350,847,0,nan,nan,0.000,15263.733,nan,9.3884e+08,nan,4.0370e+09
103.5,25.669,2.420,791,0,nan,nan,0.000,15263.733,nan,9.3884e+08,nan,4.0370e+09
106.5,26.413,2.490,627,0,nan,nan,0.000,15263.733,nan,9.3884e+08,nan,4.0370e+09
109.5,27.157,2.560,517,0,nan,nan,0.000,15263.733,nan,9.3884e+08,nan,4.0370e+09
112.5,27.901,2.630,433,0,nan,nan,0.000,15263.733,nan,9.3884e+08,nan,4.0370e+09
115.5,28.645,2.701,363,0,nan,nan,0.000,15263.733,nan,9.3884e+08,nan,4.0370e+09
118.5,29.389,2.771,310,0,nan,nan,0.000,15263.733,nan,9.3884e+08,nan,4.0370e+09
121.5,30.133,2.841,282,0,nan,nan,0.000,15263.733,nan,9.3884e+08,nan,4.0370e+09
124.5,30.877,2.911,264,0,nan,nan,0.000,15263.733,nan,9.3884e+08,nan,4.0370e+09
127.5,31.621,2.981,235,0,nan,nan,0.000,15263.733,nan,9.3884e+08,nan,4.0370e+09
130.5,32.365,3.051,211,0,nan,nan,0.000,15263.733,nan,9.3884e+08,nan,4.0370e+09
133.5,33.109,3.121,196,0,nan,nan,0.000,15263.733,nan,9.3884e+08,nan,4.0370e+09
136.5,33.853,3.192,170,0,nan,nan,0.000,15263.733,nan,9.3884e+08,nan,4.0370e+09
139.5,34.597,3.262,149,0,nan,nan,0.000,15263.733,nan,9.3884e+08,nan,4.0370e+09
142.5,35.341,3.332,136,0,nan,nan,0.000,15263.733,nan,9.3884e+08,nan,4.0370e+09
145.5,36.085,3.402,112,0,nan,nan,0.000,15263.733,nan,9.3884e+08,nan,4.0370e+09
148.5,36.829,3.472,93,0,nan,nan,0.000,15263.733,nan,9.3884e+08,nan,4.0370e+09
151.5,37.573,3.542,75,0,nan,nan,0.000,15263.733,nan,9.3884e+08,nan,4.0370e+09
154.5,38.317,3.612,55,0,nan,nan,0.000,15263.733,nan,9.3884e+08,nan,4.0370e+09
157.5,39.061,3.683,41,0,nan,nan,0.000,15263.733,nan,9.3884e+08,nan,4.0370e+09
160.5,39.805,3.753,20,0,nan,nan,0.000,15263.733,nan,9.3884e+08,nan,4.0370e+09
163.5,40.549,3.823,4,0,nan,nan,0.000,15263.733,nan,9.3884e+08,nan,4.0370e+09
