edge_pydb/dat_prof/radprof/build/rproftxt/NGC2880.de20_smob0.rprof.txt
# %ECSV 0.9
# ---
# datatype:
# - {name: radius, unit: arcsec, datatype: float64, description: Adopting RA=142.3941 deg DEC=62.4906 deg PA=322.9 INC=49.9}
# - {name: r_kpc, unit: kpc, datatype: float64, format: 10.3f, description: Adopting distance of 22.71 Mpc}
# - {name: r_r25, unit: '', datatype: float64, format: 10.3f, description: Adopting R25=70.00 arcsec}
# - {name: npix, datatype: int64}
# - {name: ngood, datatype: int64, description: Requiring fill fraction of 0.1 npix}
# - {name: wtmean, unit: K km / s, datatype: float64, format: 10.3f, description: Replaced blanks with 0 times NGC2880.co.de20_smo.emom0max.fits}
# - {name: rms, unit: K km / s, datatype: float32}
# - {name: annsum, unit: K km pix / s, datatype: float32, format: 10.3f}
# - {name: cumsum, unit: K km pix / s, datatype: float32}
# - {name: detlim, unit: K km / s, datatype: float64, format: 10.3f}
# - {name: cumlum, unit: K km pc2 / s, datatype: float32, format: 10.4e}
# - {name: sigmol, unit: solMass / pc2, datatype: float64, format: 10.3f}
# - {name: cummass, unit: solMass, datatype: float32, format: 10.4e}
# delimiter: ','
# schema: astropy-2.0
radius,r_kpc,r_r25,npix,ngood,wtmean,rms,annsum,cumsum,detlim,cumlum,sigmol,cummass
1.0,0.110,0.014,8,0,nan,nan,0.000,0.0,10.223,0.0000e+00,nan,0.0000e+00
3.0,0.330,0.043,23,0,nan,nan,0.000,0.0,6.037,0.0000e+00,nan,0.0000e+00
5.0,0.551,0.071,40,0,nan,nan,0.000,0.0,4.591,0.0000e+00,nan,0.0000e+00
7.0,0.771,0.100,61,0,nan,nan,0.000,0.0,3.734,0.0000e+00,nan,0.0000e+00
9.0,0.991,0.129,70,0,nan,nan,0.000,0.0,3.507,0.0000e+00,nan,0.0000e+00
11.0,1.211,0.157,90,0,nan,nan,0.000,0.0,3.114,0.0000e+00,nan,0.0000e+00
13.0,1.432,0.186,106,0,nan,nan,0.000,0.0,2.896,0.0000e+00,nan,0.0000e+00
15.0,1.652,0.214,118,0,nan,nan,0.000,0.0,2.773,0.0000e+00,nan,0.0000e+00
17.0,1.872,0.243,141,0,nan,nan,0.000,0.0,2.567,0.0000e+00,nan,0.0000e+00
19.0,2.092,0.271,152,0,nan,nan,0.000,0.0,2.507,0.0000e+00,nan,0.0000e+00
21.0,2.313,0.300,174,0,nan,nan,0.000,0.0,2.378,0.0000e+00,nan,0.0000e+00
23.0,2.533,0.329,183,0,nan,nan,0.000,0.0,2.360,0.0000e+00,nan,0.0000e+00
25.0,2.753,0.357,203,0,nan,nan,0.000,0.0,2.283,0.0000e+00,nan,0.0000e+00
27.0,2.973,0.386,219,0,nan,nan,0.000,0.0,2.243,0.0000e+00,nan,0.0000e+00
29.0,3.193,0.414,233,0,nan,nan,0.000,0.0,2.223,0.0000e+00,nan,0.0000e+00
31.0,3.414,0.443,256,0,nan,nan,0.000,0.0,2.174,0.0000e+00,nan,0.0000e+00
33.0,3.634,0.471,263,0,nan,nan,0.000,0.0,2.205,0.0000e+00,nan,0.0000e+00
35.0,3.854,0.500,290,0,nan,nan,0.000,0.0,2.158,0.0000e+00,nan,0.0000e+00
37.0,4.074,0.529,287,0,nan,nan,0.000,0.0,2.236,0.0000e+00,nan,0.0000e+00
39.0,4.295,0.557,318,0,nan,nan,0.000,0.0,2.193,0.0000e+00,nan,0.0000e+00
41.0,4.515,0.586,329,0,nan,nan,0.000,0.0,2.236,0.0000e+00,nan,0.0000e+00
43.0,4.735,0.614,349,0,nan,nan,0.000,0.0,2.249,0.0000e+00,nan,0.0000e+00
45.0,4.955,0.643,377,0,nan,nan,0.000,0.0,2.256,0.0000e+00,nan,0.0000e+00
47.0,5.176,0.671,369,0,nan,nan,0.000,0.0,2.368,0.0000e+00,nan,0.0000e+00
49.0,5.396,0.700,397,0,nan,nan,0.000,0.0,2.422,0.0000e+00,nan,0.0000e+00
51.0,5.616,0.729,417,0,nan,nan,0.000,0.0,2.587,0.0000e+00,nan,0.0000e+00
53.0,5.836,0.757,428,0,nan,nan,0.000,0.0,2.750,0.0000e+00,nan,0.0000e+00
55.0,6.057,0.786,432,0,nan,nan,0.000,0.0,2.867,0.0000e+00,nan,0.0000e+00
57.0,6.277,0.814,385,0,nan,nan,0.000,0.0,3.022,0.0000e+00,nan,0.0000e+00
59.0,6.497,0.843,374,0,nan,nan,0.000,0.0,3.131,0.0000e+00,nan,0.0000e+00
61.0,6.717,0.871,354,0,nan,nan,0.000,0.0,3.334,0.0000e+00,nan,0.0000e+00
63.0,6.938,0.900,313,0,nan,nan,0.000,0.0,3.546,0.0000e+00,nan,0.0000e+00
65.0,7.158,0.929,245,0,nan,nan,0.000,0.0,3.764,0.0000e+00,nan,0.0000e+00
67.0,7.378,0.957,207,0,nan,nan,0.000,0.0,3.976,0.0000e+00,nan,0.0000e+00
69.0,7.598,0.986,176,0,nan,nan,0.000,0.0,4.293,0.0000e+00,nan,0.0000e+00
71.0,7.819,1.014,151,0,nan,nan,0.000,0.0,4.748,0.0000e+00,nan,0.0000e+00
73.0,8.039,1.043,134,0,nan,nan,0.000,0.0,5.562,0.0000e+00,nan,0.0000e+00
75.0,8.259,1.071,123,0,nan,nan,0.000,0.0,6.921,0.0000e+00,nan,0.0000e+00
77.0,8.479,1.100,119,0,nan,nan,0.000,0.0,23.516,0.0000e+00,nan,0.0000e+00
79.0,8.699,1.129,107,0,nan,nan,0.000,0.0,nan,0.0000e+00,nan,0.0000e+00
81.0,8.920,1.157,98,0,nan,nan,0.000,0.0,nan,0.0000e+00,nan,0.0000e+00
83.0,9.140,1.186,93,0,nan,nan,0.000,0.0,nan,0.0000e+00,nan,0.0000e+00
85.0,9.360,1.214,82,0,nan,nan,0.000,0.0,nan,0.0000e+00,nan,0.0000e+00
87.0,9.580,1.243,74,0,nan,nan,0.000,0.0,nan,0.0000e+00,nan,0.0000e+00
89.0,9.801,1.271,64,0,nan,nan,0.000,0.0,nan,0.0000e+00,nan,0.0000e+00
91.0,10.021,1.300,58,0,nan,nan,0.000,0.0,nan,0.0000e+00,nan,0.0000e+00
93.0,10.241,1.329,53,0,nan,nan,0.000,0.0,nan,0.0000e+00,nan,0.0000e+00
95.0,10.461,1.357,44,0,nan,nan,0.000,0.0,nan,0.0000e+00,nan,0.0000e+00
97.0,10.682,1.386,36,0,nan,nan,0.000,0.0,nan,0.0000e+00,nan,0.0000e+00
99.0,10.902,1.414,30,0,nan,nan,0.000,0.0,nan,0.0000e+00,nan,0.0000e+00
101.0,11.122,1.443,23,0,nan,nan,0.000,0.0,nan,0.0000e+00,nan,0.0000e+00
103.0,11.342,1.471,16,0,nan,nan,0.000,0.0,nan,0.0000e+00,nan,0.0000e+00
105.0,11.563,1.500,8,0,nan,nan,0.000,0.0,nan,0.0000e+00,nan,0.0000e+00
107.0,11.783,1.528,2,0,nan,nan,0.000,0.0,nan,0.0000e+00,nan,0.0000e+00
109.0,12.003,1.557,0,0,nan,nan,0.000,0.0,nan,0.0000e+00,nan,0.0000e+00
