edge_pydb/dat_prof/radprof/build/rproftxt/NGC3815.de20_smob0.rprof.txt
# %ECSV 0.9
# ---
# datatype:
# - {name: radius, unit: arcsec, datatype: float64, description: Adopting RA=175.4137 deg DEC=24.8004 deg PA=67.8 INC=59.9}
# - {name: r_kpc, unit: kpc, datatype: float64, format: 10.3f, description: Adopting distance of 53.59 Mpc}
# - {name: r_r25, unit: '', datatype: float64, format: 10.3f, description: Adopting R25=43.16 arcsec}
# - {name: npix, datatype: int64}
# - {name: ngood, datatype: int64, description: Requiring fill fraction of 0.1 npix}
# - {name: wtmean, unit: K km / s, datatype: float64, format: 10.3f, description: Replaced blanks with 0 times NGC3815.co.de20_smo.emom0max.fits}
# - {name: rms, unit: K km / s, datatype: float32}
# - {name: annsum, unit: K km pix / s, datatype: float32, format: 10.3f}
# - {name: cumsum, unit: K km pix / s, datatype: float32}
# - {name: detlim, unit: K km / s, datatype: float64, format: 10.3f}
# - {name: cumlum, unit: K km pc2 / s, datatype: float32, format: 10.4e}
# - {name: sigmol, unit: solMass / pc2, datatype: float64, format: 10.3f}
# - {name: cummass, unit: solMass, datatype: float32, format: 10.4e}
# delimiter: ','
# schema: astropy-2.0
radius,r_kpc,r_r25,npix,ngood,wtmean,rms,annsum,cumsum,detlim,cumlum,sigmol,cummass
1.0,0.260,0.023,6,6,5.398,0.6837631,64.577,64.577484,10.871,4.3598e+06,23.210,1.8747e+07
3.0,0.779,0.070,20,20,5.855,1.2171078,233.510,298.08722,5.913,2.0125e+07,25.178,8.6537e+07
5.0,1.299,0.116,30,30,6.160,1.4822428,368.497,666.58374,4.762,4.5003e+07,26.489,1.9351e+08
7.0,1.819,0.162,44,44,6.366,1.7083693,558.548,1225.1313,3.739,8.2713e+07,27.375,3.5566e+08
9.0,2.338,0.209,58,58,6.250,2.1901498,722.785,1947.916,3.096,1.3151e+08,26.874,5.6549e+08
11.0,2.858,0.255,69,69,5.828,2.8269107,801.858,2749.774,2.699,1.8565e+08,25.061,7.9828e+08
13.0,3.378,0.301,80,80,4.805,2.857127,766.552,3516.3257,2.427,2.3740e+08,20.663,1.0208e+09
15.0,3.897,0.348,93,93,3.190,2.2624695,591.602,4107.9277,2.201,2.7734e+08,13.718,1.1926e+09
17.0,4.417,0.394,114,114,1.345,1.8530284,305.758,4413.686,1.957,2.9798e+08,5.784,1.2813e+09
19.0,4.937,0.440,119,119,0.349,1.3610429,82.772,4496.4585,1.894,3.0357e+08,1.500,1.3054e+09
21.0,5.456,0.487,127,127,0.295,1.2266419,74.671,4571.13,1.817,3.0861e+08,1.268,1.3270e+09
23.0,5.976,0.533,149,142,0.451,1.3066356,134.003,4705.133,1.693,3.1766e+08,1.939,1.3659e+09
25.0,6.496,0.579,155,126,0.307,1.3150136,94.788,4799.9204,1.680,3.2406e+08,1.319,1.3935e+09
27.0,7.015,0.626,169,125,0.188,1.134394,63.317,4863.238,1.635,3.2833e+08,0.808,1.4118e+09
29.0,7.535,0.672,188,86,0.069,0.5983221,26.006,4889.244,1.579,3.3009e+08,0.298,1.4194e+09
31.0,8.055,0.718,191,64,0.108,0.5082138,40.982,4930.226,1.603,3.3286e+08,0.463,1.4313e+09
33.0,8.574,0.765,206,39,0.191,0.58636516,78.343,5008.5693,1.575,3.3815e+08,0.820,1.4540e+09
35.0,9.094,0.811,221,27,0.096,0.45016497,42.251,5050.8203,1.562,3.4100e+08,0.412,1.4663e+09
37.0,9.614,0.857,239,10,nan,nan,0.000,5050.8203,1.536,3.4100e+08,nan,1.4663e+09
39.0,10.133,0.904,248,3,nan,nan,0.000,5050.8203,1.556,3.4100e+08,nan,1.4663e+09
41.0,10.653,0.950,251,0,nan,nan,0.000,5050.8203,1.588,3.4100e+08,nan,1.4663e+09
43.0,11.173,0.996,275,0,nan,nan,0.000,5050.8203,1.573,3.4100e+08,nan,1.4663e+09
45.0,11.692,1.043,282,0,nan,nan,0.000,5050.8203,1.606,3.4100e+08,nan,1.4663e+09
47.0,12.212,1.089,293,0,nan,nan,0.000,5050.8203,1.638,3.4100e+08,nan,1.4663e+09
49.0,12.732,1.135,316,0,nan,nan,0.000,5050.8203,1.633,3.4100e+08,nan,1.4663e+09
51.0,13.251,1.182,318,0,nan,nan,0.000,5050.8203,1.728,3.4100e+08,nan,1.4663e+09
53.0,13.771,1.228,329,0,nan,nan,0.000,5050.8203,1.799,3.4100e+08,nan,1.4663e+09
55.0,14.291,1.274,290,0,nan,nan,0.000,5050.8203,1.850,3.4100e+08,nan,1.4663e+09
57.0,14.810,1.321,281,0,nan,nan,0.000,5050.8203,1.886,3.4100e+08,nan,1.4663e+09
59.0,15.330,1.367,272,0,nan,nan,0.000,5050.8203,1.925,3.4100e+08,nan,1.4663e+09
61.0,15.850,1.413,251,0,nan,nan,0.000,5050.8203,2.033,3.4100e+08,nan,1.4663e+09
63.0,16.369,1.460,263,0,nan,nan,0.000,5050.8203,2.017,3.4100e+08,nan,1.4663e+09
65.0,16.889,1.506,255,0,nan,nan,0.000,5050.8203,2.093,3.4100e+08,nan,1.4663e+09
67.0,17.409,1.552,239,0,nan,nan,0.000,5050.8203,2.173,3.4100e+08,nan,1.4663e+09
69.0,17.928,1.599,254,0,nan,nan,0.000,5050.8203,2.179,3.4100e+08,nan,1.4663e+09
71.0,18.448,1.645,243,0,nan,nan,0.000,5050.8203,2.258,3.4100e+08,nan,1.4663e+09
73.0,18.968,1.691,235,0,nan,nan,0.000,5050.8203,2.364,3.4100e+08,nan,1.4663e+09
75.0,19.487,1.738,242,0,nan,nan,0.000,5050.8203,2.410,3.4100e+08,nan,1.4663e+09
77.0,20.007,1.784,231,0,nan,nan,0.000,5050.8203,2.535,3.4100e+08,nan,1.4663e+09
79.0,20.527,1.830,246,0,nan,nan,0.000,5050.8203,2.541,3.4100e+08,nan,1.4663e+09
81.0,21.046,1.877,229,0,nan,nan,0.000,5050.8203,2.706,3.4100e+08,nan,1.4663e+09
83.0,21.566,1.923,230,0,nan,nan,0.000,5050.8203,2.793,3.4100e+08,nan,1.4663e+09
85.0,22.086,1.969,200,0,nan,nan,0.000,5050.8203,2.930,3.4100e+08,nan,1.4663e+09
87.0,22.605,2.016,152,0,nan,nan,0.000,5050.8203,3.113,3.4100e+08,nan,1.4663e+09
89.0,23.125,2.062,145,0,nan,nan,0.000,5050.8203,3.212,3.4100e+08,nan,1.4663e+09
91.0,23.645,2.108,136,0,nan,nan,0.000,5050.8203,3.420,3.4100e+08,nan,1.4663e+09
93.0,24.164,2.155,121,0,nan,nan,0.000,5050.8203,3.785,3.4100e+08,nan,1.4663e+09
95.0,24.684,2.201,112,0,nan,nan,0.000,5050.8203,4.230,3.4100e+08,nan,1.4663e+09
97.0,25.204,2.247,107,0,nan,nan,0.000,5050.8203,4.719,3.4100e+08,nan,1.4663e+09
99.0,25.723,2.294,100,0,nan,nan,0.000,5050.8203,5.687,3.4100e+08,nan,1.4663e+09
101.0,26.243,2.340,92,0,nan,nan,0.000,5050.8203,13.315,3.4100e+08,nan,1.4663e+09
103.0,26.763,2.386,85,0,nan,nan,0.000,5050.8203,nan,3.4100e+08,nan,1.4663e+09
105.0,27.282,2.433,80,0,nan,nan,0.000,5050.8203,nan,3.4100e+08,nan,1.4663e+09
107.0,27.802,2.479,74,0,nan,nan,0.000,5050.8203,nan,3.4100e+08,nan,1.4663e+09
109.0,28.322,2.525,69,0,nan,nan,0.000,5050.8203,nan,3.4100e+08,nan,1.4663e+09
111.0,28.841,2.572,58,0,nan,nan,0.000,5050.8203,nan,3.4100e+08,nan,1.4663e+09
113.0,29.361,2.618,58,0,nan,nan,0.000,5050.8203,nan,3.4100e+08,nan,1.4663e+09
115.0,29.881,2.664,49,0,nan,nan,0.000,5050.8203,nan,3.4100e+08,nan,1.4663e+09
117.0,30.400,2.711,46,0,nan,nan,0.000,5050.8203,nan,3.4100e+08,nan,1.4663e+09
119.0,30.920,2.757,37,0,nan,nan,0.000,5050.8203,nan,3.4100e+08,nan,1.4663e+09
121.0,31.440,2.803,35,0,nan,nan,0.000,5050.8203,nan,3.4100e+08,nan,1.4663e+09
123.0,31.959,2.850,27,0,nan,nan,0.000,5050.8203,nan,3.4100e+08,nan,1.4663e+09
125.0,32.479,2.896,26,0,nan,nan,0.000,5050.8203,nan,3.4100e+08,nan,1.4663e+09
127.0,32.999,2.942,17,0,nan,nan,0.000,5050.8203,nan,3.4100e+08,nan,1.4663e+09
129.0,33.518,2.989,14,0,nan,nan,0.000,5050.8203,nan,3.4100e+08,nan,1.4663e+09
131.0,34.038,3.035,7,0,nan,nan,0.000,5050.8203,nan,3.4100e+08,nan,1.4663e+09
133.0,34.558,3.081,3,0,nan,nan,0.000,5050.8203,nan,3.4100e+08,nan,1.4663e+09
135.0,35.077,3.128,0,0,nan,nan,0.000,5050.8203,nan,3.4100e+08,nan,1.4663e+09
