edge_pydb/dat_prof/radprof/build/rproftxt/NGC3811.smo7_smob1.rprof.txt
# %ECSV 0.9
# ---
# datatype:
# - {name: radius, unit: arcsec, datatype: float64, description: Adopting RA=175.3194 deg DEC=47.6908 deg PA=351.5 INC=39.9}
# - {name: r_kpc, unit: kpc, datatype: float64, format: 10.3f, description: Adopting distance of 44.25 Mpc}
# - {name: r_r25, unit: '', datatype: float64, format: 10.3f, description: Adopting R25=60.83 arcsec}
# - {name: npix, datatype: int64}
# - {name: ngood, datatype: int64, description: Requiring fill fraction of 0.1 npix}
# - {name: wtmean, unit: K km / s, datatype: float64, format: 10.3f, description: Replaced blanks with 1 times NGC3811.co.smo7_smo.emom0max.fits}
# - {name: rms, unit: K km / s, datatype: float32}
# - {name: annsum, unit: K km pix / s, datatype: float32, format: 10.3f}
# - {name: cumsum, unit: K km pix / s, datatype: float32}
# - {name: detlim, unit: K km / s, datatype: float64, format: 10.3f}
# - {name: cumlum, unit: K km pc2 / s, datatype: float32, format: 10.4e}
# - {name: sigmol, unit: solMass / pc2, datatype: float64, format: 10.3f}
# - {name: cummass, unit: solMass, datatype: float32, format: 10.4e}
# delimiter: ','
# schema: astropy-2.0
radius,r_kpc,r_r25,npix,ngood,wtmean,rms,annsum,cumsum,detlim,cumlum,sigmol,cummass
1.5,0.322,0.025,21,21,41.920,3.8823075,1147.500,1147.4995,7.079,5.2816e+07,180.256,2.2711e+08
4.5,0.965,0.074,66,66,25.806,6.7725477,2220.096,3367.596,3.969,1.5500e+08,110.965,6.6650e+08
7.5,1.609,0.123,109,109,9.394,4.8118253,1334.670,4702.2656,3.050,2.1643e+08,40.393,9.3065e+08
10.5,2.253,0.173,147,147,2.858,1.8318866,547.592,5249.8574,2.477,2.4163e+08,12.289,1.0390e+09
13.5,2.896,0.222,200,200,1.755,0.7794308,457.575,5707.4326,1.948,2.6269e+08,7.547,1.1296e+09
16.5,3.540,0.271,239,239,1.975,1.0769657,615.389,6322.8213,1.691,2.9102e+08,8.494,1.2514e+09
19.5,4.183,0.321,278,278,2.592,1.4570464,939.139,7261.9604,1.538,3.3424e+08,11.144,1.4373e+09
22.5,4.827,0.370,326,326,2.265,1.289989,962.694,8224.654,1.442,3.7855e+08,9.742,1.6278e+09
25.5,5.471,0.419,370,370,1.493,0.69831747,720.259,8944.913,1.390,4.1171e+08,6.422,1.7703e+09
28.5,6.114,0.469,408,398,1.110,0.33447134,590.480,9535.394,1.370,4.3888e+08,4.774,1.8872e+09
31.5,6.758,0.518,454,365,1.170,0.40179265,692.169,10227.5625,1.349,4.7074e+08,5.029,2.0242e+09
34.5,7.402,0.567,507,263,1.362,0.5139974,900.385,11127.947,1.333,5.1218e+08,5.858,2.2024e+09
37.5,8.045,0.616,538,133,1.415,0.3407415,992.189,12120.137,1.359,5.5785e+08,6.084,2.3988e+09
40.5,8.689,0.666,584,72,1.471,0.23540697,1119.870,13240.007,1.375,6.0939e+08,6.326,2.6204e+09
43.5,9.332,0.715,631,2,nan,nan,0.000,13240.007,1.402,6.0939e+08,nan,2.6204e+09
46.5,9.976,0.764,674,0,nan,nan,0.000,13240.007,1.445,6.0939e+08,nan,2.6204e+09
49.5,10.620,0.814,710,0,nan,nan,0.000,13240.007,1.512,6.0939e+08,nan,2.6204e+09
52.5,11.263,0.863,764,0,nan,nan,0.000,13240.007,1.566,6.0939e+08,nan,2.6204e+09
55.5,11.907,0.912,801,0,nan,nan,0.000,13240.007,1.660,6.0939e+08,nan,2.6204e+09
58.5,12.550,0.962,846,0,nan,nan,0.000,13240.007,1.855,6.0939e+08,nan,2.6204e+09
61.5,13.194,1.011,890,0,nan,nan,0.000,13240.007,2.087,6.0939e+08,nan,2.6204e+09
64.5,13.838,1.060,937,0,nan,nan,0.000,13240.007,2.372,6.0939e+08,nan,2.6204e+09
67.5,14.481,1.110,965,0,nan,nan,0.000,13240.007,2.773,6.0939e+08,nan,2.6204e+09
70.5,15.125,1.159,1028,0,nan,nan,0.000,13240.007,3.324,6.0939e+08,nan,2.6204e+09
73.5,15.769,1.208,1067,0,nan,nan,0.000,13240.007,5.089,6.0939e+08,nan,2.6204e+09
76.5,16.412,1.258,1102,0,nan,nan,0.000,13240.007,58.930,6.0939e+08,nan,2.6204e+09
79.5,17.056,1.307,1138,0,nan,nan,0.000,13240.007,nan,6.0939e+08,nan,2.6204e+09
82.5,17.699,1.356,1031,0,nan,nan,0.000,13240.007,nan,6.0939e+08,nan,2.6204e+09
85.5,18.343,1.406,948,0,nan,nan,0.000,13240.007,nan,6.0939e+08,nan,2.6204e+09
88.5,18.987,1.455,936,0,nan,nan,0.000,13240.007,nan,6.0939e+08,nan,2.6204e+09
91.5,19.630,1.504,907,0,nan,nan,0.000,13240.007,nan,6.0939e+08,nan,2.6204e+09
94.5,20.274,1.553,878,0,nan,nan,0.000,13240.007,nan,6.0939e+08,nan,2.6204e+09
97.5,20.917,1.603,874,0,nan,nan,0.000,13240.007,nan,6.0939e+08,nan,2.6204e+09
100.5,21.561,1.652,858,0,nan,nan,0.000,13240.007,nan,6.0939e+08,nan,2.6204e+09
103.5,22.205,1.701,790,0,nan,nan,0.000,13240.007,nan,6.0939e+08,nan,2.6204e+09
106.5,22.848,1.751,609,0,nan,nan,0.000,13240.007,nan,6.0939e+08,nan,2.6204e+09
109.5,23.492,1.800,495,0,nan,nan,0.000,13240.007,nan,6.0939e+08,nan,2.6204e+09
112.5,24.136,1.849,405,0,nan,nan,0.000,13240.007,nan,6.0939e+08,nan,2.6204e+09
115.5,24.779,1.899,331,0,nan,nan,0.000,13240.007,nan,6.0939e+08,nan,2.6204e+09
118.5,25.423,1.948,258,0,nan,nan,0.000,13240.007,nan,6.0939e+08,nan,2.6204e+09
121.5,26.066,1.997,187,0,nan,nan,0.000,13240.007,nan,6.0939e+08,nan,2.6204e+09
124.5,26.710,2.047,135,0,nan,nan,0.000,13240.007,nan,6.0939e+08,nan,2.6204e+09
127.5,27.354,2.096,80,0,nan,nan,0.000,13240.007,nan,6.0939e+08,nan,2.6204e+09
130.5,27.997,2.145,51,0,nan,nan,0.000,13240.007,nan,6.0939e+08,nan,2.6204e+09
133.5,28.641,2.195,24,0,nan,nan,0.000,13240.007,nan,6.0939e+08,nan,2.6204e+09
136.5,29.284,2.244,3,0,nan,nan,0.000,13240.007,nan,6.0939e+08,nan,2.6204e+09
