edge_pydb/dat_prof/radprof/build/rproftxt/NGC3815.smo7_smob0.rprof.txt
# %ECSV 0.9
# ---
# datatype:
# - {name: radius, unit: arcsec, datatype: float64, description: Adopting RA=175.4137 deg DEC=24.8004 deg PA=67.8 INC=59.9}
# - {name: r_kpc, unit: kpc, datatype: float64, format: 10.3f, description: Adopting distance of 53.59 Mpc}
# - {name: r_r25, unit: '', datatype: float64, format: 10.3f, description: Adopting R25=43.16 arcsec}
# - {name: npix, datatype: int64}
# - {name: ngood, datatype: int64, description: Requiring fill fraction of 0.1 npix}
# - {name: wtmean, unit: K km / s, datatype: float64, format: 10.3f, description: Replaced blanks with 0 times NGC3815.co.smo7_smo.emom0max.fits}
# - {name: rms, unit: K km / s, datatype: float32}
# - {name: annsum, unit: K km pix / s, datatype: float32, format: 10.3f}
# - {name: cumsum, unit: K km pix / s, datatype: float32}
# - {name: detlim, unit: K km / s, datatype: float64, format: 10.3f}
# - {name: cumlum, unit: K km pc2 / s, datatype: float32, format: 10.4e}
# - {name: sigmol, unit: solMass / pc2, datatype: float64, format: 10.3f}
# - {name: cummass, unit: solMass, datatype: float32, format: 10.4e}
# delimiter: ','
# schema: astropy-2.0
radius,r_kpc,r_r25,npix,ngood,wtmean,rms,annsum,cumsum,detlim,cumlum,sigmol,cummass
1.5,0.390,0.035,16,16,5.369,0.36753502,171.283,171.28288,5.308,1.1564e+07,23.086,4.9725e+07
4.5,1.169,0.104,40,40,5.610,0.83061105,447.424,618.7064,3.297,4.1771e+07,24.122,1.7961e+08
7.5,1.949,0.174,71,71,5.445,1.4643782,770.876,1389.5829,2.434,9.3815e+07,23.414,4.0341e+08
10.5,2.728,0.243,100,100,4.811,1.7258621,959.215,2348.7979,1.892,1.5858e+08,20.685,6.8187e+08
13.5,3.508,0.313,128,128,3.524,1.6208547,899.464,3248.2615,1.564,2.1930e+08,15.154,9.4299e+08
16.5,4.287,0.382,159,159,2.009,1.199035,636.813,3885.0747,1.352,2.6229e+08,8.637,1.1279e+09
19.5,5.067,0.452,179,179,0.771,0.76388687,275.100,4160.175,1.252,2.8087e+08,3.314,1.2077e+09
22.5,5.846,0.521,216,216,0.341,0.58282566,146.768,4306.9424,1.132,2.9078e+08,1.465,1.2503e+09
25.5,6.626,0.591,239,234,0.164,0.6190223,77.928,4384.87,1.081,2.9604e+08,0.703,1.2730e+09
28.5,7.405,0.660,273,231,0.018,0.58230674,9.632,4394.5024,1.026,2.9669e+08,0.076,1.2758e+09
31.5,8.185,0.730,294,186,0.030,0.48958227,17.625,4412.1274,1.017,2.9788e+08,0.129,1.2809e+09
34.5,8.964,0.799,324,100,0.089,0.31431928,57.216,4469.3438,1.003,3.0174e+08,0.381,1.2975e+09
37.5,9.744,0.869,361,67,0.079,0.24234204,57.128,4526.4717,0.986,3.0560e+08,0.341,1.3141e+09
40.5,10.523,0.938,377,41,0.065,0.21793677,48.968,4575.4395,1.008,3.0890e+08,0.280,1.3283e+09
43.5,11.303,1.008,420,35,nan,nan,0.000,4575.4395,1.006,3.0890e+08,nan,1.3283e+09
46.5,12.082,1.077,430,31,nan,nan,0.000,4575.4395,1.049,3.0890e+08,nan,1.3283e+09
49.5,12.862,1.147,470,29,nan,nan,0.000,4575.4395,1.062,3.0890e+08,nan,1.3283e+09
52.5,13.641,1.216,500,29,nan,nan,0.000,4575.4395,1.101,3.0890e+08,nan,1.3283e+09
55.5,14.421,1.286,526,21,nan,nan,0.000,4575.4395,1.149,3.0890e+08,nan,1.3283e+09
58.5,15.200,1.355,553,14,nan,nan,0.000,4575.4395,1.209,3.0890e+08,nan,1.3283e+09
61.5,15.980,1.425,575,4,nan,nan,0.000,4575.4395,1.274,3.0890e+08,nan,1.3283e+09
64.5,16.759,1.494,618,0,nan,nan,0.000,4575.4395,1.295,3.0890e+08,nan,1.3283e+09
67.5,17.539,1.564,624,0,nan,nan,0.000,4575.4395,1.360,3.0890e+08,nan,1.3283e+09
70.5,18.318,1.633,683,0,nan,nan,0.000,4575.4395,1.381,3.0890e+08,nan,1.3283e+09
73.5,19.098,1.703,686,0,nan,nan,0.000,4575.4395,1.454,3.0890e+08,nan,1.3283e+09
76.5,19.877,1.772,723,0,nan,nan,0.000,4575.4395,1.515,3.0890e+08,nan,1.3283e+09
79.5,20.657,1.842,752,0,nan,nan,0.000,4575.4395,1.560,3.0890e+08,nan,1.3283e+09
82.5,21.436,1.911,780,0,nan,nan,0.000,4575.4395,1.626,3.0890e+08,nan,1.3283e+09
85.5,22.216,1.981,749,0,nan,nan,0.000,4575.4395,1.704,3.0890e+08,nan,1.3283e+09
88.5,22.995,2.050,676,0,nan,nan,0.000,4575.4395,1.803,3.0890e+08,nan,1.3283e+09
91.5,23.775,2.120,646,0,nan,nan,0.000,4575.4395,1.910,3.0890e+08,nan,1.3283e+09
94.5,24.554,2.189,632,0,nan,nan,0.000,4575.4395,1.986,3.0890e+08,nan,1.3283e+09
97.5,25.334,2.259,620,0,nan,nan,0.000,4575.4395,2.135,3.0890e+08,nan,1.3283e+09
100.5,26.113,2.328,603,0,nan,nan,0.000,4575.4395,2.316,3.0890e+08,nan,1.3283e+09
103.5,26.893,2.398,604,0,nan,nan,0.000,4575.4395,2.533,3.0890e+08,nan,1.3283e+09
106.5,27.672,2.467,582,0,nan,nan,0.000,4575.4395,2.847,3.0890e+08,nan,1.3283e+09
109.5,28.452,2.537,587,0,nan,nan,0.000,4575.4395,3.264,3.0890e+08,nan,1.3283e+09
112.5,29.231,2.606,571,0,nan,nan,0.000,4575.4395,4.149,3.0890e+08,nan,1.3283e+09
115.5,30.011,2.676,580,0,nan,nan,0.000,4575.4395,12.304,3.0890e+08,nan,1.3283e+09
118.5,30.790,2.745,565,0,nan,nan,0.000,4575.4395,nan,3.0890e+08,nan,1.3283e+09
121.5,31.570,2.815,557,0,nan,nan,0.000,4575.4395,nan,3.0890e+08,nan,1.3283e+09
124.5,32.349,2.884,568,0,nan,nan,0.000,4575.4395,nan,3.0890e+08,nan,1.3283e+09
127.5,33.129,2.954,551,0,nan,nan,0.000,4575.4395,nan,3.0890e+08,nan,1.3283e+09
130.5,33.908,3.023,562,0,nan,nan,0.000,4575.4395,nan,3.0890e+08,nan,1.3283e+09
133.5,34.688,3.093,509,0,nan,nan,0.000,4575.4395,nan,3.0890e+08,nan,1.3283e+09
136.5,35.467,3.162,395,0,nan,nan,0.000,4575.4395,nan,3.0890e+08,nan,1.3283e+09
139.5,36.247,3.232,357,0,nan,nan,0.000,4575.4395,nan,3.0890e+08,nan,1.3283e+09
142.5,37.026,3.301,329,0,nan,nan,0.000,4575.4395,nan,3.0890e+08,nan,1.3283e+09
145.5,37.806,3.371,299,0,nan,nan,0.000,4575.4395,nan,3.0890e+08,nan,1.3283e+09
148.5,38.585,3.440,283,0,nan,nan,0.000,4575.4395,nan,3.0890e+08,nan,1.3283e+09
151.5,39.365,3.510,270,0,nan,nan,0.000,4575.4395,nan,3.0890e+08,nan,1.3283e+09
154.5,40.144,3.579,250,0,nan,nan,0.000,4575.4395,nan,3.0890e+08,nan,1.3283e+09
157.5,40.924,3.649,234,0,nan,nan,0.000,4575.4395,nan,3.0890e+08,nan,1.3283e+09
160.5,41.703,3.718,213,0,nan,nan,0.000,4575.4395,nan,3.0890e+08,nan,1.3283e+09
163.5,42.483,3.788,204,0,nan,nan,0.000,4575.4395,nan,3.0890e+08,nan,1.3283e+09
166.5,43.262,3.857,188,0,nan,nan,0.000,4575.4395,nan,3.0890e+08,nan,1.3283e+09
169.5,44.042,3.927,177,0,nan,nan,0.000,4575.4395,nan,3.0890e+08,nan,1.3283e+09
172.5,44.821,3.996,158,0,nan,nan,0.000,4575.4395,nan,3.0890e+08,nan,1.3283e+09
175.5,45.601,4.066,147,0,nan,nan,0.000,4575.4395,nan,3.0890e+08,nan,1.3283e+09
178.5,46.380,4.135,134,0,nan,nan,0.000,4575.4395,nan,3.0890e+08,nan,1.3283e+09
181.5,47.160,4.205,123,0,nan,nan,0.000,4575.4395,nan,3.0890e+08,nan,1.3283e+09
184.5,47.939,4.274,111,0,nan,nan,0.000,4575.4395,nan,3.0890e+08,nan,1.3283e+09
187.5,48.719,4.344,95,0,nan,nan,0.000,4575.4395,nan,3.0890e+08,nan,1.3283e+09
190.5,49.498,4.413,85,0,nan,nan,0.000,4575.4395,nan,3.0890e+08,nan,1.3283e+09
193.5,50.278,4.483,73,0,nan,nan,0.000,4575.4395,nan,3.0890e+08,nan,1.3283e+09
196.5,51.057,4.552,62,0,nan,nan,0.000,4575.4395,nan,3.0890e+08,nan,1.3283e+09
199.5,51.837,4.622,49,0,nan,nan,0.000,4575.4395,nan,3.0890e+08,nan,1.3283e+09
202.5,52.616,4.691,39,0,nan,nan,0.000,4575.4395,nan,3.0890e+08,nan,1.3283e+09
205.5,53.396,4.761,26,0,nan,nan,0.000,4575.4395,nan,3.0890e+08,nan,1.3283e+09
208.5,54.175,4.830,15,0,nan,nan,0.000,4575.4395,nan,3.0890e+08,nan,1.3283e+09
211.5,54.955,4.900,5,0,nan,nan,0.000,4575.4395,nan,3.0890e+08,nan,1.3283e+09
214.5,55.734,4.969,0,0,nan,nan,0.000,4575.4395,nan,3.0890e+08,nan,1.3283e+09
