edge_pydb/dat_prof/radprof/build/rproftxt/NGC4047.smo7_smob1.rprof.txt
# %ECSV 0.9
# ---
# datatype:
# - {name: radius, unit: arcsec, datatype: float64, description: Adopting RA=180.7111 deg DEC=48.6362 deg PA=104.0 INC=42.1}
# - {name: r_kpc, unit: kpc, datatype: float64, format: 10.3f, description: Adopting distance of 49.06 Mpc}
# - {name: r_r25, unit: '', datatype: float64, format: 10.3f, description: Adopting R25=46.04 arcsec}
# - {name: npix, datatype: int64}
# - {name: ngood, datatype: int64, description: Requiring fill fraction of 0.1 npix}
# - {name: wtmean, unit: K km / s, datatype: float64, format: 10.3f, description: Replaced blanks with 1 times NGC4047.co.smo7_smo.emom0max.fits}
# - {name: rms, unit: K km / s, datatype: float32}
# - {name: annsum, unit: K km pix / s, datatype: float32, format: 10.3f}
# - {name: cumsum, unit: K km pix / s, datatype: float32}
# - {name: detlim, unit: K km / s, datatype: float64, format: 10.3f}
# - {name: cumlum, unit: K km pc2 / s, datatype: float32, format: 10.4e}
# - {name: sigmol, unit: solMass / pc2, datatype: float64, format: 10.3f}
# - {name: cummass, unit: solMass, datatype: float32, format: 10.4e}
# delimiter: ','
# schema: astropy-2.0
radius,r_kpc,r_r25,npix,ngood,wtmean,rms,annsum,cumsum,detlim,cumlum,sigmol,cummass
1.5,0.357,0.033,23,23,32.533,1.516645,1008.482,1008.4818,7.038,5.7051e+07,139.894,2.4532e+08
4.5,1.070,0.098,63,63,28.976,2.8470418,2460.268,3468.75,4.272,1.9623e+08,124.595,8.4379e+08
7.5,1.784,0.163,101,101,23.814,3.1038756,3241.617,6710.367,3.338,3.7961e+08,102.400,1.6323e+09
10.5,2.497,0.228,151,151,17.571,2.7677023,3575.820,10286.1875,2.667,5.8190e+08,75.554,2.5022e+09
13.5,3.211,0.293,191,191,11.576,2.4466894,2979.851,13266.038,2.255,7.5047e+08,49.776,3.2270e+09
16.5,3.924,0.358,228,228,7.257,2.3733194,2229.979,15496.018,1.976,8.7662e+08,31.205,3.7695e+09
19.5,4.638,0.424,272,272,4.173,2.2202337,1529.713,17025.73,1.756,9.6316e+08,17.943,4.1416e+09
22.5,5.352,0.489,320,320,2.202,1.3299544,949.863,17975.594,1.593,1.0169e+09,9.470,4.3726e+09
25.5,6.065,0.554,353,353,1.487,0.6918655,707.539,18683.133,1.509,1.0569e+09,6.395,4.5448e+09
28.5,6.779,0.619,395,394,1.223,0.39754185,650.859,19333.992,1.441,1.0937e+09,5.257,4.7031e+09
31.5,7.492,0.684,436,306,1.209,0.27814955,710.221,20044.213,1.419,1.1339e+09,5.197,4.8758e+09
34.5,8.206,0.749,491,99,1.316,0.17109288,870.744,20914.957,1.394,1.1832e+09,5.658,5.0877e+09
37.5,8.919,0.815,524,43,nan,nan,0.000,20914.957,1.417,1.1832e+09,nan,5.0877e+09
40.5,9.633,0.880,555,32,nan,nan,0.000,20914.957,1.448,1.1832e+09,nan,5.0877e+09
43.5,10.346,0.945,616,25,nan,nan,0.000,20914.957,1.454,1.1832e+09,nan,5.0877e+09
46.5,11.060,1.010,651,0,nan,nan,0.000,20914.957,1.508,1.1832e+09,nan,5.0877e+09
49.5,11.773,1.075,688,0,nan,nan,0.000,20914.957,1.569,1.1832e+09,nan,5.0877e+09
52.5,12.487,1.140,738,0,nan,nan,0.000,20914.957,1.629,1.1832e+09,nan,5.0877e+09
55.5,13.200,1.206,782,0,nan,nan,0.000,20914.957,1.710,1.1832e+09,nan,5.0877e+09
58.5,13.914,1.271,817,0,nan,nan,0.000,20914.957,1.900,1.1832e+09,nan,5.0877e+09
61.5,14.628,1.336,852,0,nan,nan,0.000,20914.957,2.136,1.1832e+09,nan,5.0877e+09
64.5,15.341,1.401,905,0,nan,nan,0.000,20914.957,2.354,1.1832e+09,nan,5.0877e+09
67.5,16.055,1.466,954,0,nan,nan,0.000,20914.957,2.629,1.1832e+09,nan,5.0877e+09
70.5,16.768,1.531,977,0,nan,nan,0.000,20914.957,3.077,1.1832e+09,nan,5.0877e+09
73.5,17.482,1.596,1028,0,nan,nan,0.000,20914.957,3.745,1.1832e+09,nan,5.0877e+09
76.5,18.195,1.662,1078,0,nan,nan,0.000,20914.957,6.140,1.1832e+09,nan,5.0877e+09
79.5,18.909,1.727,1097,0,nan,nan,0.000,20914.957,nan,1.1832e+09,nan,5.0877e+09
82.5,19.622,1.792,1019,0,nan,nan,0.000,20914.957,nan,1.1832e+09,nan,5.0877e+09
85.5,20.336,1.857,951,0,nan,nan,0.000,20914.957,nan,1.1832e+09,nan,5.0877e+09
88.5,21.049,1.922,923,0,nan,nan,0.000,20914.957,nan,1.1832e+09,nan,5.0877e+09
91.5,21.763,1.987,887,0,nan,nan,0.000,20914.957,nan,1.1832e+09,nan,5.0877e+09
94.5,22.476,2.053,865,0,nan,nan,0.000,20914.957,nan,1.1832e+09,nan,5.0877e+09
97.5,23.190,2.118,857,0,nan,nan,0.000,20914.957,nan,1.1832e+09,nan,5.0877e+09
100.5,23.904,2.183,842,0,nan,nan,0.000,20914.957,nan,1.1832e+09,nan,5.0877e+09
103.5,24.617,2.248,825,0,nan,nan,0.000,20914.957,nan,1.1832e+09,nan,5.0877e+09
106.5,25.331,2.313,698,0,nan,nan,0.000,20914.957,nan,1.1832e+09,nan,5.0877e+09
109.5,26.044,2.378,539,0,nan,nan,0.000,20914.957,nan,1.1832e+09,nan,5.0877e+09
112.5,26.758,2.444,450,0,nan,nan,0.000,20914.957,nan,1.1832e+09,nan,5.0877e+09
115.5,27.471,2.509,367,0,nan,nan,0.000,20914.957,nan,1.1832e+09,nan,5.0877e+09
118.5,28.185,2.574,294,0,nan,nan,0.000,20914.957,nan,1.1832e+09,nan,5.0877e+09
121.5,28.898,2.639,227,0,nan,nan,0.000,20914.957,nan,1.1832e+09,nan,5.0877e+09
124.5,29.612,2.704,166,0,nan,nan,0.000,20914.957,nan,1.1832e+09,nan,5.0877e+09
127.5,30.325,2.769,134,0,nan,nan,0.000,20914.957,nan,1.1832e+09,nan,5.0877e+09
130.5,31.039,2.835,103,0,nan,nan,0.000,20914.957,nan,1.1832e+09,nan,5.0877e+09
133.5,31.752,2.900,79,0,nan,nan,0.000,20914.957,nan,1.1832e+09,nan,5.0877e+09
136.5,32.466,2.965,54,0,nan,nan,0.000,20914.957,nan,1.1832e+09,nan,5.0877e+09
139.5,33.180,3.030,28,0,nan,nan,0.000,20914.957,nan,1.1832e+09,nan,5.0877e+09
142.5,33.893,3.095,6,0,nan,nan,0.000,20914.957,nan,1.1832e+09,nan,5.0877e+09
