edge_pydb/dat_prof/radprof/build/rproftxt/NGC4185.smo7_smob0.rprof.txt
# %ECSV 0.9
# ---
# datatype:
# - {name: radius, unit: arcsec, datatype: float64, description: Adopting RA=183.3426 deg DEC=28.5110 deg PA=344.4 INC=48.2}
# - {name: r_kpc, unit: kpc, datatype: float64, format: 10.3f, description: Adopting distance of 55.91 Mpc}
# - {name: r_r25, unit: '', datatype: float64, format: 10.3f, description: Adopting R25=55.61 arcsec}
# - {name: npix, datatype: int64}
# - {name: ngood, datatype: int64, description: Requiring fill fraction of 0.1 npix}
# - {name: wtmean, unit: K km / s, datatype: float64, format: 10.3f, description: Replaced blanks with 0 times NGC4185.co.smo7_smo.emom0max.fits}
# - {name: rms, unit: K km / s, datatype: float32}
# - {name: annsum, unit: K km pix / s, datatype: float32, format: 10.3f}
# - {name: cumsum, unit: K km pix / s, datatype: float32}
# - {name: detlim, unit: K km / s, datatype: float64, format: 10.3f}
# - {name: cumlum, unit: K km pc2 / s, datatype: float32, format: 10.4e}
# - {name: sigmol, unit: solMass / pc2, datatype: float64, format: 10.3f}
# - {name: cummass, unit: solMass, datatype: float32, format: 10.4e}
# delimiter: ','
# schema: astropy-2.0
radius,r_kpc,r_r25,npix,ngood,wtmean,rms,annsum,cumsum,detlim,cumlum,sigmol,cummass
1.5,0.407,0.027,18,18,0.886,0.6568395,23.936,23.936005,6.234,1.7586e+06,3.811,7.5620e+06
4.5,1.220,0.081,56,56,1.410,0.6549306,118.446,142.3822,3.394,1.0461e+07,6.062,4.4982e+07
7.5,2.033,0.135,95,95,1.874,0.8947554,267.038,409.41992,2.548,3.0081e+07,8.056,1.2935e+08
10.5,2.846,0.189,133,132,1.909,1.0994754,380.947,790.3669,2.113,5.8069e+07,8.209,2.4970e+08
13.5,3.659,0.243,169,164,1.676,0.95727456,425.032,1215.3984,1.875,8.9297e+07,7.208,3.8398e+08
16.5,4.472,0.297,206,196,1.508,1.0606532,465.944,1681.3424,1.720,1.2353e+08,6.483,5.3118e+08
19.5,5.286,0.351,248,230,1.290,1.2013304,480.022,2161.3643,1.594,1.5880e+08,5.548,6.8283e+08
22.5,6.099,0.405,282,257,0.961,1.1424927,406.612,2567.9763,1.528,1.8867e+08,4.133,8.1129e+08
25.5,6.912,0.459,322,296,0.816,1.0594815,394.028,2962.0044,1.468,2.1762e+08,3.507,9.3578e+08
28.5,7.725,0.513,358,325,0.844,1.2057843,453.063,3415.0674,1.436,2.5091e+08,3.627,1.0789e+09
31.5,8.538,0.566,395,360,0.719,1.1700015,426.246,3841.3135,1.416,2.8223e+08,3.093,1.2136e+09
34.5,9.351,0.620,434,358,0.472,0.93624014,307.618,4148.9316,1.405,3.0483e+08,2.031,1.3108e+09
37.5,10.165,0.674,470,312,0.443,0.77489173,312.139,4461.0703,1.413,3.2776e+08,1.903,1.4094e+09
40.5,10.978,0.728,506,228,0.276,0.61604285,209.443,4670.513,1.431,3.4315e+08,1.186,1.4755e+09
43.5,11.791,0.782,550,128,0.034,0.44718513,28.135,4698.6484,1.448,3.4522e+08,0.147,1.4844e+09
46.5,12.604,0.836,578,47,nan,nan,0.000,4698.6484,1.499,3.4522e+08,nan,1.4844e+09
49.5,13.417,0.890,623,34,nan,nan,0.000,4698.6484,1.542,3.4522e+08,nan,1.4844e+09
52.5,14.230,0.944,657,33,nan,nan,0.000,4698.6484,1.613,3.4522e+08,nan,1.4844e+09
55.5,15.044,0.998,700,31,nan,nan,0.000,4698.6484,1.688,3.4522e+08,nan,1.4844e+09
58.5,15.857,1.052,733,28,nan,nan,0.000,4698.6484,1.848,3.4522e+08,nan,1.4844e+09
61.5,16.670,1.106,779,23,nan,nan,0.000,4698.6484,1.972,3.4522e+08,nan,1.4844e+09
64.5,17.483,1.160,817,17,nan,nan,0.000,4698.6484,2.131,3.4522e+08,nan,1.4844e+09
67.5,18.296,1.214,841,0,nan,nan,0.000,4698.6484,2.330,3.4522e+08,nan,1.4844e+09
70.5,19.109,1.268,887,0,nan,nan,0.000,4698.6484,2.515,3.4522e+08,nan,1.4844e+09
73.5,19.923,1.322,923,0,nan,nan,0.000,4698.6484,2.758,3.4522e+08,nan,1.4844e+09
76.5,20.736,1.376,961,0,nan,nan,0.000,4698.6484,3.067,3.4522e+08,nan,1.4844e+09
79.5,21.549,1.430,1001,0,nan,nan,0.000,4698.6484,3.597,3.4522e+08,nan,1.4844e+09
82.5,22.362,1.484,952,0,nan,nan,0.000,4698.6484,4.427,3.4522e+08,nan,1.4844e+09
85.5,23.175,1.538,869,0,nan,nan,0.000,4698.6484,10.200,3.4522e+08,nan,1.4844e+09
88.5,23.988,1.592,831,0,nan,nan,0.000,4698.6484,nan,3.4522e+08,nan,1.4844e+09
91.5,24.802,1.646,807,0,nan,nan,0.000,4698.6484,nan,3.4522e+08,nan,1.4844e+09
94.5,25.615,1.699,791,0,nan,nan,0.000,4698.6484,nan,3.4522e+08,nan,1.4844e+09
97.5,26.428,1.753,778,0,nan,nan,0.000,4698.6484,nan,3.4522e+08,nan,1.4844e+09
100.5,27.241,1.807,758,0,nan,nan,0.000,4698.6484,nan,3.4522e+08,nan,1.4844e+09
103.5,28.054,1.861,753,0,nan,nan,0.000,4698.6484,nan,3.4522e+08,nan,1.4844e+09
106.5,28.867,1.915,740,0,nan,nan,0.000,4698.6484,nan,3.4522e+08,nan,1.4844e+09
109.5,29.681,1.969,741,0,nan,nan,0.000,4698.6484,nan,3.4522e+08,nan,1.4844e+09
112.5,30.494,2.023,733,0,nan,nan,0.000,4698.6484,nan,3.4522e+08,nan,1.4844e+09
115.5,31.307,2.077,644,0,nan,nan,0.000,4698.6484,nan,3.4522e+08,nan,1.4844e+09
118.5,32.120,2.131,490,0,nan,nan,0.000,4698.6484,nan,3.4522e+08,nan,1.4844e+09
121.5,32.933,2.185,389,0,nan,nan,0.000,4698.6484,nan,3.4522e+08,nan,1.4844e+09
124.5,33.746,2.239,326,0,nan,nan,0.000,4698.6484,nan,3.4522e+08,nan,1.4844e+09
127.5,34.560,2.293,249,0,nan,nan,0.000,4698.6484,nan,3.4522e+08,nan,1.4844e+09
130.5,35.373,2.347,209,0,nan,nan,0.000,4698.6484,nan,3.4522e+08,nan,1.4844e+09
133.5,36.186,2.401,182,0,nan,nan,0.000,4698.6484,nan,3.4522e+08,nan,1.4844e+09
136.5,36.999,2.455,152,0,nan,nan,0.000,4698.6484,nan,3.4522e+08,nan,1.4844e+09
139.5,37.812,2.509,136,0,nan,nan,0.000,4698.6484,nan,3.4522e+08,nan,1.4844e+09
142.5,38.626,2.563,102,0,nan,nan,0.000,4698.6484,nan,3.4522e+08,nan,1.4844e+09
145.5,39.439,2.617,90,0,nan,nan,0.000,4698.6484,nan,3.4522e+08,nan,1.4844e+09
148.5,40.252,2.671,64,0,nan,nan,0.000,4698.6484,nan,3.4522e+08,nan,1.4844e+09
151.5,41.065,2.725,45,0,nan,nan,0.000,4698.6484,nan,3.4522e+08,nan,1.4844e+09
154.5,41.878,2.778,23,0,nan,nan,0.000,4698.6484,nan,3.4522e+08,nan,1.4844e+09
157.5,42.691,2.832,4,0,nan,nan,0.000,4698.6484,nan,3.4522e+08,nan,1.4844e+09
