edge_pydb/dat_prof/radprof/build/rproftxt/NGC4676A.smo7_smob1.rprof.txt
# %ECSV 0.9
# ---
# datatype:
# - {name: radius, unit: arcsec, datatype: float64, description: Adopting RA=191.5420 deg DEC=30.7321 deg PA=185.3 INC=50.0}
# - {name: r_kpc, unit: kpc, datatype: float64, format: 10.3f, description: Adopting distance of 96.61 Mpc}
# - {name: r_r25, unit: '', datatype: float64, format: 10.3f, description: Adopting R25=64.88 arcsec}
# - {name: npix, datatype: int64}
# - {name: ngood, datatype: int64, description: Requiring fill fraction of 0.1 npix}
# - {name: wtmean, unit: K km / s, datatype: float64, format: 10.3f, description: Replaced blanks with 1 times NGC4676A.co.smo7_smo.emom0max.fits}
# - {name: rms, unit: K km / s, datatype: float32}
# - {name: annsum, unit: K km pix / s, datatype: float32, format: 10.3f}
# - {name: cumsum, unit: K km pix / s, datatype: float32}
# - {name: detlim, unit: K km / s, datatype: float64, format: 10.3f}
# - {name: cumlum, unit: K km pc2 / s, datatype: float32, format: 10.4e}
# - {name: sigmol, unit: solMass / pc2, datatype: float64, format: 10.3f}
# - {name: cummass, unit: solMass, datatype: float32, format: 10.4e}
# delimiter: ','
# schema: astropy-2.0
radius,r_kpc,r_r25,npix,ngood,wtmean,rms,annsum,cumsum,detlim,cumlum,sigmol,cummass
1.5,0.703,0.023,19,19,54.339,3.1914752,1606.194,1606.1942,8.232,3.5234e+08,233.658,1.5150e+09
4.5,2.108,0.069,56,56,36.504,6.9189734,3180.225,4786.4194,4.791,1.0500e+09,156.966,4.5148e+09
7.5,3.513,0.116,92,92,15.985,5.767715,2287.880,7074.3,3.729,1.5518e+09,68.736,6.6729e+09
10.5,4.918,0.162,124,124,4.103,2.5687816,791.604,7865.9043,3.144,1.7255e+09,17.645,7.4195e+09
13.5,6.323,0.208,164,164,1.499,0.35993314,382.348,8248.252,2.496,1.8093e+09,6.444,7.7802e+09
16.5,7.728,0.254,200,197,1.189,0.2885131,369.838,8618.09,1.994,1.8905e+09,5.111,8.1290e+09
19.5,9.133,0.301,236,203,1.009,0.31267983,370.399,8988.489,1.616,1.9717e+09,4.338,8.4784e+09
22.5,10.538,0.347,274,177,1.003,0.35358566,427.541,9416.03,1.422,2.0655e+09,4.313,8.8817e+09
25.5,11.943,0.393,312,153,1.029,0.36716062,499.247,9915.277,1.345,2.1750e+09,4.423,9.3526e+09
28.5,13.348,0.439,340,134,1.024,0.2117978,541.441,10456.719,1.312,2.2938e+09,4.402,9.8633e+09
31.5,14.753,0.486,383,123,1.076,0.21498567,640.998,11097.717,1.276,2.4344e+09,4.626,1.0468e+10
34.5,16.158,0.532,419,105,1.111,0.16220497,724.465,11822.182,1.268,2.5933e+09,4.779,1.1151e+10
37.5,17.564,0.578,453,97,1.199,0.26473588,845.188,12667.37,1.272,2.7787e+09,5.157,1.1949e+10
40.5,18.969,0.624,494,106,1.418,0.77425814,1089.462,13756.832,1.274,3.0177e+09,6.096,1.2976e+10
43.5,20.374,0.670,528,99,1.631,1.1040708,1339.785,15096.617,1.299,3.3116e+09,7.014,1.4240e+10
46.5,21.779,0.717,565,87,1.646,0.91627467,1446.975,16543.592,1.326,3.6290e+09,7.079,1.5605e+10
49.5,23.184,0.763,595,76,1.558,0.41824362,1441.684,17985.275,1.376,3.9453e+09,6.697,1.6965e+10
52.5,24.589,0.809,638,76,1.599,0.34601638,1587.197,19572.473,1.418,4.2934e+09,6.876,1.8462e+10
55.5,25.994,0.855,672,80,1.701,0.42503953,1778.604,21351.076,1.486,4.6836e+09,7.315,2.0139e+10
58.5,27.399,0.902,706,59,nan,nan,0.000,21351.076,1.583,4.6836e+09,nan,2.0139e+10
61.5,28.804,0.948,739,41,nan,nan,0.000,21351.076,1.709,4.6836e+09,nan,2.0139e+10
64.5,30.209,0.994,794,32,nan,nan,0.000,21351.076,1.804,4.6836e+09,nan,2.0139e+10
67.5,31.614,1.040,808,9,nan,nan,0.000,21351.076,1.955,4.6836e+09,nan,2.0139e+10
70.5,33.019,1.087,858,0,nan,nan,0.000,21351.076,2.072,4.6836e+09,nan,2.0139e+10
73.5,34.424,1.133,897,0,nan,nan,0.000,21351.076,2.231,4.6836e+09,nan,2.0139e+10
76.5,35.830,1.179,923,0,nan,nan,0.000,21351.076,2.469,4.6836e+09,nan,2.0139e+10
79.5,37.235,1.225,934,0,nan,nan,0.000,21351.076,2.703,4.6836e+09,nan,2.0139e+10
82.5,38.640,1.272,861,0,nan,nan,0.000,21351.076,3.071,4.6836e+09,nan,2.0139e+10
85.5,40.045,1.318,796,0,nan,nan,0.000,21351.076,3.681,4.6836e+09,nan,2.0139e+10
88.5,41.450,1.364,774,0,nan,nan,0.000,21351.076,5.015,4.6836e+09,nan,2.0139e+10
91.5,42.855,1.410,757,0,nan,nan,0.000,21351.076,13.985,4.6836e+09,nan,2.0139e+10
94.5,44.260,1.457,740,0,nan,nan,0.000,21351.076,nan,4.6836e+09,nan,2.0139e+10
97.5,45.665,1.503,731,0,nan,nan,0.000,21351.076,nan,4.6836e+09,nan,2.0139e+10
100.5,47.070,1.549,720,0,nan,nan,0.000,21351.076,nan,4.6836e+09,nan,2.0139e+10
103.5,48.475,1.595,708,0,nan,nan,0.000,21351.076,nan,4.6836e+09,nan,2.0139e+10
106.5,49.880,1.641,700,0,nan,nan,0.000,21351.076,nan,4.6836e+09,nan,2.0139e+10
109.5,51.285,1.688,691,0,nan,nan,0.000,21351.076,nan,4.6836e+09,nan,2.0139e+10
112.5,52.691,1.734,686,0,nan,nan,0.000,21351.076,nan,4.6836e+09,nan,2.0139e+10
115.5,54.096,1.780,687,0,nan,nan,0.000,21351.076,nan,4.6836e+09,nan,2.0139e+10
118.5,55.501,1.826,676,0,nan,nan,0.000,21351.076,nan,4.6836e+09,nan,2.0139e+10
121.5,56.906,1.873,677,0,nan,nan,0.000,21351.076,nan,4.6836e+09,nan,2.0139e+10
124.5,58.311,1.919,573,0,nan,nan,0.000,21351.076,nan,4.6836e+09,nan,2.0139e+10
127.5,59.716,1.965,428,0,nan,nan,0.000,21351.076,nan,4.6836e+09,nan,2.0139e+10
130.5,61.121,2.011,344,0,nan,nan,0.000,21351.076,nan,4.6836e+09,nan,2.0139e+10
133.5,62.526,2.058,269,0,nan,nan,0.000,21351.076,nan,4.6836e+09,nan,2.0139e+10
136.5,63.931,2.104,203,0,nan,nan,0.000,21351.076,nan,4.6836e+09,nan,2.0139e+10
139.5,65.336,2.150,142,0,nan,nan,0.000,21351.076,nan,4.6836e+09,nan,2.0139e+10
142.5,66.741,2.196,93,0,nan,nan,0.000,21351.076,nan,4.6836e+09,nan,2.0139e+10
145.5,68.146,2.243,63,0,nan,nan,0.000,21351.076,nan,4.6836e+09,nan,2.0139e+10
148.5,69.551,2.289,39,0,nan,nan,0.000,21351.076,nan,4.6836e+09,nan,2.0139e+10
151.5,70.957,2.335,17,0,nan,nan,0.000,21351.076,nan,4.6836e+09,nan,2.0139e+10
154.5,72.362,2.381,2,0,nan,nan,0.000,21351.076,nan,4.6836e+09,nan,2.0139e+10
