edge_pydb/dat_prof/radprof/build/rproftxt/NGC4644.smo7_smob0.rprof.txt
# %ECSV 0.9
# ---
# datatype:
# - {name: radius, unit: arcsec, datatype: float64, description: Adopting RA=190.6778 deg DEC=55.1455 deg PA=57.0 INC=72.9}
# - {name: r_kpc, unit: kpc, datatype: float64, format: 10.3f, description: Adopting distance of 71.65 Mpc}
# - {name: r_r25, unit: '', datatype: float64, format: 10.3f, description: Adopting R25=45.41 arcsec}
# - {name: npix, datatype: int64}
# - {name: ngood, datatype: int64, description: Requiring fill fraction of 0.1 npix}
# - {name: wtmean, unit: K km / s, datatype: float64, format: 10.3f, description: Replaced blanks with 0 times NGC4644.co.smo7_smo.emom0max.fits}
# - {name: rms, unit: K km / s, datatype: float32}
# - {name: annsum, unit: K km pix / s, datatype: float32, format: 10.3f}
# - {name: cumsum, unit: K km pix / s, datatype: float32}
# - {name: detlim, unit: K km / s, datatype: float64, format: 10.3f}
# - {name: cumlum, unit: K km pc2 / s, datatype: float32, format: 10.4e}
# - {name: sigmol, unit: solMass / pc2, datatype: float64, format: 10.3f}
# - {name: cummass, unit: solMass, datatype: float32, format: 10.4e}
# delimiter: ','
# schema: astropy-2.0
radius,r_kpc,r_r25,npix,ngood,wtmean,rms,annsum,cumsum,detlim,cumlum,sigmol,cummass
1.5,0.521,0.033,8,8,1.815,0.12702532,49.385,49.384766,2.923,5.9582e+06,7.805,2.5620e+07
4.5,1.563,0.099,27,27,1.735,0.18435402,159.300,208.6847,1.596,2.5178e+07,7.460,1.0826e+08
7.5,2.605,0.165,40,40,1.674,0.30828664,227.689,436.37375,1.295,5.2648e+07,7.197,2.2639e+08
10.5,3.647,0.231,59,59,1.597,0.4034647,320.416,756.78986,1.014,9.1306e+07,6.867,3.9262e+08
13.5,4.689,0.297,76,76,1.502,0.44543856,388.188,1144.9777,0.858,1.3814e+08,6.458,5.9400e+08
16.5,5.731,0.363,89,89,1.196,0.5564648,362.121,1507.0986,0.775,1.8183e+08,5.144,7.8187e+08
19.5,6.773,0.429,111,111,0.893,0.61727,337.000,1844.0985,0.689,2.2249e+08,3.839,9.5670e+08
22.5,7.815,0.496,120,120,0.630,0.65758157,257.270,2101.3682,0.665,2.5353e+08,2.711,1.0902e+09
25.5,8.857,0.562,141,137,0.404,0.61392045,193.691,2295.0593,0.616,2.7690e+08,1.737,1.1907e+09
28.5,9.899,0.628,158,128,0.281,0.488483,151.091,2446.1506,0.594,2.9513e+08,1.209,1.2690e+09
31.5,10.941,0.694,177,111,0.185,0.36054978,111.389,2557.5393,0.573,3.0856e+08,0.796,1.3268e+09
34.5,11.983,0.760,197,102,0.117,0.24211548,78.355,2635.894,0.559,3.1802e+08,0.503,1.3675e+09
37.5,13.025,0.826,200,95,0.063,0.17325728,42.925,2678.8188,0.573,3.2320e+08,0.271,1.3897e+09
40.5,14.068,0.892,227,93,0.031,0.14512442,23.705,2702.524,0.560,3.2606e+08,0.132,1.4020e+09
43.5,15.110,0.958,241,87,0.020,0.138994,16.236,2718.7603,0.567,3.2802e+08,0.085,1.4105e+09
46.5,16.152,1.024,258,69,0.020,0.12989578,17.124,2735.8838,0.583,3.3008e+08,0.084,1.4194e+09
49.5,17.194,1.090,279,67,0.024,0.13100797,22.381,2758.2644,0.592,3.3278e+08,0.101,1.4310e+09
52.5,18.236,1.156,284,55,0.020,0.11064756,18.977,2777.2417,0.628,3.3507e+08,0.084,1.4408e+09
55.5,19.278,1.222,307,45,0.022,0.09092376,22.986,2800.2275,0.641,3.3784e+08,0.095,1.4527e+09
58.5,20.320,1.288,318,37,0.014,0.07839942,14.987,2815.2146,0.663,3.3965e+08,0.060,1.4605e+09
61.5,21.362,1.354,348,34,nan,nan,0.000,2815.2146,0.661,3.3965e+08,nan,1.4605e+09
64.5,22.404,1.420,359,26,nan,nan,0.000,2815.2146,0.672,3.3965e+08,nan,1.4605e+09
67.5,23.446,1.487,378,12,nan,nan,0.000,2815.2146,0.681,3.3965e+08,nan,1.4605e+09
70.5,24.488,1.553,385,7,nan,nan,0.000,2815.2146,0.703,3.3965e+08,nan,1.4605e+09
73.5,25.530,1.619,410,6,nan,nan,0.000,2815.2146,0.698,3.3965e+08,nan,1.4605e+09
76.5,26.572,1.685,422,5,nan,nan,0.000,2815.2146,0.714,3.3965e+08,nan,1.4605e+09
79.5,27.614,1.751,444,0,nan,nan,0.000,2815.2146,0.715,3.3965e+08,nan,1.4605e+09
82.5,28.656,1.817,449,0,nan,nan,0.000,2815.2146,0.742,3.3965e+08,nan,1.4605e+09
85.5,29.698,1.883,474,0,nan,nan,0.000,2815.2146,0.733,3.3965e+08,nan,1.4605e+09
88.5,30.740,1.949,494,0,nan,nan,0.000,2815.2146,0.751,3.3965e+08,nan,1.4605e+09
91.5,31.782,2.015,509,0,nan,nan,0.000,2815.2146,0.758,3.3965e+08,nan,1.4605e+09
94.5,32.824,2.081,491,0,nan,nan,0.000,2815.2146,0.756,3.3965e+08,nan,1.4605e+09
97.5,33.866,2.147,444,0,nan,nan,0.000,2815.2146,0.777,3.3965e+08,nan,1.4605e+09
100.5,34.908,2.213,416,0,nan,nan,0.000,2815.2146,0.806,3.3965e+08,nan,1.4605e+09
103.5,35.950,2.279,418,0,nan,nan,0.000,2815.2146,0.796,3.3965e+08,nan,1.4605e+09
106.5,36.992,2.345,405,0,nan,nan,0.000,2815.2146,0.825,3.3965e+08,nan,1.4605e+09
109.5,38.034,2.412,395,0,nan,nan,0.000,2815.2146,0.833,3.3965e+08,nan,1.4605e+09
112.5,39.076,2.478,392,0,nan,nan,0.000,2815.2146,0.834,3.3965e+08,nan,1.4605e+09
115.5,40.118,2.544,380,0,nan,nan,0.000,2815.2146,0.873,3.3965e+08,nan,1.4605e+09
118.5,41.160,2.610,384,0,nan,nan,0.000,2815.2146,0.877,3.3965e+08,nan,1.4605e+09
121.5,42.203,2.676,375,0,nan,nan,0.000,2815.2146,0.895,3.3965e+08,nan,1.4605e+09
124.5,43.245,2.742,385,0,nan,nan,0.000,2815.2146,0.905,3.3965e+08,nan,1.4605e+09
127.5,44.287,2.808,367,0,nan,nan,0.000,2815.2146,0.939,3.3965e+08,nan,1.4605e+09
130.5,45.329,2.874,373,0,nan,nan,0.000,2815.2146,0.946,3.3965e+08,nan,1.4605e+09
133.5,46.371,2.940,365,0,nan,nan,0.000,2815.2146,0.986,3.3965e+08,nan,1.4605e+09
136.5,47.413,3.006,363,0,nan,nan,0.000,2815.2146,0.985,3.3965e+08,nan,1.4605e+09
139.5,48.455,3.072,341,0,nan,nan,0.000,2815.2146,1.044,3.3965e+08,nan,1.4605e+09
142.5,49.497,3.138,332,0,nan,nan,0.000,2815.2146,1.040,3.3965e+08,nan,1.4605e+09
145.5,50.539,3.204,318,0,nan,nan,0.000,2815.2146,1.096,3.3965e+08,nan,1.4605e+09
148.5,51.581,3.270,312,0,nan,nan,0.000,2815.2146,1.109,3.3965e+08,nan,1.4605e+09
151.5,52.623,3.337,308,0,nan,nan,0.000,2815.2146,1.152,3.3965e+08,nan,1.4605e+09
154.5,53.665,3.403,303,0,nan,nan,0.000,2815.2146,1.189,3.3965e+08,nan,1.4605e+09
157.5,54.707,3.469,283,0,nan,nan,0.000,2815.2146,1.247,3.3965e+08,nan,1.4605e+09
160.5,55.749,3.535,285,0,nan,nan,0.000,2815.2146,1.277,3.3965e+08,nan,1.4605e+09
163.5,56.791,3.601,271,0,nan,nan,0.000,2815.2146,1.345,3.3965e+08,nan,1.4605e+09
166.5,57.833,3.667,273,0,nan,nan,0.000,2815.2146,1.398,3.3965e+08,nan,1.4605e+09
169.5,58.875,3.733,259,0,nan,nan,0.000,2815.2146,1.467,3.3965e+08,nan,1.4605e+09
172.5,59.917,3.799,260,0,nan,nan,0.000,2815.2146,1.555,3.3965e+08,nan,1.4605e+09
175.5,60.959,3.865,248,0,nan,nan,0.000,2815.2146,1.648,3.3965e+08,nan,1.4605e+09
178.5,62.001,3.931,251,0,nan,nan,0.000,2815.2146,1.799,3.3965e+08,nan,1.4605e+09
181.5,63.043,3.997,240,0,nan,nan,0.000,2815.2146,2.017,3.3965e+08,nan,1.4605e+09
184.5,64.085,4.063,244,0,nan,nan,0.000,2815.2146,2.196,3.3965e+08,nan,1.4605e+09
187.5,65.127,4.129,228,0,nan,nan,0.000,2815.2146,2.954,3.3965e+08,nan,1.4605e+09
190.5,66.169,4.195,232,0,nan,nan,0.000,2815.2146,7.930,3.3965e+08,nan,1.4605e+09
193.5,67.211,4.261,223,0,nan,nan,0.000,2815.2146,nan,3.3965e+08,nan,1.4605e+09
196.5,68.253,4.328,222,0,nan,nan,0.000,2815.2146,nan,3.3965e+08,nan,1.4605e+09
199.5,69.295,4.394,210,0,nan,nan,0.000,2815.2146,nan,3.3965e+08,nan,1.4605e+09
202.5,70.338,4.460,216,0,nan,nan,0.000,2815.2146,nan,3.3965e+08,nan,1.4605e+09
205.5,71.380,4.526,201,0,nan,nan,0.000,2815.2146,nan,3.3965e+08,nan,1.4605e+09
208.5,72.422,4.592,203,0,nan,nan,0.000,2815.2146,nan,3.3965e+08,nan,1.4605e+09
211.5,73.464,4.658,200,0,nan,nan,0.000,2815.2146,nan,3.3965e+08,nan,1.4605e+09
214.5,74.506,4.724,193,0,nan,nan,0.000,2815.2146,nan,3.3965e+08,nan,1.4605e+09
217.5,75.548,4.790,191,0,nan,nan,0.000,2815.2146,nan,3.3965e+08,nan,1.4605e+09
220.5,76.590,4.856,184,0,nan,nan,0.000,2815.2146,nan,3.3965e+08,nan,1.4605e+09
223.5,77.632,4.922,179,0,nan,nan,0.000,2815.2146,nan,3.3965e+08,nan,1.4605e+09
226.5,78.674,4.988,180,0,nan,nan,0.000,2815.2146,nan,3.3965e+08,nan,1.4605e+09
229.5,79.716,5.054,176,0,nan,nan,0.000,2815.2146,nan,3.3965e+08,nan,1.4605e+09
232.5,80.758,5.120,166,0,nan,nan,0.000,2815.2146,nan,3.3965e+08,nan,1.4605e+09
235.5,81.800,5.186,167,0,nan,nan,0.000,2815.2146,nan,3.3965e+08,nan,1.4605e+09
238.5,82.842,5.253,162,0,nan,nan,0.000,2815.2146,nan,3.3965e+08,nan,1.4605e+09
241.5,83.884,5.319,159,0,nan,nan,0.000,2815.2146,nan,3.3965e+08,nan,1.4605e+09
244.5,84.926,5.385,156,0,nan,nan,0.000,2815.2146,nan,3.3965e+08,nan,1.4605e+09
247.5,85.968,5.451,150,0,nan,nan,0.000,2815.2146,nan,3.3965e+08,nan,1.4605e+09
250.5,87.010,5.517,149,0,nan,nan,0.000,2815.2146,nan,3.3965e+08,nan,1.4605e+09
253.5,88.052,5.583,140,0,nan,nan,0.000,2815.2146,nan,3.3965e+08,nan,1.4605e+09
256.5,89.094,5.649,139,0,nan,nan,0.000,2815.2146,nan,3.3965e+08,nan,1.4605e+09
259.5,90.136,5.715,139,0,nan,nan,0.000,2815.2146,nan,3.3965e+08,nan,1.4605e+09
262.5,91.178,5.781,132,0,nan,nan,0.000,2815.2146,nan,3.3965e+08,nan,1.4605e+09
265.5,92.220,5.847,129,0,nan,nan,0.000,2815.2146,nan,3.3965e+08,nan,1.4605e+09
268.5,93.262,5.913,126,0,nan,nan,0.000,2815.2146,nan,3.3965e+08,nan,1.4605e+09
271.5,94.304,5.979,119,0,nan,nan,0.000,2815.2146,nan,3.3965e+08,nan,1.4605e+09
274.5,95.346,6.045,120,0,nan,nan,0.000,2815.2146,nan,3.3965e+08,nan,1.4605e+09
277.5,96.388,6.111,114,0,nan,nan,0.000,2815.2146,nan,3.3965e+08,nan,1.4605e+09
280.5,97.430,6.177,110,0,nan,nan,0.000,2815.2146,nan,3.3965e+08,nan,1.4605e+09
283.5,98.473,6.244,109,0,nan,nan,0.000,2815.2146,nan,3.3965e+08,nan,1.4605e+09
286.5,99.515,6.310,102,0,nan,nan,0.000,2815.2146,nan,3.3965e+08,nan,1.4605e+09
289.5,100.557,6.376,99,0,nan,nan,0.000,2815.2146,nan,3.3965e+08,nan,1.4605e+09
292.5,101.599,6.442,99,0,nan,nan,0.000,2815.2146,nan,3.3965e+08,nan,1.4605e+09
295.5,102.641,6.508,92,0,nan,nan,0.000,2815.2146,nan,3.3965e+08,nan,1.4605e+09
298.5,103.683,6.574,90,0,nan,nan,0.000,2815.2146,nan,3.3965e+08,nan,1.4605e+09
301.5,104.725,6.640,88,0,nan,nan,0.000,2815.2146,nan,3.3965e+08,nan,1.4605e+09
304.5,105.767,6.706,80,0,nan,nan,0.000,2815.2146,nan,3.3965e+08,nan,1.4605e+09
307.5,106.809,6.772,81,0,nan,nan,0.000,2815.2146,nan,3.3965e+08,nan,1.4605e+09
310.5,107.851,6.838,76,0,nan,nan,0.000,2815.2146,nan,3.3965e+08,nan,1.4605e+09
313.5,108.893,6.904,70,0,nan,nan,0.000,2815.2146,nan,3.3965e+08,nan,1.4605e+09
316.5,109.935,6.970,71,0,nan,nan,0.000,2815.2146,nan,3.3965e+08,nan,1.4605e+09
319.5,110.977,7.036,63,0,nan,nan,0.000,2815.2146,nan,3.3965e+08,nan,1.4605e+09
322.5,112.019,7.102,63,0,nan,nan,0.000,2815.2146,nan,3.3965e+08,nan,1.4605e+09
325.5,113.061,7.169,60,0,nan,nan,0.000,2815.2146,nan,3.3965e+08,nan,1.4605e+09
328.5,114.103,7.235,53,0,nan,nan,0.000,2815.2146,nan,3.3965e+08,nan,1.4605e+09
331.5,115.145,7.301,53,0,nan,nan,0.000,2815.2146,nan,3.3965e+08,nan,1.4605e+09
334.5,116.187,7.367,48,0,nan,nan,0.000,2815.2146,nan,3.3965e+08,nan,1.4605e+09
337.5,117.229,7.433,43,0,nan,nan,0.000,2815.2146,nan,3.3965e+08,nan,1.4605e+09
340.5,118.271,7.499,44,0,nan,nan,0.000,2815.2146,nan,3.3965e+08,nan,1.4605e+09
343.5,119.313,7.565,37,0,nan,nan,0.000,2815.2146,nan,3.3965e+08,nan,1.4605e+09
346.5,120.355,7.631,33,0,nan,nan,0.000,2815.2146,nan,3.3965e+08,nan,1.4605e+09
349.5,121.397,7.697,33,0,nan,nan,0.000,2815.2146,nan,3.3965e+08,nan,1.4605e+09
352.5,122.439,7.763,27,0,nan,nan,0.000,2815.2146,nan,3.3965e+08,nan,1.4605e+09
355.5,123.481,7.829,25,0,nan,nan,0.000,2815.2146,nan,3.3965e+08,nan,1.4605e+09
358.5,124.523,7.895,20,0,nan,nan,0.000,2815.2146,nan,3.3965e+08,nan,1.4605e+09
361.5,125.566,7.961,17,0,nan,nan,0.000,2815.2146,nan,3.3965e+08,nan,1.4605e+09
364.5,126.608,8.027,14,0,nan,nan,0.000,2815.2146,nan,3.3965e+08,nan,1.4605e+09
367.5,127.650,8.093,12,0,nan,nan,0.000,2815.2146,nan,3.3965e+08,nan,1.4605e+09
370.5,128.692,8.160,7,0,nan,nan,0.000,2815.2146,nan,3.3965e+08,nan,1.4605e+09
373.5,129.734,8.226,4,0,nan,nan,0.000,2815.2146,nan,3.3965e+08,nan,1.4605e+09
376.5,130.776,8.292,2,0,nan,nan,0.000,2815.2146,nan,3.3965e+08,nan,1.4605e+09
379.5,131.818,8.358,0,0,nan,nan,0.000,2815.2146,nan,3.3965e+08,nan,1.4605e+09
