edge_pydb/dat_prof/radprof/build/rproftxt/NGC5908.smo7_smob0.rprof.txt
# %ECSV 0.9
# ---
# datatype:
# - {name: radius, unit: arcsec, datatype: float64, description: Adopting RA=229.1800 deg DEC=55.4094 deg PA=153.0 INC=77.0}
# - {name: r_kpc, unit: kpc, datatype: float64, format: 10.3f, description: Adopting distance of 47.13 Mpc}
# - {name: r_r25, unit: '', datatype: float64, format: 10.3f, description: Adopting R25=101.19 arcsec}
# - {name: npix, datatype: int64}
# - {name: ngood, datatype: int64, description: Requiring fill fraction of 0.1 npix}
# - {name: wtmean, unit: K km / s, datatype: float64, format: 10.3f, description: Replaced blanks with 0 times NGC5908.co.smo7_smo.emom0max.fits}
# - {name: rms, unit: K km / s, datatype: float32}
# - {name: annsum, unit: K km pix / s, datatype: float32, format: 10.3f}
# - {name: cumsum, unit: K km pix / s, datatype: float32}
# - {name: detlim, unit: K km / s, datatype: float64, format: 10.3f}
# - {name: cumlum, unit: K km pc2 / s, datatype: float32, format: 10.4e}
# - {name: sigmol, unit: solMass / pc2, datatype: float64, format: 10.3f}
# - {name: cummass, unit: solMass, datatype: float32, format: 10.4e}
# delimiter: ','
# schema: astropy-2.0
radius,r_kpc,r_r25,npix,ngood,wtmean,rms,annsum,cumsum,detlim,cumlum,sigmol,cummass
1.5,0.343,0.015,6,6,11.948,0.24254714,318.680,318.68002,3.795,1.6641e+07,51.376,7.1557e+07
4.5,1.028,0.044,18,18,12.023,0.5651833,962.045,1280.7247,2.217,6.6878e+07,51.699,2.8758e+08
7.5,1.714,0.074,34,34,12.051,1.1049525,1821.380,3102.1052,1.562,1.6199e+08,51.818,6.9655e+08
10.5,2.399,0.104,41,41,12.491,1.967062,2276.677,5378.7817,1.409,2.8087e+08,53.712,1.2078e+09
13.5,3.085,0.133,61,61,12.896,2.8205967,3497.046,8875.828,1.130,4.6349e+08,55.453,1.9930e+09
16.5,3.770,0.163,66,66,12.387,3.0122588,3634.405,12510.233,1.072,6.5327e+08,53.266,2.8091e+09
19.5,4.456,0.193,87,87,11.228,2.957623,4342.380,16852.613,0.917,8.8003e+08,48.280,3.7841e+09
22.5,5.142,0.222,92,92,9.632,2.4751403,3939.154,20791.768,0.887,1.0857e+09,41.416,4.6686e+09
25.5,5.827,0.252,110,110,8.237,2.6473384,4027.801,24819.568,0.797,1.2961e+09,35.419,5.5730e+09
28.5,6.513,0.282,119,119,6.999,2.5942125,3702.271,28521.84,0.768,1.4894e+09,30.094,6.4043e+09
31.5,7.198,0.311,135,135,5.335,2.2736387,3201.418,31723.258,0.718,1.6566e+09,22.939,7.1232e+09
34.5,7.884,0.341,143,143,3.793,1.7064155,2410.949,34134.207,0.702,1.7825e+09,16.308,7.6645e+09
37.5,8.569,0.371,166,166,2.418,1.2794946,1784.289,35918.496,0.652,1.8756e+09,10.397,8.0652e+09
40.5,9.255,0.400,164,164,1.475,1.1082268,1075.219,36993.715,0.651,1.9318e+09,6.342,8.3066e+09
43.5,9.940,0.430,192,192,0.945,1.1538211,806.758,37800.473,0.601,1.9739e+09,4.065,8.4878e+09
46.5,10.626,0.460,193,193,0.650,1.4205313,557.797,38358.27,0.608,2.0030e+09,2.795,8.6130e+09
49.5,11.311,0.489,219,219,0.281,1.206024,273.375,38631.645,0.585,2.0173e+09,1.207,8.6744e+09
52.5,11.997,0.519,215,215,-0.044,1.0420793,-41.836,38589.81,0.611,2.0151e+09,-0.188,8.6650e+09
55.5,12.683,0.548,236,236,-0.216,0.8635035,-226.133,38363.676,0.614,2.0033e+09,-0.927,8.6142e+09
58.5,13.368,0.578,248,221,-0.495,0.6327282,-545.605,37818.07,0.627,1.9748e+09,-2.128,8.4917e+09
61.5,14.054,0.608,259,193,-0.520,0.5077836,-598.289,37219.78,0.637,1.9436e+09,-2.234,8.3574e+09
64.5,14.739,0.637,272,146,-0.382,0.47153324,-461.660,36758.12,0.630,1.9195e+09,-1.642,8.2537e+09
67.5,15.425,0.667,295,91,-0.215,0.3760975,-282.074,36476.047,0.627,1.9047e+09,-0.925,8.1904e+09
70.5,16.110,0.697,291,62,-0.107,0.2565863,-138.438,36337.61,0.624,1.8975e+09,-0.460,8.1593e+09
73.5,16.796,0.726,318,48,-0.048,0.1442352,-67.652,36269.957,0.628,1.8940e+09,-0.206,8.1441e+09
76.5,17.481,0.756,316,22,nan,nan,0.000,36269.957,0.647,1.8940e+09,nan,8.1441e+09
79.5,18.167,0.786,350,15,nan,nan,0.000,36269.957,0.621,1.8940e+09,nan,8.1441e+09
82.5,18.852,0.815,338,4,nan,nan,0.000,36269.957,0.656,1.8940e+09,nan,8.1441e+09
85.5,19.538,0.845,370,0,nan,nan,0.000,36269.957,0.638,1.8940e+09,nan,8.1441e+09
88.5,20.224,0.875,361,0,nan,nan,0.000,36269.957,0.671,1.8940e+09,nan,8.1441e+09
91.5,20.909,0.904,339,0,nan,nan,0.000,36269.957,0.642,1.8940e+09,nan,8.1441e+09
94.5,21.595,0.934,310,0,nan,nan,0.000,36269.957,0.679,1.8940e+09,nan,8.1441e+09
97.5,22.280,0.964,316,0,nan,nan,0.000,36269.957,0.653,1.8940e+09,nan,8.1441e+09
100.5,22.966,0.993,281,0,nan,nan,0.000,36269.957,0.692,1.8940e+09,nan,8.1441e+09
103.5,23.651,1.023,302,0,nan,nan,0.000,36269.957,0.661,1.8940e+09,nan,8.1441e+09
106.5,24.337,1.053,278,0,nan,nan,0.000,36269.957,0.707,1.8940e+09,nan,8.1441e+09
109.5,25.022,1.082,287,0,nan,nan,0.000,36269.957,0.670,1.8940e+09,nan,8.1441e+09
112.5,25.708,1.112,267,0,nan,nan,0.000,36269.957,0.721,1.8940e+09,nan,8.1441e+09
115.5,26.393,1.141,289,0,nan,nan,0.000,36269.957,0.676,1.8940e+09,nan,8.1441e+09
118.5,27.079,1.171,263,0,nan,nan,0.000,36269.957,0.741,1.8940e+09,nan,8.1441e+09
121.5,27.765,1.201,277,0,nan,nan,0.000,36269.957,0.690,1.8940e+09,nan,8.1441e+09
124.5,28.450,1.230,263,0,nan,nan,0.000,36269.957,0.753,1.8940e+09,nan,8.1441e+09
127.5,29.136,1.260,273,0,nan,nan,0.000,36269.957,0.708,1.8940e+09,nan,8.1441e+09
130.5,29.821,1.290,262,0,nan,nan,0.000,36269.957,0.760,1.8940e+09,nan,8.1441e+09
133.5,30.507,1.319,265,0,nan,nan,0.000,36269.957,0.728,1.8940e+09,nan,8.1441e+09
136.5,31.192,1.349,262,0,nan,nan,0.000,36269.957,0.771,1.8940e+09,nan,8.1441e+09
139.5,31.878,1.379,261,0,nan,nan,0.000,36269.957,0.749,1.8940e+09,nan,8.1441e+09
142.5,32.563,1.408,258,0,nan,nan,0.000,36269.957,0.797,1.8940e+09,nan,8.1441e+09
145.5,33.249,1.438,263,0,nan,nan,0.000,36269.957,0.761,1.8940e+09,nan,8.1441e+09
148.5,33.934,1.468,260,0,nan,nan,0.000,36269.957,0.806,1.8940e+09,nan,8.1441e+09
151.5,34.620,1.497,254,0,nan,nan,0.000,36269.957,0.790,1.8940e+09,nan,8.1441e+09
154.5,35.306,1.527,254,0,nan,nan,0.000,36269.957,0.829,1.8940e+09,nan,8.1441e+09
157.5,35.991,1.557,258,0,nan,nan,0.000,36269.957,0.809,1.8940e+09,nan,8.1441e+09
160.5,36.677,1.586,252,0,nan,nan,0.000,36269.957,0.850,1.8940e+09,nan,8.1441e+09
163.5,37.362,1.616,259,0,nan,nan,0.000,36269.957,0.835,1.8940e+09,nan,8.1441e+09
166.5,38.048,1.645,250,0,nan,nan,0.000,36269.957,0.876,1.8940e+09,nan,8.1441e+09
169.5,38.733,1.675,259,0,nan,nan,0.000,36269.957,0.856,1.8940e+09,nan,8.1441e+09
172.5,39.419,1.705,244,0,nan,nan,0.000,36269.957,0.912,1.8940e+09,nan,8.1441e+09
175.5,40.104,1.734,265,0,nan,nan,0.000,36269.957,0.885,1.8940e+09,nan,8.1441e+09
178.5,40.790,1.764,242,0,nan,nan,0.000,36269.957,0.942,1.8940e+09,nan,8.1441e+09
181.5,41.475,1.794,258,0,nan,nan,0.000,36269.957,0.915,1.8940e+09,nan,8.1441e+09
184.5,42.161,1.823,245,0,nan,nan,0.000,36269.957,0.965,1.8940e+09,nan,8.1441e+09
187.5,42.846,1.853,255,0,nan,nan,0.000,36269.957,0.963,1.8940e+09,nan,8.1441e+09
190.5,43.532,1.883,249,0,nan,nan,0.000,36269.957,0.986,1.8940e+09,nan,8.1441e+09
193.5,44.218,1.912,242,0,nan,nan,0.000,36269.957,1.014,1.8940e+09,nan,8.1441e+09
196.5,44.903,1.942,243,0,nan,nan,0.000,36269.957,1.020,1.8940e+09,nan,8.1441e+09
199.5,45.589,1.972,236,0,nan,nan,0.000,36269.957,1.071,1.8940e+09,nan,8.1441e+09
202.5,46.274,2.001,234,0,nan,nan,0.000,36269.957,1.064,1.8940e+09,nan,8.1441e+09
205.5,46.960,2.031,223,0,nan,nan,0.000,36269.957,1.124,1.8940e+09,nan,8.1441e+09
208.5,47.645,2.061,228,0,nan,nan,0.000,36269.957,1.119,1.8940e+09,nan,8.1441e+09
211.5,48.331,2.090,215,0,nan,nan,0.000,36269.957,1.195,1.8940e+09,nan,8.1441e+09
214.5,49.016,2.120,220,0,nan,nan,0.000,36269.957,1.186,1.8940e+09,nan,8.1441e+09
217.5,49.702,2.150,213,0,nan,nan,0.000,36269.957,1.266,1.8940e+09,nan,8.1441e+09
220.5,50.387,2.179,213,0,nan,nan,0.000,36269.957,1.251,1.8940e+09,nan,8.1441e+09
223.5,51.073,2.209,201,0,nan,nan,0.000,36269.957,1.383,1.8940e+09,nan,8.1441e+09
226.5,51.759,2.238,209,0,nan,nan,0.000,36269.957,1.308,1.8940e+09,nan,8.1441e+09
229.5,52.444,2.268,196,0,nan,nan,0.000,36269.957,1.560,1.8940e+09,nan,8.1441e+09
232.5,53.130,2.298,202,0,nan,nan,0.000,36269.957,1.405,1.8940e+09,nan,8.1441e+09
235.5,53.815,2.327,192,0,nan,nan,0.000,36269.957,1.714,1.8940e+09,nan,8.1441e+09
238.5,54.501,2.357,197,0,nan,nan,0.000,36269.957,1.565,1.8940e+09,nan,8.1441e+09
241.5,55.186,2.387,179,0,nan,nan,0.000,36269.957,2.016,1.8940e+09,nan,8.1441e+09
244.5,55.872,2.416,196,0,nan,nan,0.000,36269.957,1.828,1.8940e+09,nan,8.1441e+09
247.5,56.557,2.446,173,0,nan,nan,0.000,36269.957,2.690,1.8940e+09,nan,8.1441e+09
250.5,57.243,2.476,191,0,nan,nan,0.000,36269.957,2.651,1.8940e+09,nan,8.1441e+09
253.5,57.928,2.505,164,0,nan,nan,0.000,36269.957,4.976,1.8940e+09,nan,8.1441e+09
256.5,58.614,2.535,189,0,nan,nan,0.000,36269.957,nan,1.8940e+09,nan,8.1441e+09
259.5,59.300,2.565,158,0,nan,nan,0.000,36269.957,nan,1.8940e+09,nan,8.1441e+09
262.5,59.985,2.594,181,0,nan,nan,0.000,36269.957,nan,1.8940e+09,nan,8.1441e+09
265.5,60.671,2.624,156,0,nan,nan,0.000,36269.957,nan,1.8940e+09,nan,8.1441e+09
268.5,61.356,2.654,176,0,nan,nan,0.000,36269.957,nan,1.8940e+09,nan,8.1441e+09
271.5,62.042,2.683,147,0,nan,nan,0.000,36269.957,nan,1.8940e+09,nan,8.1441e+09
274.5,62.727,2.713,170,0,nan,nan,0.000,36269.957,nan,1.8940e+09,nan,8.1441e+09
277.5,63.413,2.742,150,0,nan,nan,0.000,36269.957,nan,1.8940e+09,nan,8.1441e+09
280.5,64.098,2.772,161,0,nan,nan,0.000,36269.957,nan,1.8940e+09,nan,8.1441e+09
283.5,64.784,2.802,143,0,nan,nan,0.000,36269.957,nan,1.8940e+09,nan,8.1441e+09
286.5,65.469,2.831,158,0,nan,nan,0.000,36269.957,nan,1.8940e+09,nan,8.1441e+09
289.5,66.155,2.861,137,0,nan,nan,0.000,36269.957,nan,1.8940e+09,nan,8.1441e+09
292.5,66.841,2.891,152,0,nan,nan,0.000,36269.957,nan,1.8940e+09,nan,8.1441e+09
295.5,67.526,2.920,135,0,nan,nan,0.000,36269.957,nan,1.8940e+09,nan,8.1441e+09
298.5,68.212,2.950,146,0,nan,nan,0.000,36269.957,nan,1.8940e+09,nan,8.1441e+09
301.5,68.897,2.980,129,0,nan,nan,0.000,36269.957,nan,1.8940e+09,nan,8.1441e+09
304.5,69.583,3.009,141,0,nan,nan,0.000,36269.957,nan,1.8940e+09,nan,8.1441e+09
307.5,70.268,3.039,122,0,nan,nan,0.000,36269.957,nan,1.8940e+09,nan,8.1441e+09
310.5,70.954,3.069,139,0,nan,nan,0.000,36269.957,nan,1.8940e+09,nan,8.1441e+09
313.5,71.639,3.098,116,0,nan,nan,0.000,36269.957,nan,1.8940e+09,nan,8.1441e+09
316.5,72.325,3.128,133,0,nan,nan,0.000,36269.957,nan,1.8940e+09,nan,8.1441e+09
319.5,73.010,3.158,114,0,nan,nan,0.000,36269.957,nan,1.8940e+09,nan,8.1441e+09
322.5,73.696,3.187,126,0,nan,nan,0.000,36269.957,nan,1.8940e+09,nan,8.1441e+09
325.5,74.382,3.217,110,0,nan,nan,0.000,36269.957,nan,1.8940e+09,nan,8.1441e+09
328.5,75.067,3.246,119,0,nan,nan,0.000,36269.957,nan,1.8940e+09,nan,8.1441e+09
331.5,75.753,3.276,107,0,nan,nan,0.000,36269.957,nan,1.8940e+09,nan,8.1441e+09
334.5,76.438,3.306,114,0,nan,nan,0.000,36269.957,nan,1.8940e+09,nan,8.1441e+09
337.5,77.124,3.335,107,0,nan,nan,0.000,36269.957,nan,1.8940e+09,nan,8.1441e+09
340.5,77.809,3.365,104,0,nan,nan,0.000,36269.957,nan,1.8940e+09,nan,8.1441e+09
343.5,78.495,3.395,105,0,nan,nan,0.000,36269.957,nan,1.8940e+09,nan,8.1441e+09
346.5,79.180,3.424,98,0,nan,nan,0.000,36269.957,nan,1.8940e+09,nan,8.1441e+09
349.5,79.866,3.454,103,0,nan,nan,0.000,36269.957,nan,1.8940e+09,nan,8.1441e+09
352.5,80.551,3.484,90,0,nan,nan,0.000,36269.957,nan,1.8940e+09,nan,8.1441e+09
355.5,81.237,3.513,97,0,nan,nan,0.000,36269.957,nan,1.8940e+09,nan,8.1441e+09
358.5,81.922,3.543,87,0,nan,nan,0.000,36269.957,nan,1.8940e+09,nan,8.1441e+09
361.5,82.608,3.573,93,0,nan,nan,0.000,36269.957,nan,1.8940e+09,nan,8.1441e+09
364.5,83.294,3.602,82,0,nan,nan,0.000,36269.957,nan,1.8940e+09,nan,8.1441e+09
367.5,83.979,3.632,88,0,nan,nan,0.000,36269.957,nan,1.8940e+09,nan,8.1441e+09
370.5,84.665,3.662,77,0,nan,nan,0.000,36269.957,nan,1.8940e+09,nan,8.1441e+09
373.5,85.350,3.691,84,0,nan,nan,0.000,36269.957,nan,1.8940e+09,nan,8.1441e+09
376.5,86.036,3.721,73,0,nan,nan,0.000,36269.957,nan,1.8940e+09,nan,8.1441e+09
379.5,86.721,3.751,78,0,nan,nan,0.000,36269.957,nan,1.8940e+09,nan,8.1441e+09
382.5,87.407,3.780,69,0,nan,nan,0.000,36269.957,nan,1.8940e+09,nan,8.1441e+09
385.5,88.092,3.810,73,0,nan,nan,0.000,36269.957,nan,1.8940e+09,nan,8.1441e+09
388.5,88.778,3.839,66,0,nan,nan,0.000,36269.957,nan,1.8940e+09,nan,8.1441e+09
391.5,89.463,3.869,67,0,nan,nan,0.000,36269.957,nan,1.8940e+09,nan,8.1441e+09
394.5,90.149,3.899,62,0,nan,nan,0.000,36269.957,nan,1.8940e+09,nan,8.1441e+09
397.5,90.835,3.928,62,0,nan,nan,0.000,36269.957,nan,1.8940e+09,nan,8.1441e+09
400.5,91.520,3.958,59,0,nan,nan,0.000,36269.957,nan,1.8940e+09,nan,8.1441e+09
403.5,92.206,3.988,57,0,nan,nan,0.000,36269.957,nan,1.8940e+09,nan,8.1441e+09
406.5,92.891,4.017,54,0,nan,nan,0.000,36269.957,nan,1.8940e+09,nan,8.1441e+09
409.5,93.577,4.047,51,0,nan,nan,0.000,36269.957,nan,1.8940e+09,nan,8.1441e+09
412.5,94.262,4.077,52,0,nan,nan,0.000,36269.957,nan,1.8940e+09,nan,8.1441e+09
415.5,94.948,4.106,46,0,nan,nan,0.000,36269.957,nan,1.8940e+09,nan,8.1441e+09
418.5,95.633,4.136,47,0,nan,nan,0.000,36269.957,nan,1.8940e+09,nan,8.1441e+09
421.5,96.319,4.166,41,0,nan,nan,0.000,36269.957,nan,1.8940e+09,nan,8.1441e+09
424.5,97.004,4.195,43,0,nan,nan,0.000,36269.957,nan,1.8940e+09,nan,8.1441e+09
427.5,97.690,4.225,37,0,nan,nan,0.000,36269.957,nan,1.8940e+09,nan,8.1441e+09
430.5,98.376,4.255,38,0,nan,nan,0.000,36269.957,nan,1.8940e+09,nan,8.1441e+09
433.5,99.061,4.284,32,0,nan,nan,0.000,36269.957,nan,1.8940e+09,nan,8.1441e+09
436.5,99.747,4.314,33,0,nan,nan,0.000,36269.957,nan,1.8940e+09,nan,8.1441e+09
439.5,100.432,4.343,30,0,nan,nan,0.000,36269.957,nan,1.8940e+09,nan,8.1441e+09
442.5,101.118,4.373,27,0,nan,nan,0.000,36269.957,nan,1.8940e+09,nan,8.1441e+09
445.5,101.803,4.403,26,0,nan,nan,0.000,36269.957,nan,1.8940e+09,nan,8.1441e+09
448.5,102.489,4.432,22,0,nan,nan,0.000,36269.957,nan,1.8940e+09,nan,8.1441e+09
451.5,103.174,4.462,23,0,nan,nan,0.000,36269.957,nan,1.8940e+09,nan,8.1441e+09
454.5,103.860,4.492,17,0,nan,nan,0.000,36269.957,nan,1.8940e+09,nan,8.1441e+09
457.5,104.545,4.521,18,0,nan,nan,0.000,36269.957,nan,1.8940e+09,nan,8.1441e+09
460.5,105.231,4.551,12,0,nan,nan,0.000,36269.957,nan,1.8940e+09,nan,8.1441e+09
463.5,105.917,4.581,14,0,nan,nan,0.000,36269.957,nan,1.8940e+09,nan,8.1441e+09
466.5,106.602,4.610,8,0,nan,nan,0.000,36269.957,nan,1.8940e+09,nan,8.1441e+09
469.5,107.288,4.640,9,0,nan,nan,0.000,36269.957,nan,1.8940e+09,nan,8.1441e+09
472.5,107.973,4.670,3,0,nan,nan,0.000,36269.957,nan,1.8940e+09,nan,8.1441e+09
475.5,108.659,4.699,4,0,nan,nan,0.000,36269.957,nan,1.8940e+09,nan,8.1441e+09
478.5,109.344,4.729,1,0,nan,nan,0.000,36269.957,nan,1.8940e+09,nan,8.1441e+09
