edge_pydb/dat_prof/radprof/build/rproftxt/NGC5406.de20_smob1.rprof.txt
# %ECSV 0.9
# ---
# datatype:
# - {name: radius, unit: arcsec, datatype: float64, description: Adopting RA=210.0838 deg DEC=38.9154 deg PA=111.4 INC=45.0}
# - {name: r_kpc, unit: kpc, datatype: float64, format: 10.3f, description: Adopting distance of 77.84 Mpc}
# - {name: r_r25, unit: '', datatype: float64, format: 10.3f, description: Adopting R25=50.83 arcsec}
# - {name: npix, datatype: int64}
# - {name: ngood, datatype: int64, description: Requiring fill fraction of 0.1 npix}
# - {name: wtmean, unit: K km / s, datatype: float64, format: 10.3f, description: Replaced blanks with 1 times NGC5406.co.de20_smo.emom0max.fits}
# - {name: rms, unit: K km / s, datatype: float32}
# - {name: annsum, unit: K km pix / s, datatype: float32, format: 10.3f}
# - {name: cumsum, unit: K km pix / s, datatype: float32}
# - {name: detlim, unit: K km / s, datatype: float64, format: 10.3f}
# - {name: cumlum, unit: K km pc2 / s, datatype: float32, format: 10.4e}
# - {name: sigmol, unit: solMass / pc2, datatype: float64, format: 10.3f}
# - {name: cummass, unit: solMass, datatype: float32, format: 10.4e}
# delimiter: ','
# schema: astropy-2.0
radius,r_kpc,r_r25,npix,ngood,wtmean,rms,annsum,cumsum,detlim,cumlum,sigmol,cummass
1.0,0.377,0.020,9,9,4.874,1.9682951,62.032,62.031555,8.729,8.8341e+06,20.957,3.7987e+07
3.0,1.132,0.059,26,24,3.183,1.8969197,117.020,179.05151,5.143,2.5499e+07,13.685,1.0965e+08
5.0,1.887,0.098,44,36,2.162,1.1998246,134.513,313.56442,3.990,4.4656e+07,9.295,1.9202e+08
7.0,2.642,0.138,59,46,1.851,0.6053135,154.466,468.03064,3.576,6.6654e+07,7.960,2.8661e+08
9.0,3.396,0.177,85,72,1.909,0.6302767,229.472,697.5022,3.083,9.9333e+07,8.208,4.2713e+08
11.0,4.151,0.216,96,90,2.426,1.3679371,329.372,1026.8743,2.975,1.4624e+08,10.432,6.2883e+08
13.0,4.906,0.256,116,112,2.832,1.9492613,464.614,1491.4878,2.727,2.1241e+08,12.178,9.1335e+08
15.0,5.661,0.295,134,134,3.508,2.629571,664.787,2156.2744,2.576,3.0708e+08,15.085,1.3204e+09
17.0,6.415,0.334,155,155,3.544,2.6747174,776.792,2933.0662,2.380,4.1771e+08,15.238,1.7961e+09
19.0,7.170,0.374,166,166,3.443,2.3384202,808.185,3741.2512,2.301,5.3280e+08,14.803,2.2911e+09
21.0,7.925,0.413,186,186,3.324,2.4311168,874.355,4615.6064,2.153,6.5732e+08,14.293,2.8265e+09
23.0,8.680,0.452,204,202,2.981,1.9186544,860.087,5475.694,2.067,7.7981e+08,12.819,3.3532e+09
25.0,9.434,0.492,222,204,2.648,1.3174455,831.332,6307.0254,1.999,8.9820e+08,11.386,3.8623e+09
27.0,10.189,0.531,236,216,2.574,1.277624,859.019,7166.0444,1.964,1.0205e+09,11.067,4.3883e+09
29.0,10.944,0.571,263,237,2.380,0.9782933,885.124,8051.1685,1.894,1.1466e+09,10.233,4.9303e+09
31.0,11.699,0.610,276,228,2.540,1.1411041,991.281,9042.449,1.893,1.2878e+09,10.921,5.5374e+09
33.0,12.453,0.649,292,215,2.554,1.0755208,1054.632,10097.081,1.885,1.4380e+09,10.982,6.1832e+09
35.0,13.208,0.689,304,203,2.298,0.6811513,987.902,11084.983,1.898,1.5786e+09,9.881,6.7882e+09
37.0,13.963,0.728,334,210,2.277,0.7527105,1075.369,12160.353,1.865,1.7318e+09,9.790,7.4467e+09
39.0,14.718,0.767,346,177,2.350,0.7220508,1149.651,13310.004,1.891,1.8955e+09,10.103,8.1507e+09
41.0,15.472,0.807,362,144,2.395,0.5361857,1225.916,14535.92,1.910,2.0701e+09,10.297,8.9014e+09
43.0,16.227,0.846,389,99,2.457,0.42885143,1351.898,15887.818,1.910,2.2626e+09,10.567,9.7293e+09
45.0,16.982,0.885,400,53,2.603,0.3638998,1472.264,17360.082,1.958,2.4723e+09,11.191,1.0631e+10
47.0,17.737,0.925,417,30,nan,nan,0.000,17360.082,1.997,2.4723e+09,nan,1.0631e+10
49.0,18.491,0.964,433,20,nan,nan,0.000,17360.082,2.044,2.4723e+09,nan,1.0631e+10
51.0,19.246,1.003,459,9,nan,nan,0.000,17360.082,2.126,2.4723e+09,nan,1.0631e+10
53.0,20.001,1.043,420,0,nan,nan,0.000,17360.082,2.355,2.4723e+09,nan,1.0631e+10
55.0,20.756,1.082,395,0,nan,nan,0.000,17360.082,2.464,2.4723e+09,nan,1.0631e+10
57.0,21.510,1.121,373,0,nan,nan,0.000,17360.082,2.640,2.4723e+09,nan,1.0631e+10
59.0,22.265,1.161,362,0,nan,nan,0.000,17360.082,2.823,2.4723e+09,nan,1.0631e+10
61.0,23.020,1.200,353,0,nan,nan,0.000,17360.082,3.007,2.4723e+09,nan,1.0631e+10
63.0,23.775,1.239,350,0,nan,nan,0.000,17360.082,3.258,2.4723e+09,nan,1.0631e+10
65.0,24.529,1.279,343,0,nan,nan,0.000,17360.082,3.562,2.4723e+09,nan,1.0631e+10
67.0,25.284,1.318,323,0,nan,nan,0.000,17360.082,3.980,2.4723e+09,nan,1.0631e+10
69.0,26.039,1.357,239,0,nan,nan,0.000,17360.082,4.871,2.4723e+09,nan,1.0631e+10
71.0,26.794,1.397,202,0,nan,nan,0.000,17360.082,6.589,2.4723e+09,nan,1.0631e+10
73.0,27.548,1.436,164,0,nan,nan,0.000,17360.082,nan,2.4723e+09,nan,1.0631e+10
75.0,28.303,1.476,127,0,nan,nan,0.000,17360.082,nan,2.4723e+09,nan,1.0631e+10
77.0,29.058,1.515,107,0,nan,nan,0.000,17360.082,nan,2.4723e+09,nan,1.0631e+10
79.0,29.813,1.554,88,0,nan,nan,0.000,17360.082,nan,2.4723e+09,nan,1.0631e+10
81.0,30.567,1.594,80,0,nan,nan,0.000,17360.082,nan,2.4723e+09,nan,1.0631e+10
83.0,31.322,1.633,68,0,nan,nan,0.000,17360.082,nan,2.4723e+09,nan,1.0631e+10
85.0,32.077,1.672,56,0,nan,nan,0.000,17360.082,nan,2.4723e+09,nan,1.0631e+10
87.0,32.832,1.712,45,0,nan,nan,0.000,17360.082,nan,2.4723e+09,nan,1.0631e+10
89.0,33.586,1.751,39,0,nan,nan,0.000,17360.082,nan,2.4723e+09,nan,1.0631e+10
91.0,34.341,1.790,28,0,nan,nan,0.000,17360.082,nan,2.4723e+09,nan,1.0631e+10
93.0,35.096,1.830,17,0,nan,nan,0.000,17360.082,nan,2.4723e+09,nan,1.0631e+10
95.0,35.851,1.869,8,0,nan,nan,0.000,17360.082,nan,2.4723e+09,nan,1.0631e+10
97.0,36.606,1.908,1,0,nan,nan,0.000,17360.082,nan,2.4723e+09,nan,1.0631e+10
