edge_pydb/dat_prof/radprof/build/rproftxt/NGC5657.de20_smob1.rprof.txt
# %ECSV 0.9
# ---
# datatype:
# - {name: radius, unit: arcsec, datatype: float64, description: Adopting RA=217.6817 deg DEC=29.1807 deg PA=349.0 INC=68.3}
# - {name: r_kpc, unit: kpc, datatype: float64, format: 10.3f, description: Adopting distance of 56.33 Mpc}
# - {name: r_r25, unit: '', datatype: float64, format: 10.3f, description: Adopting R25=52.50 arcsec}
# - {name: npix, datatype: int64}
# - {name: ngood, datatype: int64, description: Requiring fill fraction of 0.1 npix}
# - {name: wtmean, unit: K km / s, datatype: float64, format: 10.3f, description: Replaced blanks with 1 times NGC5657.co.de20_smo.emom0max.fits}
# - {name: rms, unit: K km / s, datatype: float32}
# - {name: annsum, unit: K km pix / s, datatype: float32, format: 10.3f}
# - {name: cumsum, unit: K km pix / s, datatype: float32}
# - {name: detlim, unit: K km / s, datatype: float64, format: 10.3f}
# - {name: cumlum, unit: K km pc2 / s, datatype: float32, format: 10.4e}
# - {name: sigmol, unit: solMass / pc2, datatype: float64, format: 10.3f}
# - {name: cummass, unit: solMass, datatype: float32, format: 10.4e}
# delimiter: ','
# schema: astropy-2.0
radius,r_kpc,r_r25,npix,ngood,wtmean,rms,annsum,cumsum,detlim,cumlum,sigmol,cummass
1.0,0.273,0.019,4,4,22.556,0.90407765,244.020,244.02046,11.062,1.8202e+07,96.993,7.8269e+07
3.0,0.819,0.057,15,15,14.915,5.4679956,605.071,849.0913,5.652,6.3336e+07,64.134,2.7234e+08
5.0,1.366,0.095,24,24,8.819,5.8799853,572.462,1421.5536,4.421,1.0604e+08,37.924,4.5596e+08
7.0,1.912,0.133,32,32,6.057,4.4450026,524.176,1945.7295,3.793,1.4514e+08,26.044,6.2409e+08
9.0,2.458,0.171,40,40,4.256,3.2825024,460.439,2406.1685,3.362,1.7948e+08,18.301,7.7177e+08
11.0,3.004,0.210,51,51,3.063,2.416703,422.534,2828.7026,2.910,2.1100e+08,13.172,9.0730e+08
13.0,3.551,0.248,61,61,2.729,1.8786182,450.250,3278.9526,2.553,2.4458e+08,11.735,1.0517e+09
15.0,4.097,0.286,71,71,1.912,1.273772,367.224,3646.1765,2.256,2.7198e+08,8.223,1.1695e+09
17.0,4.643,0.324,82,77,1.525,0.963712,338.307,3984.4832,1.987,2.9721e+08,6.559,1.2780e+09
19.0,5.189,0.362,82,70,1.369,0.6575593,303.639,4288.122,1.958,3.1986e+08,5.887,1.3754e+09
21.0,5.735,0.400,98,78,1.511,1.0619853,400.459,4688.581,1.781,3.4973e+08,6.497,1.5038e+09
23.0,6.282,0.438,110,73,1.420,0.7960457,422.351,5110.9316,1.657,3.8124e+08,6.105,1.6393e+09
25.0,6.828,0.476,115,62,1.384,0.65474206,430.384,5541.3154,1.633,4.1334e+08,5.950,1.7774e+09
27.0,7.374,0.514,125,55,1.279,0.34684536,432.277,5973.593,1.576,4.4558e+08,5.498,1.9160e+09
29.0,7.920,0.552,135,40,1.254,0.26176858,457.990,6431.5825,1.528,4.7975e+08,5.394,2.0629e+09
31.0,8.467,0.591,143,31,1.228,0.21184464,474.753,6906.3354,1.514,5.1516e+08,5.278,2.2152e+09
33.0,9.013,0.629,158,14,nan,nan,0.000,6906.3354,1.460,5.1516e+08,nan,2.2152e+09
35.0,9.559,0.667,155,5,nan,nan,0.000,6906.3354,1.513,5.1516e+08,nan,2.2152e+09
37.0,10.105,0.705,180,2,nan,nan,0.000,6906.3354,1.440,5.1516e+08,nan,2.2152e+09
39.0,10.652,0.743,178,0,nan,nan,0.000,6906.3354,1.481,5.1516e+08,nan,2.2152e+09
41.0,11.198,0.781,183,0,nan,nan,0.000,6906.3354,1.509,5.1516e+08,nan,2.2152e+09
43.0,11.744,0.819,204,0,nan,nan,0.000,6906.3354,1.473,5.1516e+08,nan,2.2152e+09
45.0,12.290,0.857,214,0,nan,nan,0.000,6906.3354,1.487,5.1516e+08,nan,2.2152e+09
47.0,12.836,0.895,218,0,nan,nan,0.000,6906.3354,1.530,5.1516e+08,nan,2.2152e+09
49.0,13.383,0.933,221,0,nan,nan,0.000,6906.3354,1.568,5.1516e+08,nan,2.2152e+09
51.0,13.929,0.972,235,0,nan,nan,0.000,6906.3354,1.595,5.1516e+08,nan,2.2152e+09
53.0,14.475,1.010,204,0,nan,nan,0.000,6906.3354,1.661,5.1516e+08,nan,2.2152e+09
55.0,15.021,1.048,202,0,nan,nan,0.000,6906.3354,1.638,5.1516e+08,nan,2.2152e+09
57.0,15.568,1.086,184,0,nan,nan,0.000,6906.3354,1.731,5.1516e+08,nan,2.2152e+09
59.0,16.114,1.124,188,0,nan,nan,0.000,6906.3354,1.705,5.1516e+08,nan,2.2152e+09
61.0,16.660,1.162,178,0,nan,nan,0.000,6906.3354,1.774,5.1516e+08,nan,2.2152e+09
63.0,17.206,1.200,176,0,nan,nan,0.000,6906.3354,1.773,5.1516e+08,nan,2.2152e+09
65.0,17.753,1.238,177,0,nan,nan,0.000,6906.3354,1.799,5.1516e+08,nan,2.2152e+09
67.0,18.299,1.276,173,0,nan,nan,0.000,6906.3354,1.808,5.1516e+08,nan,2.2152e+09
69.0,18.845,1.314,166,0,nan,nan,0.000,6906.3354,1.888,5.1516e+08,nan,2.2152e+09
71.0,19.391,1.352,175,0,nan,nan,0.000,6906.3354,1.838,5.1516e+08,nan,2.2152e+09
73.0,19.937,1.391,172,0,nan,nan,0.000,6906.3354,1.887,5.1516e+08,nan,2.2152e+09
75.0,20.484,1.429,162,0,nan,nan,0.000,6906.3354,1.956,5.1516e+08,nan,2.2152e+09
77.0,21.030,1.467,168,0,nan,nan,0.000,6906.3354,1.950,5.1516e+08,nan,2.2152e+09
79.0,21.576,1.505,164,0,nan,nan,0.000,6906.3354,1.983,5.1516e+08,nan,2.2152e+09
81.0,22.122,1.543,165,0,nan,nan,0.000,6906.3354,2.012,5.1516e+08,nan,2.2152e+09
83.0,22.669,1.581,167,0,nan,nan,0.000,6906.3354,2.038,5.1516e+08,nan,2.2152e+09
85.0,23.215,1.619,158,0,nan,nan,0.000,6906.3354,2.101,5.1516e+08,nan,2.2152e+09
87.0,23.761,1.657,164,0,nan,nan,0.000,6906.3354,2.119,5.1516e+08,nan,2.2152e+09
89.0,24.307,1.695,164,0,nan,nan,0.000,6906.3354,2.146,5.1516e+08,nan,2.2152e+09
91.0,24.854,1.733,154,0,nan,nan,0.000,6906.3354,2.180,5.1516e+08,nan,2.2152e+09
93.0,25.400,1.772,165,0,nan,nan,0.000,6906.3354,2.248,5.1516e+08,nan,2.2152e+09
95.0,25.946,1.810,165,0,nan,nan,0.000,6906.3354,2.265,5.1516e+08,nan,2.2152e+09
97.0,26.492,1.848,152,0,nan,nan,0.000,6906.3354,2.340,5.1516e+08,nan,2.2152e+09
99.0,27.038,1.886,169,0,nan,nan,0.000,6906.3354,2.328,5.1516e+08,nan,2.2152e+09
101.0,27.585,1.924,156,0,nan,nan,0.000,6906.3354,2.430,5.1516e+08,nan,2.2152e+09
103.0,28.131,1.962,157,0,nan,nan,0.000,6906.3354,2.481,5.1516e+08,nan,2.2152e+09
105.0,28.677,2.000,160,0,nan,nan,0.000,6906.3354,2.574,5.1516e+08,nan,2.2152e+09
107.0,29.223,2.038,159,0,nan,nan,0.000,6906.3354,2.584,5.1516e+08,nan,2.2152e+09
109.0,29.770,2.076,156,0,nan,nan,0.000,6906.3354,2.664,5.1516e+08,nan,2.2152e+09
111.0,30.316,2.114,164,0,nan,nan,0.000,6906.3354,2.762,5.1516e+08,nan,2.2152e+09
113.0,30.862,2.153,143,0,nan,nan,0.000,6906.3354,2.892,5.1516e+08,nan,2.2152e+09
115.0,31.408,2.191,167,0,nan,nan,0.000,6906.3354,2.864,5.1516e+08,nan,2.2152e+09
117.0,31.955,2.229,158,0,nan,nan,0.000,6906.3354,3.043,5.1516e+08,nan,2.2152e+09
119.0,32.501,2.267,152,0,nan,nan,0.000,6906.3354,3.144,5.1516e+08,nan,2.2152e+09
121.0,33.047,2.305,159,0,nan,nan,0.000,6906.3354,3.353,5.1516e+08,nan,2.2152e+09
123.0,33.593,2.343,151,0,nan,nan,0.000,6906.3354,3.405,5.1516e+08,nan,2.2152e+09
125.0,34.140,2.381,125,0,nan,nan,0.000,6906.3354,3.644,5.1516e+08,nan,2.2152e+09
127.0,34.686,2.419,107,0,nan,nan,0.000,6906.3354,3.857,5.1516e+08,nan,2.2152e+09
129.0,35.232,2.457,100,0,nan,nan,0.000,6906.3354,4.243,5.1516e+08,nan,2.2152e+09
131.0,35.778,2.495,89,0,nan,nan,0.000,6906.3354,4.510,5.1516e+08,nan,2.2152e+09
133.0,36.324,2.534,84,0,nan,nan,0.000,6906.3354,5.028,5.1516e+08,nan,2.2152e+09
135.0,36.871,2.572,77,0,nan,nan,0.000,6906.3354,6.759,5.1516e+08,nan,2.2152e+09
137.0,37.417,2.610,67,0,nan,nan,0.000,6906.3354,31.242,5.1516e+08,nan,2.2152e+09
139.0,37.963,2.648,63,0,nan,nan,0.000,6906.3354,nan,5.1516e+08,nan,2.2152e+09
141.0,38.509,2.686,59,0,nan,nan,0.000,6906.3354,nan,5.1516e+08,nan,2.2152e+09
143.0,39.056,2.724,53,0,nan,nan,0.000,6906.3354,nan,5.1516e+08,nan,2.2152e+09
145.0,39.602,2.762,46,0,nan,nan,0.000,6906.3354,nan,5.1516e+08,nan,2.2152e+09
147.0,40.148,2.800,41,0,nan,nan,0.000,6906.3354,nan,5.1516e+08,nan,2.2152e+09
149.0,40.694,2.838,38,0,nan,nan,0.000,6906.3354,nan,5.1516e+08,nan,2.2152e+09
151.0,41.241,2.876,30,0,nan,nan,0.000,6906.3354,nan,5.1516e+08,nan,2.2152e+09
153.0,41.787,2.915,29,0,nan,nan,0.000,6906.3354,nan,5.1516e+08,nan,2.2152e+09
155.0,42.333,2.953,21,0,nan,nan,0.000,6906.3354,nan,5.1516e+08,nan,2.2152e+09
157.0,42.879,2.991,18,0,nan,nan,0.000,6906.3354,nan,5.1516e+08,nan,2.2152e+09
159.0,43.425,3.029,12,0,nan,nan,0.000,6906.3354,nan,5.1516e+08,nan,2.2152e+09
161.0,43.972,3.067,9,0,nan,nan,0.000,6906.3354,nan,5.1516e+08,nan,2.2152e+09
163.0,44.518,3.105,5,0,nan,nan,0.000,6906.3354,nan,5.1516e+08,nan,2.2152e+09
165.0,45.064,3.143,0,0,nan,nan,0.000,6906.3354,nan,5.1516e+08,nan,2.2152e+09
