edge_pydb/dat_prof/radprof/build/rproftxt/NGC5520.de20_smob1.rprof.txt
# %ECSV 0.9
# ---
# datatype:
# - {name: radius, unit: arcsec, datatype: float64, description: Adopting RA=213.0950 deg DEC=50.3485 deg PA=245.1 INC=59.1}
# - {name: r_kpc, unit: kpc, datatype: float64, format: 10.3f, description: Adopting distance of 26.73 Mpc}
# - {name: r_r25, unit: '', datatype: float64, format: 10.3f, description: Adopting R25=48.21 arcsec}
# - {name: npix, datatype: int64}
# - {name: ngood, datatype: int64, description: Requiring fill fraction of 0.1 npix}
# - {name: wtmean, unit: K km / s, datatype: float64, format: 10.3f, description: Replaced blanks with 1 times NGC5520.co.de20_smo.emom0max.fits}
# - {name: rms, unit: K km / s, datatype: float32}
# - {name: annsum, unit: K km pix / s, datatype: float32, format: 10.3f}
# - {name: cumsum, unit: K km pix / s, datatype: float32}
# - {name: detlim, unit: K km / s, datatype: float64, format: 10.3f}
# - {name: cumlum, unit: K km pc2 / s, datatype: float32, format: 10.4e}
# - {name: sigmol, unit: solMass / pc2, datatype: float64, format: 10.3f}
# - {name: cummass, unit: solMass, datatype: float32, format: 10.4e}
# delimiter: ','
# schema: astropy-2.0
radius,r_kpc,r_r25,npix,ngood,wtmean,rms,annsum,cumsum,detlim,cumlum,sigmol,cummass
1.0,0.130,0.021,6,6,17.536,1.5660894,204.880,204.88022,11.945,3.4413e+06,75.404,1.4798e+07
3.0,0.389,0.062,20,20,17.509,2.0974765,681.908,886.78796,6.552,1.4895e+07,75.290,6.4049e+07
5.0,0.648,0.104,32,32,14.008,2.310561,872.901,1759.6892,5.164,2.9557e+07,60.236,1.2709e+08
7.0,0.907,0.145,46,46,10.730,2.2833743,961.108,2720.797,4.115,4.5700e+07,46.138,1.9651e+08
9.0,1.166,0.187,59,59,7.708,2.2277315,885.587,3606.3838,3.431,6.0575e+07,33.145,2.6047e+08
11.0,1.426,0.228,71,71,5.394,1.6337506,745.762,4352.146,3.010,7.3101e+07,23.195,3.1434e+08
13.0,1.685,0.270,82,82,3.794,1.3582938,605.739,4957.8853,2.727,8.3276e+07,16.312,3.5809e+08
15.0,1.944,0.311,96,96,3.036,1.3668587,567.576,5525.461,2.487,9.2809e+07,13.056,3.9908e+08
17.0,2.203,0.353,107,107,2.563,1.261406,534.002,6059.463,2.332,1.0178e+08,11.021,4.3765e+08
19.0,2.462,0.394,128,128,2.163,1.0789742,539.041,6598.5034,2.127,1.1083e+08,9.299,4.7658e+08
21.0,2.722,0.436,134,134,1.838,0.7132496,479.706,7078.2095,2.079,1.1889e+08,7.905,5.1123e+08
23.0,2.981,0.477,149,149,1.616,0.780312,468.901,7547.1104,1.994,1.2677e+08,6.949,5.4509e+08
25.0,3.240,0.519,165,120,1.788,1.0747602,574.488,8121.5986,1.933,1.3642e+08,7.688,5.8659e+08
27.0,3.499,0.560,171,85,1.778,0.7856592,591.957,8713.556,1.929,1.4636e+08,7.644,6.2934e+08
29.0,3.758,0.602,182,53,1.847,0.5189712,654.434,9367.989,1.907,1.5735e+08,7.940,6.7661e+08
31.0,4.018,0.643,198,26,1.922,0.31847072,741.176,10109.165,1.865,1.6980e+08,8.266,7.3014e+08
33.0,4.277,0.685,222,19,nan,nan,0.000,10109.165,1.816,1.6980e+08,nan,7.3014e+08
35.0,4.536,0.726,220,13,nan,nan,0.000,10109.165,1.879,1.6980e+08,nan,7.3014e+08
37.0,4.795,0.768,245,14,nan,nan,0.000,10109.165,1.832,1.6980e+08,nan,7.3014e+08
39.0,5.054,0.809,250,12,nan,nan,0.000,10109.165,1.876,1.6980e+08,nan,7.3014e+08
41.0,5.314,0.850,264,11,nan,nan,0.000,10109.165,1.893,1.6980e+08,nan,7.3014e+08
43.0,5.573,0.892,269,7,nan,nan,0.000,10109.165,1.938,1.6980e+08,nan,7.3014e+08
45.0,5.832,0.933,300,7,nan,nan,0.000,10109.165,1.909,1.6980e+08,nan,7.3014e+08
47.0,6.091,0.975,300,1,nan,nan,0.000,10109.165,2.016,1.6980e+08,nan,7.3014e+08
49.0,6.350,1.016,313,0,nan,nan,0.000,10109.165,2.115,1.6980e+08,nan,7.3014e+08
51.0,6.610,1.058,318,0,nan,nan,0.000,10109.165,2.146,1.6980e+08,nan,7.3014e+08
53.0,6.869,1.099,283,0,nan,nan,0.000,10109.165,2.258,1.6980e+08,nan,7.3014e+08
55.0,7.128,1.141,263,0,nan,nan,0.000,10109.165,2.318,1.6980e+08,nan,7.3014e+08
57.0,7.387,1.182,267,0,nan,nan,0.000,10109.165,2.318,1.6980e+08,nan,7.3014e+08
59.0,7.647,1.224,251,0,nan,nan,0.000,10109.165,2.447,1.6980e+08,nan,7.3014e+08
61.0,7.906,1.265,245,0,nan,nan,0.000,10109.165,2.552,1.6980e+08,nan,7.3014e+08
63.0,8.165,1.307,242,0,nan,nan,0.000,10109.165,2.577,1.6980e+08,nan,7.3014e+08
65.0,8.424,1.348,247,0,nan,nan,0.000,10109.165,2.632,1.6980e+08,nan,7.3014e+08
67.0,8.683,1.390,229,0,nan,nan,0.000,10109.165,2.804,1.6980e+08,nan,7.3014e+08
69.0,8.943,1.431,239,0,nan,nan,0.000,10109.165,2.844,1.6980e+08,nan,7.3014e+08
71.0,9.202,1.473,233,0,nan,nan,0.000,10109.165,2.918,1.6980e+08,nan,7.3014e+08
73.0,9.461,1.514,232,0,nan,nan,0.000,10109.165,3.100,1.6980e+08,nan,7.3014e+08
75.0,9.720,1.556,223,0,nan,nan,0.000,10109.165,3.236,1.6980e+08,nan,7.3014e+08
77.0,9.979,1.597,180,0,nan,nan,0.000,10109.165,3.293,1.6980e+08,nan,7.3014e+08
79.0,10.239,1.639,146,0,nan,nan,0.000,10109.165,3.527,1.6980e+08,nan,7.3014e+08
81.0,10.498,1.680,135,0,nan,nan,0.000,10109.165,3.809,1.6980e+08,nan,7.3014e+08
83.0,10.757,1.722,122,0,nan,nan,0.000,10109.165,4.021,1.6980e+08,nan,7.3014e+08
85.0,11.016,1.763,119,0,nan,nan,0.000,10109.165,4.214,1.6980e+08,nan,7.3014e+08
87.0,11.275,1.805,110,0,nan,nan,0.000,10109.165,4.747,1.6980e+08,nan,7.3014e+08
89.0,11.535,1.846,98,0,nan,nan,0.000,10109.165,5.492,1.6980e+08,nan,7.3014e+08
91.0,11.794,1.888,101,0,nan,nan,0.000,10109.165,6.616,1.6980e+08,nan,7.3014e+08
93.0,12.053,1.929,86,0,nan,nan,0.000,10109.165,19.445,1.6980e+08,nan,7.3014e+08
95.0,12.312,1.971,76,0,nan,nan,0.000,10109.165,nan,1.6980e+08,nan,7.3014e+08
97.0,12.571,2.012,80,0,nan,nan,0.000,10109.165,nan,1.6980e+08,nan,7.3014e+08
99.0,12.831,2.054,71,0,nan,nan,0.000,10109.165,nan,1.6980e+08,nan,7.3014e+08
101.0,13.090,2.095,60,0,nan,nan,0.000,10109.165,nan,1.6980e+08,nan,7.3014e+08
103.0,13.349,2.137,58,0,nan,nan,0.000,10109.165,nan,1.6980e+08,nan,7.3014e+08
105.0,13.608,2.178,53,0,nan,nan,0.000,10109.165,nan,1.6980e+08,nan,7.3014e+08
107.0,13.867,2.220,46,0,nan,nan,0.000,10109.165,nan,1.6980e+08,nan,7.3014e+08
109.0,14.127,2.261,41,0,nan,nan,0.000,10109.165,nan,1.6980e+08,nan,7.3014e+08
111.0,14.386,2.303,35,0,nan,nan,0.000,10109.165,nan,1.6980e+08,nan,7.3014e+08
113.0,14.645,2.344,31,0,nan,nan,0.000,10109.165,nan,1.6980e+08,nan,7.3014e+08
115.0,14.904,2.385,26,0,nan,nan,0.000,10109.165,nan,1.6980e+08,nan,7.3014e+08
117.0,15.163,2.427,19,0,nan,nan,0.000,10109.165,nan,1.6980e+08,nan,7.3014e+08
119.0,15.423,2.468,15,0,nan,nan,0.000,10109.165,nan,1.6980e+08,nan,7.3014e+08
121.0,15.682,2.510,10,0,nan,nan,0.000,10109.165,nan,1.6980e+08,nan,7.3014e+08
123.0,15.941,2.551,6,0,nan,nan,0.000,10109.165,nan,1.6980e+08,nan,7.3014e+08
125.0,16.200,2.593,0,0,nan,nan,0.000,10109.165,nan,1.6980e+08,nan,7.3014e+08
