edge_pydb/dat_prof/radprof/build/rproftxt/NGC6186.smo7_smob0.rprof.txt
# %ECSV 0.9
# ---
# datatype:
# - {name: radius, unit: arcsec, datatype: float64, description: Adopting RA=248.6063 deg DEC=21.5409 deg PA=64.6 INC=71.2}
# - {name: r_kpc, unit: kpc, datatype: float64, format: 10.3f, description: Adopting distance of 42.38 Mpc}
# - {name: r_r25, unit: '', datatype: float64, format: 10.3f, description: Adopting R25=47.11 arcsec}
# - {name: npix, datatype: int64}
# - {name: ngood, datatype: int64, description: Requiring fill fraction of 0.1 npix}
# - {name: wtmean, unit: K km / s, datatype: float64, format: 10.3f, description: Replaced blanks with 0 times NGC6186.co.smo7_smo.emom0max.fits}
# - {name: rms, unit: K km / s, datatype: float32}
# - {name: annsum, unit: K km pix / s, datatype: float32, format: 10.3f}
# - {name: cumsum, unit: K km pix / s, datatype: float32}
# - {name: detlim, unit: K km / s, datatype: float64, format: 10.3f}
# - {name: cumlum, unit: K km pc2 / s, datatype: float32, format: 10.4e}
# - {name: sigmol, unit: solMass / pc2, datatype: float64, format: 10.3f}
# - {name: cummass, unit: solMass, datatype: float32, format: 10.4e}
# delimiter: ','
# schema: astropy-2.0
radius,r_kpc,r_r25,npix,ngood,wtmean,rms,annsum,cumsum,detlim,cumlum,sigmol,cummass
1.5,0.308,0.032,9,9,33.642,2.6022213,939.521,939.5207,5.083,3.9653e+07,144.659,1.7051e+08
4.5,0.924,0.096,26,26,25.517,6.882801,2058.699,2998.2195,2.997,1.2654e+08,109.724,5.4413e+08
7.5,1.541,0.159,46,46,16.809,8.98187,2399.307,5397.5264,2.262,2.2781e+08,72.279,9.7957e+08
10.5,2.157,0.223,69,69,10.212,8.042878,2186.381,7583.907,1.824,3.2008e+08,43.910,1.3764e+09
13.5,2.773,0.287,76,76,6.558,5.931222,1546.651,9130.559,1.656,3.8536e+08,28.201,1.6571e+09
16.5,3.390,0.350,104,104,4.520,4.16092,1458.639,10589.197,1.342,4.4692e+08,19.436,1.9218e+09
19.5,4.006,0.414,112,112,3.176,3.1462905,1103.837,11693.034,1.272,4.9351e+08,13.657,2.1221e+09
22.5,4.622,0.478,144,144,2.469,2.3564608,1103.315,12796.35,1.101,5.4008e+08,10.617,2.3223e+09
25.5,5.239,0.541,146,146,1.816,1.8180553,822.863,13619.213,1.100,5.7481e+08,7.810,2.4717e+09
28.5,5.855,0.605,183,183,1.402,1.5433879,795.859,14415.072,0.989,6.0840e+08,6.027,2.6161e+09
31.5,6.471,0.669,188,188,0.936,1.3765991,546.111,14961.184,0.984,6.3145e+08,4.025,2.7152e+09
34.5,7.088,0.732,214,214,0.539,1.1042246,357.805,15318.988,0.939,6.4655e+08,2.317,2.7802e+09
37.5,7.704,0.796,224,209,0.311,0.8343146,216.182,15535.17,0.937,6.5567e+08,1.337,2.8194e+09
40.5,8.320,0.860,243,197,0.109,0.68548465,82.336,15617.506,0.932,6.5915e+08,0.470,2.8343e+09
43.5,8.937,0.923,268,208,-0.016,0.6005302,-13.433,15604.073,0.918,6.5858e+08,-0.069,2.8319e+09
46.5,9.553,0.987,278,174,-0.050,0.4388418,-42.816,15561.257,0.944,6.5677e+08,-0.213,2.8241e+09
49.5,10.169,1.051,308,150,-0.061,0.29670444,-58.275,15502.981,0.948,6.5431e+08,-0.262,2.8136e+09
52.5,10.786,1.114,312,127,-0.038,0.23167266,-36.760,15466.222,1.005,6.5276e+08,-0.163,2.8069e+09
55.5,11.402,1.178,341,114,-0.039,0.20305805,-41.523,15424.698,1.028,6.5101e+08,-0.169,2.7993e+09
58.5,12.018,1.242,346,76,-0.048,0.19587818,-51.120,15373.578,1.084,6.4885e+08,-0.205,2.7901e+09
61.5,12.635,1.305,382,44,-0.033,0.16376911,-38.828,15334.75,1.076,6.4721e+08,-0.141,2.7830e+09
64.5,13.251,1.369,390,15,nan,nan,0.000,15334.75,1.109,6.4721e+08,nan,2.7830e+09
67.5,13.867,1.433,413,3,nan,nan,0.000,15334.75,1.103,6.4721e+08,nan,2.7830e+09
70.5,14.484,1.496,436,0,nan,nan,0.000,15334.75,1.137,6.4721e+08,nan,2.7830e+09
73.5,15.100,1.560,435,0,nan,nan,0.000,15334.75,1.164,6.4721e+08,nan,2.7830e+09
76.5,15.716,1.624,471,0,nan,nan,0.000,15334.75,1.178,6.4721e+08,nan,2.7830e+09
79.5,16.333,1.688,474,0,nan,nan,0.000,15334.75,1.193,6.4721e+08,nan,2.7830e+09
82.5,16.949,1.751,510,0,nan,nan,0.000,15334.75,1.181,6.4721e+08,nan,2.7830e+09
85.5,17.565,1.815,511,0,nan,nan,0.000,15334.75,1.214,6.4721e+08,nan,2.7830e+09
88.5,18.181,1.879,495,0,nan,nan,0.000,15334.75,1.254,6.4721e+08,nan,2.7830e+09
91.5,18.798,1.942,460,0,nan,nan,0.000,15334.75,1.244,6.4721e+08,nan,2.7830e+09
94.5,19.414,2.006,422,0,nan,nan,0.000,15334.75,1.304,6.4721e+08,nan,2.7830e+09
97.5,20.030,2.070,422,0,nan,nan,0.000,15334.75,1.312,6.4721e+08,nan,2.7830e+09
100.5,20.647,2.133,405,0,nan,nan,0.000,15334.75,1.308,6.4721e+08,nan,2.7830e+09
103.5,21.263,2.197,420,0,nan,nan,0.000,15334.75,1.330,6.4721e+08,nan,2.7830e+09
106.5,21.879,2.261,393,0,nan,nan,0.000,15334.75,1.376,6.4721e+08,nan,2.7830e+09
109.5,22.496,2.324,395,0,nan,nan,0.000,15334.75,1.417,6.4721e+08,nan,2.7830e+09
112.5,23.112,2.388,376,0,nan,nan,0.000,15334.75,1.460,6.4721e+08,nan,2.7830e+09
115.5,23.728,2.452,386,0,nan,nan,0.000,15334.75,1.461,6.4721e+08,nan,2.7830e+09
118.5,24.345,2.515,388,0,nan,nan,0.000,15334.75,1.475,6.4721e+08,nan,2.7830e+09
121.5,24.961,2.579,381,0,nan,nan,0.000,15334.75,1.521,6.4721e+08,nan,2.7830e+09
124.5,25.577,2.643,371,0,nan,nan,0.000,15334.75,1.573,6.4721e+08,nan,2.7830e+09
127.5,26.194,2.706,372,0,nan,nan,0.000,15334.75,1.621,6.4721e+08,nan,2.7830e+09
130.5,26.810,2.770,367,0,nan,nan,0.000,15334.75,1.698,6.4721e+08,nan,2.7830e+09
133.5,27.426,2.834,370,0,nan,nan,0.000,15334.75,1.724,6.4721e+08,nan,2.7830e+09
136.5,28.043,2.897,372,0,nan,nan,0.000,15334.75,1.701,6.4721e+08,nan,2.7830e+09
139.5,28.659,2.961,366,0,nan,nan,0.000,15334.75,1.819,6.4721e+08,nan,2.7830e+09
142.5,29.275,3.025,368,0,nan,nan,0.000,15334.75,1.890,6.4721e+08,nan,2.7830e+09
145.5,29.892,3.088,363,0,nan,nan,0.000,15334.75,1.976,6.4721e+08,nan,2.7830e+09
148.5,30.508,3.152,353,0,nan,nan,0.000,15334.75,2.069,6.4721e+08,nan,2.7830e+09
151.5,31.124,3.216,359,0,nan,nan,0.000,15334.75,2.162,6.4721e+08,nan,2.7830e+09
154.5,31.741,3.279,371,0,nan,nan,0.000,15334.75,2.151,6.4721e+08,nan,2.7830e+09
157.5,32.357,3.343,359,0,nan,nan,0.000,15334.75,2.344,6.4721e+08,nan,2.7830e+09
160.5,32.973,3.407,346,0,nan,nan,0.000,15334.75,2.486,6.4721e+08,nan,2.7830e+09
163.5,33.589,3.471,329,0,nan,nan,0.000,15334.75,2.768,6.4721e+08,nan,2.7830e+09
166.5,34.206,3.534,321,0,nan,nan,0.000,15334.75,2.954,6.4721e+08,nan,2.7830e+09
169.5,34.822,3.598,302,0,nan,nan,0.000,15334.75,3.285,6.4721e+08,nan,2.7830e+09
172.5,35.438,3.662,304,0,nan,nan,0.000,15334.75,3.531,6.4721e+08,nan,2.7830e+09
175.5,36.055,3.725,290,0,nan,nan,0.000,15334.75,4.880,6.4721e+08,nan,2.7830e+09
178.5,36.671,3.789,281,0,nan,nan,0.000,15334.75,15.870,6.4721e+08,nan,2.7830e+09
181.5,37.287,3.853,267,0,nan,nan,0.000,15334.75,nan,6.4721e+08,nan,2.7830e+09
184.5,37.904,3.916,258,0,nan,nan,0.000,15334.75,nan,6.4721e+08,nan,2.7830e+09
187.5,38.520,3.980,253,0,nan,nan,0.000,15334.75,nan,6.4721e+08,nan,2.7830e+09
190.5,39.136,4.044,254,0,nan,nan,0.000,15334.75,nan,6.4721e+08,nan,2.7830e+09
193.5,39.753,4.107,248,0,nan,nan,0.000,15334.75,nan,6.4721e+08,nan,2.7830e+09
196.5,40.369,4.171,235,0,nan,nan,0.000,15334.75,nan,6.4721e+08,nan,2.7830e+09
199.5,40.985,4.235,219,0,nan,nan,0.000,15334.75,nan,6.4721e+08,nan,2.7830e+09
202.5,41.602,4.298,221,0,nan,nan,0.000,15334.75,nan,6.4721e+08,nan,2.7830e+09
205.5,42.218,4.362,211,0,nan,nan,0.000,15334.75,nan,6.4721e+08,nan,2.7830e+09
208.5,42.834,4.426,218,0,nan,nan,0.000,15334.75,nan,6.4721e+08,nan,2.7830e+09
211.5,43.451,4.489,203,0,nan,nan,0.000,15334.75,nan,6.4721e+08,nan,2.7830e+09
214.5,44.067,4.553,198,0,nan,nan,0.000,15334.75,nan,6.4721e+08,nan,2.7830e+09
217.5,44.683,4.617,191,0,nan,nan,0.000,15334.75,nan,6.4721e+08,nan,2.7830e+09
220.5,45.300,4.680,181,0,nan,nan,0.000,15334.75,nan,6.4721e+08,nan,2.7830e+09
223.5,45.916,4.744,176,0,nan,nan,0.000,15334.75,nan,6.4721e+08,nan,2.7830e+09
226.5,46.532,4.808,182,0,nan,nan,0.000,15334.75,nan,6.4721e+08,nan,2.7830e+09
229.5,47.149,4.871,170,0,nan,nan,0.000,15334.75,nan,6.4721e+08,nan,2.7830e+09
232.5,47.765,4.935,165,0,nan,nan,0.000,15334.75,nan,6.4721e+08,nan,2.7830e+09
235.5,48.381,4.999,155,0,nan,nan,0.000,15334.75,nan,6.4721e+08,nan,2.7830e+09
238.5,48.998,5.063,148,0,nan,nan,0.000,15334.75,nan,6.4721e+08,nan,2.7830e+09
241.5,49.614,5.126,144,0,nan,nan,0.000,15334.75,nan,6.4721e+08,nan,2.7830e+09
244.5,50.230,5.190,151,0,nan,nan,0.000,15334.75,nan,6.4721e+08,nan,2.7830e+09
247.5,50.846,5.254,140,0,nan,nan,0.000,15334.75,nan,6.4721e+08,nan,2.7830e+09
250.5,51.463,5.317,131,0,nan,nan,0.000,15334.75,nan,6.4721e+08,nan,2.7830e+09
253.5,52.079,5.381,125,0,nan,nan,0.000,15334.75,nan,6.4721e+08,nan,2.7830e+09
256.5,52.695,5.445,119,0,nan,nan,0.000,15334.75,nan,6.4721e+08,nan,2.7830e+09
259.5,53.312,5.508,111,0,nan,nan,0.000,15334.75,nan,6.4721e+08,nan,2.7830e+09
262.5,53.928,5.572,118,0,nan,nan,0.000,15334.75,nan,6.4721e+08,nan,2.7830e+09
265.5,54.544,5.636,112,0,nan,nan,0.000,15334.75,nan,6.4721e+08,nan,2.7830e+09
268.5,55.161,5.699,104,0,nan,nan,0.000,15334.75,nan,6.4721e+08,nan,2.7830e+09
271.5,55.777,5.763,94,0,nan,nan,0.000,15334.75,nan,6.4721e+08,nan,2.7830e+09
274.5,56.393,5.827,86,0,nan,nan,0.000,15334.75,nan,6.4721e+08,nan,2.7830e+09
277.5,57.010,5.890,84,0,nan,nan,0.000,15334.75,nan,6.4721e+08,nan,2.7830e+09
280.5,57.626,5.954,90,0,nan,nan,0.000,15334.75,nan,6.4721e+08,nan,2.7830e+09
283.5,58.242,6.018,81,0,nan,nan,0.000,15334.75,nan,6.4721e+08,nan,2.7830e+09
286.5,58.859,6.081,70,0,nan,nan,0.000,15334.75,nan,6.4721e+08,nan,2.7830e+09
289.5,59.475,6.145,66,0,nan,nan,0.000,15334.75,nan,6.4721e+08,nan,2.7830e+09
292.5,60.091,6.209,62,0,nan,nan,0.000,15334.75,nan,6.4721e+08,nan,2.7830e+09
295.5,60.708,6.272,55,0,nan,nan,0.000,15334.75,nan,6.4721e+08,nan,2.7830e+09
298.5,61.324,6.336,58,0,nan,nan,0.000,15334.75,nan,6.4721e+08,nan,2.7830e+09
301.5,61.940,6.400,51,0,nan,nan,0.000,15334.75,nan,6.4721e+08,nan,2.7830e+09
304.5,62.557,6.463,45,0,nan,nan,0.000,15334.75,nan,6.4721e+08,nan,2.7830e+09
307.5,63.173,6.527,39,0,nan,nan,0.000,15334.75,nan,6.4721e+08,nan,2.7830e+09
310.5,63.789,6.591,32,0,nan,nan,0.000,15334.75,nan,6.4721e+08,nan,2.7830e+09
313.5,64.406,6.655,28,0,nan,nan,0.000,15334.75,nan,6.4721e+08,nan,2.7830e+09
316.5,65.022,6.718,24,0,nan,nan,0.000,15334.75,nan,6.4721e+08,nan,2.7830e+09
319.5,65.638,6.782,24,0,nan,nan,0.000,15334.75,nan,6.4721e+08,nan,2.7830e+09
322.5,66.255,6.846,18,0,nan,nan,0.000,15334.75,nan,6.4721e+08,nan,2.7830e+09
325.5,66.871,6.909,11,0,nan,nan,0.000,15334.75,nan,6.4721e+08,nan,2.7830e+09
328.5,67.487,6.973,6,0,nan,nan,0.000,15334.75,nan,6.4721e+08,nan,2.7830e+09
331.5,68.103,7.037,2,0,nan,nan,0.000,15334.75,nan,6.4721e+08,nan,2.7830e+09
334.5,68.720,7.100,0,0,nan,nan,0.000,15334.75,nan,6.4721e+08,nan,2.7830e+09
