edge_pydb/dat_prof/radprof/build/rproftxt/NGC6361.de20_smob1.rprof.txt
# %ECSV 0.9
# ---
# datatype:
# - {name: radius, unit: arcsec, datatype: float64, description: Adopting RA=259.6713 deg DEC=60.6081 deg PA=46.8 INC=75.0}
# - {name: r_kpc, unit: kpc, datatype: float64, format: 10.3f, description: Adopting distance of 54.86 Mpc}
# - {name: r_r25, unit: '', datatype: float64, format: 10.3f, description: Adopting R25=61.68 arcsec}
# - {name: npix, datatype: int64}
# - {name: ngood, datatype: int64, description: Requiring fill fraction of 0.1 npix}
# - {name: wtmean, unit: K km / s, datatype: float64, format: 10.3f, description: Replaced blanks with 1 times NGC6361.co.de20_smo.emom0max.fits}
# - {name: rms, unit: K km / s, datatype: float32}
# - {name: annsum, unit: K km pix / s, datatype: float32, format: 10.3f}
# - {name: cumsum, unit: K km pix / s, datatype: float32}
# - {name: detlim, unit: K km / s, datatype: float64, format: 10.3f}
# - {name: cumlum, unit: K km pc2 / s, datatype: float32, format: 10.4e}
# - {name: sigmol, unit: solMass / pc2, datatype: float64, format: 10.3f}
# - {name: cummass, unit: solMass, datatype: float32, format: 10.4e}
# delimiter: ','
# schema: astropy-2.0
radius,r_kpc,r_r25,npix,ngood,wtmean,rms,annsum,cumsum,detlim,cumlum,sigmol,cummass
1.0,0.266,0.016,4,4,44.201,1.7255859,683.111,683.1107,6.717,4.8316e+07,190.062,2.0776e+08
3.0,0.798,0.049,9,9,40.014,3.4456122,1391.418,2074.5286,4.455,1.4673e+08,172.060,6.3094e+08
5.0,1.330,0.081,17,17,35.028,7.2657113,2300.757,4375.285,3.219,3.0946e+08,150.621,1.3307e+09
7.0,1.862,0.113,22,22,28.639,8.277181,2434.329,6809.614,2.802,4.8164e+08,123.146,2.0710e+09
9.0,2.394,0.146,27,27,23.016,6.1928897,2401.061,9210.675,2.442,6.5146e+08,98.970,2.8013e+09
11.0,2.925,0.178,36,36,19.196,7.2285852,2669.998,11880.673,2.026,8.4031e+08,82.542,3.6133e+09
13.0,3.457,0.211,44,44,17.026,6.5575566,2894.416,14775.089,1.777,1.0450e+09,73.211,4.4936e+09
15.0,3.989,0.243,52,52,13.908,5.9593887,2794.214,17569.303,1.594,1.2427e+09,59.803,5.3434e+09
17.0,4.521,0.276,51,51,12.075,6.2445908,2379.410,19948.713,1.550,1.4110e+09,51.923,6.0671e+09
19.0,5.053,0.308,64,64,10.172,6.3153543,2515.182,22463.895,1.368,1.5888e+09,43.737,6.8321e+09
21.0,5.585,0.340,69,69,9.223,6.4531574,2458.787,24922.682,1.302,1.7628e+09,39.659,7.5799e+09
23.0,6.117,0.373,74,74,7.078,6.323002,2023.562,26946.244,1.241,1.9059e+09,30.433,8.1953e+09
25.0,6.649,0.405,81,81,6.429,6.2836456,2011.863,28958.107,1.147,2.0482e+09,27.643,8.8072e+09
27.0,7.181,0.438,82,82,5.954,5.833326,1886.277,30844.385,1.119,2.1816e+09,25.601,9.3808e+09
29.0,7.713,0.470,100,100,4.974,5.390025,1921.658,32766.043,1.021,2.3175e+09,21.387,9.9653e+09
31.0,8.244,0.503,101,101,3.908,4.5515924,1525.105,34291.15,0.995,2.4254e+09,16.805,1.0429e+10
33.0,8.776,0.535,108,108,3.504,4.0426707,1462.172,35753.32,0.950,2.5288e+09,15.067,1.0874e+10
35.0,9.308,0.567,109,109,2.886,3.4062624,1215.246,36968.566,0.940,2.6147e+09,12.408,1.1243e+10
37.0,9.840,0.600,126,126,2.365,2.794517,1151.453,38120.02,0.878,2.6962e+09,10.171,1.1594e+10
39.0,10.372,0.632,129,129,1.860,2.1026547,926.871,39046.89,0.862,2.7617e+09,7.996,1.1876e+10
41.0,10.904,0.665,131,131,1.598,1.5300888,808.984,39855.875,0.852,2.8190e+09,6.873,1.2122e+10
43.0,11.436,0.697,136,130,1.206,1.0712475,633.457,40489.332,0.847,2.8638e+09,5.184,1.2314e+10
45.0,11.968,0.730,150,131,0.963,0.7102411,557.840,41047.17,0.808,2.9032e+09,4.139,1.2484e+10
47.0,12.500,0.762,153,120,0.797,0.40229997,471.121,41518.293,0.811,2.9365e+09,3.427,1.2627e+10
49.0,13.032,0.794,155,112,0.782,0.38748634,468.387,41986.68,0.826,2.9697e+09,3.363,1.2770e+10
51.0,13.563,0.827,167,108,0.709,0.241839,457.285,42443.965,0.808,3.0020e+09,3.047,1.2909e+10
53.0,14.095,0.859,181,119,0.687,0.19249359,480.391,42924.355,0.794,3.0360e+09,2.954,1.3055e+10
55.0,14.627,0.892,172,100,0.691,0.17605995,459.230,43383.586,0.832,3.0685e+09,2.972,1.3194e+10
57.0,15.159,0.924,186,89,0.745,0.26488933,535.070,43918.656,0.829,3.1063e+09,3.201,1.3357e+10
59.0,15.691,0.957,193,84,0.758,0.32372206,565.367,44484.023,0.830,3.1463e+09,3.260,1.3529e+10
61.0,16.223,0.989,198,69,0.743,0.32015413,568.234,45052.258,0.853,3.1865e+09,3.194,1.3702e+10
63.0,16.755,1.021,202,47,0.606,0.34542626,472.953,45525.21,0.886,3.2200e+09,2.606,1.3846e+10
65.0,17.287,1.054,209,46,0.545,0.3345201,440.094,45965.305,0.898,3.2511e+09,2.343,1.3980e+10
67.0,17.819,1.086,221,22,nan,nan,0.000,45965.305,0.886,3.2511e+09,nan,1.3980e+10
69.0,18.350,1.119,228,16,nan,nan,0.000,45965.305,0.889,3.2511e+09,nan,1.3980e+10
71.0,18.882,1.151,226,11,nan,nan,0.000,45965.305,0.946,3.2511e+09,nan,1.3980e+10
73.0,19.414,1.184,240,7,nan,nan,0.000,45965.305,0.928,3.2511e+09,nan,1.3980e+10
75.0,19.946,1.216,245,5,nan,nan,0.000,45965.305,0.909,3.2511e+09,nan,1.3980e+10
77.0,20.478,1.248,244,4,nan,nan,0.000,45965.305,0.940,3.2511e+09,nan,1.3980e+10
79.0,21.010,1.281,208,2,nan,nan,0.000,45965.305,0.972,3.2511e+09,nan,1.3980e+10
81.0,21.542,1.313,180,1,nan,nan,0.000,45965.305,0.960,3.2511e+09,nan,1.3980e+10
83.0,22.074,1.346,179,1,nan,nan,0.000,45965.305,0.932,3.2511e+09,nan,1.3980e+10
85.0,22.606,1.378,162,0,nan,nan,0.000,45965.305,0.981,3.2511e+09,nan,1.3980e+10
87.0,23.138,1.411,155,0,nan,nan,0.000,45965.305,0.989,3.2511e+09,nan,1.3980e+10
89.0,23.669,1.443,152,0,nan,nan,0.000,45965.305,0.984,3.2511e+09,nan,1.3980e+10
91.0,24.201,1.475,152,0,nan,nan,0.000,45965.305,0.975,3.2511e+09,nan,1.3980e+10
93.0,24.733,1.508,136,0,nan,nan,0.000,45965.305,1.037,3.2511e+09,nan,1.3980e+10
95.0,25.265,1.540,146,0,nan,nan,0.000,45965.305,0.997,3.2511e+09,nan,1.3980e+10
97.0,25.797,1.573,138,0,nan,nan,0.000,45965.305,1.008,3.2511e+09,nan,1.3980e+10
99.0,26.329,1.605,138,0,nan,nan,0.000,45965.305,1.010,3.2511e+09,nan,1.3980e+10
101.0,26.861,1.638,126,0,nan,nan,0.000,45965.305,1.067,3.2511e+09,nan,1.3980e+10
103.0,27.393,1.670,130,0,nan,nan,0.000,45965.305,1.056,3.2511e+09,nan,1.3980e+10
105.0,27.925,1.702,136,0,nan,nan,0.000,45965.305,1.007,3.2511e+09,nan,1.3980e+10
107.0,28.457,1.735,125,0,nan,nan,0.000,45965.305,1.054,3.2511e+09,nan,1.3980e+10
109.0,28.988,1.767,121,0,nan,nan,0.000,45965.305,1.094,3.2511e+09,nan,1.3980e+10
111.0,29.520,1.800,117,0,nan,nan,0.000,45965.305,1.106,3.2511e+09,nan,1.3980e+10
113.0,30.052,1.832,129,0,nan,nan,0.000,45965.305,1.043,3.2511e+09,nan,1.3980e+10
115.0,30.584,1.865,118,0,nan,nan,0.000,45965.305,1.093,3.2511e+09,nan,1.3980e+10
117.0,31.116,1.897,113,0,nan,nan,0.000,45965.305,1.133,3.2511e+09,nan,1.3980e+10
119.0,31.648,1.929,111,0,nan,nan,0.000,45965.305,1.144,3.2511e+09,nan,1.3980e+10
121.0,32.180,1.962,120,0,nan,nan,0.000,45965.305,1.091,3.2511e+09,nan,1.3980e+10
123.0,32.712,1.994,109,0,nan,nan,0.000,45965.305,1.159,3.2511e+09,nan,1.3980e+10
125.0,33.244,2.027,107,0,nan,nan,0.000,45965.305,1.174,3.2511e+09,nan,1.3980e+10
127.0,33.776,2.059,108,0,nan,nan,0.000,45965.305,1.174,3.2511e+09,nan,1.3980e+10
129.0,34.307,2.092,115,0,nan,nan,0.000,45965.305,1.130,3.2511e+09,nan,1.3980e+10
131.0,34.839,2.124,96,0,nan,nan,0.000,45965.305,1.257,3.2511e+09,nan,1.3980e+10
133.0,35.371,2.156,103,0,nan,nan,0.000,45965.305,1.205,3.2511e+09,nan,1.3980e+10
135.0,35.903,2.189,106,0,nan,nan,0.000,45965.305,1.204,3.2511e+09,nan,1.3980e+10
137.0,36.435,2.221,104,0,nan,nan,0.000,45965.305,1.208,3.2511e+09,nan,1.3980e+10
139.0,36.967,2.254,92,0,nan,nan,0.000,45965.305,1.316,3.2511e+09,nan,1.3980e+10
141.0,37.499,2.286,94,0,nan,nan,0.000,45965.305,1.302,3.2511e+09,nan,1.3980e+10
143.0,38.031,2.319,108,0,nan,nan,0.000,45965.305,1.213,3.2511e+09,nan,1.3980e+10
145.0,38.563,2.351,97,0,nan,nan,0.000,45965.305,1.287,3.2511e+09,nan,1.3980e+10
147.0,39.095,2.383,89,0,nan,nan,0.000,45965.305,1.380,3.2511e+09,nan,1.3980e+10
149.0,39.626,2.416,86,0,nan,nan,0.000,45965.305,1.394,3.2511e+09,nan,1.3980e+10
151.0,40.158,2.448,100,0,nan,nan,0.000,45965.305,1.294,3.2511e+09,nan,1.3980e+10
153.0,40.690,2.481,92,0,nan,nan,0.000,45965.305,1.369,3.2511e+09,nan,1.3980e+10
155.0,41.222,2.513,85,0,nan,nan,0.000,45965.305,1.458,3.2511e+09,nan,1.3980e+10
157.0,41.754,2.546,82,0,nan,nan,0.000,45965.305,1.480,3.2511e+09,nan,1.3980e+10
159.0,42.286,2.578,97,0,nan,nan,0.000,45965.305,1.372,3.2511e+09,nan,1.3980e+10
161.0,42.818,2.610,79,0,nan,nan,0.000,45965.305,1.534,3.2511e+09,nan,1.3980e+10
163.0,43.350,2.643,82,0,nan,nan,0.000,45965.305,1.533,3.2511e+09,nan,1.3980e+10
165.0,43.882,2.675,82,0,nan,nan,0.000,45965.305,1.547,3.2511e+09,nan,1.3980e+10
167.0,44.414,2.708,89,0,nan,nan,0.000,45965.305,1.512,3.2511e+09,nan,1.3980e+10
169.0,44.945,2.740,70,0,nan,nan,0.000,45965.305,1.733,3.2511e+09,nan,1.3980e+10
171.0,45.477,2.773,81,0,nan,nan,0.000,45965.305,1.624,3.2511e+09,nan,1.3980e+10
173.0,46.009,2.805,80,0,nan,nan,0.000,45965.305,1.657,3.2511e+09,nan,1.3980e+10
175.0,46.541,2.837,80,0,nan,nan,0.000,45965.305,1.663,3.2511e+09,nan,1.3980e+10
177.0,47.073,2.870,68,0,nan,nan,0.000,45965.305,1.895,3.2511e+09,nan,1.3980e+10
179.0,47.605,2.902,70,0,nan,nan,0.000,45965.305,1.909,3.2511e+09,nan,1.3980e+10
181.0,48.137,2.935,82,0,nan,nan,0.000,45965.305,1.785,3.2511e+09,nan,1.3980e+10
183.0,48.669,2.967,75,0,nan,nan,0.000,45965.305,1.879,3.2511e+09,nan,1.3980e+10
185.0,49.201,3.000,64,0,nan,nan,0.000,45965.305,2.197,3.2511e+09,nan,1.3980e+10
187.0,49.733,3.032,63,0,nan,nan,0.000,45965.305,2.217,3.2511e+09,nan,1.3980e+10
189.0,50.264,3.064,78,0,nan,nan,0.000,45965.305,2.067,3.2511e+09,nan,1.3980e+10
191.0,50.796,3.097,69,0,nan,nan,0.000,45965.305,2.379,3.2511e+09,nan,1.3980e+10
193.0,51.328,3.129,60,0,nan,nan,0.000,45965.305,2.704,3.2511e+09,nan,1.3980e+10
195.0,51.860,3.162,59,0,nan,nan,0.000,45965.305,2.918,3.2511e+09,nan,1.3980e+10
197.0,52.392,3.194,73,0,nan,nan,0.000,45965.305,3.332,3.2511e+09,nan,1.3980e+10
199.0,52.924,3.227,62,0,nan,nan,0.000,45965.305,9.103,3.2511e+09,nan,1.3980e+10
201.0,53.456,3.259,58,0,nan,nan,0.000,45965.305,nan,3.2511e+09,nan,1.3980e+10
203.0,53.988,3.291,57,0,nan,nan,0.000,45965.305,nan,3.2511e+09,nan,1.3980e+10
205.0,54.520,3.324,66,0,nan,nan,0.000,45965.305,nan,3.2511e+09,nan,1.3980e+10
207.0,55.051,3.356,50,0,nan,nan,0.000,45965.305,nan,3.2511e+09,nan,1.3980e+10
209.0,55.583,3.389,60,0,nan,nan,0.000,45965.305,nan,3.2511e+09,nan,1.3980e+10
211.0,56.115,3.421,55,0,nan,nan,0.000,45965.305,nan,3.2511e+09,nan,1.3980e+10
213.0,56.647,3.453,59,0,nan,nan,0.000,45965.305,nan,3.2511e+09,nan,1.3980e+10
215.0,57.179,3.486,46,0,nan,nan,0.000,45965.305,nan,3.2511e+09,nan,1.3980e+10
217.0,57.711,3.518,53,0,nan,nan,0.000,45965.305,nan,3.2511e+09,nan,1.3980e+10
219.0,58.243,3.551,54,0,nan,nan,0.000,45965.305,nan,3.2511e+09,nan,1.3980e+10
221.0,58.775,3.583,52,0,nan,nan,0.000,45965.305,nan,3.2511e+09,nan,1.3980e+10
223.0,59.307,3.616,43,0,nan,nan,0.000,45965.305,nan,3.2511e+09,nan,1.3980e+10
225.0,59.839,3.648,46,0,nan,nan,0.000,45965.305,nan,3.2511e+09,nan,1.3980e+10
227.0,60.370,3.680,53,0,nan,nan,0.000,45965.305,nan,3.2511e+09,nan,1.3980e+10
229.0,60.902,3.713,45,0,nan,nan,0.000,45965.305,nan,3.2511e+09,nan,1.3980e+10
231.0,61.434,3.745,40,0,nan,nan,0.000,45965.305,nan,3.2511e+09,nan,1.3980e+10
233.0,61.966,3.778,43,0,nan,nan,0.000,45965.305,nan,3.2511e+09,nan,1.3980e+10
235.0,62.498,3.810,47,0,nan,nan,0.000,45965.305,nan,3.2511e+09,nan,1.3980e+10
237.0,63.030,3.843,38,0,nan,nan,0.000,45965.305,nan,3.2511e+09,nan,1.3980e+10
239.0,63.562,3.875,38,0,nan,nan,0.000,45965.305,nan,3.2511e+09,nan,1.3980e+10
241.0,64.094,3.907,40,0,nan,nan,0.000,45965.305,nan,3.2511e+09,nan,1.3980e+10
243.0,64.626,3.940,40,0,nan,nan,0.000,45965.305,nan,3.2511e+09,nan,1.3980e+10
245.0,65.158,3.972,34,0,nan,nan,0.000,45965.305,nan,3.2511e+09,nan,1.3980e+10
247.0,65.689,4.005,33,0,nan,nan,0.000,45965.305,nan,3.2511e+09,nan,1.3980e+10
249.0,66.221,4.037,37,0,nan,nan,0.000,45965.305,nan,3.2511e+09,nan,1.3980e+10
251.0,66.753,4.070,36,0,nan,nan,0.000,45965.305,nan,3.2511e+09,nan,1.3980e+10
253.0,67.285,4.102,29,0,nan,nan,0.000,45965.305,nan,3.2511e+09,nan,1.3980e+10
255.0,67.817,4.134,30,0,nan,nan,0.000,45965.305,nan,3.2511e+09,nan,1.3980e+10
257.0,68.349,4.167,32,0,nan,nan,0.000,45965.305,nan,3.2511e+09,nan,1.3980e+10
259.0,68.881,4.199,28,0,nan,nan,0.000,45965.305,nan,3.2511e+09,nan,1.3980e+10
261.0,69.413,4.232,27,0,nan,nan,0.000,45965.305,nan,3.2511e+09,nan,1.3980e+10
263.0,69.945,4.264,28,0,nan,nan,0.000,45965.305,nan,3.2511e+09,nan,1.3980e+10
265.0,70.477,4.297,25,0,nan,nan,0.000,45965.305,nan,3.2511e+09,nan,1.3980e+10
267.0,71.008,4.329,23,0,nan,nan,0.000,45965.305,nan,3.2511e+09,nan,1.3980e+10
269.0,71.540,4.361,23,0,nan,nan,0.000,45965.305,nan,3.2511e+09,nan,1.3980e+10
271.0,72.072,4.394,25,0,nan,nan,0.000,45965.305,nan,3.2511e+09,nan,1.3980e+10
273.0,72.604,4.426,20,0,nan,nan,0.000,45965.305,nan,3.2511e+09,nan,1.3980e+10
275.0,73.136,4.459,19,0,nan,nan,0.000,45965.305,nan,3.2511e+09,nan,1.3980e+10
277.0,73.668,4.491,21,0,nan,nan,0.000,45965.305,nan,3.2511e+09,nan,1.3980e+10
279.0,74.200,4.524,20,0,nan,nan,0.000,45965.305,nan,3.2511e+09,nan,1.3980e+10
281.0,74.732,4.556,12,0,nan,nan,0.000,45965.305,nan,3.2511e+09,nan,1.3980e+10
283.0,75.264,4.588,16,0,nan,nan,0.000,45965.305,nan,3.2511e+09,nan,1.3980e+10
285.0,75.796,4.621,18,0,nan,nan,0.000,45965.305,nan,3.2511e+09,nan,1.3980e+10
287.0,76.327,4.653,14,0,nan,nan,0.000,45965.305,nan,3.2511e+09,nan,1.3980e+10
289.0,76.859,4.686,9,0,nan,nan,0.000,45965.305,nan,3.2511e+09,nan,1.3980e+10
291.0,77.391,4.718,12,0,nan,nan,0.000,45965.305,nan,3.2511e+09,nan,1.3980e+10
293.0,77.923,4.751,13,0,nan,nan,0.000,45965.305,nan,3.2511e+09,nan,1.3980e+10
295.0,78.455,4.783,8,0,nan,nan,0.000,45965.305,nan,3.2511e+09,nan,1.3980e+10
297.0,78.987,4.815,6,0,nan,nan,0.000,45965.305,nan,3.2511e+09,nan,1.3980e+10
299.0,79.519,4.848,9,0,nan,nan,0.000,45965.305,nan,3.2511e+09,nan,1.3980e+10
301.0,80.051,4.880,8,0,nan,nan,0.000,45965.305,nan,3.2511e+09,nan,1.3980e+10
303.0,80.583,4.913,3,0,nan,nan,0.000,45965.305,nan,3.2511e+09,nan,1.3980e+10
305.0,81.115,4.945,3,0,nan,nan,0.000,45965.305,nan,3.2511e+09,nan,1.3980e+10
307.0,81.646,4.978,4,0,nan,nan,0.000,45965.305,nan,3.2511e+09,nan,1.3980e+10
309.0,82.178,5.010,2,0,nan,nan,0.000,45965.305,nan,3.2511e+09,nan,1.3980e+10
311.0,82.710,5.042,0,0,nan,nan,0.000,45965.305,nan,3.2511e+09,nan,1.3980e+10
