edge_pydb/dat_prof/radprof/build/rproftxt/NGC7819.de20_smob0.rprof.txt
# %ECSV 0.9
# ---
# datatype:
# - {name: radius, unit: arcsec, datatype: float64, description: Adopting RA=1.1021 deg DEC=31.4720 deg PA=270.3 INC=54.0}
# - {name: r_kpc, unit: kpc, datatype: float64, format: 10.3f, description: Adopting distance of 71.62 Mpc}
# - {name: r_r25, unit: '', datatype: float64, format: 10.3f, description: Adopting R25=43.16 arcsec}
# - {name: npix, datatype: int64}
# - {name: ngood, datatype: int64, description: Requiring fill fraction of 0.1 npix}
# - {name: wtmean, unit: K km / s, datatype: float64, format: 10.3f, description: Replaced blanks with 0 times NGC7819.co.de20_smo.emom0max.fits}
# - {name: rms, unit: K km / s, datatype: float32}
# - {name: annsum, unit: K km pix / s, datatype: float32, format: 10.3f}
# - {name: cumsum, unit: K km pix / s, datatype: float32}
# - {name: detlim, unit: K km / s, datatype: float64, format: 10.3f}
# - {name: cumlum, unit: K km pc2 / s, datatype: float32, format: 10.4e}
# - {name: sigmol, unit: solMass / pc2, datatype: float64, format: 10.3f}
# - {name: cummass, unit: solMass, datatype: float32, format: 10.4e}
# delimiter: ','
# schema: astropy-2.0
radius,r_kpc,r_r25,npix,ngood,wtmean,rms,annsum,cumsum,detlim,cumlum,sigmol,cummass
1.0,0.347,0.023,8,8,28.616,4.3896146,389.478,389.47836,9.274,4.6959e+07,123.050,2.0192e+08
3.0,1.042,0.070,23,23,20.732,5.3943624,811.228,1200.7068,5.463,1.4477e+08,89.146,6.2250e+08
5.0,1.736,0.116,35,35,11.730,5.107761,698.483,1899.1901,4.357,2.2898e+08,50.440,9.8463e+08
7.0,2.431,0.162,52,52,4.902,5.6425104,433.651,2332.8406,3.448,2.8127e+08,21.078,1.2095e+09
9.0,3.125,0.209,64,64,1.901,4.700853,207.023,2539.8638,2.965,3.0623e+08,8.176,1.3168e+09
11.0,3.820,0.255,80,80,1.639,3.357779,223.125,2762.989,2.573,3.3313e+08,7.049,1.4325e+09
13.0,4.514,0.301,103,101,1.142,2.1980345,200.127,2963.1157,2.117,3.5726e+08,4.911,1.5362e+09
15.0,5.208,0.348,109,88,1.033,1.599563,191.526,3154.6416,2.008,3.8035e+08,4.441,1.6355e+09
17.0,5.903,0.394,120,87,0.769,1.4635268,156.916,3311.5576,1.912,3.9927e+08,3.305,1.7169e+09
19.0,6.597,0.440,141,88,0.328,1.3311073,78.785,3390.3423,1.770,4.0877e+08,1.412,1.7577e+09
21.0,7.292,0.487,152,85,0.181,1.1677196,46.897,3437.2393,1.721,4.1442e+08,0.780,1.7820e+09
23.0,7.986,0.533,175,76,0.158,1.0454952,47.060,3484.2993,1.610,4.2010e+08,0.680,1.8064e+09
25.0,8.681,0.579,191,66,0.182,0.63600254,59.027,3543.3267,1.566,4.2722e+08,0.781,1.8370e+09
27.0,9.375,0.626,197,45,0.101,0.6438555,33.782,3577.1091,1.573,4.3129e+08,0.433,1.8545e+09
29.0,10.070,0.672,209,21,0.054,0.32717326,19.065,3596.1746,1.555,4.3359e+08,0.231,1.8644e+09
31.0,10.764,0.718,227,14,nan,nan,0.000,3596.1746,1.527,4.3359e+08,nan,1.8644e+09
33.0,11.459,0.765,242,14,nan,nan,0.000,3596.1746,1.511,4.3359e+08,nan,1.8644e+09
35.0,12.153,0.811,265,15,nan,nan,0.000,3596.1746,1.478,4.3359e+08,nan,1.8644e+09
37.0,12.848,0.857,278,13,nan,nan,0.000,3596.1746,1.487,4.3359e+08,nan,1.8644e+09
39.0,13.542,0.904,288,11,nan,nan,0.000,3596.1746,1.505,4.3359e+08,nan,1.8644e+09
41.0,14.236,0.950,295,9,nan,nan,0.000,3596.1746,1.534,4.3359e+08,nan,1.8644e+09
43.0,14.931,0.996,312,1,nan,nan,0.000,3596.1746,1.546,4.3359e+08,nan,1.8644e+09
45.0,15.625,1.043,336,0,nan,nan,0.000,3596.1746,1.540,4.3359e+08,nan,1.8644e+09
47.0,16.320,1.089,357,0,nan,nan,0.000,3596.1746,1.546,4.3359e+08,nan,1.8644e+09
49.0,17.014,1.135,359,0,nan,nan,0.000,3596.1746,1.612,4.3359e+08,nan,1.8644e+09
51.0,17.709,1.182,349,0,nan,nan,0.000,3596.1746,1.677,4.3359e+08,nan,1.8644e+09
53.0,18.403,1.228,309,0,nan,nan,0.000,3596.1746,1.792,4.3359e+08,nan,1.8644e+09
55.0,19.098,1.274,294,0,nan,nan,0.000,3596.1746,1.876,4.3359e+08,nan,1.8644e+09
57.0,19.792,1.321,303,0,nan,nan,0.000,3596.1746,1.871,4.3359e+08,nan,1.8644e+09
59.0,20.487,1.367,292,0,nan,nan,0.000,3596.1746,1.965,4.3359e+08,nan,1.8644e+09
61.0,21.181,1.413,274,0,nan,nan,0.000,3596.1746,2.090,4.3359e+08,nan,1.8644e+09
63.0,21.876,1.460,274,0,nan,nan,0.000,3596.1746,2.171,4.3359e+08,nan,1.8644e+09
65.0,22.570,1.506,269,0,nan,nan,0.000,3596.1746,2.259,4.3359e+08,nan,1.8644e+09
67.0,23.264,1.552,268,0,nan,nan,0.000,3596.1746,2.358,4.3359e+08,nan,1.8644e+09
69.0,23.959,1.599,276,0,nan,nan,0.000,3596.1746,2.350,4.3359e+08,nan,1.8644e+09
71.0,24.653,1.645,263,0,nan,nan,0.000,3596.1746,2.567,4.3359e+08,nan,1.8644e+09
73.0,25.348,1.691,261,0,nan,nan,0.000,3596.1746,2.711,4.3359e+08,nan,1.8644e+09
75.0,26.042,1.738,258,0,nan,nan,0.000,3596.1746,2.933,4.3359e+08,nan,1.8644e+09
77.0,26.737,1.784,250,0,nan,nan,0.000,3596.1746,3.182,4.3359e+08,nan,1.8644e+09
79.0,27.431,1.830,258,0,nan,nan,0.000,3596.1746,3.355,4.3359e+08,nan,1.8644e+09
81.0,28.126,1.877,267,0,nan,nan,0.000,3596.1746,3.566,4.3359e+08,nan,1.8644e+09
83.0,28.820,1.923,257,0,nan,nan,0.000,3596.1746,4.336,4.3359e+08,nan,1.8644e+09
85.0,29.515,1.969,250,0,nan,nan,0.000,3596.1746,7.631,4.3359e+08,nan,1.8644e+09
87.0,30.209,2.016,193,0,nan,nan,0.000,3596.1746,nan,4.3359e+08,nan,1.8644e+09
89.0,30.904,2.062,141,0,nan,nan,0.000,3596.1746,nan,4.3359e+08,nan,1.8644e+09
91.0,31.598,2.108,107,0,nan,nan,0.000,3596.1746,nan,4.3359e+08,nan,1.8644e+09
93.0,32.292,2.155,79,0,nan,nan,0.000,3596.1746,nan,4.3359e+08,nan,1.8644e+09
95.0,32.987,2.201,55,0,nan,nan,0.000,3596.1746,nan,4.3359e+08,nan,1.8644e+09
97.0,33.681,2.247,29,0,nan,nan,0.000,3596.1746,nan,4.3359e+08,nan,1.8644e+09
99.0,34.376,2.294,7,0,nan,nan,0.000,3596.1746,nan,4.3359e+08,nan,1.8644e+09
101.0,35.070,2.340,0,0,nan,nan,0.000,3596.1746,nan,4.3359e+08,nan,1.8644e+09
