edge_pydb/dat_prof/radprof/build/rproftxt/UGC05244.de20_smob0.rprof.txt
# %ECSV 0.9
# ---
# datatype:
# - {name: radius, unit: arcsec, datatype: float64, description: Adopting RA=147.2007 deg DEC=64.1680 deg PA=32.8 INC=77.9}
# - {name: r_kpc, unit: kpc, datatype: float64, format: 10.3f, description: Adopting distance of 43.69 Mpc}
# - {name: r_r25, unit: '', datatype: float64, format: 10.3f, description: Adopting R25=45.20 arcsec}
# - {name: npix, datatype: int64}
# - {name: ngood, datatype: int64, description: Requiring fill fraction of 0.1 npix}
# - {name: wtmean, unit: K km / s, datatype: float64, format: 10.3f, description: Replaced blanks with 0 times UGC05244.co.de20_smo.emom0max.fits}
# - {name: rms, unit: K km / s, datatype: float32}
# - {name: annsum, unit: K km pix / s, datatype: float32, format: 10.3f}
# - {name: cumsum, unit: K km pix / s, datatype: float32}
# - {name: detlim, unit: K km / s, datatype: float64, format: 10.3f}
# - {name: cumlum, unit: K km pc2 / s, datatype: float32, format: 10.4e}
# - {name: sigmol, unit: solMass / pc2, datatype: float64, format: 10.3f}
# - {name: cummass, unit: solMass, datatype: float32, format: 10.4e}
# delimiter: ','
# schema: astropy-2.0
radius,r_kpc,r_r25,npix,ngood,wtmean,rms,annsum,cumsum,detlim,cumlum,sigmol,cummass
1.0,0.212,0.022,3,0,nan,nan,0.000,0.0,5.541,0.0000e+00,nan,0.0000e+00
3.0,0.635,0.066,9,0,nan,nan,0.000,0.0,3.204,0.0000e+00,nan,0.0000e+00
5.0,1.059,0.111,9,0,nan,nan,0.000,0.0,3.206,0.0000e+00,nan,0.0000e+00
7.0,1.483,0.155,20,0,nan,nan,0.000,0.0,2.157,0.0000e+00,nan,0.0000e+00
9.0,1.906,0.199,26,2,nan,nan,0.000,0.0,1.905,0.0000e+00,nan,0.0000e+00
11.0,2.330,0.243,31,7,0.103,0.2054355,15.188,15.187759,1.747,6.8133e+05,0.442,2.9297e+06
13.0,2.753,0.288,34,8,0.056,0.11877932,9.133,24.320526,1.686,1.0910e+06,0.242,4.6914e+06
15.0,3.177,0.332,39,12,0.050,0.13846976,9.328,33.648148,1.583,1.5095e+06,0.216,6.4907e+06
17.0,3.601,0.376,40,13,0.198,0.35218933,37.713,71.36131,1.574,3.2013e+06,0.850,1.3766e+07
19.0,4.024,0.420,50,14,0.253,0.5245472,60.311,131.6719,1.421,5.9068e+06,1.087,2.5399e+07
21.0,4.448,0.465,58,21,0.387,0.662683,107.010,238.68164,1.334,1.0707e+07,1.663,4.6041e+07
23.0,4.871,0.509,64,22,0.301,0.5003352,91.921,330.60303,1.296,1.4831e+07,1.295,6.3773e+07
25.0,5.295,0.553,66,24,0.116,0.32056573,36.420,367.02338,1.287,1.6465e+07,0.497,7.0799e+07
27.0,5.719,0.597,67,22,0.044,0.27999976,14.071,381.0946,1.299,1.7096e+07,0.189,7.3513e+07
29.0,6.142,0.642,72,17,0.018,0.1845364,6.274,387.36844,1.273,1.7377e+07,0.079,7.4723e+07
31.0,6.566,0.686,80,17,0.035,0.16998847,13.374,400.74286,1.226,1.7977e+07,0.151,7.7303e+07
33.0,6.989,0.730,91,15,0.029,0.18687019,12.756,413.49844,1.176,1.8550e+07,0.126,7.9764e+07
35.0,7.413,0.774,91,10,0.022,0.1776892,9.345,422.84296,1.212,1.8969e+07,0.093,8.1566e+07
37.0,7.837,0.819,102,12,0.037,0.24284448,17.968,440.81116,1.163,1.9775e+07,0.159,8.5032e+07
39.0,8.260,0.863,101,11,0.039,0.19084024,18.726,459.53735,1.210,2.0615e+07,0.167,8.8644e+07
41.0,8.684,0.907,111,8,nan,nan,0.000,459.53735,1.179,2.0615e+07,nan,8.8644e+07
43.0,9.108,0.951,106,7,nan,nan,0.000,459.53735,1.256,2.0615e+07,nan,8.8644e+07
45.0,9.531,0.996,124,6,nan,nan,0.000,459.53735,1.178,2.0615e+07,nan,8.8644e+07
47.0,9.955,1.040,122,5,nan,nan,0.000,459.53735,1.253,2.0615e+07,nan,8.8644e+07
49.0,10.378,1.084,137,2,nan,nan,0.000,459.53735,1.193,2.0615e+07,nan,8.8644e+07
51.0,10.802,1.128,129,2,nan,nan,0.000,459.53735,1.299,2.0615e+07,nan,8.8644e+07
53.0,11.226,1.173,138,1,nan,nan,0.000,459.53735,1.261,2.0615e+07,nan,8.8644e+07
55.0,11.649,1.217,134,0,nan,nan,0.000,459.53735,1.337,2.0615e+07,nan,8.8644e+07
57.0,12.073,1.261,138,0,nan,nan,0.000,459.53735,1.269,2.0615e+07,nan,8.8644e+07
59.0,12.496,1.305,134,0,nan,nan,0.000,459.53735,1.353,2.0615e+07,nan,8.8644e+07
61.0,12.920,1.350,140,0,nan,nan,0.000,459.53735,1.299,2.0615e+07,nan,8.8644e+07
63.0,13.344,1.394,129,0,nan,nan,0.000,459.53735,1.409,2.0615e+07,nan,8.8644e+07
65.0,13.767,1.438,122,0,nan,nan,0.000,459.53735,1.341,2.0615e+07,nan,8.8644e+07
67.0,14.191,1.482,121,0,nan,nan,0.000,459.53735,1.360,2.0615e+07,nan,8.8644e+07
69.0,14.614,1.527,118,0,nan,nan,0.000,459.53735,1.378,2.0615e+07,nan,8.8644e+07
71.0,15.038,1.571,117,0,nan,nan,0.000,459.53735,1.394,2.0615e+07,nan,8.8644e+07
73.0,15.462,1.615,114,0,nan,nan,0.000,459.53735,1.378,2.0615e+07,nan,8.8644e+07
75.0,15.885,1.659,111,0,nan,nan,0.000,459.53735,1.417,2.0615e+07,nan,8.8644e+07
77.0,16.309,1.704,111,0,nan,nan,0.000,459.53735,1.374,2.0615e+07,nan,8.8644e+07
79.0,16.732,1.748,114,0,nan,nan,0.000,459.53735,1.385,2.0615e+07,nan,8.8644e+07
81.0,17.156,1.792,111,0,nan,nan,0.000,459.53735,1.430,2.0615e+07,nan,8.8644e+07
83.0,17.580,1.836,112,0,nan,nan,0.000,459.53735,1.405,2.0615e+07,nan,8.8644e+07
85.0,18.003,1.881,104,0,nan,nan,0.000,459.53735,1.455,2.0615e+07,nan,8.8644e+07
87.0,18.427,1.925,112,0,nan,nan,0.000,459.53735,1.415,2.0615e+07,nan,8.8644e+07
89.0,18.850,1.969,107,0,nan,nan,0.000,459.53735,1.461,2.0615e+07,nan,8.8644e+07
91.0,19.274,2.013,109,0,nan,nan,0.000,459.53735,1.418,2.0615e+07,nan,8.8644e+07
93.0,19.698,2.058,102,0,nan,nan,0.000,459.53735,1.503,2.0615e+07,nan,8.8644e+07
95.0,20.121,2.102,105,0,nan,nan,0.000,459.53735,1.469,2.0615e+07,nan,8.8644e+07
97.0,20.545,2.146,105,0,nan,nan,0.000,459.53735,1.479,2.0615e+07,nan,8.8644e+07
99.0,20.968,2.190,104,0,nan,nan,0.000,459.53735,1.469,2.0615e+07,nan,8.8644e+07
101.0,21.392,2.235,100,0,nan,nan,0.000,459.53735,1.530,2.0615e+07,nan,8.8644e+07
103.0,21.816,2.279,98,0,nan,nan,0.000,459.53735,1.496,2.0615e+07,nan,8.8644e+07
105.0,22.239,2.323,97,0,nan,nan,0.000,459.53735,1.539,2.0615e+07,nan,8.8644e+07
107.0,22.663,2.367,99,0,nan,nan,0.000,459.53735,1.496,2.0615e+07,nan,8.8644e+07
109.0,23.086,2.412,92,0,nan,nan,0.000,459.53735,1.553,2.0615e+07,nan,8.8644e+07
111.0,23.510,2.456,96,0,nan,nan,0.000,459.53735,1.503,2.0615e+07,nan,8.8644e+07
113.0,23.934,2.500,87,0,nan,nan,0.000,459.53735,1.600,2.0615e+07,nan,8.8644e+07
115.0,24.357,2.544,96,0,nan,nan,0.000,459.53735,1.509,2.0615e+07,nan,8.8644e+07
117.0,24.781,2.589,89,0,nan,nan,0.000,459.53735,1.611,2.0615e+07,nan,8.8644e+07
119.0,25.204,2.633,93,0,nan,nan,0.000,459.53735,1.536,2.0615e+07,nan,8.8644e+07
121.0,25.628,2.677,81,0,nan,nan,0.000,459.53735,1.668,2.0615e+07,nan,8.8644e+07
123.0,26.052,2.721,91,0,nan,nan,0.000,459.53735,1.524,2.0615e+07,nan,8.8644e+07
125.0,26.475,2.766,80,0,nan,nan,0.000,459.53735,1.680,2.0615e+07,nan,8.8644e+07
127.0,26.899,2.810,89,0,nan,nan,0.000,459.53735,1.559,2.0615e+07,nan,8.8644e+07
129.0,27.323,2.854,79,0,nan,nan,0.000,459.53735,1.676,2.0615e+07,nan,8.8644e+07
131.0,27.746,2.898,86,0,nan,nan,0.000,459.53735,1.581,2.0615e+07,nan,8.8644e+07
133.0,28.170,2.943,77,0,nan,nan,0.000,459.53735,1.691,2.0615e+07,nan,8.8644e+07
135.0,28.593,2.987,82,0,nan,nan,0.000,459.53735,1.642,2.0615e+07,nan,8.8644e+07
137.0,29.017,3.031,74,0,nan,nan,0.000,459.53735,1.723,2.0615e+07,nan,8.8644e+07
139.0,29.441,3.075,82,0,nan,nan,0.000,459.53735,1.657,2.0615e+07,nan,8.8644e+07
141.0,29.864,3.120,70,0,nan,nan,0.000,459.53735,1.752,2.0615e+07,nan,8.8644e+07
143.0,30.288,3.164,81,0,nan,nan,0.000,459.53735,1.675,2.0615e+07,nan,8.8644e+07
145.0,30.711,3.208,69,0,nan,nan,0.000,459.53735,1.779,2.0615e+07,nan,8.8644e+07
147.0,31.135,3.252,76,0,nan,nan,0.000,459.53735,1.727,2.0615e+07,nan,8.8644e+07
149.0,31.559,3.297,70,0,nan,nan,0.000,459.53735,1.772,2.0615e+07,nan,8.8644e+07
151.0,31.982,3.341,73,0,nan,nan,0.000,459.53735,1.778,2.0615e+07,nan,8.8644e+07
153.0,32.406,3.385,69,0,nan,nan,0.000,459.53735,1.808,2.0615e+07,nan,8.8644e+07
155.0,32.829,3.429,69,0,nan,nan,0.000,459.53735,1.838,2.0615e+07,nan,8.8644e+07
157.0,33.253,3.474,72,0,nan,nan,0.000,459.53735,1.786,2.0615e+07,nan,8.8644e+07
159.0,33.677,3.518,62,0,nan,nan,0.000,459.53735,1.942,2.0615e+07,nan,8.8644e+07
161.0,34.100,3.562,70,0,nan,nan,0.000,459.53735,1.818,2.0615e+07,nan,8.8644e+07
163.0,34.524,3.606,62,0,nan,nan,0.000,459.53735,1.958,2.0615e+07,nan,8.8644e+07
165.0,34.947,3.651,70,0,nan,nan,0.000,459.53735,1.825,2.0615e+07,nan,8.8644e+07
167.0,35.371,3.695,58,0,nan,nan,0.000,459.53735,2.047,2.0615e+07,nan,8.8644e+07
169.0,35.795,3.739,66,0,nan,nan,0.000,459.53735,1.896,2.0615e+07,nan,8.8644e+07
171.0,36.218,3.783,58,0,nan,nan,0.000,459.53735,2.064,2.0615e+07,nan,8.8644e+07
173.0,36.642,3.828,66,0,nan,nan,0.000,459.53735,1.920,2.0615e+07,nan,8.8644e+07
175.0,37.065,3.872,55,0,nan,nan,0.000,459.53735,2.130,2.0615e+07,nan,8.8644e+07
177.0,37.489,3.916,66,0,nan,nan,0.000,459.53735,1.951,2.0615e+07,nan,8.8644e+07
179.0,37.913,3.960,50,0,nan,nan,0.000,459.53735,2.240,2.0615e+07,nan,8.8644e+07
181.0,38.336,4.005,66,0,nan,nan,0.000,459.53735,1.965,2.0615e+07,nan,8.8644e+07
183.0,38.760,4.049,49,0,nan,nan,0.000,459.53735,2.302,2.0615e+07,nan,8.8644e+07
185.0,39.183,4.093,64,0,nan,nan,0.000,459.53735,2.036,2.0615e+07,nan,8.8644e+07
187.0,39.607,4.137,47,0,nan,nan,0.000,459.53735,2.354,2.0615e+07,nan,8.8644e+07
189.0,40.031,4.182,62,0,nan,nan,0.000,459.53735,2.106,2.0615e+07,nan,8.8644e+07
191.0,40.454,4.226,47,0,nan,nan,0.000,459.53735,2.433,2.0615e+07,nan,8.8644e+07
193.0,40.878,4.270,59,0,nan,nan,0.000,459.53735,2.171,2.0615e+07,nan,8.8644e+07
195.0,41.301,4.314,49,0,nan,nan,0.000,459.53735,2.407,2.0615e+07,nan,8.8644e+07
197.0,41.725,4.359,53,0,nan,nan,0.000,459.53735,2.332,2.0615e+07,nan,8.8644e+07
199.0,42.149,4.403,50,0,nan,nan,0.000,459.53735,2.445,2.0615e+07,nan,8.8644e+07
201.0,42.572,4.447,49,0,nan,nan,0.000,459.53735,2.488,2.0615e+07,nan,8.8644e+07
203.0,42.996,4.491,50,0,nan,nan,0.000,459.53735,2.500,2.0615e+07,nan,8.8644e+07
205.0,43.419,4.536,47,0,nan,nan,0.000,459.53735,2.638,2.0615e+07,nan,8.8644e+07
207.0,43.843,4.580,49,0,nan,nan,0.000,459.53735,2.571,2.0615e+07,nan,8.8644e+07
209.0,44.267,4.624,43,0,nan,nan,0.000,459.53735,2.782,2.0615e+07,nan,8.8644e+07
211.0,44.690,4.668,48,0,nan,nan,0.000,459.53735,2.672,2.0615e+07,nan,8.8644e+07
213.0,45.114,4.713,43,0,nan,nan,0.000,459.53735,2.943,2.0615e+07,nan,8.8644e+07
215.0,45.538,4.757,46,0,nan,nan,0.000,459.53735,2.819,2.0615e+07,nan,8.8644e+07
217.0,45.961,4.801,39,0,nan,nan,0.000,459.53735,3.160,2.0615e+07,nan,8.8644e+07
219.0,46.385,4.845,44,0,nan,nan,0.000,459.53735,3.024,2.0615e+07,nan,8.8644e+07
221.0,46.808,4.890,39,0,nan,nan,0.000,459.53735,3.328,2.0615e+07,nan,8.8644e+07
223.0,47.232,4.934,44,0,nan,nan,0.000,459.53735,3.301,2.0615e+07,nan,8.8644e+07
225.0,47.656,4.978,36,0,nan,nan,0.000,459.53735,3.642,2.0615e+07,nan,8.8644e+07
227.0,48.079,5.022,42,0,nan,nan,0.000,459.53735,3.611,2.0615e+07,nan,8.8644e+07
229.0,48.503,5.067,34,0,nan,nan,0.000,459.53735,4.041,2.0615e+07,nan,8.8644e+07
231.0,48.926,5.111,43,0,nan,nan,0.000,459.53735,4.186,2.0615e+07,nan,8.8644e+07
233.0,49.350,5.155,31,0,nan,nan,0.000,459.53735,4.867,2.0615e+07,nan,8.8644e+07
235.0,49.774,5.199,41,0,nan,nan,0.000,459.53735,6.331,2.0615e+07,nan,8.8644e+07
237.0,50.197,5.244,29,0,nan,nan,0.000,459.53735,nan,2.0615e+07,nan,8.8644e+07
239.0,50.621,5.288,39,0,nan,nan,0.000,459.53735,nan,2.0615e+07,nan,8.8644e+07
241.0,51.044,5.332,29,0,nan,nan,0.000,459.53735,nan,2.0615e+07,nan,8.8644e+07
243.0,51.468,5.376,37,0,nan,nan,0.000,459.53735,nan,2.0615e+07,nan,8.8644e+07
245.0,51.892,5.421,27,0,nan,nan,0.000,459.53735,nan,2.0615e+07,nan,8.8644e+07
247.0,52.315,5.465,35,0,nan,nan,0.000,459.53735,nan,2.0615e+07,nan,8.8644e+07
249.0,52.739,5.509,25,0,nan,nan,0.000,459.53735,nan,2.0615e+07,nan,8.8644e+07
251.0,53.162,5.553,35,0,nan,nan,0.000,459.53735,nan,2.0615e+07,nan,8.8644e+07
253.0,53.586,5.598,23,0,nan,nan,0.000,459.53735,nan,2.0615e+07,nan,8.8644e+07
255.0,54.010,5.642,33,0,nan,nan,0.000,459.53735,nan,2.0615e+07,nan,8.8644e+07
257.0,54.433,5.686,21,0,nan,nan,0.000,459.53735,nan,2.0615e+07,nan,8.8644e+07
259.0,54.857,5.730,31,0,nan,nan,0.000,459.53735,nan,2.0615e+07,nan,8.8644e+07
261.0,55.280,5.775,24,0,nan,nan,0.000,459.53735,nan,2.0615e+07,nan,8.8644e+07
263.0,55.704,5.819,26,0,nan,nan,0.000,459.53735,nan,2.0615e+07,nan,8.8644e+07
265.0,56.128,5.863,23,0,nan,nan,0.000,459.53735,nan,2.0615e+07,nan,8.8644e+07
267.0,56.551,5.907,24,0,nan,nan,0.000,459.53735,nan,2.0615e+07,nan,8.8644e+07
269.0,56.975,5.952,22,0,nan,nan,0.000,459.53735,nan,2.0615e+07,nan,8.8644e+07
271.0,57.398,5.996,22,0,nan,nan,0.000,459.53735,nan,2.0615e+07,nan,8.8644e+07
273.0,57.822,6.040,21,0,nan,nan,0.000,459.53735,nan,2.0615e+07,nan,8.8644e+07
275.0,58.246,6.084,18,0,nan,nan,0.000,459.53735,nan,2.0615e+07,nan,8.8644e+07
277.0,58.669,6.129,21,0,nan,nan,0.000,459.53735,nan,2.0615e+07,nan,8.8644e+07
279.0,59.093,6.173,17,0,nan,nan,0.000,459.53735,nan,2.0615e+07,nan,8.8644e+07
281.0,59.516,6.217,20,0,nan,nan,0.000,459.53735,nan,2.0615e+07,nan,8.8644e+07
283.0,59.940,6.261,14,0,nan,nan,0.000,459.53735,nan,2.0615e+07,nan,8.8644e+07
285.0,60.364,6.306,19,0,nan,nan,0.000,459.53735,nan,2.0615e+07,nan,8.8644e+07
287.0,60.787,6.350,13,0,nan,nan,0.000,459.53735,nan,2.0615e+07,nan,8.8644e+07
289.0,61.211,6.394,17,0,nan,nan,0.000,459.53735,nan,2.0615e+07,nan,8.8644e+07
291.0,61.635,6.438,11,0,nan,nan,0.000,459.53735,nan,2.0615e+07,nan,8.8644e+07
293.0,62.058,6.483,15,0,nan,nan,0.000,459.53735,nan,2.0615e+07,nan,8.8644e+07
295.0,62.482,6.527,10,0,nan,nan,0.000,459.53735,nan,2.0615e+07,nan,8.8644e+07
297.0,62.905,6.571,14,0,nan,nan,0.000,459.53735,nan,2.0615e+07,nan,8.8644e+07
299.0,63.329,6.615,8,0,nan,nan,0.000,459.53735,nan,2.0615e+07,nan,8.8644e+07
301.0,63.753,6.660,12,0,nan,nan,0.000,459.53735,nan,2.0615e+07,nan,8.8644e+07
303.0,64.176,6.704,7,0,nan,nan,0.000,459.53735,nan,2.0615e+07,nan,8.8644e+07
305.0,64.600,6.748,11,0,nan,nan,0.000,459.53735,nan,2.0615e+07,nan,8.8644e+07
307.0,65.023,6.792,5,0,nan,nan,0.000,459.53735,nan,2.0615e+07,nan,8.8644e+07
309.0,65.447,6.837,9,0,nan,nan,0.000,459.53735,nan,2.0615e+07,nan,8.8644e+07
311.0,65.871,6.881,4,0,nan,nan,0.000,459.53735,nan,2.0615e+07,nan,8.8644e+07
313.0,66.294,6.925,7,0,nan,nan,0.000,459.53735,nan,2.0615e+07,nan,8.8644e+07
315.0,66.718,6.969,3,0,nan,nan,0.000,459.53735,nan,2.0615e+07,nan,8.8644e+07
317.0,67.141,7.014,5,0,nan,nan,0.000,459.53735,nan,2.0615e+07,nan,8.8644e+07
319.0,67.565,7.058,2,0,nan,nan,0.000,459.53735,nan,2.0615e+07,nan,8.8644e+07
321.0,67.989,7.102,3,0,nan,nan,0.000,459.53735,nan,2.0615e+07,nan,8.8644e+07
323.0,68.412,7.146,1,0,nan,nan,0.000,459.53735,nan,2.0615e+07,nan,8.8644e+07
325.0,68.836,7.191,1,0,nan,nan,0.000,459.53735,nan,2.0615e+07,nan,8.8644e+07
