edge_pydb/dat_prof/radprof/build/rproftxt/UGC04280.smo7_smob0.rprof.txt
# %ECSV 0.9
# ---
# datatype:
# - {name: radius, unit: arcsec, datatype: float64, description: Adopting RA=123.6389 deg DEC=54.7995 deg PA=183.7 INC=71.5}
# - {name: r_kpc, unit: kpc, datatype: float64, format: 10.3f, description: Adopting distance of 50.87 Mpc}
# - {name: r_r25, unit: '', datatype: float64, format: 10.3f, description: Adopting R25=39.64 arcsec}
# - {name: npix, datatype: int64}
# - {name: ngood, datatype: int64, description: Requiring fill fraction of 0.1 npix}
# - {name: wtmean, unit: K km / s, datatype: float64, format: 10.3f, description: Replaced blanks with 0 times UGC04280.co.smo7_smo.emom0max.fits}
# - {name: rms, unit: K km / s, datatype: float32}
# - {name: annsum, unit: K km pix / s, datatype: float32, format: 10.3f}
# - {name: cumsum, unit: K km pix / s, datatype: float32}
# - {name: detlim, unit: K km / s, datatype: float64, format: 10.3f}
# - {name: cumlum, unit: K km pc2 / s, datatype: float32, format: 10.4e}
# - {name: sigmol, unit: solMass / pc2, datatype: float64, format: 10.3f}
# - {name: cummass, unit: solMass, datatype: float32, format: 10.4e}
# delimiter: ','
# schema: astropy-2.0
radius,r_kpc,r_r25,npix,ngood,wtmean,rms,annsum,cumsum,detlim,cumlum,sigmol,cummass
1.5,0.370,0.038,11,11,4.972,0.40681675,172.369,172.36855,3.986,1.0484e+07,21.380,4.5081e+07
4.5,1.110,0.114,27,27,3.659,0.96331745,311.313,483.68152,2.519,2.9419e+07,15.732,1.2650e+08
7.5,1.850,0.189,43,43,2.360,1.1958126,319.819,803.5002,1.920,4.8871e+07,10.148,2.1015e+08
10.5,2.590,0.265,65,59,1.387,1.1322298,284.208,1087.7078,1.508,6.6157e+07,5.966,2.8448e+08
13.5,3.329,0.341,82,62,0.765,0.8998737,197.742,1285.4493,1.314,7.8184e+07,3.290,3.3619e+08
16.5,4.069,0.416,99,71,0.438,0.690328,136.724,1422.1738,1.192,8.6500e+07,1.884,3.7195e+08
19.5,4.809,0.492,117,63,0.238,0.4900101,87.775,1509.9491,1.098,9.1839e+07,1.024,3.9491e+08
22.5,5.549,0.568,132,59,0.133,0.34105703,55.151,1565.1,1.038,9.5194e+07,0.570,4.0933e+08
25.5,6.289,0.643,153,57,0.062,0.23406847,29.963,1595.063,0.969,9.7016e+07,0.267,4.1717e+08
28.5,7.029,0.719,171,59,0.028,0.15960233,15.210,1610.2734,0.934,9.7941e+07,0.121,4.2115e+08
31.5,7.769,0.795,185,52,0.016,0.12452112,9.219,1619.4924,0.919,9.8502e+07,0.068,4.2356e+08
34.5,8.508,0.870,205,50,0.012,0.10355644,7.940,1627.4329,0.900,9.8985e+07,0.053,4.2563e+08
37.5,9.248,0.946,225,45,0.005,0.10709522,3.293,1630.7262,0.891,9.9185e+07,0.020,4.2650e+08
40.5,9.988,1.022,246,29,0.007,0.081424884,5.098,1635.8245,0.888,9.9495e+07,0.028,4.2783e+08
43.5,10.728,1.097,258,28,0.002,0.064480565,1.504,1637.3285,0.905,9.9587e+07,0.008,4.2822e+08
46.5,11.468,1.173,278,27,nan,nan,0.000,1637.3285,0.917,9.9587e+07,nan,4.2822e+08
49.5,12.208,1.249,296,22,nan,nan,0.000,1637.3285,0.939,9.9587e+07,nan,4.2822e+08
52.5,12.948,1.324,309,18,nan,nan,0.000,1637.3285,0.983,9.9587e+07,nan,4.2822e+08
55.5,13.688,1.400,332,0,nan,nan,0.000,1637.3285,1.006,9.9587e+07,nan,4.2822e+08
58.5,14.427,1.476,353,0,nan,nan,0.000,1637.3285,1.046,9.9587e+07,nan,4.2822e+08
61.5,15.167,1.552,366,0,nan,nan,0.000,1637.3285,1.067,9.9587e+07,nan,4.2822e+08
64.5,15.907,1.627,376,0,nan,nan,0.000,1637.3285,1.099,9.9587e+07,nan,4.2822e+08
67.5,16.647,1.703,406,0,nan,nan,0.000,1637.3285,1.087,9.9587e+07,nan,4.2822e+08
70.5,17.387,1.779,428,0,nan,nan,0.000,1637.3285,1.098,9.9587e+07,nan,4.2822e+08
73.5,18.127,1.854,437,0,nan,nan,0.000,1637.3285,1.139,9.9587e+07,nan,4.2822e+08
76.5,18.867,1.930,460,0,nan,nan,0.000,1637.3285,1.127,9.9587e+07,nan,4.2822e+08
79.5,19.606,2.006,471,0,nan,nan,0.000,1637.3285,1.163,9.9587e+07,nan,4.2822e+08
82.5,20.346,2.081,422,0,nan,nan,0.000,1637.3285,1.162,9.9587e+07,nan,4.2822e+08
85.5,21.086,2.157,396,0,nan,nan,0.000,1637.3285,1.191,9.9587e+07,nan,4.2822e+08
88.5,21.826,2.233,378,0,nan,nan,0.000,1637.3285,1.204,9.9587e+07,nan,4.2822e+08
91.5,22.566,2.308,379,0,nan,nan,0.000,1637.3285,1.217,9.9587e+07,nan,4.2822e+08
94.5,23.306,2.384,365,0,nan,nan,0.000,1637.3285,1.240,9.9587e+07,nan,4.2822e+08
97.5,24.046,2.460,359,0,nan,nan,0.000,1637.3285,1.259,9.9587e+07,nan,4.2822e+08
100.5,24.786,2.535,356,0,nan,nan,0.000,1637.3285,1.285,9.9587e+07,nan,4.2822e+08
103.5,25.525,2.611,346,0,nan,nan,0.000,1637.3285,1.317,9.9587e+07,nan,4.2822e+08
106.5,26.265,2.687,345,0,nan,nan,0.000,1637.3285,1.331,9.9587e+07,nan,4.2822e+08
109.5,27.005,2.762,347,0,nan,nan,0.000,1637.3285,1.351,9.9587e+07,nan,4.2822e+08
112.5,27.745,2.838,335,0,nan,nan,0.000,1637.3285,1.388,9.9587e+07,nan,4.2822e+08
115.5,28.485,2.914,337,0,nan,nan,0.000,1637.3285,1.422,9.9587e+07,nan,4.2822e+08
118.5,29.225,2.989,334,0,nan,nan,0.000,1637.3285,1.441,9.9587e+07,nan,4.2822e+08
121.5,29.965,3.065,338,0,nan,nan,0.000,1637.3285,1.476,9.9587e+07,nan,4.2822e+08
124.5,30.705,3.141,330,0,nan,nan,0.000,1637.3285,1.519,9.9587e+07,nan,4.2822e+08
127.5,31.444,3.217,327,0,nan,nan,0.000,1637.3285,1.562,9.9587e+07,nan,4.2822e+08
130.5,32.184,3.292,325,0,nan,nan,0.000,1637.3285,1.615,9.9587e+07,nan,4.2822e+08
133.5,32.924,3.368,322,0,nan,nan,0.000,1637.3285,1.647,9.9587e+07,nan,4.2822e+08
136.5,33.664,3.444,330,0,nan,nan,0.000,1637.3285,1.676,9.9587e+07,nan,4.2822e+08
139.5,34.404,3.519,324,0,nan,nan,0.000,1637.3285,1.719,9.9587e+07,nan,4.2822e+08
142.5,35.144,3.595,327,0,nan,nan,0.000,1637.3285,1.781,9.9587e+07,nan,4.2822e+08
145.5,35.884,3.671,316,0,nan,nan,0.000,1637.3285,1.869,9.9587e+07,nan,4.2822e+08
148.5,36.623,3.746,327,0,nan,nan,0.000,1637.3285,1.903,9.9587e+07,nan,4.2822e+08
151.5,37.363,3.822,319,0,nan,nan,0.000,1637.3285,2.009,9.9587e+07,nan,4.2822e+08
154.5,38.103,3.898,322,0,nan,nan,0.000,1637.3285,2.063,9.9587e+07,nan,4.2822e+08
157.5,38.843,3.973,320,0,nan,nan,0.000,1637.3285,2.197,9.9587e+07,nan,4.2822e+08
160.5,39.583,4.049,311,0,nan,nan,0.000,1637.3285,2.269,9.9587e+07,nan,4.2822e+08
163.5,40.323,4.125,321,0,nan,nan,0.000,1637.3285,2.410,9.9587e+07,nan,4.2822e+08
166.5,41.063,4.200,320,0,nan,nan,0.000,1637.3285,2.533,9.9587e+07,nan,4.2822e+08
169.5,41.803,4.276,318,0,nan,nan,0.000,1637.3285,2.746,9.9587e+07,nan,4.2822e+08
172.5,42.542,4.352,321,0,nan,nan,0.000,1637.3285,3.023,9.9587e+07,nan,4.2822e+08
175.5,43.282,4.427,314,0,nan,nan,0.000,1637.3285,3.555,9.9587e+07,nan,4.2822e+08
178.5,44.022,4.503,322,0,nan,nan,0.000,1637.3285,3.994,9.9587e+07,nan,4.2822e+08
181.5,44.762,4.579,319,0,nan,nan,0.000,1637.3285,7.706,9.9587e+07,nan,4.2822e+08
184.5,45.502,4.655,316,0,nan,nan,0.000,1637.3285,nan,9.9587e+07,nan,4.2822e+08
187.5,46.242,4.730,316,0,nan,nan,0.000,1637.3285,nan,9.9587e+07,nan,4.2822e+08
190.5,46.982,4.806,318,0,nan,nan,0.000,1637.3285,nan,9.9587e+07,nan,4.2822e+08
193.5,47.721,4.882,316,0,nan,nan,0.000,1637.3285,nan,9.9587e+07,nan,4.2822e+08
196.5,48.461,4.957,314,0,nan,nan,0.000,1637.3285,nan,9.9587e+07,nan,4.2822e+08
199.5,49.201,5.033,318,0,nan,nan,0.000,1637.3285,nan,9.9587e+07,nan,4.2822e+08
202.5,49.941,5.109,313,0,nan,nan,0.000,1637.3285,nan,9.9587e+07,nan,4.2822e+08
205.5,50.681,5.184,311,0,nan,nan,0.000,1637.3285,nan,9.9587e+07,nan,4.2822e+08
208.5,51.421,5.260,319,0,nan,nan,0.000,1637.3285,nan,9.9587e+07,nan,4.2822e+08
211.5,52.161,5.336,312,0,nan,nan,0.000,1637.3285,nan,9.9587e+07,nan,4.2822e+08
214.5,52.901,5.411,311,0,nan,nan,0.000,1637.3285,nan,9.9587e+07,nan,4.2822e+08
217.5,53.640,5.487,312,0,nan,nan,0.000,1637.3285,nan,9.9587e+07,nan,4.2822e+08
220.5,54.380,5.563,311,0,nan,nan,0.000,1637.3285,nan,9.9587e+07,nan,4.2822e+08
223.5,55.120,5.638,310,0,nan,nan,0.000,1637.3285,nan,9.9587e+07,nan,4.2822e+08
226.5,55.860,5.714,311,0,nan,nan,0.000,1637.3285,nan,9.9587e+07,nan,4.2822e+08
229.5,56.600,5.790,302,0,nan,nan,0.000,1637.3285,nan,9.9587e+07,nan,4.2822e+08
232.5,57.340,5.865,311,0,nan,nan,0.000,1637.3285,nan,9.9587e+07,nan,4.2822e+08
235.5,58.080,5.941,312,0,nan,nan,0.000,1637.3285,nan,9.9587e+07,nan,4.2822e+08
238.5,58.819,6.017,313,0,nan,nan,0.000,1637.3285,nan,9.9587e+07,nan,4.2822e+08
241.5,59.559,6.093,314,0,nan,nan,0.000,1637.3285,nan,9.9587e+07,nan,4.2822e+08
244.5,60.299,6.168,309,0,nan,nan,0.000,1637.3285,nan,9.9587e+07,nan,4.2822e+08
247.5,61.039,6.244,288,0,nan,nan,0.000,1637.3285,nan,9.9587e+07,nan,4.2822e+08
250.5,61.779,6.320,166,0,nan,nan,0.000,1637.3285,nan,9.9587e+07,nan,4.2822e+08
253.5,62.519,6.395,139,0,nan,nan,0.000,1637.3285,nan,9.9587e+07,nan,4.2822e+08
256.5,63.259,6.471,114,0,nan,nan,0.000,1637.3285,nan,9.9587e+07,nan,4.2822e+08
259.5,63.999,6.547,96,0,nan,nan,0.000,1637.3285,nan,9.9587e+07,nan,4.2822e+08
262.5,64.738,6.622,74,0,nan,nan,0.000,1637.3285,nan,9.9587e+07,nan,4.2822e+08
265.5,65.478,6.698,60,0,nan,nan,0.000,1637.3285,nan,9.9587e+07,nan,4.2822e+08
268.5,66.218,6.774,44,0,nan,nan,0.000,1637.3285,nan,9.9587e+07,nan,4.2822e+08
271.5,66.958,6.849,29,0,nan,nan,0.000,1637.3285,nan,9.9587e+07,nan,4.2822e+08
274.5,67.698,6.925,15,0,nan,nan,0.000,1637.3285,nan,9.9587e+07,nan,4.2822e+08
277.5,68.438,7.001,3,0,nan,nan,0.000,1637.3285,nan,9.9587e+07,nan,4.2822e+08
