edge_pydb/dat_prof/radprof/build/rproftxt/UGC05111.smo7_smob1.rprof.txt
# %ECSV 0.9
# ---
# datatype:
# - {name: radius, unit: arcsec, datatype: float64, description: Adopting RA=144.2185 deg DEC=66.7884 deg PA=118.3 INC=72.9}
# - {name: r_kpc, unit: kpc, datatype: float64, format: 10.3f, description: Adopting distance of 98.17 Mpc}
# - {name: r_r25, unit: '', datatype: float64, format: 10.3f, description: Adopting R25=44.78 arcsec}
# - {name: npix, datatype: int64}
# - {name: ngood, datatype: int64, description: Requiring fill fraction of 0.1 npix}
# - {name: wtmean, unit: K km / s, datatype: float64, format: 10.3f, description: Replaced blanks with 1 times UGC05111.co.smo7_smo.emom0max.fits}
# - {name: rms, unit: K km / s, datatype: float32}
# - {name: annsum, unit: K km pix / s, datatype: float32, format: 10.3f}
# - {name: cumsum, unit: K km pix / s, datatype: float32}
# - {name: detlim, unit: K km / s, datatype: float64, format: 10.3f}
# - {name: cumlum, unit: K km pc2 / s, datatype: float32, format: 10.4e}
# - {name: sigmol, unit: solMass / pc2, datatype: float64, format: 10.3f}
# - {name: cummass, unit: solMass, datatype: float32, format: 10.4e}
# delimiter: ','
# schema: astropy-2.0
radius,r_kpc,r_r25,npix,ngood,wtmean,rms,annsum,cumsum,detlim,cumlum,sigmol,cummass
1.5,0.714,0.033,8,8,8.712,0.13877977,237.032,237.03247,4.108,5.3694e+07,37.462,2.3088e+08
4.5,2.142,0.100,26,26,8.143,0.3301681,720.053,957.0852,2.205,2.1680e+08,35.016,9.3226e+08
7.5,3.570,0.167,39,39,7.537,0.53380096,999.694,1956.779,1.764,4.4326e+08,32.410,1.9060e+09
10.5,4.997,0.234,62,62,6.645,0.788201,1401.041,3357.8198,1.337,7.6063e+08,28.572,3.2707e+09
13.5,6.425,0.301,76,76,5.484,0.87983376,1417.391,4775.211,1.164,1.0817e+09,23.580,4.6513e+09
16.5,7.853,0.368,91,91,4.254,1.0118084,1316.653,6091.8643,1.029,1.3800e+09,18.294,5.9338e+09
19.5,9.281,0.435,107,107,3.091,0.92772424,1124.646,7216.51,0.920,1.6347e+09,13.289,7.0293e+09
22.5,10.709,0.502,124,124,1.952,0.7405305,823.134,8039.644,0.835,1.8212e+09,8.393,7.8311e+09
25.5,12.137,0.569,142,142,1.164,0.51905054,562.272,8601.916,0.767,1.9486e+09,5.007,8.3788e+09
28.5,13.564,0.636,156,156,0.764,0.46062285,405.198,9007.114,0.733,2.0403e+09,3.284,8.7735e+09
31.5,14.992,0.703,176,176,0.581,0.3868489,347.917,9355.031,0.696,2.1192e+09,2.499,9.1124e+09
34.5,16.420,0.770,195,195,0.457,0.21120049,303.197,9658.229,0.669,2.1878e+09,1.966,9.4077e+09
37.5,17.848,0.837,203,193,0.386,0.08717111,266.544,9924.772,0.671,2.2482e+09,1.660,9.6673e+09
40.5,19.276,0.904,225,179,0.382,0.068461634,292.133,10216.905,0.654,2.3144e+09,1.642,9.9519e+09
43.5,20.704,0.971,246,142,0.417,0.099111505,348.459,10565.364,0.653,2.3933e+09,1.791,1.0291e+10
46.5,22.132,1.038,257,110,0.440,0.11900541,384.337,10949.701,0.662,2.4804e+09,1.891,1.0666e+10
49.5,23.559,1.105,276,82,0.471,0.13886946,442.568,11392.27,0.677,2.5806e+09,2.027,1.1097e+10
52.5,24.987,1.172,286,46,0.508,0.15182059,493.725,11885.994,0.706,2.6925e+09,2.183,1.1578e+10
55.5,26.415,1.239,306,27,nan,nan,0.000,11885.994,0.727,2.6925e+09,nan,1.1578e+10
58.5,27.843,1.306,324,22,nan,nan,0.000,11885.994,0.751,2.6925e+09,nan,1.1578e+10
61.5,29.271,1.373,346,22,nan,nan,0.000,11885.994,0.749,2.6925e+09,nan,1.1578e+10
64.5,30.699,1.440,350,19,nan,nan,0.000,11885.994,0.775,2.6925e+09,nan,1.1578e+10
67.5,32.126,1.507,375,17,nan,nan,0.000,11885.994,0.780,2.6925e+09,nan,1.1578e+10
70.5,33.554,1.574,394,13,nan,nan,0.000,11885.994,0.782,2.6925e+09,nan,1.1578e+10
73.5,34.982,1.641,403,9,nan,nan,0.000,11885.994,0.801,2.6925e+09,nan,1.1578e+10
76.5,36.410,1.708,426,4,nan,nan,0.000,11885.994,0.803,2.6925e+09,nan,1.1578e+10
79.5,37.838,1.775,440,1,nan,nan,0.000,11885.994,0.818,2.6925e+09,nan,1.1578e+10
82.5,39.266,1.842,459,0,nan,nan,0.000,11885.994,0.827,2.6925e+09,nan,1.1578e+10
85.5,40.693,1.909,472,0,nan,nan,0.000,11885.994,0.848,2.6925e+09,nan,1.1578e+10
88.5,42.121,1.976,479,0,nan,nan,0.000,11885.994,0.841,2.6925e+09,nan,1.1578e+10
91.5,43.549,2.043,451,0,nan,nan,0.000,11885.994,0.865,2.6925e+09,nan,1.1578e+10
94.5,44.977,2.110,413,0,nan,nan,0.000,11885.994,0.876,2.6925e+09,nan,1.1578e+10
97.5,46.405,2.177,405,0,nan,nan,0.000,11885.994,0.885,2.6925e+09,nan,1.1578e+10
100.5,47.833,2.244,394,0,nan,nan,0.000,11885.994,0.891,2.6925e+09,nan,1.1578e+10
103.5,49.261,2.311,382,0,nan,nan,0.000,11885.994,0.909,2.6925e+09,nan,1.1578e+10
106.5,50.688,2.378,387,0,nan,nan,0.000,11885.994,0.919,2.6925e+09,nan,1.1578e+10
109.5,52.116,2.445,366,0,nan,nan,0.000,11885.994,0.944,2.6925e+09,nan,1.1578e+10
112.5,53.544,2.512,365,0,nan,nan,0.000,11885.994,0.962,2.6925e+09,nan,1.1578e+10
115.5,54.972,2.579,360,0,nan,nan,0.000,11885.994,0.972,2.6925e+09,nan,1.1578e+10
118.5,56.400,2.646,367,0,nan,nan,0.000,11885.994,0.994,2.6925e+09,nan,1.1578e+10
121.5,57.828,2.713,352,0,nan,nan,0.000,11885.994,1.014,2.6925e+09,nan,1.1578e+10
124.5,59.255,2.780,354,0,nan,nan,0.000,11885.994,1.026,2.6925e+09,nan,1.1578e+10
127.5,60.683,2.847,350,0,nan,nan,0.000,11885.994,1.058,2.6925e+09,nan,1.1578e+10
130.5,62.111,2.914,345,0,nan,nan,0.000,11885.994,1.079,2.6925e+09,nan,1.1578e+10
133.5,63.539,2.981,357,0,nan,nan,0.000,11885.994,1.093,2.6925e+09,nan,1.1578e+10
136.5,64.967,3.048,347,0,nan,nan,0.000,11885.994,1.132,2.6925e+09,nan,1.1578e+10
139.5,66.395,3.115,339,0,nan,nan,0.000,11885.994,1.164,2.6925e+09,nan,1.1578e+10
142.5,67.822,3.182,340,0,nan,nan,0.000,11885.994,1.194,2.6925e+09,nan,1.1578e+10
145.5,69.250,3.249,344,0,nan,nan,0.000,11885.994,1.221,2.6925e+09,nan,1.1578e+10
148.5,70.678,3.316,342,0,nan,nan,0.000,11885.994,1.253,2.6925e+09,nan,1.1578e+10
151.5,72.106,3.383,342,0,nan,nan,0.000,11885.994,1.300,2.6925e+09,nan,1.1578e+10
154.5,73.534,3.450,338,0,nan,nan,0.000,11885.994,1.346,2.6925e+09,nan,1.1578e+10
157.5,74.962,3.517,321,0,nan,nan,0.000,11885.994,1.390,2.6925e+09,nan,1.1578e+10
160.5,76.390,3.584,314,0,nan,nan,0.000,11885.994,1.458,2.6925e+09,nan,1.1578e+10
163.5,77.817,3.651,309,0,nan,nan,0.000,11885.994,1.501,2.6925e+09,nan,1.1578e+10
166.5,79.245,3.718,298,0,nan,nan,0.000,11885.994,1.585,2.6925e+09,nan,1.1578e+10
169.5,80.673,3.785,289,0,nan,nan,0.000,11885.994,1.651,2.6925e+09,nan,1.1578e+10
172.5,82.101,3.852,280,0,nan,nan,0.000,11885.994,1.764,2.6925e+09,nan,1.1578e+10
175.5,83.529,3.919,271,0,nan,nan,0.000,11885.994,1.856,2.6925e+09,nan,1.1578e+10
178.5,84.957,3.986,271,0,nan,nan,0.000,11885.994,2.041,2.6925e+09,nan,1.1578e+10
181.5,86.384,4.053,260,0,nan,nan,0.000,11885.994,2.218,2.6925e+09,nan,1.1578e+10
184.5,87.812,4.120,251,0,nan,nan,0.000,11885.994,2.480,2.6925e+09,nan,1.1578e+10
187.5,89.240,4.187,252,0,nan,nan,0.000,11885.994,3.163,2.6925e+09,nan,1.1578e+10
190.5,90.668,4.254,241,0,nan,nan,0.000,11885.994,4.948,2.6925e+09,nan,1.1578e+10
193.5,92.096,4.321,239,0,nan,nan,0.000,11885.994,nan,2.6925e+09,nan,1.1578e+10
196.5,93.524,4.388,235,0,nan,nan,0.000,11885.994,nan,2.6925e+09,nan,1.1578e+10
199.5,94.951,4.455,229,0,nan,nan,0.000,11885.994,nan,2.6925e+09,nan,1.1578e+10
202.5,96.379,4.522,220,0,nan,nan,0.000,11885.994,nan,2.6925e+09,nan,1.1578e+10
205.5,97.807,4.589,218,0,nan,nan,0.000,11885.994,nan,2.6925e+09,nan,1.1578e+10
208.5,99.235,4.656,214,0,nan,nan,0.000,11885.994,nan,2.6925e+09,nan,1.1578e+10
211.5,100.663,4.723,207,0,nan,nan,0.000,11885.994,nan,2.6925e+09,nan,1.1578e+10
214.5,102.091,4.790,203,0,nan,nan,0.000,11885.994,nan,2.6925e+09,nan,1.1578e+10
217.5,103.519,4.857,199,0,nan,nan,0.000,11885.994,nan,2.6925e+09,nan,1.1578e+10
220.5,104.946,4.924,193,0,nan,nan,0.000,11885.994,nan,2.6925e+09,nan,1.1578e+10
223.5,106.374,4.991,191,0,nan,nan,0.000,11885.994,nan,2.6925e+09,nan,1.1578e+10
226.5,107.802,5.058,180,0,nan,nan,0.000,11885.994,nan,2.6925e+09,nan,1.1578e+10
229.5,109.230,5.125,181,0,nan,nan,0.000,11885.994,nan,2.6925e+09,nan,1.1578e+10
232.5,110.658,5.192,174,0,nan,nan,0.000,11885.994,nan,2.6925e+09,nan,1.1578e+10
235.5,112.086,5.259,171,0,nan,nan,0.000,11885.994,nan,2.6925e+09,nan,1.1578e+10
238.5,113.513,5.326,170,0,nan,nan,0.000,11885.994,nan,2.6925e+09,nan,1.1578e+10
241.5,114.941,5.393,165,0,nan,nan,0.000,11885.994,nan,2.6925e+09,nan,1.1578e+10
244.5,116.369,5.460,158,0,nan,nan,0.000,11885.994,nan,2.6925e+09,nan,1.1578e+10
247.5,117.797,5.527,154,0,nan,nan,0.000,11885.994,nan,2.6925e+09,nan,1.1578e+10
250.5,119.225,5.594,151,0,nan,nan,0.000,11885.994,nan,2.6925e+09,nan,1.1578e+10
253.5,120.653,5.661,150,0,nan,nan,0.000,11885.994,nan,2.6925e+09,nan,1.1578e+10
256.5,122.080,5.728,142,0,nan,nan,0.000,11885.994,nan,2.6925e+09,nan,1.1578e+10
259.5,123.508,5.795,139,0,nan,nan,0.000,11885.994,nan,2.6925e+09,nan,1.1578e+10
262.5,124.936,5.861,133,0,nan,nan,0.000,11885.994,nan,2.6925e+09,nan,1.1578e+10
265.5,126.364,5.928,131,0,nan,nan,0.000,11885.994,nan,2.6925e+09,nan,1.1578e+10
268.5,127.792,5.995,130,0,nan,nan,0.000,11885.994,nan,2.6925e+09,nan,1.1578e+10
271.5,129.220,6.062,123,0,nan,nan,0.000,11885.994,nan,2.6925e+09,nan,1.1578e+10
274.5,130.648,6.129,118,0,nan,nan,0.000,11885.994,nan,2.6925e+09,nan,1.1578e+10
277.5,132.075,6.196,118,0,nan,nan,0.000,11885.994,nan,2.6925e+09,nan,1.1578e+10
280.5,133.503,6.263,112,0,nan,nan,0.000,11885.994,nan,2.6925e+09,nan,1.1578e+10
283.5,134.931,6.330,107,0,nan,nan,0.000,11885.994,nan,2.6925e+09,nan,1.1578e+10
286.5,136.359,6.397,104,0,nan,nan,0.000,11885.994,nan,2.6925e+09,nan,1.1578e+10
289.5,137.787,6.464,98,0,nan,nan,0.000,11885.994,nan,2.6925e+09,nan,1.1578e+10
292.5,139.215,6.531,94,0,nan,nan,0.000,11885.994,nan,2.6925e+09,nan,1.1578e+10
295.5,140.642,6.598,91,0,nan,nan,0.000,11885.994,nan,2.6925e+09,nan,1.1578e+10
298.5,142.070,6.665,92,0,nan,nan,0.000,11885.994,nan,2.6925e+09,nan,1.1578e+10
301.5,143.498,6.732,84,0,nan,nan,0.000,11885.994,nan,2.6925e+09,nan,1.1578e+10
304.5,144.926,6.799,83,0,nan,nan,0.000,11885.994,nan,2.6925e+09,nan,1.1578e+10
307.5,146.354,6.866,76,0,nan,nan,0.000,11885.994,nan,2.6925e+09,nan,1.1578e+10
310.5,147.782,6.933,73,0,nan,nan,0.000,11885.994,nan,2.6925e+09,nan,1.1578e+10
313.5,149.209,7.000,69,0,nan,nan,0.000,11885.994,nan,2.6925e+09,nan,1.1578e+10
316.5,150.637,7.067,64,0,nan,nan,0.000,11885.994,nan,2.6925e+09,nan,1.1578e+10
319.5,152.065,7.134,62,0,nan,nan,0.000,11885.994,nan,2.6925e+09,nan,1.1578e+10
322.5,153.493,7.201,60,0,nan,nan,0.000,11885.994,nan,2.6925e+09,nan,1.1578e+10
325.5,154.921,7.268,54,0,nan,nan,0.000,11885.994,nan,2.6925e+09,nan,1.1578e+10
328.5,156.349,7.335,51,0,nan,nan,0.000,11885.994,nan,2.6925e+09,nan,1.1578e+10
331.5,157.777,7.402,47,0,nan,nan,0.000,11885.994,nan,2.6925e+09,nan,1.1578e+10
334.5,159.204,7.469,43,0,nan,nan,0.000,11885.994,nan,2.6925e+09,nan,1.1578e+10
337.5,160.632,7.536,39,0,nan,nan,0.000,11885.994,nan,2.6925e+09,nan,1.1578e+10
340.5,162.060,7.603,35,0,nan,nan,0.000,11885.994,nan,2.6925e+09,nan,1.1578e+10
343.5,163.488,7.670,35,0,nan,nan,0.000,11885.994,nan,2.6925e+09,nan,1.1578e+10
346.5,164.916,7.737,29,0,nan,nan,0.000,11885.994,nan,2.6925e+09,nan,1.1578e+10
349.5,166.344,7.804,24,0,nan,nan,0.000,11885.994,nan,2.6925e+09,nan,1.1578e+10
352.5,167.771,7.871,21,0,nan,nan,0.000,11885.994,nan,2.6925e+09,nan,1.1578e+10
355.5,169.199,7.938,17,0,nan,nan,0.000,11885.994,nan,2.6925e+09,nan,1.1578e+10
358.5,170.627,8.005,14,0,nan,nan,0.000,11885.994,nan,2.6925e+09,nan,1.1578e+10
361.5,172.055,8.072,10,0,nan,nan,0.000,11885.994,nan,2.6925e+09,nan,1.1578e+10
364.5,173.483,8.139,7,0,nan,nan,0.000,11885.994,nan,2.6925e+09,nan,1.1578e+10
367.5,174.911,8.206,3,0,nan,nan,0.000,11885.994,nan,2.6925e+09,nan,1.1578e+10
370.5,176.338,8.273,0,0,nan,nan,0.000,11885.994,nan,2.6925e+09,nan,1.1578e+10
