edge_pydb/dat_prof/radprof/build/rproftxt/UGC05498NED01.smo7_smob1.rprof.txt
# %ECSV 0.9
# ---
# datatype:
# - {name: radius, unit: arcsec, datatype: float64, description: Adopting RA=153.0153 deg DEC=23.0854 deg PA=61.8 INC=81.0}
# - {name: r_kpc, unit: kpc, datatype: float64, format: 10.3f, description: Adopting distance of 91.75 Mpc}
# - {name: r_r25, unit: '', datatype: float64, format: 10.3f, description: Adopting R25=47.00 arcsec}
# - {name: npix, datatype: int64}
# - {name: ngood, datatype: int64, description: Requiring fill fraction of 0.1 npix}
# - {name: wtmean, unit: K km / s, datatype: float64, format: 10.3f, description: Replaced blanks with 1 times UGC05498NED01.co.smo7_smo.emom0max.fits}
# - {name: rms, unit: K km / s, datatype: float32}
# - {name: annsum, unit: K km pix / s, datatype: float32, format: 10.3f}
# - {name: cumsum, unit: K km pix / s, datatype: float32}
# - {name: detlim, unit: K km / s, datatype: float64, format: 10.3f}
# - {name: cumlum, unit: K km pc2 / s, datatype: float32, format: 10.4e}
# - {name: sigmol, unit: solMass / pc2, datatype: float64, format: 10.3f}
# - {name: cummass, unit: solMass, datatype: float32, format: 10.4e}
# delimiter: ','
# schema: astropy-2.0
radius,r_kpc,r_r25,npix,ngood,wtmean,rms,annsum,cumsum,detlim,cumlum,sigmol,cummass
1.5,0.667,0.032,5,0,nan,nan,0.000,0.0,2.530,0.0000e+00,nan,0.0000e+00
4.5,2.002,0.096,11,0,nan,nan,0.000,0.0,1.708,0.0000e+00,nan,0.0000e+00
7.5,3.336,0.160,25,0,nan,nan,0.000,0.0,1.138,0.0000e+00,nan,0.0000e+00
10.5,4.671,0.223,30,0,nan,nan,0.000,0.0,1.045,0.0000e+00,nan,0.0000e+00
13.5,6.005,0.287,41,0,nan,nan,0.000,0.0,0.904,0.0000e+00,nan,0.0000e+00
16.5,7.340,0.351,47,0,nan,nan,0.000,0.0,0.852,0.0000e+00,nan,0.0000e+00
19.5,8.674,0.415,61,0,nan,nan,0.000,0.0,0.760,0.0000e+00,nan,0.0000e+00
22.5,10.009,0.479,66,0,nan,nan,0.000,0.0,0.741,0.0000e+00,nan,0.0000e+00
25.5,11.343,0.543,76,0,nan,nan,0.000,0.0,0.707,0.0000e+00,nan,0.0000e+00
28.5,12.678,0.606,78,0,nan,nan,0.000,0.0,0.711,0.0000e+00,nan,0.0000e+00
31.5,14.012,0.670,96,0,nan,nan,0.000,0.0,0.663,0.0000e+00,nan,0.0000e+00
34.5,15.347,0.734,99,0,nan,nan,0.000,0.0,0.667,0.0000e+00,nan,0.0000e+00
37.5,16.681,0.798,115,0,nan,nan,0.000,0.0,0.643,0.0000e+00,nan,0.0000e+00
40.5,18.015,0.862,117,0,nan,nan,0.000,0.0,0.661,0.0000e+00,nan,0.0000e+00
43.5,19.350,0.925,128,0,nan,nan,0.000,0.0,0.663,0.0000e+00,nan,0.0000e+00
46.5,20.684,0.989,137,0,nan,nan,0.000,0.0,0.670,0.0000e+00,nan,0.0000e+00
49.5,22.019,1.053,146,0,nan,nan,0.000,0.0,0.688,0.0000e+00,nan,0.0000e+00
52.5,23.353,1.117,152,0,nan,nan,0.000,0.0,0.714,0.0000e+00,nan,0.0000e+00
55.5,24.688,1.181,168,0,nan,nan,0.000,0.0,0.725,0.0000e+00,nan,0.0000e+00
58.5,26.022,1.245,174,0,nan,nan,0.000,0.0,0.751,0.0000e+00,nan,0.0000e+00
61.5,27.357,1.308,176,0,nan,nan,0.000,0.0,0.764,0.0000e+00,nan,0.0000e+00
64.5,28.691,1.372,198,0,nan,nan,0.000,0.0,0.765,0.0000e+00,nan,0.0000e+00
67.5,30.026,1.436,191,0,nan,nan,0.000,0.0,0.768,0.0000e+00,nan,0.0000e+00
70.5,31.360,1.500,213,0,nan,nan,0.000,0.0,0.786,0.0000e+00,nan,0.0000e+00
73.5,32.695,1.564,213,0,nan,nan,0.000,0.0,0.797,0.0000e+00,nan,0.0000e+00
76.5,34.029,1.628,227,0,nan,nan,0.000,0.0,0.792,0.0000e+00,nan,0.0000e+00
79.5,35.364,1.691,222,0,nan,nan,0.000,0.0,0.807,0.0000e+00,nan,0.0000e+00
82.5,36.698,1.755,255,0,nan,nan,0.000,0.0,0.777,0.0000e+00,nan,0.0000e+00
85.5,38.033,1.819,250,0,nan,nan,0.000,0.0,0.786,0.0000e+00,nan,0.0000e+00
88.5,39.367,1.883,266,0,nan,nan,0.000,0.0,0.800,0.0000e+00,nan,0.0000e+00
91.5,40.702,1.947,237,0,nan,nan,0.000,0.0,0.808,0.0000e+00,nan,0.0000e+00
94.5,42.036,2.011,235,0,nan,nan,0.000,0.0,0.806,0.0000e+00,nan,0.0000e+00
97.5,43.371,2.074,216,0,nan,nan,0.000,0.0,0.822,0.0000e+00,nan,0.0000e+00
100.5,44.705,2.138,214,0,nan,nan,0.000,0.0,0.791,0.0000e+00,nan,0.0000e+00
103.5,46.040,2.202,204,0,nan,nan,0.000,0.0,0.814,0.0000e+00,nan,0.0000e+00
106.5,47.374,2.266,206,0,nan,nan,0.000,0.0,0.814,0.0000e+00,nan,0.0000e+00
109.5,48.709,2.330,198,0,nan,nan,0.000,0.0,0.823,0.0000e+00,nan,0.0000e+00
112.5,50.043,2.393,201,0,nan,nan,0.000,0.0,0.823,0.0000e+00,nan,0.0000e+00
115.5,51.378,2.457,190,0,nan,nan,0.000,0.0,0.850,0.0000e+00,nan,0.0000e+00
118.5,52.712,2.521,193,0,nan,nan,0.000,0.0,0.841,0.0000e+00,nan,0.0000e+00
121.5,54.046,2.585,192,0,nan,nan,0.000,0.0,0.839,0.0000e+00,nan,0.0000e+00
124.5,55.381,2.649,188,0,nan,nan,0.000,0.0,0.852,0.0000e+00,nan,0.0000e+00
127.5,56.715,2.713,192,0,nan,nan,0.000,0.0,0.826,0.0000e+00,nan,0.0000e+00
130.5,58.050,2.776,188,0,nan,nan,0.000,0.0,0.840,0.0000e+00,nan,0.0000e+00
133.5,59.384,2.840,189,0,nan,nan,0.000,0.0,0.849,0.0000e+00,nan,0.0000e+00
136.5,60.719,2.904,185,0,nan,nan,0.000,0.0,0.867,0.0000e+00,nan,0.0000e+00
139.5,62.053,2.968,179,0,nan,nan,0.000,0.0,0.877,0.0000e+00,nan,0.0000e+00
142.5,63.388,3.032,185,0,nan,nan,0.000,0.0,0.860,0.0000e+00,nan,0.0000e+00
145.5,64.722,3.096,189,0,nan,nan,0.000,0.0,0.848,0.0000e+00,nan,0.0000e+00
148.5,66.057,3.159,182,0,nan,nan,0.000,0.0,0.864,0.0000e+00,nan,0.0000e+00
151.5,67.391,3.223,184,0,nan,nan,0.000,0.0,0.875,0.0000e+00,nan,0.0000e+00
154.5,68.726,3.287,182,0,nan,nan,0.000,0.0,0.894,0.0000e+00,nan,0.0000e+00
157.5,70.060,3.351,180,0,nan,nan,0.000,0.0,0.888,0.0000e+00,nan,0.0000e+00
160.5,71.395,3.415,174,0,nan,nan,0.000,0.0,0.916,0.0000e+00,nan,0.0000e+00
163.5,72.729,3.479,178,0,nan,nan,0.000,0.0,0.902,0.0000e+00,nan,0.0000e+00
166.5,74.064,3.542,181,0,nan,nan,0.000,0.0,0.899,0.0000e+00,nan,0.0000e+00
169.5,75.398,3.606,177,0,nan,nan,0.000,0.0,0.916,0.0000e+00,nan,0.0000e+00
172.5,76.733,3.670,185,0,nan,nan,0.000,0.0,0.898,0.0000e+00,nan,0.0000e+00
175.5,78.067,3.734,179,0,nan,nan,0.000,0.0,0.912,0.0000e+00,nan,0.0000e+00
178.5,79.402,3.798,181,0,nan,nan,0.000,0.0,0.924,0.0000e+00,nan,0.0000e+00
181.5,80.736,3.861,170,0,nan,nan,0.000,0.0,0.952,0.0000e+00,nan,0.0000e+00
184.5,82.071,3.925,175,0,nan,nan,0.000,0.0,0.954,0.0000e+00,nan,0.0000e+00
187.5,83.405,3.989,180,0,nan,nan,0.000,0.0,0.943,0.0000e+00,nan,0.0000e+00
190.5,84.740,4.053,183,0,nan,nan,0.000,0.0,0.927,0.0000e+00,nan,0.0000e+00
193.5,86.074,4.117,176,0,nan,nan,0.000,0.0,0.952,0.0000e+00,nan,0.0000e+00
196.5,87.409,4.181,176,0,nan,nan,0.000,0.0,0.969,0.0000e+00,nan,0.0000e+00
199.5,88.743,4.244,177,0,nan,nan,0.000,0.0,0.979,0.0000e+00,nan,0.0000e+00
202.5,90.077,4.308,171,0,nan,nan,0.000,0.0,1.001,0.0000e+00,nan,0.0000e+00
205.5,91.412,4.372,175,0,nan,nan,0.000,0.0,0.989,0.0000e+00,nan,0.0000e+00
208.5,92.746,4.436,176,0,nan,nan,0.000,0.0,0.994,0.0000e+00,nan,0.0000e+00
211.5,94.081,4.500,175,0,nan,nan,0.000,0.0,1.005,0.0000e+00,nan,0.0000e+00
214.5,95.415,4.564,172,0,nan,nan,0.000,0.0,1.028,0.0000e+00,nan,0.0000e+00
217.5,96.750,4.627,180,0,nan,nan,0.000,0.0,1.011,0.0000e+00,nan,0.0000e+00
220.5,98.084,4.691,178,0,nan,nan,0.000,0.0,1.026,0.0000e+00,nan,0.0000e+00
223.5,99.419,4.755,171,0,nan,nan,0.000,0.0,1.047,0.0000e+00,nan,0.0000e+00
226.5,100.753,4.819,173,0,nan,nan,0.000,0.0,1.053,0.0000e+00,nan,0.0000e+00
229.5,102.088,4.883,176,0,nan,nan,0.000,0.0,1.059,0.0000e+00,nan,0.0000e+00
232.5,103.422,4.947,173,0,nan,nan,0.000,0.0,1.071,0.0000e+00,nan,0.0000e+00
235.5,104.757,5.010,178,0,nan,nan,0.000,0.0,1.074,0.0000e+00,nan,0.0000e+00
238.5,106.091,5.074,175,0,nan,nan,0.000,0.0,1.093,0.0000e+00,nan,0.0000e+00
241.5,107.426,5.138,171,0,nan,nan,0.000,0.0,1.101,0.0000e+00,nan,0.0000e+00
244.5,108.760,5.202,170,0,nan,nan,0.000,0.0,1.106,0.0000e+00,nan,0.0000e+00
247.5,110.095,5.266,166,0,nan,nan,0.000,0.0,1.133,0.0000e+00,nan,0.0000e+00
250.5,111.429,5.330,167,0,nan,nan,0.000,0.0,1.139,0.0000e+00,nan,0.0000e+00
253.5,112.764,5.393,163,0,nan,nan,0.000,0.0,1.148,0.0000e+00,nan,0.0000e+00
256.5,114.098,5.457,163,0,nan,nan,0.000,0.0,1.165,0.0000e+00,nan,0.0000e+00
259.5,115.433,5.521,158,0,nan,nan,0.000,0.0,1.193,0.0000e+00,nan,0.0000e+00
262.5,116.767,5.585,160,0,nan,nan,0.000,0.0,1.210,0.0000e+00,nan,0.0000e+00
265.5,118.102,5.649,160,0,nan,nan,0.000,0.0,1.220,0.0000e+00,nan,0.0000e+00
268.5,119.436,5.712,163,0,nan,nan,0.000,0.0,1.209,0.0000e+00,nan,0.0000e+00
271.5,120.771,5.776,157,0,nan,nan,0.000,0.0,1.236,0.0000e+00,nan,0.0000e+00
274.5,122.105,5.840,152,0,nan,nan,0.000,0.0,1.259,0.0000e+00,nan,0.0000e+00
277.5,123.440,5.904,154,0,nan,nan,0.000,0.0,1.269,0.0000e+00,nan,0.0000e+00
280.5,124.774,5.968,157,0,nan,nan,0.000,0.0,1.293,0.0000e+00,nan,0.0000e+00
283.5,126.108,6.032,150,0,nan,nan,0.000,0.0,1.349,0.0000e+00,nan,0.0000e+00
286.5,127.443,6.095,150,0,nan,nan,0.000,0.0,1.329,0.0000e+00,nan,0.0000e+00
289.5,128.777,6.159,149,0,nan,nan,0.000,0.0,1.344,0.0000e+00,nan,0.0000e+00
292.5,130.112,6.223,147,0,nan,nan,0.000,0.0,1.375,0.0000e+00,nan,0.0000e+00
295.5,131.446,6.287,145,0,nan,nan,0.000,0.0,1.397,0.0000e+00,nan,0.0000e+00
298.5,132.781,6.351,143,0,nan,nan,0.000,0.0,1.416,0.0000e+00,nan,0.0000e+00
301.5,134.115,6.415,141,0,nan,nan,0.000,0.0,1.455,0.0000e+00,nan,0.0000e+00
304.5,135.450,6.478,139,0,nan,nan,0.000,0.0,1.494,0.0000e+00,nan,0.0000e+00
307.5,136.784,6.542,142,0,nan,nan,0.000,0.0,1.499,0.0000e+00,nan,0.0000e+00
310.5,138.119,6.606,144,0,nan,nan,0.000,0.0,1.507,0.0000e+00,nan,0.0000e+00
313.5,139.453,6.670,138,0,nan,nan,0.000,0.0,1.593,0.0000e+00,nan,0.0000e+00
316.5,140.788,6.734,137,0,nan,nan,0.000,0.0,1.591,0.0000e+00,nan,0.0000e+00
319.5,142.122,6.798,134,0,nan,nan,0.000,0.0,1.646,0.0000e+00,nan,0.0000e+00
322.5,143.457,6.861,133,0,nan,nan,0.000,0.0,1.684,0.0000e+00,nan,0.0000e+00
325.5,144.791,6.925,138,0,nan,nan,0.000,0.0,1.737,0.0000e+00,nan,0.0000e+00
328.5,146.126,6.989,133,0,nan,nan,0.000,0.0,1.766,0.0000e+00,nan,0.0000e+00
331.5,147.460,7.053,134,0,nan,nan,0.000,0.0,1.805,0.0000e+00,nan,0.0000e+00
334.5,148.795,7.117,129,0,nan,nan,0.000,0.0,1.860,0.0000e+00,nan,0.0000e+00
337.5,150.129,7.180,127,0,nan,nan,0.000,0.0,1.903,0.0000e+00,nan,0.0000e+00
340.5,151.464,7.244,126,0,nan,nan,0.000,0.0,2.004,0.0000e+00,nan,0.0000e+00
343.5,152.798,7.308,125,0,nan,nan,0.000,0.0,2.031,0.0000e+00,nan,0.0000e+00
346.5,154.133,7.372,122,0,nan,nan,0.000,0.0,2.180,0.0000e+00,nan,0.0000e+00
349.5,155.467,7.436,122,0,nan,nan,0.000,0.0,2.268,0.0000e+00,nan,0.0000e+00
352.5,156.802,7.500,126,0,nan,nan,0.000,0.0,2.355,0.0000e+00,nan,0.0000e+00
355.5,158.136,7.563,123,0,nan,nan,0.000,0.0,2.461,0.0000e+00,nan,0.0000e+00
358.5,159.471,7.627,122,0,nan,nan,0.000,0.0,2.623,0.0000e+00,nan,0.0000e+00
361.5,160.805,7.691,120,0,nan,nan,0.000,0.0,2.929,0.0000e+00,nan,0.0000e+00
364.5,162.139,7.755,112,0,nan,nan,0.000,0.0,3.362,0.0000e+00,nan,0.0000e+00
367.5,163.474,7.819,117,0,nan,nan,0.000,0.0,4.218,0.0000e+00,nan,0.0000e+00
370.5,164.808,7.883,120,0,nan,nan,0.000,0.0,14.073,0.0000e+00,nan,0.0000e+00
373.5,166.143,7.946,115,0,nan,nan,0.000,0.0,nan,0.0000e+00,nan,0.0000e+00
376.5,167.477,8.010,115,0,nan,nan,0.000,0.0,nan,0.0000e+00,nan,0.0000e+00
379.5,168.812,8.074,114,0,nan,nan,0.000,0.0,nan,0.0000e+00,nan,0.0000e+00
382.5,170.146,8.138,111,0,nan,nan,0.000,0.0,nan,0.0000e+00,nan,0.0000e+00
385.5,171.481,8.202,109,0,nan,nan,0.000,0.0,nan,0.0000e+00,nan,0.0000e+00
388.5,172.815,8.266,109,0,nan,nan,0.000,0.0,nan,0.0000e+00,nan,0.0000e+00
391.5,174.150,8.329,108,0,nan,nan,0.000,0.0,nan,0.0000e+00,nan,0.0000e+00
394.5,175.484,8.393,106,0,nan,nan,0.000,0.0,nan,0.0000e+00,nan,0.0000e+00
397.5,176.819,8.457,104,0,nan,nan,0.000,0.0,nan,0.0000e+00,nan,0.0000e+00
400.5,178.153,8.521,106,0,nan,nan,0.000,0.0,nan,0.0000e+00,nan,0.0000e+00
403.5,179.488,8.585,103,0,nan,nan,0.000,0.0,nan,0.0000e+00,nan,0.0000e+00
406.5,180.822,8.648,100,0,nan,nan,0.000,0.0,nan,0.0000e+00,nan,0.0000e+00
409.5,182.157,8.712,101,0,nan,nan,0.000,0.0,nan,0.0000e+00,nan,0.0000e+00
412.5,183.491,8.776,103,0,nan,nan,0.000,0.0,nan,0.0000e+00,nan,0.0000e+00
415.5,184.826,8.840,99,0,nan,nan,0.000,0.0,nan,0.0000e+00,nan,0.0000e+00
418.5,186.160,8.904,99,0,nan,nan,0.000,0.0,nan,0.0000e+00,nan,0.0000e+00
421.5,187.495,8.968,95,0,nan,nan,0.000,0.0,nan,0.0000e+00,nan,0.0000e+00
424.5,188.829,9.031,96,0,nan,nan,0.000,0.0,nan,0.0000e+00,nan,0.0000e+00
427.5,190.164,9.095,94,0,nan,nan,0.000,0.0,nan,0.0000e+00,nan,0.0000e+00
430.5,191.498,9.159,92,0,nan,nan,0.000,0.0,nan,0.0000e+00,nan,0.0000e+00
433.5,192.833,9.223,94,0,nan,nan,0.000,0.0,nan,0.0000e+00,nan,0.0000e+00
436.5,194.167,9.287,92,0,nan,nan,0.000,0.0,nan,0.0000e+00,nan,0.0000e+00
439.5,195.502,9.351,91,0,nan,nan,0.000,0.0,nan,0.0000e+00,nan,0.0000e+00
442.5,196.836,9.414,88,0,nan,nan,0.000,0.0,nan,0.0000e+00,nan,0.0000e+00
445.5,198.170,9.478,88,0,nan,nan,0.000,0.0,nan,0.0000e+00,nan,0.0000e+00
448.5,199.505,9.542,87,0,nan,nan,0.000,0.0,nan,0.0000e+00,nan,0.0000e+00
451.5,200.839,9.606,85,0,nan,nan,0.000,0.0,nan,0.0000e+00,nan,0.0000e+00
454.5,202.174,9.670,84,0,nan,nan,0.000,0.0,nan,0.0000e+00,nan,0.0000e+00
457.5,203.508,9.734,86,0,nan,nan,0.000,0.0,nan,0.0000e+00,nan,0.0000e+00
460.5,204.843,9.797,83,0,nan,nan,0.000,0.0,nan,0.0000e+00,nan,0.0000e+00
463.5,206.177,9.861,82,0,nan,nan,0.000,0.0,nan,0.0000e+00,nan,0.0000e+00
466.5,207.512,9.925,79,0,nan,nan,0.000,0.0,nan,0.0000e+00,nan,0.0000e+00
469.5,208.846,9.989,79,0,nan,nan,0.000,0.0,nan,0.0000e+00,nan,0.0000e+00
472.5,210.181,10.053,78,0,nan,nan,0.000,0.0,nan,0.0000e+00,nan,0.0000e+00
475.5,211.515,10.116,77,0,nan,nan,0.000,0.0,nan,0.0000e+00,nan,0.0000e+00
478.5,212.850,10.180,76,0,nan,nan,0.000,0.0,nan,0.0000e+00,nan,0.0000e+00
481.5,214.184,10.244,75,0,nan,nan,0.000,0.0,nan,0.0000e+00,nan,0.0000e+00
484.5,215.519,10.308,75,0,nan,nan,0.000,0.0,nan,0.0000e+00,nan,0.0000e+00
487.5,216.853,10.372,71,0,nan,nan,0.000,0.0,nan,0.0000e+00,nan,0.0000e+00
490.5,218.188,10.436,71,0,nan,nan,0.000,0.0,nan,0.0000e+00,nan,0.0000e+00
493.5,219.522,10.499,70,0,nan,nan,0.000,0.0,nan,0.0000e+00,nan,0.0000e+00
496.5,220.857,10.563,70,0,nan,nan,0.000,0.0,nan,0.0000e+00,nan,0.0000e+00
499.5,222.191,10.627,69,0,nan,nan,0.000,0.0,nan,0.0000e+00,nan,0.0000e+00
502.5,223.526,10.691,67,0,nan,nan,0.000,0.0,nan,0.0000e+00,nan,0.0000e+00
505.5,224.860,10.755,66,0,nan,nan,0.000,0.0,nan,0.0000e+00,nan,0.0000e+00
508.5,226.195,10.819,64,0,nan,nan,0.000,0.0,nan,0.0000e+00,nan,0.0000e+00
511.5,227.529,10.882,65,0,nan,nan,0.000,0.0,nan,0.0000e+00,nan,0.0000e+00
514.5,228.864,10.946,64,0,nan,nan,0.000,0.0,nan,0.0000e+00,nan,0.0000e+00
517.5,230.198,11.010,63,0,nan,nan,0.000,0.0,nan,0.0000e+00,nan,0.0000e+00
520.5,231.532,11.074,61,0,nan,nan,0.000,0.0,nan,0.0000e+00,nan,0.0000e+00
523.5,232.867,11.138,58,0,nan,nan,0.000,0.0,nan,0.0000e+00,nan,0.0000e+00
526.5,234.201,11.202,59,0,nan,nan,0.000,0.0,nan,0.0000e+00,nan,0.0000e+00
529.5,235.536,11.265,59,0,nan,nan,0.000,0.0,nan,0.0000e+00,nan,0.0000e+00
532.5,236.870,11.329,55,0,nan,nan,0.000,0.0,nan,0.0000e+00,nan,0.0000e+00
535.5,238.205,11.393,57,0,nan,nan,0.000,0.0,nan,0.0000e+00,nan,0.0000e+00
538.5,239.539,11.457,54,0,nan,nan,0.000,0.0,nan,0.0000e+00,nan,0.0000e+00
541.5,240.874,11.521,54,0,nan,nan,0.000,0.0,nan,0.0000e+00,nan,0.0000e+00
544.5,242.208,11.584,52,0,nan,nan,0.000,0.0,nan,0.0000e+00,nan,0.0000e+00
547.5,243.543,11.648,51,0,nan,nan,0.000,0.0,nan,0.0000e+00,nan,0.0000e+00
550.5,244.877,11.712,50,0,nan,nan,0.000,0.0,nan,0.0000e+00,nan,0.0000e+00
553.5,246.212,11.776,50,0,nan,nan,0.000,0.0,nan,0.0000e+00,nan,0.0000e+00
556.5,247.546,11.840,47,0,nan,nan,0.000,0.0,nan,0.0000e+00,nan,0.0000e+00
559.5,248.881,11.904,48,0,nan,nan,0.000,0.0,nan,0.0000e+00,nan,0.0000e+00
562.5,250.215,11.967,47,0,nan,nan,0.000,0.0,nan,0.0000e+00,nan,0.0000e+00
565.5,251.550,12.031,45,0,nan,nan,0.000,0.0,nan,0.0000e+00,nan,0.0000e+00
568.5,252.884,12.095,43,0,nan,nan,0.000,0.0,nan,0.0000e+00,nan,0.0000e+00
571.5,254.219,12.159,43,0,nan,nan,0.000,0.0,nan,0.0000e+00,nan,0.0000e+00
574.5,255.553,12.223,42,0,nan,nan,0.000,0.0,nan,0.0000e+00,nan,0.0000e+00
577.5,256.888,12.287,40,0,nan,nan,0.000,0.0,nan,0.0000e+00,nan,0.0000e+00
580.5,258.222,12.350,39,0,nan,nan,0.000,0.0,nan,0.0000e+00,nan,0.0000e+00
583.5,259.557,12.414,37,0,nan,nan,0.000,0.0,nan,0.0000e+00,nan,0.0000e+00
586.5,260.891,12.478,38,0,nan,nan,0.000,0.0,nan,0.0000e+00,nan,0.0000e+00
589.5,262.226,12.542,37,0,nan,nan,0.000,0.0,nan,0.0000e+00,nan,0.0000e+00
592.5,263.560,12.606,36,0,nan,nan,0.000,0.0,nan,0.0000e+00,nan,0.0000e+00
595.5,264.895,12.670,35,0,nan,nan,0.000,0.0,nan,0.0000e+00,nan,0.0000e+00
598.5,266.229,12.733,34,0,nan,nan,0.000,0.0,nan,0.0000e+00,nan,0.0000e+00
601.5,267.563,12.797,31,0,nan,nan,0.000,0.0,nan,0.0000e+00,nan,0.0000e+00
604.5,268.898,12.861,30,0,nan,nan,0.000,0.0,nan,0.0000e+00,nan,0.0000e+00
607.5,270.232,12.925,31,0,nan,nan,0.000,0.0,nan,0.0000e+00,nan,0.0000e+00
610.5,271.567,12.989,28,0,nan,nan,0.000,0.0,nan,0.0000e+00,nan,0.0000e+00
613.5,272.901,13.052,29,0,nan,nan,0.000,0.0,nan,0.0000e+00,nan,0.0000e+00
616.5,274.236,13.116,27,0,nan,nan,0.000,0.0,nan,0.0000e+00,nan,0.0000e+00
619.5,275.570,13.180,26,0,nan,nan,0.000,0.0,nan,0.0000e+00,nan,0.0000e+00
622.5,276.905,13.244,24,0,nan,nan,0.000,0.0,nan,0.0000e+00,nan,0.0000e+00
625.5,278.239,13.308,24,0,nan,nan,0.000,0.0,nan,0.0000e+00,nan,0.0000e+00
628.5,279.574,13.372,23,0,nan,nan,0.000,0.0,nan,0.0000e+00,nan,0.0000e+00
631.5,280.908,13.435,21,0,nan,nan,0.000,0.0,nan,0.0000e+00,nan,0.0000e+00
634.5,282.243,13.499,19,0,nan,nan,0.000,0.0,nan,0.0000e+00,nan,0.0000e+00
637.5,283.577,13.563,20,0,nan,nan,0.000,0.0,nan,0.0000e+00,nan,0.0000e+00
640.5,284.912,13.627,19,0,nan,nan,0.000,0.0,nan,0.0000e+00,nan,0.0000e+00
643.5,286.246,13.691,18,0,nan,nan,0.000,0.0,nan,0.0000e+00,nan,0.0000e+00
646.5,287.581,13.755,17,0,nan,nan,0.000,0.0,nan,0.0000e+00,nan,0.0000e+00
649.5,288.915,13.818,15,0,nan,nan,0.000,0.0,nan,0.0000e+00,nan,0.0000e+00
652.5,290.250,13.882,14,0,nan,nan,0.000,0.0,nan,0.0000e+00,nan,0.0000e+00
655.5,291.584,13.946,12,0,nan,nan,0.000,0.0,nan,0.0000e+00,nan,0.0000e+00
658.5,292.919,14.010,13,0,nan,nan,0.000,0.0,nan,0.0000e+00,nan,0.0000e+00
661.5,294.253,14.074,11,0,nan,nan,0.000,0.0,nan,0.0000e+00,nan,0.0000e+00
664.5,295.588,14.138,9,0,nan,nan,0.000,0.0,nan,0.0000e+00,nan,0.0000e+00
667.5,296.922,14.201,9,0,nan,nan,0.000,0.0,nan,0.0000e+00,nan,0.0000e+00
670.5,298.257,14.265,8,0,nan,nan,0.000,0.0,nan,0.0000e+00,nan,0.0000e+00
673.5,299.591,14.329,7,0,nan,nan,0.000,0.0,nan,0.0000e+00,nan,0.0000e+00
676.5,300.926,14.393,6,0,nan,nan,0.000,0.0,nan,0.0000e+00,nan,0.0000e+00
679.5,302.260,14.457,5,0,nan,nan,0.000,0.0,nan,0.0000e+00,nan,0.0000e+00
682.5,303.594,14.520,4,0,nan,nan,0.000,0.0,nan,0.0000e+00,nan,0.0000e+00
685.5,304.929,14.584,3,0,nan,nan,0.000,0.0,nan,0.0000e+00,nan,0.0000e+00
688.5,306.263,14.648,1,0,nan,nan,0.000,0.0,nan,0.0000e+00,nan,0.0000e+00
691.5,307.598,14.712,1,0,nan,nan,0.000,0.0,nan,0.0000e+00,nan,0.0000e+00
