edge_pydb/dat_prof/radprof/build/rproftxt/UGC09665.de20_smob1.rprof.txt
# %ECSV 0.9
# ---
# datatype:
# - {name: radius, unit: arcsec, datatype: float64, description: Adopting RA=225.3852 deg DEC=48.3198 deg PA=138.2 INC=74.0}
# - {name: r_kpc, unit: kpc, datatype: float64, format: 10.3f, description: Adopting distance of 36.54 Mpc}
# - {name: r_r25, unit: '', datatype: float64, format: 10.3f, description: Adopting R25=50.83 arcsec}
# - {name: npix, datatype: int64}
# - {name: ngood, datatype: int64, description: Requiring fill fraction of 0.1 npix}
# - {name: wtmean, unit: K km / s, datatype: float64, format: 10.3f, description: Replaced blanks with 1 times UGC09665.co.de20_smo.emom0max.fits}
# - {name: rms, unit: K km / s, datatype: float32}
# - {name: annsum, unit: K km pix / s, datatype: float32, format: 10.3f}
# - {name: cumsum, unit: K km pix / s, datatype: float32}
# - {name: detlim, unit: K km / s, datatype: float64, format: 10.3f}
# - {name: cumlum, unit: K km pc2 / s, datatype: float32, format: 10.4e}
# - {name: sigmol, unit: solMass / pc2, datatype: float64, format: 10.3f}
# - {name: cummass, unit: solMass, datatype: float32, format: 10.4e}
# delimiter: ','
# schema: astropy-2.0
radius,r_kpc,r_r25,npix,ngood,wtmean,rms,annsum,cumsum,detlim,cumlum,sigmol,cummass
1.0,0.177,0.020,2,2,10.233,0.29934388,74.248,74.24751,10.751,2.3302e+06,44.001,1.0020e+07
3.0,0.531,0.059,12,12,9.218,1.1112972,401.320,475.56732,4.229,1.4925e+07,39.638,6.4178e+07
5.0,0.886,0.098,19,19,8.115,1.2901857,559.373,1034.94,3.281,3.2481e+07,34.894,1.3967e+08
7.0,1.240,0.138,25,25,6.655,1.2113922,603.635,1638.5752,2.820,5.1425e+07,28.618,2.2113e+08
9.0,1.594,0.177,27,27,5.780,1.1864783,566.139,2204.7139,2.611,6.9193e+07,24.852,2.9753e+08
11.0,1.949,0.216,37,37,4.864,1.3425746,652.982,2857.6958,2.219,8.9686e+07,20.917,3.8565e+08
13.0,2.303,0.256,49,49,3.924,1.2261996,697.545,3555.2407,1.905,1.1158e+08,16.873,4.7978e+08
15.0,2.657,0.295,51,51,3.253,1.2139581,601.958,4157.199,1.838,1.3047e+08,13.990,5.6102e+08
17.0,3.012,0.334,62,62,2.384,1.0566527,536.331,4693.53,1.648,1.4730e+08,10.253,6.3340e+08
19.0,3.366,0.374,58,58,1.874,1.063552,394.268,5087.7974,1.692,1.5968e+08,8.057,6.8660e+08
21.0,3.720,0.413,74,74,1.687,0.9794696,452.890,5540.687,1.501,1.7389e+08,7.254,7.4772e+08
23.0,4.075,0.452,84,84,1.394,0.72332853,424.708,5965.3945,1.402,1.8722e+08,5.993,8.0504e+08
25.0,4.429,0.492,91,91,1.360,0.70484895,448.897,6414.292,1.358,2.0131e+08,5.847,8.6562e+08
27.0,4.783,0.531,84,84,1.255,0.6285862,382.571,6796.863,1.429,2.1331e+08,5.398,9.1724e+08
29.0,5.138,0.571,103,103,1.031,0.41999918,385.120,7181.9824,1.315,2.2540e+08,4.432,9.6922e+08
31.0,5.492,0.610,108,108,1.048,0.52234024,410.604,7592.5864,1.285,2.3829e+08,4.506,1.0246e+09
33.0,5.846,0.649,118,114,1.000,0.49194866,427.962,8020.549,1.259,2.5172e+08,4.299,1.0824e+09
35.0,6.200,0.689,123,85,0.999,0.3358021,446.005,8466.554,1.259,2.6571e+08,4.298,1.1426e+09
37.0,6.555,0.728,124,63,1.039,0.2672364,467.489,8934.043,1.285,2.8039e+08,4.468,1.2057e+09
39.0,6.909,0.767,130,43,1.103,0.2540551,520.240,9454.283,1.311,2.9671e+08,4.743,1.2759e+09
41.0,7.263,0.807,144,39,1.086,0.25607547,567.376,10021.659,1.250,3.1452e+08,4.670,1.3524e+09
43.0,7.618,0.846,158,27,1.137,0.23394784,651.865,10673.524,1.243,3.3498e+08,4.890,1.4404e+09
45.0,7.972,0.885,154,22,1.156,0.25603378,646.029,11319.554,1.290,3.5525e+08,4.972,1.5276e+09
47.0,8.326,0.925,156,16,1.225,0.2836775,693.083,12012.637,1.353,3.7700e+08,5.266,1.6211e+09
49.0,8.681,0.964,169,18,1.243,0.3391432,762.048,12774.685,1.348,4.0092e+08,5.344,1.7240e+09
51.0,9.035,1.003,181,15,nan,nan,0.000,12774.685,1.352,4.0092e+08,nan,1.7240e+09
53.0,9.389,1.043,186,14,nan,nan,0.000,12774.685,1.374,4.0092e+08,nan,1.7240e+09
55.0,9.744,1.082,195,11,nan,nan,0.000,12774.685,1.415,4.0092e+08,nan,1.7240e+09
57.0,10.098,1.121,178,10,nan,nan,0.000,12774.685,1.528,4.0092e+08,nan,1.7240e+09
59.0,10.452,1.161,214,7,nan,nan,0.000,12774.685,1.429,4.0092e+08,nan,1.7240e+09
61.0,10.806,1.200,216,6,nan,nan,0.000,12774.685,1.427,4.0092e+08,nan,1.7240e+09
63.0,11.161,1.239,221,3,nan,nan,0.000,12774.685,1.444,4.0092e+08,nan,1.7240e+09
65.0,11.515,1.279,221,0,nan,nan,0.000,12774.685,1.492,4.0092e+08,nan,1.7240e+09
67.0,11.869,1.318,180,1,nan,nan,0.000,12774.685,1.607,4.0092e+08,nan,1.7240e+09
69.0,12.224,1.357,192,0,nan,nan,0.000,12774.685,1.493,4.0092e+08,nan,1.7240e+09
71.0,12.578,1.397,188,0,nan,nan,0.000,12774.685,1.479,4.0092e+08,nan,1.7240e+09
73.0,12.932,1.436,162,0,nan,nan,0.000,12774.685,1.502,4.0092e+08,nan,1.7240e+09
75.0,13.287,1.476,140,0,nan,nan,0.000,12774.685,1.589,4.0092e+08,nan,1.7240e+09
77.0,13.641,1.515,131,0,nan,nan,0.000,12774.685,1.674,4.0092e+08,nan,1.7240e+09
79.0,13.995,1.554,142,0,nan,nan,0.000,12774.685,1.540,4.0092e+08,nan,1.7240e+09
81.0,14.350,1.594,141,0,nan,nan,0.000,12774.685,1.511,4.0092e+08,nan,1.7240e+09
83.0,14.704,1.633,131,0,nan,nan,0.000,12774.685,1.588,4.0092e+08,nan,1.7240e+09
85.0,15.058,1.672,120,0,nan,nan,0.000,12774.685,1.648,4.0092e+08,nan,1.7240e+09
87.0,15.413,1.712,109,0,nan,nan,0.000,12774.685,1.779,4.0092e+08,nan,1.7240e+09
89.0,15.767,1.751,126,0,nan,nan,0.000,12774.685,1.583,4.0092e+08,nan,1.7240e+09
91.0,16.121,1.790,124,0,nan,nan,0.000,12774.685,1.589,4.0092e+08,nan,1.7240e+09
93.0,16.475,1.830,118,0,nan,nan,0.000,12774.685,1.651,4.0092e+08,nan,1.7240e+09
95.0,16.830,1.869,107,0,nan,nan,0.000,12774.685,1.726,4.0092e+08,nan,1.7240e+09
97.0,17.184,1.908,99,0,nan,nan,0.000,12774.685,1.836,4.0092e+08,nan,1.7240e+09
99.0,17.538,1.948,115,0,nan,nan,0.000,12774.685,1.669,4.0092e+08,nan,1.7240e+09
101.0,17.893,1.987,114,0,nan,nan,0.000,12774.685,1.659,4.0092e+08,nan,1.7240e+09
103.0,18.247,2.026,103,0,nan,nan,0.000,12774.685,1.759,4.0092e+08,nan,1.7240e+09
105.0,18.601,2.066,97,0,nan,nan,0.000,12774.685,1.831,4.0092e+08,nan,1.7240e+09
107.0,18.956,2.105,93,0,nan,nan,0.000,12774.685,1.895,4.0092e+08,nan,1.7240e+09
109.0,19.310,2.144,103,0,nan,nan,0.000,12774.685,1.753,4.0092e+08,nan,1.7240e+09
111.0,19.664,2.184,102,0,nan,nan,0.000,12774.685,1.773,4.0092e+08,nan,1.7240e+09
113.0,20.019,2.223,96,0,nan,nan,0.000,12774.685,1.844,4.0092e+08,nan,1.7240e+09
115.0,20.373,2.262,88,0,nan,nan,0.000,12774.685,1.940,4.0092e+08,nan,1.7240e+09
117.0,20.727,2.302,83,0,nan,nan,0.000,12774.685,2.013,4.0092e+08,nan,1.7240e+09
119.0,21.081,2.341,96,0,nan,nan,0.000,12774.685,1.872,4.0092e+08,nan,1.7240e+09
121.0,21.436,2.380,95,0,nan,nan,0.000,12774.685,1.891,4.0092e+08,nan,1.7240e+09
123.0,21.790,2.420,90,0,nan,nan,0.000,12774.685,1.939,4.0092e+08,nan,1.7240e+09
125.0,22.144,2.459,71,0,nan,nan,0.000,12774.685,2.161,4.0092e+08,nan,1.7240e+09
127.0,22.499,2.499,82,0,nan,nan,0.000,12774.685,2.059,4.0092e+08,nan,1.7240e+09
129.0,22.853,2.538,89,0,nan,nan,0.000,12774.685,1.994,4.0092e+08,nan,1.7240e+09
131.0,23.207,2.577,86,0,nan,nan,0.000,12774.685,2.052,4.0092e+08,nan,1.7240e+09
133.0,23.562,2.617,82,0,nan,nan,0.000,12774.685,2.119,4.0092e+08,nan,1.7240e+09
135.0,23.916,2.656,67,0,nan,nan,0.000,12774.685,2.301,4.0092e+08,nan,1.7240e+09
137.0,24.270,2.695,75,0,nan,nan,0.000,12774.685,2.214,4.0092e+08,nan,1.7240e+09
139.0,24.625,2.735,80,0,nan,nan,0.000,12774.685,2.190,4.0092e+08,nan,1.7240e+09
141.0,24.979,2.774,78,0,nan,nan,0.000,12774.685,2.248,4.0092e+08,nan,1.7240e+09
143.0,25.333,2.813,74,0,nan,nan,0.000,12774.685,2.338,4.0092e+08,nan,1.7240e+09
145.0,25.688,2.853,61,0,nan,nan,0.000,12774.685,2.536,4.0092e+08,nan,1.7240e+09
147.0,26.042,2.892,71,0,nan,nan,0.000,12774.685,2.388,4.0092e+08,nan,1.7240e+09
149.0,26.396,2.931,70,0,nan,nan,0.000,12774.685,2.463,4.0092e+08,nan,1.7240e+09
151.0,26.750,2.971,70,0,nan,nan,0.000,12774.685,2.514,4.0092e+08,nan,1.7240e+09
153.0,27.105,3.010,64,0,nan,nan,0.000,12774.685,2.674,4.0092e+08,nan,1.7240e+09
155.0,27.459,3.049,56,0,nan,nan,0.000,12774.685,2.767,4.0092e+08,nan,1.7240e+09
157.0,27.813,3.089,67,0,nan,nan,0.000,12774.685,2.675,4.0092e+08,nan,1.7240e+09
159.0,28.168,3.128,64,0,nan,nan,0.000,12774.685,2.836,4.0092e+08,nan,1.7240e+09
161.0,28.522,3.167,60,0,nan,nan,0.000,12774.685,2.977,4.0092e+08,nan,1.7240e+09
163.0,28.876,3.207,56,0,nan,nan,0.000,12774.685,3.121,4.0092e+08,nan,1.7240e+09
165.0,29.231,3.246,56,0,nan,nan,0.000,12774.685,3.088,4.0092e+08,nan,1.7240e+09
167.0,29.585,3.285,59,0,nan,nan,0.000,12774.685,3.290,4.0092e+08,nan,1.7240e+09
169.0,29.939,3.325,55,0,nan,nan,0.000,12774.685,3.564,4.0092e+08,nan,1.7240e+09
171.0,30.294,3.364,52,0,nan,nan,0.000,12774.685,3.797,4.0092e+08,nan,1.7240e+09
173.0,30.648,3.403,49,0,nan,nan,0.000,12774.685,3.749,4.0092e+08,nan,1.7240e+09
175.0,31.002,3.443,53,0,nan,nan,0.000,12774.685,4.544,4.0092e+08,nan,1.7240e+09
177.0,31.356,3.482,51,0,nan,nan,0.000,12774.685,5.244,4.0092e+08,nan,1.7240e+09
179.0,31.711,3.522,48,0,nan,nan,0.000,12774.685,5.804,4.0092e+08,nan,1.7240e+09
181.0,32.065,3.561,44,0,nan,nan,0.000,12774.685,23.336,4.0092e+08,nan,1.7240e+09
183.0,32.419,3.600,46,0,nan,nan,0.000,12774.685,nan,4.0092e+08,nan,1.7240e+09
185.0,32.774,3.640,47,0,nan,nan,0.000,12774.685,nan,4.0092e+08,nan,1.7240e+09
187.0,33.128,3.679,43,0,nan,nan,0.000,12774.685,nan,4.0092e+08,nan,1.7240e+09
189.0,33.482,3.718,39,0,nan,nan,0.000,12774.685,nan,4.0092e+08,nan,1.7240e+09
191.0,33.837,3.758,40,0,nan,nan,0.000,12774.685,nan,4.0092e+08,nan,1.7240e+09
193.0,34.191,3.797,42,0,nan,nan,0.000,12774.685,nan,4.0092e+08,nan,1.7240e+09
195.0,34.545,3.836,39,0,nan,nan,0.000,12774.685,nan,4.0092e+08,nan,1.7240e+09
197.0,34.900,3.876,35,0,nan,nan,0.000,12774.685,nan,4.0092e+08,nan,1.7240e+09
199.0,35.254,3.915,32,0,nan,nan,0.000,12774.685,nan,4.0092e+08,nan,1.7240e+09
201.0,35.608,3.954,38,0,nan,nan,0.000,12774.685,nan,4.0092e+08,nan,1.7240e+09
203.0,35.963,3.994,33,0,nan,nan,0.000,12774.685,nan,4.0092e+08,nan,1.7240e+09
205.0,36.317,4.033,31,0,nan,nan,0.000,12774.685,nan,4.0092e+08,nan,1.7240e+09
207.0,36.671,4.072,28,0,nan,nan,0.000,12774.685,nan,4.0092e+08,nan,1.7240e+09
209.0,37.025,4.112,30,0,nan,nan,0.000,12774.685,nan,4.0092e+08,nan,1.7240e+09
211.0,37.380,4.151,30,0,nan,nan,0.000,12774.685,nan,4.0092e+08,nan,1.7240e+09
213.0,37.734,4.190,26,0,nan,nan,0.000,12774.685,nan,4.0092e+08,nan,1.7240e+09
215.0,38.088,4.230,22,0,nan,nan,0.000,12774.685,nan,4.0092e+08,nan,1.7240e+09
217.0,38.443,4.269,27,0,nan,nan,0.000,12774.685,nan,4.0092e+08,nan,1.7240e+09
219.0,38.797,4.308,24,0,nan,nan,0.000,12774.685,nan,4.0092e+08,nan,1.7240e+09
221.0,39.151,4.348,21,0,nan,nan,0.000,12774.685,nan,4.0092e+08,nan,1.7240e+09
223.0,39.506,4.387,18,0,nan,nan,0.000,12774.685,nan,4.0092e+08,nan,1.7240e+09
225.0,39.860,4.427,21,0,nan,nan,0.000,12774.685,nan,4.0092e+08,nan,1.7240e+09
227.0,40.214,4.466,18,0,nan,nan,0.000,12774.685,nan,4.0092e+08,nan,1.7240e+09
229.0,40.569,4.505,16,0,nan,nan,0.000,12774.685,nan,4.0092e+08,nan,1.7240e+09
231.0,40.923,4.545,15,0,nan,nan,0.000,12774.685,nan,4.0092e+08,nan,1.7240e+09
233.0,41.277,4.584,15,0,nan,nan,0.000,12774.685,nan,4.0092e+08,nan,1.7240e+09
235.0,41.631,4.623,14,0,nan,nan,0.000,12774.685,nan,4.0092e+08,nan,1.7240e+09
237.0,41.986,4.663,10,0,nan,nan,0.000,12774.685,nan,4.0092e+08,nan,1.7240e+09
239.0,42.340,4.702,9,0,nan,nan,0.000,12774.685,nan,4.0092e+08,nan,1.7240e+09
241.0,42.694,4.741,12,0,nan,nan,0.000,12774.685,nan,4.0092e+08,nan,1.7240e+09
243.0,43.049,4.781,9,0,nan,nan,0.000,12774.685,nan,4.0092e+08,nan,1.7240e+09
245.0,43.403,4.820,6,0,nan,nan,0.000,12774.685,nan,4.0092e+08,nan,1.7240e+09
247.0,43.757,4.859,3,0,nan,nan,0.000,12774.685,nan,4.0092e+08,nan,1.7240e+09
249.0,44.112,4.899,6,0,nan,nan,0.000,12774.685,nan,4.0092e+08,nan,1.7240e+09
251.0,44.466,4.938,4,0,nan,nan,0.000,12774.685,nan,4.0092e+08,nan,1.7240e+09
253.0,44.820,4.977,2,0,nan,nan,0.000,12774.685,nan,4.0092e+08,nan,1.7240e+09
255.0,45.175,5.017,0,0,nan,nan,0.000,12774.685,nan,4.0092e+08,nan,1.7240e+09
