edge_pydb/dat_prof/radprof/build/rproftxt/UGC05108.de20_smob1.rprof.txt
# %ECSV 0.9
# ---
# datatype:
# - {name: radius, unit: arcsec, datatype: float64, description: Adopting RA=143.8596 deg DEC=29.8126 deg PA=136.1 INC=66.1}
# - {name: r_kpc, unit: kpc, datatype: float64, format: 10.3f, description: Adopting distance of 118.41 Mpc}
# - {name: r_r25, unit: '', datatype: float64, format: 10.3f, description: Adopting R25=32.82 arcsec}
# - {name: npix, datatype: int64}
# - {name: ngood, datatype: int64, description: Requiring fill fraction of 0.1 npix}
# - {name: wtmean, unit: K km / s, datatype: float64, format: 10.3f, description: Replaced blanks with 1 times UGC05108.co.de20_smo.emom0max.fits}
# - {name: rms, unit: K km / s, datatype: float32}
# - {name: annsum, unit: K km pix / s, datatype: float32, format: 10.3f}
# - {name: cumsum, unit: K km pix / s, datatype: float32}
# - {name: detlim, unit: K km / s, datatype: float64, format: 10.3f}
# - {name: cumlum, unit: K km pc2 / s, datatype: float32, format: 10.4e}
# - {name: sigmol, unit: solMass / pc2, datatype: float64, format: 10.3f}
# - {name: cummass, unit: solMass, datatype: float32, format: 10.4e}
# delimiter: ','
# schema: astropy-2.0
radius,r_kpc,r_r25,npix,ngood,wtmean,rms,annsum,cumsum,detlim,cumlum,sigmol,cummass
1.0,0.574,0.030,5,5,25.440,2.0609965,313.967,313.96713,8.369,1.0347e+08,109.393,4.4491e+08
3.0,1.722,0.091,15,15,18.251,5.5529175,675.726,989.6935,4.864,3.2616e+08,78.479,1.4025e+09
5.0,2.870,0.152,28,28,9.638,5.9151206,666.073,1655.7668,3.543,5.4566e+08,41.442,2.3463e+09
7.0,4.018,0.213,33,33,5.388,4.037035,438.885,2094.6514,3.226,6.9030e+08,23.169,2.9683e+09
9.0,5.167,0.274,46,46,3.910,2.204887,443.948,2538.5999,2.634,8.3660e+08,16.813,3.5974e+09
11.0,6.315,0.335,54,54,2.513,1.4415225,335.010,2873.6094,2.279,9.4700e+08,10.808,4.0721e+09
13.0,7.463,0.396,68,68,1.670,0.91898006,280.366,3153.9758,1.887,1.0394e+09,7.183,4.4694e+09
15.0,8.611,0.457,78,78,1.203,0.5708784,231.543,3385.5186,1.644,1.1157e+09,5.171,4.7975e+09
17.0,9.759,0.518,86,86,1.058,0.44509727,224.522,3610.0405,1.525,1.1897e+09,4.548,5.1157e+09
19.0,10.907,0.579,99,90,0.951,0.43966013,232.491,3842.5312,1.354,1.2663e+09,4.091,5.4451e+09
21.0,12.055,0.640,102,84,0.875,0.43996498,220.286,4062.8176,1.271,1.3389e+09,3.762,5.7573e+09
23.0,13.204,0.701,118,80,0.838,0.35261372,244.188,4307.006,1.146,1.4194e+09,3.605,6.1033e+09
25.0,14.352,0.762,129,75,0.801,0.2528461,255.072,4562.078,1.079,1.5034e+09,3.445,6.4648e+09
27.0,15.500,0.823,137,71,0.762,0.1843938,257.691,4819.769,1.048,1.5884e+09,3.277,6.8300e+09
29.0,16.648,0.884,150,71,0.754,0.16871369,279.027,5098.796,1.014,1.6803e+09,3.241,7.2254e+09
31.0,17.796,0.945,157,66,0.770,0.17690262,298.470,5397.2656,1.008,1.7787e+09,3.312,7.6483e+09
33.0,18.944,1.006,169,58,0.788,0.16091256,328.571,5725.8364,0.996,1.8870e+09,3.387,8.1139e+09
35.0,20.092,1.066,173,47,0.825,0.16243683,352.197,6078.033,1.002,2.0030e+09,3.547,8.6130e+09
37.0,21.240,1.127,192,42,0.860,0.17734587,407.562,6485.595,0.977,2.1373e+09,3.698,9.1906e+09
39.0,22.389,1.188,197,30,0.877,0.15242307,426.646,6912.241,0.986,2.2779e+09,3.773,9.7951e+09
41.0,23.537,1.249,210,24,0.902,0.1581359,467.752,7379.9937,0.989,2.4321e+09,3.880,1.0458e+10
43.0,24.685,1.310,219,23,0.921,0.17880587,497.841,7877.835,0.991,2.5962e+09,3.960,1.1163e+10
45.0,25.833,1.371,231,17,nan,nan,0.000,7877.835,0.995,2.5962e+09,nan,1.1163e+10
47.0,26.981,1.432,239,14,nan,nan,0.000,7877.835,1.020,2.5962e+09,nan,1.1163e+10
49.0,28.129,1.493,246,7,nan,nan,0.000,7877.835,1.043,2.5962e+09,nan,1.1163e+10
51.0,29.277,1.554,257,1,nan,nan,0.000,7877.835,1.069,2.5962e+09,nan,1.1163e+10
53.0,30.425,1.615,273,0,nan,nan,0.000,7877.835,1.078,2.5962e+09,nan,1.1163e+10
55.0,31.574,1.676,284,0,nan,nan,0.000,7877.835,1.129,2.5962e+09,nan,1.1163e+10
57.0,32.722,1.737,288,0,nan,nan,0.000,7877.835,1.125,2.5962e+09,nan,1.1163e+10
59.0,33.870,1.798,301,0,nan,nan,0.000,7877.835,1.168,2.5962e+09,nan,1.1163e+10
61.0,35.018,1.859,308,0,nan,nan,0.000,7877.835,1.194,2.5962e+09,nan,1.1163e+10
63.0,36.166,1.920,324,0,nan,nan,0.000,7877.835,1.212,2.5962e+09,nan,1.1163e+10
65.0,37.314,1.981,318,0,nan,nan,0.000,7877.835,1.228,2.5962e+09,nan,1.1163e+10
67.0,38.462,2.042,310,0,nan,nan,0.000,7877.835,1.228,2.5962e+09,nan,1.1163e+10
69.0,39.611,2.102,243,0,nan,nan,0.000,7877.835,1.267,2.5962e+09,nan,1.1163e+10
71.0,40.759,2.163,208,0,nan,nan,0.000,7877.835,1.266,2.5962e+09,nan,1.1163e+10
73.0,41.907,2.224,186,0,nan,nan,0.000,7877.835,1.292,2.5962e+09,nan,1.1163e+10
75.0,43.055,2.285,173,0,nan,nan,0.000,7877.835,1.335,2.5962e+09,nan,1.1163e+10
77.0,44.203,2.346,164,0,nan,nan,0.000,7877.835,1.366,2.5962e+09,nan,1.1163e+10
79.0,45.351,2.407,161,0,nan,nan,0.000,7877.835,1.367,2.5962e+09,nan,1.1163e+10
81.0,46.499,2.468,154,0,nan,nan,0.000,7877.835,1.399,2.5962e+09,nan,1.1163e+10
83.0,47.647,2.529,148,0,nan,nan,0.000,7877.835,1.422,2.5962e+09,nan,1.1163e+10
85.0,48.796,2.590,149,0,nan,nan,0.000,7877.835,1.424,2.5962e+09,nan,1.1163e+10
87.0,49.944,2.651,137,0,nan,nan,0.000,7877.835,1.492,2.5962e+09,nan,1.1163e+10
89.0,51.092,2.712,131,0,nan,nan,0.000,7877.835,1.544,2.5962e+09,nan,1.1163e+10
91.0,52.240,2.773,127,0,nan,nan,0.000,7877.835,1.573,2.5962e+09,nan,1.1163e+10
93.0,53.388,2.834,129,0,nan,nan,0.000,7877.835,1.565,2.5962e+09,nan,1.1163e+10
95.0,54.536,2.895,121,0,nan,nan,0.000,7877.835,1.635,2.5962e+09,nan,1.1163e+10
97.0,55.684,2.956,122,0,nan,nan,0.000,7877.835,1.640,2.5962e+09,nan,1.1163e+10
99.0,56.833,3.017,116,0,nan,nan,0.000,7877.835,1.702,2.5962e+09,nan,1.1163e+10
101.0,57.981,3.078,108,0,nan,nan,0.000,7877.835,1.785,2.5962e+09,nan,1.1163e+10
103.0,59.129,3.138,107,0,nan,nan,0.000,7877.835,1.841,2.5962e+09,nan,1.1163e+10
105.0,60.277,3.199,99,0,nan,nan,0.000,7877.835,1.935,2.5962e+09,nan,1.1163e+10
107.0,61.425,3.260,103,0,nan,nan,0.000,7877.835,1.928,2.5962e+09,nan,1.1163e+10
109.0,62.573,3.321,98,0,nan,nan,0.000,7877.835,2.021,2.5962e+09,nan,1.1163e+10
111.0,63.721,3.382,98,0,nan,nan,0.000,7877.835,2.074,2.5962e+09,nan,1.1163e+10
113.0,64.869,3.443,92,0,nan,nan,0.000,7877.835,2.195,2.5962e+09,nan,1.1163e+10
115.0,66.018,3.504,85,0,nan,nan,0.000,7877.835,2.407,2.5962e+09,nan,1.1163e+10
117.0,67.166,3.565,82,0,nan,nan,0.000,7877.835,2.520,2.5962e+09,nan,1.1163e+10
119.0,68.314,3.626,77,0,nan,nan,0.000,7877.835,2.881,2.5962e+09,nan,1.1163e+10
121.0,69.462,3.687,84,0,nan,nan,0.000,7877.835,2.848,2.5962e+09,nan,1.1163e+10
123.0,70.610,3.748,73,0,nan,nan,0.000,7877.835,3.621,2.5962e+09,nan,1.1163e+10
125.0,71.758,3.809,78,0,nan,nan,0.000,7877.835,4.522,2.5962e+09,nan,1.1163e+10
127.0,72.906,3.870,71,0,nan,nan,0.000,7877.835,15.512,2.5962e+09,nan,1.1163e+10
129.0,74.055,3.931,66,0,nan,nan,0.000,7877.835,nan,2.5962e+09,nan,1.1163e+10
131.0,75.203,3.992,59,0,nan,nan,0.000,7877.835,nan,2.5962e+09,nan,1.1163e+10
133.0,76.351,4.053,56,0,nan,nan,0.000,7877.835,nan,2.5962e+09,nan,1.1163e+10
135.0,77.499,4.114,64,0,nan,nan,0.000,7877.835,nan,2.5962e+09,nan,1.1163e+10
137.0,78.647,4.174,54,0,nan,nan,0.000,7877.835,nan,2.5962e+09,nan,1.1163e+10
139.0,79.795,4.235,60,0,nan,nan,0.000,7877.835,nan,2.5962e+09,nan,1.1163e+10
141.0,80.943,4.296,49,0,nan,nan,0.000,7877.835,nan,2.5962e+09,nan,1.1163e+10
143.0,82.091,4.357,44,0,nan,nan,0.000,7877.835,nan,2.5962e+09,nan,1.1163e+10
145.0,83.240,4.418,41,0,nan,nan,0.000,7877.835,nan,2.5962e+09,nan,1.1163e+10
147.0,84.388,4.479,42,0,nan,nan,0.000,7877.835,nan,2.5962e+09,nan,1.1163e+10
149.0,85.536,4.540,39,0,nan,nan,0.000,7877.835,nan,2.5962e+09,nan,1.1163e+10
151.0,86.684,4.601,39,0,nan,nan,0.000,7877.835,nan,2.5962e+09,nan,1.1163e+10
153.0,87.832,4.662,36,0,nan,nan,0.000,7877.835,nan,2.5962e+09,nan,1.1163e+10
155.0,88.980,4.723,30,0,nan,nan,0.000,7877.835,nan,2.5962e+09,nan,1.1163e+10
157.0,90.128,4.784,25,0,nan,nan,0.000,7877.835,nan,2.5962e+09,nan,1.1163e+10
159.0,91.276,4.845,22,0,nan,nan,0.000,7877.835,nan,2.5962e+09,nan,1.1163e+10
161.0,92.425,4.906,23,0,nan,nan,0.000,7877.835,nan,2.5962e+09,nan,1.1163e+10
163.0,93.573,4.967,21,0,nan,nan,0.000,7877.835,nan,2.5962e+09,nan,1.1163e+10
165.0,94.721,5.028,20,0,nan,nan,0.000,7877.835,nan,2.5962e+09,nan,1.1163e+10
167.0,95.869,5.089,16,0,nan,nan,0.000,7877.835,nan,2.5962e+09,nan,1.1163e+10
169.0,97.017,5.150,10,0,nan,nan,0.000,7877.835,nan,2.5962e+09,nan,1.1163e+10
171.0,98.165,5.210,8,0,nan,nan,0.000,7877.835,nan,2.5962e+09,nan,1.1163e+10
173.0,99.313,5.271,6,0,nan,nan,0.000,7877.835,nan,2.5962e+09,nan,1.1163e+10
175.0,100.462,5.332,4,0,nan,nan,0.000,7877.835,nan,2.5962e+09,nan,1.1163e+10
177.0,101.610,5.393,2,0,nan,nan,0.000,7877.835,nan,2.5962e+09,nan,1.1163e+10
