edge_pydb/dat_prof/radprof/build/rproftxt/UGC09537.de20_smob0.rprof.txt
# %ECSV 0.9
# ---
# datatype:
# - {name: radius, unit: arcsec, datatype: float64, description: Adopting RA=222.1115 deg DEC=34.9980 deg PA=135.7 INC=72.0}
# - {name: r_kpc, unit: kpc, datatype: float64, format: 10.3f, description: Adopting distance of 130.07 Mpc}
# - {name: r_r25, unit: '', datatype: float64, format: 10.3f, description: Adopting R25=67.01 arcsec}
# - {name: npix, datatype: int64}
# - {name: ngood, datatype: int64, description: Requiring fill fraction of 0.1 npix}
# - {name: wtmean, unit: K km / s, datatype: float64, format: 10.3f, description: Replaced blanks with 0 times UGC09537.co.de20_smo.emom0max.fits}
# - {name: rms, unit: K km / s, datatype: float32}
# - {name: annsum, unit: K km pix / s, datatype: float32, format: 10.3f}
# - {name: cumsum, unit: K km pix / s, datatype: float32}
# - {name: detlim, unit: K km / s, datatype: float64, format: 10.3f}
# - {name: cumlum, unit: K km pc2 / s, datatype: float32, format: 10.4e}
# - {name: sigmol, unit: solMass / pc2, datatype: float64, format: 10.3f}
# - {name: cummass, unit: solMass, datatype: float32, format: 10.4e}
# delimiter: ','
# schema: astropy-2.0
radius,r_kpc,r_r25,npix,ngood,wtmean,rms,annsum,cumsum,detlim,cumlum,sigmol,cummass
1.0,0.631,0.015,5,5,6.026,0.46269757,97.506,97.50572,6.371,3.8772e+07,25.913,1.6672e+08
3.0,1.892,0.045,11,11,4.582,1.1654618,163.109,260.615,4.357,1.0363e+08,19.703,4.4562e+08
5.0,3.153,0.075,19,19,3.624,1.0749593,222.818,483.4333,3.203,1.9223e+08,15.583,8.2661e+08
7.0,4.414,0.104,27,27,3.233,0.9121158,282.465,765.8979,2.610,3.0455e+08,13.901,1.3096e+09
9.0,5.675,0.134,35,35,3.806,1.4214426,431.084,1196.9817,2.181,4.7597e+08,16.366,2.0467e+09
11.0,6.936,0.164,40,40,3.769,1.6922587,487.821,1684.8031,2.012,6.6995e+08,16.205,2.8808e+09
13.0,8.198,0.194,52,52,3.229,1.363919,543.403,2228.2065,1.744,8.8603e+08,13.886,3.8099e+09
15.0,9.459,0.224,58,58,2.304,0.9868635,432.532,2660.739,1.615,1.0580e+09,9.909,4.5495e+09
17.0,10.720,0.254,69,69,1.660,0.7505373,370.720,3031.459,1.433,1.2054e+09,7.139,5.1834e+09
19.0,11.981,0.284,69,69,1.125,0.6752821,251.249,3282.708,1.387,1.3053e+09,4.838,5.6130e+09
21.0,13.242,0.313,85,85,0.650,0.7385457,178.803,3461.5112,1.230,1.3764e+09,2.795,5.9187e+09
23.0,14.504,0.343,90,90,0.521,0.84438556,151.805,3613.3164,1.161,1.4368e+09,2.241,6.1783e+09
25.0,15.765,0.373,98,98,0.748,1.0611653,237.116,3850.4324,1.077,1.5311e+09,3.215,6.5837e+09
27.0,17.026,0.403,98,95,0.706,0.91505075,224.035,4074.467,1.058,1.6202e+09,3.038,6.9668e+09
29.0,18.287,0.433,120,115,0.536,0.68888205,207.969,4282.4355,0.945,1.7029e+09,2.303,7.3224e+09
31.0,19.548,0.463,117,83,0.277,0.5052802,104.840,4387.276,0.957,1.7446e+09,1.191,7.5017e+09
33.0,20.809,0.492,130,83,0.232,0.50448126,97.391,4484.667,0.920,1.7833e+09,0.995,7.6682e+09
35.0,22.071,0.522,134,72,0.226,0.5607825,97.943,4582.6104,0.920,1.8222e+09,0.971,7.8356e+09
37.0,23.332,0.552,146,65,0.290,0.69845676,136.867,4719.477,0.905,1.8767e+09,1.246,8.0697e+09
39.0,24.593,0.582,150,62,0.280,0.79316956,135.845,4855.322,0.905,1.9307e+09,1.203,8.3019e+09
41.0,25.854,0.612,161,59,0.309,0.96652144,161.026,5016.3477,0.910,1.9947e+09,1.329,8.5773e+09
43.0,27.115,0.642,159,55,0.208,0.98227096,107.150,5123.498,0.928,2.0373e+09,0.895,8.7605e+09
45.0,28.377,0.672,182,56,0.189,0.86535865,111.070,5234.5684,0.908,2.0815e+09,0.811,8.9504e+09
47.0,29.638,0.701,177,39,0.073,0.45349485,41.877,5276.4453,0.941,2.0981e+09,0.314,9.0220e+09
49.0,30.899,0.731,196,24,0.067,0.3643547,42.251,5318.6963,0.936,2.1149e+09,0.286,9.0943e+09
51.0,32.160,0.761,195,17,nan,nan,0.000,5318.6963,0.974,2.1149e+09,nan,9.0943e+09
53.0,33.421,0.791,212,18,nan,nan,0.000,5318.6963,0.997,2.1149e+09,nan,9.0943e+09
55.0,34.682,0.821,210,16,nan,nan,0.000,5318.6963,1.009,2.1149e+09,nan,9.0943e+09
57.0,35.944,0.851,227,10,nan,nan,0.000,5318.6963,1.019,2.1149e+09,nan,9.0943e+09
59.0,37.205,0.881,217,3,nan,nan,0.000,5318.6963,1.072,2.1149e+09,nan,9.0943e+09
61.0,38.466,0.910,248,0,nan,nan,0.000,5318.6963,1.033,2.1149e+09,nan,9.0943e+09
63.0,39.727,0.940,240,0,nan,nan,0.000,5318.6963,1.060,2.1149e+09,nan,9.0943e+09
65.0,40.988,0.970,254,0,nan,nan,0.000,5318.6963,1.077,2.1149e+09,nan,9.0943e+09
67.0,42.249,1.000,252,0,nan,nan,0.000,5318.6963,1.092,2.1149e+09,nan,9.0943e+09
69.0,43.511,1.030,251,0,nan,nan,0.000,5318.6963,1.084,2.1149e+09,nan,9.0943e+09
71.0,44.772,1.060,190,0,nan,nan,0.000,5318.6963,1.101,2.1149e+09,nan,9.0943e+09
73.0,46.033,1.089,170,0,nan,nan,0.000,5318.6963,1.125,2.1149e+09,nan,9.0943e+09
75.0,47.294,1.119,157,0,nan,nan,0.000,5318.6963,1.147,2.1149e+09,nan,9.0943e+09
77.0,48.555,1.149,156,0,nan,nan,0.000,5318.6963,1.122,2.1149e+09,nan,9.0943e+09
79.0,49.817,1.179,151,0,nan,nan,0.000,5318.6963,1.138,2.1149e+09,nan,9.0943e+09
81.0,51.078,1.209,144,0,nan,nan,0.000,5318.6963,1.153,2.1149e+09,nan,9.0943e+09
83.0,52.339,1.239,137,0,nan,nan,0.000,5318.6963,1.195,2.1149e+09,nan,9.0943e+09
85.0,53.600,1.269,136,0,nan,nan,0.000,5318.6963,1.181,2.1149e+09,nan,9.0943e+09
87.0,54.861,1.298,135,0,nan,nan,0.000,5318.6963,1.180,2.1149e+09,nan,9.0943e+09
89.0,56.122,1.328,129,0,nan,nan,0.000,5318.6963,1.218,2.1149e+09,nan,9.0943e+09
91.0,57.384,1.358,121,0,nan,nan,0.000,5318.6963,1.244,2.1149e+09,nan,9.0943e+09
93.0,58.645,1.388,124,0,nan,nan,0.000,5318.6963,1.227,2.1149e+09,nan,9.0943e+09
95.0,59.906,1.418,124,0,nan,nan,0.000,5318.6963,1.224,2.1149e+09,nan,9.0943e+09
97.0,61.167,1.448,118,0,nan,nan,0.000,5318.6963,1.273,2.1149e+09,nan,9.0943e+09
99.0,62.428,1.477,114,0,nan,nan,0.000,5318.6963,1.292,2.1149e+09,nan,9.0943e+09
101.0,63.690,1.507,109,0,nan,nan,0.000,5318.6963,1.320,2.1149e+09,nan,9.0943e+09
103.0,64.951,1.537,114,0,nan,nan,0.000,5318.6963,1.294,2.1149e+09,nan,9.0943e+09
105.0,66.212,1.567,106,0,nan,nan,0.000,5318.6963,1.347,2.1149e+09,nan,9.0943e+09
107.0,67.473,1.597,102,0,nan,nan,0.000,5318.6963,1.378,2.1149e+09,nan,9.0943e+09
109.0,68.734,1.627,106,0,nan,nan,0.000,5318.6963,1.347,2.1149e+09,nan,9.0943e+09
111.0,69.995,1.657,106,0,nan,nan,0.000,5318.6963,1.357,2.1149e+09,nan,9.0943e+09
113.0,71.257,1.686,101,0,nan,nan,0.000,5318.6963,1.411,2.1149e+09,nan,9.0943e+09
115.0,72.518,1.716,94,0,nan,nan,0.000,5318.6963,1.466,2.1149e+09,nan,9.0943e+09
117.0,73.779,1.746,94,0,nan,nan,0.000,5318.6963,1.469,2.1149e+09,nan,9.0943e+09
119.0,75.040,1.776,97,0,nan,nan,0.000,5318.6963,1.450,2.1149e+09,nan,9.0943e+09
121.0,76.301,1.806,89,0,nan,nan,0.000,5318.6963,1.531,2.1149e+09,nan,9.0943e+09
123.0,77.563,1.836,88,0,nan,nan,0.000,5318.6963,1.552,2.1149e+09,nan,9.0943e+09
125.0,78.824,1.865,89,0,nan,nan,0.000,5318.6963,1.543,2.1149e+09,nan,9.0943e+09
127.0,80.085,1.895,88,0,nan,nan,0.000,5318.6963,1.578,2.1149e+09,nan,9.0943e+09
129.0,81.346,1.925,87,0,nan,nan,0.000,5318.6963,1.606,2.1149e+09,nan,9.0943e+09
131.0,82.607,1.955,79,0,nan,nan,0.000,5318.6963,1.723,2.1149e+09,nan,9.0943e+09
133.0,83.868,1.985,79,0,nan,nan,0.000,5318.6963,1.732,2.1149e+09,nan,9.0943e+09
135.0,85.130,2.015,81,0,nan,nan,0.000,5318.6963,1.725,2.1149e+09,nan,9.0943e+09
137.0,86.391,2.045,75,0,nan,nan,0.000,5318.6963,1.814,2.1149e+09,nan,9.0943e+09
139.0,87.652,2.074,72,0,nan,nan,0.000,5318.6963,1.889,2.1149e+09,nan,9.0943e+09
141.0,88.913,2.104,78,0,nan,nan,0.000,5318.6963,1.842,2.1149e+09,nan,9.0943e+09
143.0,90.174,2.134,75,0,nan,nan,0.000,5318.6963,1.903,2.1149e+09,nan,9.0943e+09
145.0,91.435,2.164,70,0,nan,nan,0.000,5318.6963,2.003,2.1149e+09,nan,9.0943e+09
147.0,92.697,2.194,64,0,nan,nan,0.000,5318.6963,2.175,2.1149e+09,nan,9.0943e+09
149.0,93.958,2.224,66,0,nan,nan,0.000,5318.6963,2.207,2.1149e+09,nan,9.0943e+09
151.0,95.219,2.253,67,0,nan,nan,0.000,5318.6963,2.218,2.1149e+09,nan,9.0943e+09
153.0,96.480,2.283,62,0,nan,nan,0.000,5318.6963,2.476,2.1149e+09,nan,9.0943e+09
155.0,97.741,2.313,59,0,nan,nan,0.000,5318.6963,2.625,2.1149e+09,nan,9.0943e+09
157.0,99.003,2.343,64,0,nan,nan,0.000,5318.6963,2.595,2.1149e+09,nan,9.0943e+09
159.0,100.264,2.373,61,0,nan,nan,0.000,5318.6963,2.912,2.1149e+09,nan,9.0943e+09
161.0,101.525,2.403,58,0,nan,nan,0.000,5318.6963,3.417,2.1149e+09,nan,9.0943e+09
163.0,102.786,2.433,50,0,nan,nan,0.000,5318.6963,5.275,2.1149e+09,nan,9.0943e+09
165.0,104.047,2.462,54,0,nan,nan,0.000,5318.6963,6.190,2.1149e+09,nan,9.0943e+09
167.0,105.308,2.492,54,0,nan,nan,0.000,5318.6963,7.948,2.1149e+09,nan,9.0943e+09
169.0,106.570,2.522,49,0,nan,nan,0.000,5318.6963,nan,2.1149e+09,nan,9.0943e+09
171.0,107.831,2.552,44,0,nan,nan,0.000,5318.6963,nan,2.1149e+09,nan,9.0943e+09
173.0,109.092,2.582,52,0,nan,nan,0.000,5318.6963,nan,2.1149e+09,nan,9.0943e+09
175.0,110.353,2.612,48,0,nan,nan,0.000,5318.6963,nan,2.1149e+09,nan,9.0943e+09
177.0,111.614,2.642,45,0,nan,nan,0.000,5318.6963,nan,2.1149e+09,nan,9.0943e+09
179.0,112.876,2.671,36,0,nan,nan,0.000,5318.6963,nan,2.1149e+09,nan,9.0943e+09
181.0,114.137,2.701,40,0,nan,nan,0.000,5318.6963,nan,2.1149e+09,nan,9.0943e+09
183.0,115.398,2.731,42,0,nan,nan,0.000,5318.6963,nan,2.1149e+09,nan,9.0943e+09
185.0,116.659,2.761,39,0,nan,nan,0.000,5318.6963,nan,2.1149e+09,nan,9.0943e+09
187.0,117.920,2.791,31,0,nan,nan,0.000,5318.6963,nan,2.1149e+09,nan,9.0943e+09
189.0,119.181,2.821,37,0,nan,nan,0.000,5318.6963,nan,2.1149e+09,nan,9.0943e+09
191.0,120.443,2.850,35,0,nan,nan,0.000,5318.6963,nan,2.1149e+09,nan,9.0943e+09
193.0,121.704,2.880,33,0,nan,nan,0.000,5318.6963,nan,2.1149e+09,nan,9.0943e+09
195.0,122.965,2.910,25,0,nan,nan,0.000,5318.6963,nan,2.1149e+09,nan,9.0943e+09
197.0,124.226,2.940,28,0,nan,nan,0.000,5318.6963,nan,2.1149e+09,nan,9.0943e+09
199.0,125.487,2.970,28,0,nan,nan,0.000,5318.6963,nan,2.1149e+09,nan,9.0943e+09
201.0,126.748,3.000,24,0,nan,nan,0.000,5318.6963,nan,2.1149e+09,nan,9.0943e+09
203.0,128.010,3.030,21,0,nan,nan,0.000,5318.6963,nan,2.1149e+09,nan,9.0943e+09
205.0,129.271,3.059,25,0,nan,nan,0.000,5318.6963,nan,2.1149e+09,nan,9.0943e+09
207.0,130.532,3.089,23,0,nan,nan,0.000,5318.6963,nan,2.1149e+09,nan,9.0943e+09
209.0,131.793,3.119,18,0,nan,nan,0.000,5318.6963,nan,2.1149e+09,nan,9.0943e+09
211.0,133.054,3.149,13,0,nan,nan,0.000,5318.6963,nan,2.1149e+09,nan,9.0943e+09
213.0,134.316,3.179,17,0,nan,nan,0.000,5318.6963,nan,2.1149e+09,nan,9.0943e+09
215.0,135.577,3.209,16,0,nan,nan,0.000,5318.6963,nan,2.1149e+09,nan,9.0943e+09
217.0,136.838,3.238,10,0,nan,nan,0.000,5318.6963,nan,2.1149e+09,nan,9.0943e+09
219.0,138.099,3.268,11,0,nan,nan,0.000,5318.6963,nan,2.1149e+09,nan,9.0943e+09
221.0,139.360,3.298,11,0,nan,nan,0.000,5318.6963,nan,2.1149e+09,nan,9.0943e+09
223.0,140.621,3.328,9,0,nan,nan,0.000,5318.6963,nan,2.1149e+09,nan,9.0943e+09
225.0,141.883,3.358,7,0,nan,nan,0.000,5318.6963,nan,2.1149e+09,nan,9.0943e+09
227.0,143.144,3.388,2,0,nan,nan,0.000,5318.6963,nan,2.1149e+09,nan,9.0943e+09
229.0,144.405,3.418,4,0,nan,nan,0.000,5318.6963,nan,2.1149e+09,nan,9.0943e+09
231.0,145.666,3.447,2,0,nan,nan,0.000,5318.6963,nan,2.1149e+09,nan,9.0943e+09
233.0,146.927,3.477,1,0,nan,nan,0.000,5318.6963,nan,2.1149e+09,nan,9.0943e+09
