edge_pydb/dat_prof/radprof/build/rproftxt/UGC05108.de20_smob0.rprof.txt
# %ECSV 0.9
# ---
# datatype:
# - {name: radius, unit: arcsec, datatype: float64, description: Adopting RA=143.8596 deg DEC=29.8126 deg PA=136.1 INC=66.1}
# - {name: r_kpc, unit: kpc, datatype: float64, format: 10.3f, description: Adopting distance of 118.41 Mpc}
# - {name: r_r25, unit: '', datatype: float64, format: 10.3f, description: Adopting R25=32.82 arcsec}
# - {name: npix, datatype: int64}
# - {name: ngood, datatype: int64, description: Requiring fill fraction of 0.1 npix}
# - {name: wtmean, unit: K km / s, datatype: float64, format: 10.3f, description: Replaced blanks with 0 times UGC05108.co.de20_smo.emom0max.fits}
# - {name: rms, unit: K km / s, datatype: float32}
# - {name: annsum, unit: K km pix / s, datatype: float32, format: 10.3f}
# - {name: cumsum, unit: K km pix / s, datatype: float32}
# - {name: detlim, unit: K km / s, datatype: float64, format: 10.3f}
# - {name: cumlum, unit: K km pc2 / s, datatype: float32, format: 10.4e}
# - {name: sigmol, unit: solMass / pc2, datatype: float64, format: 10.3f}
# - {name: cummass, unit: solMass, datatype: float32, format: 10.4e}
# delimiter: ','
# schema: astropy-2.0
radius,r_kpc,r_r25,npix,ngood,wtmean,rms,annsum,cumsum,detlim,cumlum,sigmol,cummass
1.0,0.574,0.030,5,5,25.440,2.0609965,313.967,313.96713,8.369,1.0347e+08,109.393,4.4491e+08
3.0,1.722,0.091,15,15,18.251,5.5529175,675.726,989.6935,4.864,3.2616e+08,78.479,1.4025e+09
5.0,2.870,0.152,28,28,9.638,5.9151206,666.073,1655.7668,3.543,5.4566e+08,41.442,2.3463e+09
7.0,4.018,0.213,33,33,5.331,4.1013436,434.203,2089.9695,3.226,6.8875e+08,22.922,2.9616e+09
9.0,5.167,0.274,46,46,3.762,2.4166915,427.152,2517.1213,2.634,8.2952e+08,16.177,3.5669e+09
11.0,6.315,0.335,54,54,2.341,1.6550735,312.073,2829.1948,2.279,9.3237e+08,10.068,4.0092e+09
13.0,7.463,0.396,68,68,1.513,1.096724,253.873,3083.0679,1.887,1.0160e+09,6.504,4.3689e+09
15.0,8.611,0.457,78,78,0.962,0.797955,185.182,3268.2502,1.644,1.0771e+09,4.136,4.6313e+09
17.0,9.759,0.518,86,86,0.600,0.9020332,127.406,3395.6565,1.525,1.1190e+09,2.581,4.8119e+09
19.0,10.907,0.579,99,90,0.301,0.8881417,73.516,3469.1724,1.354,1.1433e+09,1.294,4.9161e+09
21.0,12.055,0.640,102,84,0.167,0.8843059,42.039,3511.2114,1.271,1.1571e+09,0.718,4.9756e+09
23.0,13.204,0.701,118,80,0.209,0.76207066,60.745,3571.9563,1.146,1.1771e+09,0.897,5.0617e+09
25.0,14.352,0.762,129,75,0.221,0.6075675,70.429,3642.3857,1.079,1.2004e+09,0.951,5.1615e+09
27.0,15.500,0.823,137,71,0.169,0.43144494,57.257,3699.6428,1.048,1.2192e+09,0.728,5.2427e+09
29.0,16.648,0.884,150,71,0.137,0.4227692,50.550,3750.1929,1.014,1.2359e+09,0.587,5.3143e+09
31.0,17.796,0.945,157,66,0.136,0.38145408,52.890,3803.083,1.008,1.2533e+09,0.587,5.3892e+09
33.0,18.944,1.006,169,58,0.120,0.33467025,50.073,3853.1562,0.996,1.2698e+09,0.516,5.4602e+09
35.0,20.092,1.066,173,47,0.140,0.3277329,59.840,3912.9966,1.002,1.2895e+09,0.603,5.5450e+09
37.0,21.240,1.127,192,42,0.125,0.34184274,59.313,3972.3096,0.977,1.3091e+09,0.538,5.6291e+09
39.0,22.389,1.188,197,30,0.082,0.28285852,39.962,4012.272,0.986,1.3223e+09,0.353,5.6857e+09
41.0,23.537,1.249,210,24,0.070,0.24756336,36.225,4048.4966,0.989,1.3342e+09,0.301,5.7370e+09
43.0,24.685,1.310,219,23,0.058,0.24315934,31.335,4079.8315,0.991,1.3445e+09,0.249,5.7814e+09
45.0,25.833,1.371,231,17,nan,nan,0.000,4079.8315,0.995,1.3445e+09,nan,5.7814e+09
47.0,26.981,1.432,239,14,nan,nan,0.000,4079.8315,1.020,1.3445e+09,nan,5.7814e+09
49.0,28.129,1.493,246,7,nan,nan,0.000,4079.8315,1.043,1.3445e+09,nan,5.7814e+09
51.0,29.277,1.554,257,1,nan,nan,0.000,4079.8315,1.069,1.3445e+09,nan,5.7814e+09
53.0,30.425,1.615,273,0,nan,nan,0.000,4079.8315,1.078,1.3445e+09,nan,5.7814e+09
55.0,31.574,1.676,284,0,nan,nan,0.000,4079.8315,1.129,1.3445e+09,nan,5.7814e+09
57.0,32.722,1.737,288,0,nan,nan,0.000,4079.8315,1.125,1.3445e+09,nan,5.7814e+09
59.0,33.870,1.798,301,0,nan,nan,0.000,4079.8315,1.168,1.3445e+09,nan,5.7814e+09
61.0,35.018,1.859,308,0,nan,nan,0.000,4079.8315,1.194,1.3445e+09,nan,5.7814e+09
63.0,36.166,1.920,324,0,nan,nan,0.000,4079.8315,1.212,1.3445e+09,nan,5.7814e+09
65.0,37.314,1.981,318,0,nan,nan,0.000,4079.8315,1.228,1.3445e+09,nan,5.7814e+09
67.0,38.462,2.042,310,0,nan,nan,0.000,4079.8315,1.228,1.3445e+09,nan,5.7814e+09
69.0,39.611,2.102,243,0,nan,nan,0.000,4079.8315,1.267,1.3445e+09,nan,5.7814e+09
71.0,40.759,2.163,208,0,nan,nan,0.000,4079.8315,1.266,1.3445e+09,nan,5.7814e+09
73.0,41.907,2.224,186,0,nan,nan,0.000,4079.8315,1.292,1.3445e+09,nan,5.7814e+09
75.0,43.055,2.285,173,0,nan,nan,0.000,4079.8315,1.335,1.3445e+09,nan,5.7814e+09
77.0,44.203,2.346,164,0,nan,nan,0.000,4079.8315,1.366,1.3445e+09,nan,5.7814e+09
79.0,45.351,2.407,161,0,nan,nan,0.000,4079.8315,1.367,1.3445e+09,nan,5.7814e+09
81.0,46.499,2.468,154,0,nan,nan,0.000,4079.8315,1.399,1.3445e+09,nan,5.7814e+09
83.0,47.647,2.529,148,0,nan,nan,0.000,4079.8315,1.422,1.3445e+09,nan,5.7814e+09
85.0,48.796,2.590,149,0,nan,nan,0.000,4079.8315,1.424,1.3445e+09,nan,5.7814e+09
87.0,49.944,2.651,137,0,nan,nan,0.000,4079.8315,1.492,1.3445e+09,nan,5.7814e+09
89.0,51.092,2.712,131,0,nan,nan,0.000,4079.8315,1.544,1.3445e+09,nan,5.7814e+09
91.0,52.240,2.773,127,0,nan,nan,0.000,4079.8315,1.573,1.3445e+09,nan,5.7814e+09
93.0,53.388,2.834,129,0,nan,nan,0.000,4079.8315,1.565,1.3445e+09,nan,5.7814e+09
95.0,54.536,2.895,121,0,nan,nan,0.000,4079.8315,1.635,1.3445e+09,nan,5.7814e+09
97.0,55.684,2.956,122,0,nan,nan,0.000,4079.8315,1.640,1.3445e+09,nan,5.7814e+09
99.0,56.833,3.017,116,0,nan,nan,0.000,4079.8315,1.702,1.3445e+09,nan,5.7814e+09
101.0,57.981,3.078,108,0,nan,nan,0.000,4079.8315,1.785,1.3445e+09,nan,5.7814e+09
103.0,59.129,3.138,107,0,nan,nan,0.000,4079.8315,1.841,1.3445e+09,nan,5.7814e+09
105.0,60.277,3.199,99,0,nan,nan,0.000,4079.8315,1.935,1.3445e+09,nan,5.7814e+09
107.0,61.425,3.260,103,0,nan,nan,0.000,4079.8315,1.928,1.3445e+09,nan,5.7814e+09
109.0,62.573,3.321,98,0,nan,nan,0.000,4079.8315,2.021,1.3445e+09,nan,5.7814e+09
111.0,63.721,3.382,98,0,nan,nan,0.000,4079.8315,2.074,1.3445e+09,nan,5.7814e+09
113.0,64.869,3.443,92,0,nan,nan,0.000,4079.8315,2.195,1.3445e+09,nan,5.7814e+09
115.0,66.018,3.504,85,0,nan,nan,0.000,4079.8315,2.407,1.3445e+09,nan,5.7814e+09
117.0,67.166,3.565,82,0,nan,nan,0.000,4079.8315,2.520,1.3445e+09,nan,5.7814e+09
119.0,68.314,3.626,77,0,nan,nan,0.000,4079.8315,2.881,1.3445e+09,nan,5.7814e+09
121.0,69.462,3.687,84,0,nan,nan,0.000,4079.8315,2.848,1.3445e+09,nan,5.7814e+09
123.0,70.610,3.748,73,0,nan,nan,0.000,4079.8315,3.621,1.3445e+09,nan,5.7814e+09
125.0,71.758,3.809,78,0,nan,nan,0.000,4079.8315,4.522,1.3445e+09,nan,5.7814e+09
127.0,72.906,3.870,71,0,nan,nan,0.000,4079.8315,15.512,1.3445e+09,nan,5.7814e+09
129.0,74.055,3.931,66,0,nan,nan,0.000,4079.8315,nan,1.3445e+09,nan,5.7814e+09
131.0,75.203,3.992,59,0,nan,nan,0.000,4079.8315,nan,1.3445e+09,nan,5.7814e+09
133.0,76.351,4.053,56,0,nan,nan,0.000,4079.8315,nan,1.3445e+09,nan,5.7814e+09
135.0,77.499,4.114,64,0,nan,nan,0.000,4079.8315,nan,1.3445e+09,nan,5.7814e+09
137.0,78.647,4.174,54,0,nan,nan,0.000,4079.8315,nan,1.3445e+09,nan,5.7814e+09
139.0,79.795,4.235,60,0,nan,nan,0.000,4079.8315,nan,1.3445e+09,nan,5.7814e+09
141.0,80.943,4.296,49,0,nan,nan,0.000,4079.8315,nan,1.3445e+09,nan,5.7814e+09
143.0,82.091,4.357,44,0,nan,nan,0.000,4079.8315,nan,1.3445e+09,nan,5.7814e+09
145.0,83.240,4.418,41,0,nan,nan,0.000,4079.8315,nan,1.3445e+09,nan,5.7814e+09
147.0,84.388,4.479,42,0,nan,nan,0.000,4079.8315,nan,1.3445e+09,nan,5.7814e+09
149.0,85.536,4.540,39,0,nan,nan,0.000,4079.8315,nan,1.3445e+09,nan,5.7814e+09
151.0,86.684,4.601,39,0,nan,nan,0.000,4079.8315,nan,1.3445e+09,nan,5.7814e+09
153.0,87.832,4.662,36,0,nan,nan,0.000,4079.8315,nan,1.3445e+09,nan,5.7814e+09
155.0,88.980,4.723,30,0,nan,nan,0.000,4079.8315,nan,1.3445e+09,nan,5.7814e+09
157.0,90.128,4.784,25,0,nan,nan,0.000,4079.8315,nan,1.3445e+09,nan,5.7814e+09
159.0,91.276,4.845,22,0,nan,nan,0.000,4079.8315,nan,1.3445e+09,nan,5.7814e+09
161.0,92.425,4.906,23,0,nan,nan,0.000,4079.8315,nan,1.3445e+09,nan,5.7814e+09
163.0,93.573,4.967,21,0,nan,nan,0.000,4079.8315,nan,1.3445e+09,nan,5.7814e+09
165.0,94.721,5.028,20,0,nan,nan,0.000,4079.8315,nan,1.3445e+09,nan,5.7814e+09
167.0,95.869,5.089,16,0,nan,nan,0.000,4079.8315,nan,1.3445e+09,nan,5.7814e+09
169.0,97.017,5.150,10,0,nan,nan,0.000,4079.8315,nan,1.3445e+09,nan,5.7814e+09
171.0,98.165,5.210,8,0,nan,nan,0.000,4079.8315,nan,1.3445e+09,nan,5.7814e+09
173.0,99.313,5.271,6,0,nan,nan,0.000,4079.8315,nan,1.3445e+09,nan,5.7814e+09
175.0,100.462,5.332,4,0,nan,nan,0.000,4079.8315,nan,1.3445e+09,nan,5.7814e+09
177.0,101.610,5.393,2,0,nan,nan,0.000,4079.8315,nan,1.3445e+09,nan,5.7814e+09
