edge_pydb/dat_prof/radprof/build/rproftxt/UGC09537.de20_smob1.rprof.txt
# %ECSV 0.9
# ---
# datatype:
# - {name: radius, unit: arcsec, datatype: float64, description: Adopting RA=222.1115 deg DEC=34.9980 deg PA=135.7 INC=72.0}
# - {name: r_kpc, unit: kpc, datatype: float64, format: 10.3f, description: Adopting distance of 130.07 Mpc}
# - {name: r_r25, unit: '', datatype: float64, format: 10.3f, description: Adopting R25=67.01 arcsec}
# - {name: npix, datatype: int64}
# - {name: ngood, datatype: int64, description: Requiring fill fraction of 0.1 npix}
# - {name: wtmean, unit: K km / s, datatype: float64, format: 10.3f, description: Replaced blanks with 1 times UGC09537.co.de20_smo.emom0max.fits}
# - {name: rms, unit: K km / s, datatype: float32}
# - {name: annsum, unit: K km pix / s, datatype: float32, format: 10.3f}
# - {name: cumsum, unit: K km pix / s, datatype: float32}
# - {name: detlim, unit: K km / s, datatype: float64, format: 10.3f}
# - {name: cumlum, unit: K km pc2 / s, datatype: float32, format: 10.4e}
# - {name: sigmol, unit: solMass / pc2, datatype: float64, format: 10.3f}
# - {name: cummass, unit: solMass, datatype: float32, format: 10.4e}
# delimiter: ','
# schema: astropy-2.0
radius,r_kpc,r_r25,npix,ngood,wtmean,rms,annsum,cumsum,detlim,cumlum,sigmol,cummass
1.0,0.631,0.015,5,5,6.026,0.46269757,97.506,97.50572,6.371,3.8772e+07,25.913,1.6672e+08
3.0,1.892,0.045,11,11,4.582,1.1654618,163.109,260.615,4.357,1.0363e+08,19.703,4.4562e+08
5.0,3.153,0.075,19,19,3.624,1.0749593,222.818,483.4333,3.203,1.9223e+08,15.583,8.2661e+08
7.0,4.414,0.104,27,27,3.244,0.88315004,283.423,766.85614,2.610,3.0494e+08,13.948,1.3112e+09
9.0,5.675,0.134,35,35,3.808,1.4179476,431.280,1198.1362,2.181,4.7643e+08,16.374,2.0487e+09
11.0,6.936,0.164,40,40,3.769,1.6922587,487.821,1685.9576,2.012,6.7041e+08,16.205,2.8828e+09
13.0,8.198,0.194,52,52,3.230,1.36322,543.475,2229.433,1.744,8.8652e+08,13.888,3.8120e+09
15.0,9.459,0.224,58,58,2.315,0.9713177,434.509,2663.9417,1.615,1.0593e+09,9.955,4.5550e+09
17.0,10.720,0.254,69,69,1.714,0.6633183,382.788,3046.73,1.433,1.2115e+09,7.372,5.2095e+09
19.0,11.981,0.284,69,69,1.268,0.5206219,283.103,3329.833,1.387,1.3241e+09,5.452,5.6936e+09
21.0,13.242,0.313,85,85,1.059,0.43606034,291.275,3621.1084,1.230,1.4399e+09,4.553,6.1916e+09
23.0,14.504,0.343,90,90,1.018,0.49830395,296.420,3917.5288,1.161,1.5578e+09,4.376,6.6984e+09
25.0,15.765,0.373,98,98,1.162,0.717469,368.417,4285.946,1.077,1.7043e+09,4.995,7.3284e+09
27.0,17.026,0.403,98,95,1.061,0.6117961,336.524,4622.47,1.058,1.8381e+09,4.563,7.9038e+09
29.0,18.287,0.433,120,115,0.868,0.39478248,336.996,4959.466,0.945,1.9721e+09,3.732,8.4800e+09
31.0,19.548,0.463,117,83,0.747,0.22092259,282.747,5242.2124,0.957,2.0845e+09,3.211,8.9635e+09
33.0,20.809,0.492,130,83,0.756,0.23186806,318.139,5560.351,0.920,2.2110e+09,3.252,9.5075e+09
35.0,22.071,0.522,134,72,0.797,0.29951108,345.788,5906.139,0.920,2.3485e+09,3.429,1.0099e+10
37.0,23.332,0.552,146,65,0.879,0.44848892,415.185,6321.3237,0.905,2.5136e+09,3.779,1.0809e+10
39.0,24.593,0.582,150,62,0.914,0.5495223,443.557,6764.8804,0.905,2.6900e+09,3.929,1.1567e+10
41.0,25.854,0.612,161,59,0.997,0.7235033,519.323,7284.203,0.910,2.8965e+09,4.286,1.2455e+10
43.0,27.115,0.642,159,55,0.972,0.75813645,499.952,7784.1553,0.928,3.0953e+09,4.178,1.3310e+10
45.0,28.377,0.672,182,56,0.991,0.6157399,583.748,8367.903,0.908,3.3274e+09,4.262,1.4308e+10
47.0,29.638,0.701,177,39,0.895,0.2352532,512.573,8880.477,0.941,3.5313e+09,3.848,1.5184e+10
49.0,30.899,0.731,196,24,0.951,0.2468957,603.111,9483.588,0.936,3.7711e+09,4.089,1.6216e+10
51.0,32.160,0.761,195,17,nan,nan,0.000,9483.588,0.974,3.7711e+09,nan,1.6216e+10
53.0,33.421,0.791,212,18,nan,nan,0.000,9483.588,0.997,3.7711e+09,nan,1.6216e+10
55.0,34.682,0.821,210,16,nan,nan,0.000,9483.588,1.009,3.7711e+09,nan,1.6216e+10
57.0,35.944,0.851,227,10,nan,nan,0.000,9483.588,1.019,3.7711e+09,nan,1.6216e+10
59.0,37.205,0.881,217,3,nan,nan,0.000,9483.588,1.072,3.7711e+09,nan,1.6216e+10
61.0,38.466,0.910,248,0,nan,nan,0.000,9483.588,1.033,3.7711e+09,nan,1.6216e+10
63.0,39.727,0.940,240,0,nan,nan,0.000,9483.588,1.060,3.7711e+09,nan,1.6216e+10
65.0,40.988,0.970,254,0,nan,nan,0.000,9483.588,1.077,3.7711e+09,nan,1.6216e+10
67.0,42.249,1.000,252,0,nan,nan,0.000,9483.588,1.092,3.7711e+09,nan,1.6216e+10
69.0,43.511,1.030,251,0,nan,nan,0.000,9483.588,1.084,3.7711e+09,nan,1.6216e+10
71.0,44.772,1.060,190,0,nan,nan,0.000,9483.588,1.101,3.7711e+09,nan,1.6216e+10
73.0,46.033,1.089,170,0,nan,nan,0.000,9483.588,1.125,3.7711e+09,nan,1.6216e+10
75.0,47.294,1.119,157,0,nan,nan,0.000,9483.588,1.147,3.7711e+09,nan,1.6216e+10
77.0,48.555,1.149,156,0,nan,nan,0.000,9483.588,1.122,3.7711e+09,nan,1.6216e+10
79.0,49.817,1.179,151,0,nan,nan,0.000,9483.588,1.138,3.7711e+09,nan,1.6216e+10
81.0,51.078,1.209,144,0,nan,nan,0.000,9483.588,1.153,3.7711e+09,nan,1.6216e+10
83.0,52.339,1.239,137,0,nan,nan,0.000,9483.588,1.195,3.7711e+09,nan,1.6216e+10
85.0,53.600,1.269,136,0,nan,nan,0.000,9483.588,1.181,3.7711e+09,nan,1.6216e+10
87.0,54.861,1.298,135,0,nan,nan,0.000,9483.588,1.180,3.7711e+09,nan,1.6216e+10
89.0,56.122,1.328,129,0,nan,nan,0.000,9483.588,1.218,3.7711e+09,nan,1.6216e+10
91.0,57.384,1.358,121,0,nan,nan,0.000,9483.588,1.244,3.7711e+09,nan,1.6216e+10
93.0,58.645,1.388,124,0,nan,nan,0.000,9483.588,1.227,3.7711e+09,nan,1.6216e+10
95.0,59.906,1.418,124,0,nan,nan,0.000,9483.588,1.224,3.7711e+09,nan,1.6216e+10
97.0,61.167,1.448,118,0,nan,nan,0.000,9483.588,1.273,3.7711e+09,nan,1.6216e+10
99.0,62.428,1.477,114,0,nan,nan,0.000,9483.588,1.292,3.7711e+09,nan,1.6216e+10
101.0,63.690,1.507,109,0,nan,nan,0.000,9483.588,1.320,3.7711e+09,nan,1.6216e+10
103.0,64.951,1.537,114,0,nan,nan,0.000,9483.588,1.294,3.7711e+09,nan,1.6216e+10
105.0,66.212,1.567,106,0,nan,nan,0.000,9483.588,1.347,3.7711e+09,nan,1.6216e+10
107.0,67.473,1.597,102,0,nan,nan,0.000,9483.588,1.378,3.7711e+09,nan,1.6216e+10
109.0,68.734,1.627,106,0,nan,nan,0.000,9483.588,1.347,3.7711e+09,nan,1.6216e+10
111.0,69.995,1.657,106,0,nan,nan,0.000,9483.588,1.357,3.7711e+09,nan,1.6216e+10
113.0,71.257,1.686,101,0,nan,nan,0.000,9483.588,1.411,3.7711e+09,nan,1.6216e+10
115.0,72.518,1.716,94,0,nan,nan,0.000,9483.588,1.466,3.7711e+09,nan,1.6216e+10
117.0,73.779,1.746,94,0,nan,nan,0.000,9483.588,1.469,3.7711e+09,nan,1.6216e+10
119.0,75.040,1.776,97,0,nan,nan,0.000,9483.588,1.450,3.7711e+09,nan,1.6216e+10
121.0,76.301,1.806,89,0,nan,nan,0.000,9483.588,1.531,3.7711e+09,nan,1.6216e+10
123.0,77.563,1.836,88,0,nan,nan,0.000,9483.588,1.552,3.7711e+09,nan,1.6216e+10
125.0,78.824,1.865,89,0,nan,nan,0.000,9483.588,1.543,3.7711e+09,nan,1.6216e+10
127.0,80.085,1.895,88,0,nan,nan,0.000,9483.588,1.578,3.7711e+09,nan,1.6216e+10
129.0,81.346,1.925,87,0,nan,nan,0.000,9483.588,1.606,3.7711e+09,nan,1.6216e+10
131.0,82.607,1.955,79,0,nan,nan,0.000,9483.588,1.723,3.7711e+09,nan,1.6216e+10
133.0,83.868,1.985,79,0,nan,nan,0.000,9483.588,1.732,3.7711e+09,nan,1.6216e+10
135.0,85.130,2.015,81,0,nan,nan,0.000,9483.588,1.725,3.7711e+09,nan,1.6216e+10
137.0,86.391,2.045,75,0,nan,nan,0.000,9483.588,1.814,3.7711e+09,nan,1.6216e+10
139.0,87.652,2.074,72,0,nan,nan,0.000,9483.588,1.889,3.7711e+09,nan,1.6216e+10
141.0,88.913,2.104,78,0,nan,nan,0.000,9483.588,1.842,3.7711e+09,nan,1.6216e+10
143.0,90.174,2.134,75,0,nan,nan,0.000,9483.588,1.903,3.7711e+09,nan,1.6216e+10
145.0,91.435,2.164,70,0,nan,nan,0.000,9483.588,2.003,3.7711e+09,nan,1.6216e+10
147.0,92.697,2.194,64,0,nan,nan,0.000,9483.588,2.175,3.7711e+09,nan,1.6216e+10
149.0,93.958,2.224,66,0,nan,nan,0.000,9483.588,2.207,3.7711e+09,nan,1.6216e+10
151.0,95.219,2.253,67,0,nan,nan,0.000,9483.588,2.218,3.7711e+09,nan,1.6216e+10
153.0,96.480,2.283,62,0,nan,nan,0.000,9483.588,2.476,3.7711e+09,nan,1.6216e+10
155.0,97.741,2.313,59,0,nan,nan,0.000,9483.588,2.625,3.7711e+09,nan,1.6216e+10
157.0,99.003,2.343,64,0,nan,nan,0.000,9483.588,2.595,3.7711e+09,nan,1.6216e+10
159.0,100.264,2.373,61,0,nan,nan,0.000,9483.588,2.912,3.7711e+09,nan,1.6216e+10
161.0,101.525,2.403,58,0,nan,nan,0.000,9483.588,3.417,3.7711e+09,nan,1.6216e+10
163.0,102.786,2.433,50,0,nan,nan,0.000,9483.588,5.275,3.7711e+09,nan,1.6216e+10
165.0,104.047,2.462,54,0,nan,nan,0.000,9483.588,6.190,3.7711e+09,nan,1.6216e+10
167.0,105.308,2.492,54,0,nan,nan,0.000,9483.588,7.948,3.7711e+09,nan,1.6216e+10
169.0,106.570,2.522,49,0,nan,nan,0.000,9483.588,nan,3.7711e+09,nan,1.6216e+10
171.0,107.831,2.552,44,0,nan,nan,0.000,9483.588,nan,3.7711e+09,nan,1.6216e+10
173.0,109.092,2.582,52,0,nan,nan,0.000,9483.588,nan,3.7711e+09,nan,1.6216e+10
175.0,110.353,2.612,48,0,nan,nan,0.000,9483.588,nan,3.7711e+09,nan,1.6216e+10
177.0,111.614,2.642,45,0,nan,nan,0.000,9483.588,nan,3.7711e+09,nan,1.6216e+10
179.0,112.876,2.671,36,0,nan,nan,0.000,9483.588,nan,3.7711e+09,nan,1.6216e+10
181.0,114.137,2.701,40,0,nan,nan,0.000,9483.588,nan,3.7711e+09,nan,1.6216e+10
183.0,115.398,2.731,42,0,nan,nan,0.000,9483.588,nan,3.7711e+09,nan,1.6216e+10
185.0,116.659,2.761,39,0,nan,nan,0.000,9483.588,nan,3.7711e+09,nan,1.6216e+10
187.0,117.920,2.791,31,0,nan,nan,0.000,9483.588,nan,3.7711e+09,nan,1.6216e+10
189.0,119.181,2.821,37,0,nan,nan,0.000,9483.588,nan,3.7711e+09,nan,1.6216e+10
191.0,120.443,2.850,35,0,nan,nan,0.000,9483.588,nan,3.7711e+09,nan,1.6216e+10
193.0,121.704,2.880,33,0,nan,nan,0.000,9483.588,nan,3.7711e+09,nan,1.6216e+10
195.0,122.965,2.910,25,0,nan,nan,0.000,9483.588,nan,3.7711e+09,nan,1.6216e+10
197.0,124.226,2.940,28,0,nan,nan,0.000,9483.588,nan,3.7711e+09,nan,1.6216e+10
199.0,125.487,2.970,28,0,nan,nan,0.000,9483.588,nan,3.7711e+09,nan,1.6216e+10
201.0,126.748,3.000,24,0,nan,nan,0.000,9483.588,nan,3.7711e+09,nan,1.6216e+10
203.0,128.010,3.030,21,0,nan,nan,0.000,9483.588,nan,3.7711e+09,nan,1.6216e+10
205.0,129.271,3.059,25,0,nan,nan,0.000,9483.588,nan,3.7711e+09,nan,1.6216e+10
207.0,130.532,3.089,23,0,nan,nan,0.000,9483.588,nan,3.7711e+09,nan,1.6216e+10
209.0,131.793,3.119,18,0,nan,nan,0.000,9483.588,nan,3.7711e+09,nan,1.6216e+10
211.0,133.054,3.149,13,0,nan,nan,0.000,9483.588,nan,3.7711e+09,nan,1.6216e+10
213.0,134.316,3.179,17,0,nan,nan,0.000,9483.588,nan,3.7711e+09,nan,1.6216e+10
215.0,135.577,3.209,16,0,nan,nan,0.000,9483.588,nan,3.7711e+09,nan,1.6216e+10
217.0,136.838,3.238,10,0,nan,nan,0.000,9483.588,nan,3.7711e+09,nan,1.6216e+10
219.0,138.099,3.268,11,0,nan,nan,0.000,9483.588,nan,3.7711e+09,nan,1.6216e+10
221.0,139.360,3.298,11,0,nan,nan,0.000,9483.588,nan,3.7711e+09,nan,1.6216e+10
223.0,140.621,3.328,9,0,nan,nan,0.000,9483.588,nan,3.7711e+09,nan,1.6216e+10
225.0,141.883,3.358,7,0,nan,nan,0.000,9483.588,nan,3.7711e+09,nan,1.6216e+10
227.0,143.144,3.388,2,0,nan,nan,0.000,9483.588,nan,3.7711e+09,nan,1.6216e+10
229.0,144.405,3.418,4,0,nan,nan,0.000,9483.588,nan,3.7711e+09,nan,1.6216e+10
231.0,145.666,3.447,2,0,nan,nan,0.000,9483.588,nan,3.7711e+09,nan,1.6216e+10
233.0,146.927,3.477,1,0,nan,nan,0.000,9483.588,nan,3.7711e+09,nan,1.6216e+10
