edge_pydb/dat_prof/radprof/build/rproftxt/UGC10384.smo7_smob0.rprof.txt
# %ECSV 0.9
# ---
# datatype:
# - {name: radius, unit: arcsec, datatype: float64, description: Adopting RA=246.6944 deg DEC=11.5802 deg PA=275.8 INC=70.0}
# - {name: r_kpc, unit: kpc, datatype: float64, format: 10.3f, description: Adopting distance of 71.75 Mpc}
# - {name: r_r25, unit: '', datatype: float64, format: 10.3f, description: Adopting R25=35.00 arcsec}
# - {name: npix, datatype: int64}
# - {name: ngood, datatype: int64, description: Requiring fill fraction of 0.1 npix}
# - {name: wtmean, unit: K km / s, datatype: float64, format: 10.3f, description: Replaced blanks with 0 times UGC10384.co.smo7_smo.emom0max.fits}
# - {name: rms, unit: K km / s, datatype: float32}
# - {name: annsum, unit: K km pix / s, datatype: float32, format: 10.3f}
# - {name: cumsum, unit: K km pix / s, datatype: float32}
# - {name: detlim, unit: K km / s, datatype: float64, format: 10.3f}
# - {name: cumlum, unit: K km pc2 / s, datatype: float32, format: 10.4e}
# - {name: sigmol, unit: solMass / pc2, datatype: float64, format: 10.3f}
# - {name: cummass, unit: solMass, datatype: float32, format: 10.4e}
# delimiter: ','
# schema: astropy-2.0
radius,r_kpc,r_r25,npix,ngood,wtmean,rms,annsum,cumsum,detlim,cumlum,sigmol,cummass
1.5,0.522,0.043,9,9,14.097,0.5353983,370.941,370.94067,4.365,4.4886e+07,60.615,1.9301e+08
4.5,1.565,0.129,29,29,12.744,1.2277919,1080.533,1451.4739,2.446,1.7564e+08,54.797,7.5523e+08
7.5,2.609,0.214,52,52,10.347,1.4642527,1573.182,3024.6555,1.830,3.6600e+08,44.493,1.5738e+09
10.5,3.653,0.300,69,69,7.373,1.3399833,1487.424,4512.0796,1.548,5.4599e+08,31.703,2.3477e+09
13.5,4.696,0.386,84,84,4.654,1.3382245,1143.006,5655.086,1.367,6.8429e+08,20.012,2.9425e+09
16.5,5.740,0.471,109,109,2.639,1.2097389,841.156,6496.2417,1.160,7.8608e+08,11.349,3.3801e+09
19.5,6.783,0.557,126,126,1.226,0.88691443,451.771,6948.012,1.021,8.4075e+08,5.273,3.6152e+09
22.5,7.827,0.643,144,144,0.573,0.6482071,241.393,7189.4053,0.929,8.6996e+08,2.465,3.7408e+09
25.5,8.870,0.728,161,161,0.351,0.4460232,165.306,7354.711,0.861,8.8996e+08,1.510,3.8268e+09
28.5,9.914,0.814,183,166,0.267,0.3694347,143.103,7497.8135,0.803,9.0727e+08,1.150,3.9013e+09
31.5,10.958,0.900,202,158,0.135,0.31223345,79.806,7577.619,0.763,9.1693e+08,0.581,3.9428e+09
34.5,12.001,0.986,222,138,0.015,0.25786105,9.426,7587.045,0.739,9.1807e+08,0.062,3.9477e+09
37.5,13.045,1.071,241,111,-0.022,0.19850494,-15.805,7571.24,0.722,9.1616e+08,-0.096,3.9395e+09
40.5,14.088,1.157,264,105,-0.017,0.18417244,-13.481,7557.759,0.711,9.1453e+08,-0.075,3.9325e+09
43.5,15.132,1.243,276,92,-0.029,0.14835395,-23.654,7534.1045,0.721,9.1167e+08,-0.126,3.9202e+09
46.5,16.175,1.328,304,46,-0.021,0.12506649,-18.440,7515.6646,0.727,9.0943e+08,-0.089,3.9106e+09
49.5,17.219,1.414,321,11,nan,nan,0.000,7515.6646,0.752,9.0943e+08,nan,3.9106e+09
52.5,18.263,1.500,337,8,nan,nan,0.000,7515.6646,0.777,9.0943e+08,nan,3.9106e+09
55.5,19.306,1.586,360,8,nan,nan,0.000,7515.6646,0.806,9.0943e+08,nan,3.9106e+09
58.5,20.350,1.671,379,9,nan,nan,0.000,7515.6646,0.833,9.0943e+08,nan,3.9106e+09
61.5,21.393,1.757,400,8,nan,nan,0.000,7515.6646,0.850,9.0943e+08,nan,3.9106e+09
64.5,22.437,1.843,414,8,nan,nan,0.000,7515.6646,0.874,9.0943e+08,nan,3.9106e+09
67.5,23.480,1.928,435,9,nan,nan,0.000,7515.6646,0.884,9.0943e+08,nan,3.9106e+09
70.5,24.524,2.014,455,7,nan,nan,0.000,7515.6646,0.905,9.0943e+08,nan,3.9106e+09
73.5,25.568,2.100,468,3,nan,nan,0.000,7515.6646,0.915,9.0943e+08,nan,3.9106e+09
76.5,26.611,2.185,491,0,nan,nan,0.000,7515.6646,0.931,9.0943e+08,nan,3.9106e+09
79.5,27.655,2.271,500,0,nan,nan,0.000,7515.6646,0.947,9.0943e+08,nan,3.9106e+09
82.5,28.698,2.357,456,0,nan,nan,0.000,7515.6646,0.962,9.0943e+08,nan,3.9106e+09
85.5,29.742,2.443,427,0,nan,nan,0.000,7515.6646,0.982,9.0943e+08,nan,3.9106e+09
88.5,30.785,2.528,424,0,nan,nan,0.000,7515.6646,0.964,9.0943e+08,nan,3.9106e+09
91.5,31.829,2.614,402,0,nan,nan,0.000,7515.6646,1.024,9.0943e+08,nan,3.9106e+09
94.5,32.873,2.700,392,0,nan,nan,0.000,7515.6646,1.030,9.0943e+08,nan,3.9106e+09
97.5,33.916,2.785,388,0,nan,nan,0.000,7515.6646,1.034,9.0943e+08,nan,3.9106e+09
100.5,34.960,2.871,395,0,nan,nan,0.000,7515.6646,1.052,9.0943e+08,nan,3.9106e+09
103.5,36.003,2.957,379,0,nan,nan,0.000,7515.6646,1.086,9.0943e+08,nan,3.9106e+09
106.5,37.047,3.042,371,0,nan,nan,0.000,7515.6646,1.124,9.0943e+08,nan,3.9106e+09
109.5,38.090,3.128,370,0,nan,nan,0.000,7515.6646,1.142,9.0943e+08,nan,3.9106e+09
112.5,39.134,3.214,364,0,nan,nan,0.000,7515.6646,1.179,9.0943e+08,nan,3.9106e+09
115.5,40.178,3.300,366,0,nan,nan,0.000,7515.6646,1.212,9.0943e+08,nan,3.9106e+09
118.5,41.221,3.385,361,0,nan,nan,0.000,7515.6646,1.236,9.0943e+08,nan,3.9106e+09
121.5,42.265,3.471,358,0,nan,nan,0.000,7515.6646,1.285,9.0943e+08,nan,3.9106e+09
124.5,43.308,3.557,352,0,nan,nan,0.000,7515.6646,1.301,9.0943e+08,nan,3.9106e+09
127.5,44.352,3.642,353,0,nan,nan,0.000,7515.6646,1.363,9.0943e+08,nan,3.9106e+09
130.5,45.395,3.728,352,0,nan,nan,0.000,7515.6646,1.395,9.0943e+08,nan,3.9106e+09
133.5,46.439,3.814,363,0,nan,nan,0.000,7515.6646,1.445,9.0943e+08,nan,3.9106e+09
136.5,47.483,3.900,355,0,nan,nan,0.000,7515.6646,1.500,9.0943e+08,nan,3.9106e+09
139.5,48.526,3.985,351,0,nan,nan,0.000,7515.6646,1.570,9.0943e+08,nan,3.9106e+09
142.5,49.570,4.071,347,0,nan,nan,0.000,7515.6646,1.640,9.0943e+08,nan,3.9106e+09
145.5,50.613,4.157,358,0,nan,nan,0.000,7515.6646,1.727,9.0943e+08,nan,3.9106e+09
148.5,51.657,4.242,352,0,nan,nan,0.000,7515.6646,1.843,9.0943e+08,nan,3.9106e+09
151.5,52.700,4.328,348,0,nan,nan,0.000,7515.6646,1.963,9.0943e+08,nan,3.9106e+09
154.5,53.744,4.414,352,0,nan,nan,0.000,7515.6646,2.078,9.0943e+08,nan,3.9106e+09
157.5,54.788,4.499,337,0,nan,nan,0.000,7515.6646,2.336,9.0943e+08,nan,3.9106e+09
160.5,55.831,4.585,348,0,nan,nan,0.000,7515.6646,2.631,9.0943e+08,nan,3.9106e+09
163.5,56.875,4.671,341,0,nan,nan,0.000,7515.6646,3.391,9.0943e+08,nan,3.9106e+09
166.5,57.918,4.757,343,0,nan,nan,0.000,7515.6646,11.009,9.0943e+08,nan,3.9106e+09
169.5,58.962,4.842,343,0,nan,nan,0.000,7515.6646,nan,9.0943e+08,nan,3.9106e+09
172.5,60.006,4.928,334,0,nan,nan,0.000,7515.6646,nan,9.0943e+08,nan,3.9106e+09
175.5,61.049,5.014,340,0,nan,nan,0.000,7515.6646,nan,9.0943e+08,nan,3.9106e+09
178.5,62.093,5.099,344,0,nan,nan,0.000,7515.6646,nan,9.0943e+08,nan,3.9106e+09
181.5,63.136,5.185,347,0,nan,nan,0.000,7515.6646,nan,9.0943e+08,nan,3.9106e+09
184.5,64.180,5.271,341,0,nan,nan,0.000,7515.6646,nan,9.0943e+08,nan,3.9106e+09
187.5,65.223,5.356,342,0,nan,nan,0.000,7515.6646,nan,9.0943e+08,nan,3.9106e+09
190.5,66.267,5.442,348,0,nan,nan,0.000,7515.6646,nan,9.0943e+08,nan,3.9106e+09
193.5,67.311,5.528,343,0,nan,nan,0.000,7515.6646,nan,9.0943e+08,nan,3.9106e+09
196.5,68.354,5.614,340,0,nan,nan,0.000,7515.6646,nan,9.0943e+08,nan,3.9106e+09
199.5,69.398,5.699,338,0,nan,nan,0.000,7515.6646,nan,9.0943e+08,nan,3.9106e+09
202.5,70.441,5.785,341,0,nan,nan,0.000,7515.6646,nan,9.0943e+08,nan,3.9106e+09
205.5,71.485,5.871,341,0,nan,nan,0.000,7515.6646,nan,9.0943e+08,nan,3.9106e+09
208.5,72.528,5.956,333,0,nan,nan,0.000,7515.6646,nan,9.0943e+08,nan,3.9106e+09
211.5,73.572,6.042,339,0,nan,nan,0.000,7515.6646,nan,9.0943e+08,nan,3.9106e+09
214.5,74.616,6.128,334,0,nan,nan,0.000,7515.6646,nan,9.0943e+08,nan,3.9106e+09
217.5,75.659,6.214,331,0,nan,nan,0.000,7515.6646,nan,9.0943e+08,nan,3.9106e+09
220.5,76.703,6.299,332,0,nan,nan,0.000,7515.6646,nan,9.0943e+08,nan,3.9106e+09
223.5,77.746,6.385,330,0,nan,nan,0.000,7515.6646,nan,9.0943e+08,nan,3.9106e+09
226.5,78.790,6.471,281,0,nan,nan,0.000,7515.6646,nan,9.0943e+08,nan,3.9106e+09
229.5,79.833,6.556,197,0,nan,nan,0.000,7515.6646,nan,9.0943e+08,nan,3.9106e+09
232.5,80.877,6.642,171,0,nan,nan,0.000,7515.6646,nan,9.0943e+08,nan,3.9106e+09
235.5,81.921,6.728,152,0,nan,nan,0.000,7515.6646,nan,9.0943e+08,nan,3.9106e+09
238.5,82.964,6.813,128,0,nan,nan,0.000,7515.6646,nan,9.0943e+08,nan,3.9106e+09
241.5,84.008,6.899,111,0,nan,nan,0.000,7515.6646,nan,9.0943e+08,nan,3.9106e+09
244.5,85.051,6.985,95,0,nan,nan,0.000,7515.6646,nan,9.0943e+08,nan,3.9106e+09
247.5,86.095,7.071,81,0,nan,nan,0.000,7515.6646,nan,9.0943e+08,nan,3.9106e+09
250.5,87.138,7.156,67,0,nan,nan,0.000,7515.6646,nan,9.0943e+08,nan,3.9106e+09
253.5,88.182,7.242,52,0,nan,nan,0.000,7515.6646,nan,9.0943e+08,nan,3.9106e+09
256.5,89.226,7.328,40,0,nan,nan,0.000,7515.6646,nan,9.0943e+08,nan,3.9106e+09
259.5,90.269,7.413,26,0,nan,nan,0.000,7515.6646,nan,9.0943e+08,nan,3.9106e+09
262.5,91.313,7.499,16,0,nan,nan,0.000,7515.6646,nan,9.0943e+08,nan,3.9106e+09
265.5,92.356,7.585,2,0,nan,nan,0.000,7515.6646,nan,9.0943e+08,nan,3.9106e+09
