edge_pydb/dat_prof/radprof/build/rproftxt/UGC10710.smo7_smob0.rprof.txt
# %ECSV 0.9
# ---
# datatype:
# - {name: radius, unit: arcsec, datatype: float64, description: Adopting RA=256.7187 deg DEC=43.1221 deg PA=329.5 INC=69.6}
# - {name: r_kpc, unit: kpc, datatype: float64, format: 10.3f, description: Adopting distance of 121.69 Mpc}
# - {name: r_r25, unit: '', datatype: float64, format: 10.3f, description: Adopting R25=50.02 arcsec}
# - {name: npix, datatype: int64}
# - {name: ngood, datatype: int64, description: Requiring fill fraction of 0.1 npix}
# - {name: wtmean, unit: K km / s, datatype: float64, format: 10.3f, description: Replaced blanks with 0 times UGC10710.co.smo7_smo.emom0max.fits}
# - {name: rms, unit: K km / s, datatype: float32}
# - {name: annsum, unit: K km pix / s, datatype: float32, format: 10.3f}
# - {name: cumsum, unit: K km pix / s, datatype: float32}
# - {name: detlim, unit: K km / s, datatype: float64, format: 10.3f}
# - {name: cumlum, unit: K km pc2 / s, datatype: float32, format: 10.4e}
# - {name: sigmol, unit: solMass / pc2, datatype: float64, format: 10.3f}
# - {name: cummass, unit: solMass, datatype: float32, format: 10.4e}
# delimiter: ','
# schema: astropy-2.0
radius,r_kpc,r_r25,npix,ngood,wtmean,rms,annsum,cumsum,detlim,cumlum,sigmol,cummass
1.5,0.885,0.030,9,9,8.195,0.28319693,211.591,211.59058,5.566,7.3651e+07,35.238,3.1670e+08
4.5,2.655,0.090,31,31,6.965,0.76383597,619.384,830.9743,3.016,2.8925e+08,29.947,1.2438e+09
7.5,4.425,0.150,50,50,5.069,1.1517491,727.170,1558.1444,2.283,5.4237e+08,21.799,2.3322e+09
10.5,6.195,0.210,67,67,3.718,1.0188547,714.630,2272.775,1.879,7.9112e+08,15.987,3.4018e+09
13.5,7.965,0.270,89,89,2.708,0.7807587,691.504,2964.2793,1.559,1.0318e+09,11.646,4.4368e+09
16.5,9.735,0.330,109,109,1.892,0.7112274,591.729,3556.008,1.362,1.2378e+09,8.137,5.3225e+09
19.5,11.505,0.390,125,125,1.102,0.64046824,395.354,3951.3625,1.218,1.3754e+09,4.741,5.9142e+09
22.5,13.275,0.450,151,151,0.742,0.597602,321.496,4272.8584,1.063,1.4873e+09,3.191,6.3954e+09
25.5,15.045,0.510,168,168,0.510,0.51627165,245.658,4518.5166,0.939,1.5728e+09,2.192,6.7631e+09
28.5,16.815,0.570,190,189,0.319,0.46075284,173.905,4692.4214,0.847,1.6334e+09,1.372,7.0234e+09
31.5,18.585,0.630,208,164,0.199,0.3605335,118.938,4811.359,0.805,1.6748e+09,0.857,7.2015e+09
34.5,20.355,0.690,221,118,0.088,0.3054783,55.560,4866.919,0.793,1.6941e+09,0.377,7.2846e+09
37.5,22.124,0.750,248,96,0.006,0.22120245,4.039,4870.9575,0.768,1.6955e+09,0.024,7.2907e+09
40.5,23.894,0.810,266,56,-0.013,0.18929344,-9.902,4861.055,0.778,1.6921e+09,-0.056,7.2758e+09
43.5,25.664,0.870,290,43,0.003,0.18718602,2.082,4863.1367,0.776,1.6928e+09,0.011,7.2790e+09
46.5,27.434,0.930,302,12,nan,nan,0.000,4863.1367,0.804,1.6928e+09,nan,7.2790e+09
49.5,29.204,0.990,320,6,nan,nan,0.000,4863.1367,0.824,1.6928e+09,nan,7.2790e+09
52.5,30.974,1.050,347,2,nan,nan,0.000,4863.1367,0.829,1.6928e+09,nan,7.2790e+09
55.5,32.744,1.110,367,0,nan,nan,0.000,4863.1367,0.872,1.6928e+09,nan,7.2790e+09
58.5,34.514,1.170,389,0,nan,nan,0.000,4863.1367,0.907,1.6928e+09,nan,7.2790e+09
61.5,36.284,1.230,391,0,nan,nan,0.000,4863.1367,0.942,1.6928e+09,nan,7.2790e+09
64.5,38.054,1.290,428,0,nan,nan,0.000,4863.1367,0.942,1.6928e+09,nan,7.2790e+09
67.5,39.824,1.350,453,0,nan,nan,0.000,4863.1367,0.950,1.6928e+09,nan,7.2790e+09
70.5,41.594,1.410,465,0,nan,nan,0.000,4863.1367,0.977,1.6928e+09,nan,7.2790e+09
73.5,43.364,1.469,481,0,nan,nan,0.000,4863.1367,0.998,1.6928e+09,nan,7.2790e+09
76.5,45.134,1.529,493,0,nan,nan,0.000,4863.1367,1.012,1.6928e+09,nan,7.2790e+09
79.5,46.904,1.589,523,0,nan,nan,0.000,4863.1367,1.035,1.6928e+09,nan,7.2790e+09
82.5,48.674,1.649,549,0,nan,nan,0.000,4863.1367,1.055,1.6928e+09,nan,7.2790e+09
85.5,50.444,1.709,565,0,nan,nan,0.000,4863.1367,1.051,1.6928e+09,nan,7.2790e+09
88.5,52.214,1.769,563,0,nan,nan,0.000,4863.1367,1.088,1.6928e+09,nan,7.2790e+09
91.5,53.984,1.829,575,0,nan,nan,0.000,4863.1367,1.085,1.6928e+09,nan,7.2790e+09
94.5,55.754,1.889,519,0,nan,nan,0.000,4863.1367,1.132,1.6928e+09,nan,7.2790e+09
97.5,57.524,1.949,491,0,nan,nan,0.000,4863.1367,1.153,1.6928e+09,nan,7.2790e+09
100.5,59.294,2.009,475,0,nan,nan,0.000,4863.1367,1.152,1.6928e+09,nan,7.2790e+09
103.5,61.064,2.069,451,0,nan,nan,0.000,4863.1367,1.202,1.6928e+09,nan,7.2790e+09
106.5,62.834,2.129,464,0,nan,nan,0.000,4863.1367,1.228,1.6928e+09,nan,7.2790e+09
109.5,64.604,2.189,462,0,nan,nan,0.000,4863.1367,1.237,1.6928e+09,nan,7.2790e+09
112.5,66.373,2.249,434,0,nan,nan,0.000,4863.1367,1.314,1.6928e+09,nan,7.2790e+09
115.5,68.143,2.309,438,0,nan,nan,0.000,4863.1367,1.277,1.6928e+09,nan,7.2790e+09
118.5,69.913,2.369,424,0,nan,nan,0.000,4863.1367,1.359,1.6928e+09,nan,7.2790e+09
121.5,71.683,2.429,439,0,nan,nan,0.000,4863.1367,1.382,1.6928e+09,nan,7.2790e+09
124.5,73.453,2.489,426,0,nan,nan,0.000,4863.1367,1.429,1.6928e+09,nan,7.2790e+09
127.5,75.223,2.549,417,0,nan,nan,0.000,4863.1367,1.496,1.6928e+09,nan,7.2790e+09
130.5,76.993,2.609,427,0,nan,nan,0.000,4863.1367,1.524,1.6928e+09,nan,7.2790e+09
133.5,78.763,2.669,421,0,nan,nan,0.000,4863.1367,1.555,1.6928e+09,nan,7.2790e+09
136.5,80.533,2.729,407,0,nan,nan,0.000,4863.1367,1.664,1.6928e+09,nan,7.2790e+09
139.5,82.303,2.789,384,0,nan,nan,0.000,4863.1367,1.703,1.6928e+09,nan,7.2790e+09
142.5,84.073,2.849,357,0,nan,nan,0.000,4863.1367,1.812,1.6928e+09,nan,7.2790e+09
145.5,85.843,2.909,348,0,nan,nan,0.000,4863.1367,1.881,1.6928e+09,nan,7.2790e+09
148.5,87.613,2.969,337,0,nan,nan,0.000,4863.1367,1.950,1.6928e+09,nan,7.2790e+09
151.5,89.383,3.029,321,0,nan,nan,0.000,4863.1367,2.128,1.6928e+09,nan,7.2790e+09
154.5,91.153,3.089,313,0,nan,nan,0.000,4863.1367,2.301,1.6928e+09,nan,7.2790e+09
157.5,92.923,3.149,300,0,nan,nan,0.000,4863.1367,2.557,1.6928e+09,nan,7.2790e+09
160.5,94.693,3.209,287,0,nan,nan,0.000,4863.1367,2.812,1.6928e+09,nan,7.2790e+09
163.5,96.463,3.269,292,0,nan,nan,0.000,4863.1367,3.605,1.6928e+09,nan,7.2790e+09
166.5,98.233,3.329,275,0,nan,nan,0.000,4863.1367,8.177,1.6928e+09,nan,7.2790e+09
169.5,100.003,3.389,270,0,nan,nan,0.000,4863.1367,nan,1.6928e+09,nan,7.2790e+09
172.5,101.773,3.449,261,0,nan,nan,0.000,4863.1367,nan,1.6928e+09,nan,7.2790e+09
175.5,103.543,3.509,249,0,nan,nan,0.000,4863.1367,nan,1.6928e+09,nan,7.2790e+09
178.5,105.313,3.569,250,0,nan,nan,0.000,4863.1367,nan,1.6928e+09,nan,7.2790e+09
181.5,107.083,3.629,243,0,nan,nan,0.000,4863.1367,nan,1.6928e+09,nan,7.2790e+09
184.5,108.852,3.689,228,0,nan,nan,0.000,4863.1367,nan,1.6928e+09,nan,7.2790e+09
187.5,110.622,3.749,233,0,nan,nan,0.000,4863.1367,nan,1.6928e+09,nan,7.2790e+09
190.5,112.392,3.809,216,0,nan,nan,0.000,4863.1367,nan,1.6928e+09,nan,7.2790e+09
193.5,114.162,3.869,210,0,nan,nan,0.000,4863.1367,nan,1.6928e+09,nan,7.2790e+09
196.5,115.932,3.929,216,0,nan,nan,0.000,4863.1367,nan,1.6928e+09,nan,7.2790e+09
199.5,117.702,3.989,196,0,nan,nan,0.000,4863.1367,nan,1.6928e+09,nan,7.2790e+09
202.5,119.472,4.049,200,0,nan,nan,0.000,4863.1367,nan,1.6928e+09,nan,7.2790e+09
205.5,121.242,4.109,190,0,nan,nan,0.000,4863.1367,nan,1.6928e+09,nan,7.2790e+09
208.5,123.012,4.169,182,0,nan,nan,0.000,4863.1367,nan,1.6928e+09,nan,7.2790e+09
211.5,124.782,4.229,181,0,nan,nan,0.000,4863.1367,nan,1.6928e+09,nan,7.2790e+09
214.5,126.552,4.289,173,0,nan,nan,0.000,4863.1367,nan,1.6928e+09,nan,7.2790e+09
217.5,128.322,4.348,168,0,nan,nan,0.000,4863.1367,nan,1.6928e+09,nan,7.2790e+09
220.5,130.092,4.408,158,0,nan,nan,0.000,4863.1367,nan,1.6928e+09,nan,7.2790e+09
223.5,131.862,4.468,159,0,nan,nan,0.000,4863.1367,nan,1.6928e+09,nan,7.2790e+09
226.5,133.632,4.528,151,0,nan,nan,0.000,4863.1367,nan,1.6928e+09,nan,7.2790e+09
229.5,135.402,4.588,145,0,nan,nan,0.000,4863.1367,nan,1.6928e+09,nan,7.2790e+09
232.5,137.172,4.648,142,0,nan,nan,0.000,4863.1367,nan,1.6928e+09,nan,7.2790e+09
235.5,138.942,4.708,133,0,nan,nan,0.000,4863.1367,nan,1.6928e+09,nan,7.2790e+09
238.5,140.712,4.768,130,0,nan,nan,0.000,4863.1367,nan,1.6928e+09,nan,7.2790e+09
241.5,142.482,4.828,121,0,nan,nan,0.000,4863.1367,nan,1.6928e+09,nan,7.2790e+09
244.5,144.252,4.888,121,0,nan,nan,0.000,4863.1367,nan,1.6928e+09,nan,7.2790e+09
247.5,146.022,4.948,114,0,nan,nan,0.000,4863.1367,nan,1.6928e+09,nan,7.2790e+09
250.5,147.792,5.008,110,0,nan,nan,0.000,4863.1367,nan,1.6928e+09,nan,7.2790e+09
253.5,149.562,5.068,102,0,nan,nan,0.000,4863.1367,nan,1.6928e+09,nan,7.2790e+09
256.5,151.332,5.128,97,0,nan,nan,0.000,4863.1367,nan,1.6928e+09,nan,7.2790e+09
259.5,153.101,5.188,94,0,nan,nan,0.000,4863.1367,nan,1.6928e+09,nan,7.2790e+09
262.5,154.871,5.248,86,0,nan,nan,0.000,4863.1367,nan,1.6928e+09,nan,7.2790e+09
265.5,156.641,5.308,85,0,nan,nan,0.000,4863.1367,nan,1.6928e+09,nan,7.2790e+09
268.5,158.411,5.368,77,0,nan,nan,0.000,4863.1367,nan,1.6928e+09,nan,7.2790e+09
271.5,160.181,5.428,71,0,nan,nan,0.000,4863.1367,nan,1.6928e+09,nan,7.2790e+09
274.5,161.951,5.488,68,0,nan,nan,0.000,4863.1367,nan,1.6928e+09,nan,7.2790e+09
277.5,163.721,5.548,64,0,nan,nan,0.000,4863.1367,nan,1.6928e+09,nan,7.2790e+09
280.5,165.491,5.608,57,0,nan,nan,0.000,4863.1367,nan,1.6928e+09,nan,7.2790e+09
283.5,167.261,5.668,53,0,nan,nan,0.000,4863.1367,nan,1.6928e+09,nan,7.2790e+09
286.5,169.031,5.728,48,0,nan,nan,0.000,4863.1367,nan,1.6928e+09,nan,7.2790e+09
289.5,170.801,5.788,44,0,nan,nan,0.000,4863.1367,nan,1.6928e+09,nan,7.2790e+09
292.5,172.571,5.848,36,0,nan,nan,0.000,4863.1367,nan,1.6928e+09,nan,7.2790e+09
295.5,174.341,5.908,32,0,nan,nan,0.000,4863.1367,nan,1.6928e+09,nan,7.2790e+09
298.5,176.111,5.968,28,0,nan,nan,0.000,4863.1367,nan,1.6928e+09,nan,7.2790e+09
301.5,177.881,6.028,23,0,nan,nan,0.000,4863.1367,nan,1.6928e+09,nan,7.2790e+09
304.5,179.651,6.088,18,0,nan,nan,0.000,4863.1367,nan,1.6928e+09,nan,7.2790e+09
307.5,181.421,6.148,13,0,nan,nan,0.000,4863.1367,nan,1.6928e+09,nan,7.2790e+09
310.5,183.191,6.208,8,0,nan,nan,0.000,4863.1367,nan,1.6928e+09,nan,7.2790e+09
313.5,184.961,6.268,4,0,nan,nan,0.000,4863.1367,nan,1.6928e+09,nan,7.2790e+09
316.5,186.731,6.328,0,0,nan,nan,0.000,4863.1367,nan,1.6928e+09,nan,7.2790e+09
