edge_pydb/dat_prof/radprof/build/rproftxt/UGC10331.smo7_smob1.rprof.txt
# %ECSV 0.9
# ---
# datatype:
# - {name: radius, unit: arcsec, datatype: float64, description: Adopting RA=244.3380 deg DEC=59.3201 deg PA=140.8 INC=76.2}
# - {name: r_kpc, unit: kpc, datatype: float64, format: 10.3f, description: Adopting distance of 64.79 Mpc}
# - {name: r_r25, unit: '', datatype: float64, format: 10.3f, description: Adopting R25=43.66 arcsec}
# - {name: npix, datatype: int64}
# - {name: ngood, datatype: int64, description: Requiring fill fraction of 0.1 npix}
# - {name: wtmean, unit: K km / s, datatype: float64, format: 10.3f, description: Replaced blanks with 1 times UGC10331.co.smo7_smo.emom0max.fits}
# - {name: rms, unit: K km / s, datatype: float32}
# - {name: annsum, unit: K km pix / s, datatype: float32, format: 10.3f}
# - {name: cumsum, unit: K km pix / s, datatype: float32}
# - {name: detlim, unit: K km / s, datatype: float64, format: 10.3f}
# - {name: cumlum, unit: K km pc2 / s, datatype: float32, format: 10.4e}
# - {name: sigmol, unit: solMass / pc2, datatype: float64, format: 10.3f}
# - {name: cummass, unit: solMass, datatype: float32, format: 10.4e}
# delimiter: ','
# schema: astropy-2.0
radius,r_kpc,r_r25,npix,ngood,wtmean,rms,annsum,cumsum,detlim,cumlum,sigmol,cummass
1.5,0.471,0.034,6,6,1.309,0.10690748,32.937,32.937164,4.038,3.2502e+06,5.631,1.3976e+07
4.5,1.414,0.103,22,22,1.127,0.19959007,103.937,136.87439,2.112,1.3506e+07,4.846,5.8078e+07
7.5,2.356,0.172,35,35,0.902,0.2505309,132.290,269.16476,1.682,2.6561e+07,3.877,1.1421e+08
10.5,3.298,0.240,45,42,0.666,0.25554278,125.652,394.8164,1.494,3.8960e+07,2.864,1.6753e+08
13.5,4.241,0.309,60,45,0.541,0.25545064,136.022,530.83844,1.304,5.2382e+07,2.325,2.2524e+08
16.5,5.183,0.378,75,34,0.502,0.18469463,157.820,688.6584,1.182,6.7955e+07,2.158,2.9221e+08
19.5,6.126,0.447,85,31,0.475,0.12931319,169.125,857.78375,1.125,8.4644e+07,2.041,3.6397e+08
22.5,7.068,0.515,99,31,0.468,0.11057396,194.050,1051.8336,1.058,1.0379e+08,2.010,4.4631e+08
25.5,8.010,0.584,114,28,0.471,0.07975883,224.938,1276.7711,1.010,1.2599e+08,2.024,5.4175e+08
28.5,8.953,0.653,130,28,0.471,0.071893394,256.533,1533.304,0.965,1.5130e+08,2.024,6.5060e+08
31.5,9.895,0.721,141,23,0.486,0.07295546,287.420,1820.7241,0.951,1.7967e+08,2.091,7.7256e+08
34.5,10.837,0.790,158,23,0.502,0.08154388,332.365,2153.0894,0.927,2.1246e+08,2.158,9.1359e+08
37.5,11.780,0.859,172,21,0.518,0.088358924,373.528,2526.6174,0.914,2.4932e+08,2.227,1.0721e+09
40.5,12.722,0.928,184,16,nan,nan,0.000,2526.6174,0.925,2.4932e+08,nan,1.0721e+09
43.5,13.665,0.996,195,13,nan,nan,0.000,2526.6174,0.941,2.4932e+08,nan,1.0721e+09
46.5,14.607,1.065,206,12,nan,nan,0.000,2526.6174,0.952,2.4932e+08,nan,1.0721e+09
49.5,15.549,1.134,224,10,nan,nan,0.000,2526.6174,0.971,2.4932e+08,nan,1.0721e+09
52.5,16.492,1.202,230,6,nan,nan,0.000,2526.6174,1.009,2.4932e+08,nan,1.0721e+09
55.5,17.434,1.271,249,5,nan,nan,0.000,2526.6174,1.037,2.4932e+08,nan,1.0721e+09
58.5,18.377,1.340,267,2,nan,nan,0.000,2526.6174,1.077,2.4932e+08,nan,1.0721e+09
61.5,19.319,1.408,276,0,nan,nan,0.000,2526.6174,1.080,2.4932e+08,nan,1.0721e+09
64.5,20.261,1.477,293,0,nan,nan,0.000,2526.6174,1.090,2.4932e+08,nan,1.0721e+09
67.5,21.204,1.546,306,0,nan,nan,0.000,2526.6174,1.109,2.4932e+08,nan,1.0721e+09
70.5,22.146,1.615,320,0,nan,nan,0.000,2526.6174,1.103,2.4932e+08,nan,1.0721e+09
73.5,23.089,1.683,332,0,nan,nan,0.000,2526.6174,1.132,2.4932e+08,nan,1.0721e+09
76.5,24.031,1.752,337,0,nan,nan,0.000,2526.6174,1.162,2.4932e+08,nan,1.0721e+09
79.5,24.973,1.821,357,0,nan,nan,0.000,2526.6174,1.144,2.4932e+08,nan,1.0721e+09
82.5,25.916,1.889,373,0,nan,nan,0.000,2526.6174,1.187,2.4932e+08,nan,1.0721e+09
85.5,26.858,1.958,382,0,nan,nan,0.000,2526.6174,1.170,2.4932e+08,nan,1.0721e+09
88.5,27.801,2.027,396,0,nan,nan,0.000,2526.6174,1.181,2.4932e+08,nan,1.0721e+09
91.5,28.743,2.096,412,0,nan,nan,0.000,2526.6174,1.206,2.4932e+08,nan,1.0721e+09
94.5,29.685,2.164,423,0,nan,nan,0.000,2526.6174,1.182,2.4932e+08,nan,1.0721e+09
97.5,30.628,2.233,439,0,nan,nan,0.000,2526.6174,1.205,2.4932e+08,nan,1.0721e+09
100.5,31.570,2.302,449,0,nan,nan,0.000,2526.6174,1.218,2.4932e+08,nan,1.0721e+09
103.5,32.512,2.370,413,0,nan,nan,0.000,2526.6174,1.224,2.4932e+08,nan,1.0721e+09
106.5,33.455,2.439,382,0,nan,nan,0.000,2526.6174,1.258,2.4932e+08,nan,1.0721e+09
109.5,34.397,2.508,372,0,nan,nan,0.000,2526.6174,1.256,2.4932e+08,nan,1.0721e+09
112.5,35.340,2.577,359,0,nan,nan,0.000,2526.6174,1.257,2.4932e+08,nan,1.0721e+09
115.5,36.282,2.645,349,0,nan,nan,0.000,2526.6174,1.294,2.4932e+08,nan,1.0721e+09
118.5,37.224,2.714,344,0,nan,nan,0.000,2526.6174,1.306,2.4932e+08,nan,1.0721e+09
121.5,38.167,2.783,337,0,nan,nan,0.000,2526.6174,1.298,2.4932e+08,nan,1.0721e+09
124.5,39.109,2.851,330,0,nan,nan,0.000,2526.6174,1.329,2.4932e+08,nan,1.0721e+09
127.5,40.052,2.920,310,0,nan,nan,0.000,2526.6174,1.327,2.4932e+08,nan,1.0721e+09
130.5,40.994,2.989,310,0,nan,nan,0.000,2526.6174,1.349,2.4932e+08,nan,1.0721e+09
133.5,41.936,3.057,292,0,nan,nan,0.000,2526.6174,1.383,2.4932e+08,nan,1.0721e+09
136.5,42.879,3.126,290,0,nan,nan,0.000,2526.6174,1.363,2.4932e+08,nan,1.0721e+09
139.5,43.821,3.195,272,0,nan,nan,0.000,2526.6174,1.414,2.4932e+08,nan,1.0721e+09
142.5,44.764,3.264,274,0,nan,nan,0.000,2526.6174,1.418,2.4932e+08,nan,1.0721e+09
145.5,45.706,3.332,264,0,nan,nan,0.000,2526.6174,1.424,2.4932e+08,nan,1.0721e+09
148.5,46.648,3.401,258,0,nan,nan,0.000,2526.6174,1.477,2.4932e+08,nan,1.0721e+09
151.5,47.591,3.470,254,0,nan,nan,0.000,2526.6174,1.464,2.4932e+08,nan,1.0721e+09
154.5,48.533,3.538,247,0,nan,nan,0.000,2526.6174,1.513,2.4932e+08,nan,1.0721e+09
157.5,49.476,3.607,257,0,nan,nan,0.000,2526.6174,1.529,2.4932e+08,nan,1.0721e+09
160.5,50.418,3.676,249,0,nan,nan,0.000,2526.6174,1.524,2.4932e+08,nan,1.0721e+09
163.5,51.360,3.745,247,0,nan,nan,0.000,2526.6174,1.593,2.4932e+08,nan,1.0721e+09
166.5,52.303,3.813,236,0,nan,nan,0.000,2526.6174,1.596,2.4932e+08,nan,1.0721e+09
169.5,53.245,3.882,235,0,nan,nan,0.000,2526.6174,1.624,2.4932e+08,nan,1.0721e+09
172.5,54.187,3.951,223,0,nan,nan,0.000,2526.6174,1.681,2.4932e+08,nan,1.0721e+09
175.5,55.130,4.019,229,0,nan,nan,0.000,2526.6174,1.670,2.4932e+08,nan,1.0721e+09
178.5,56.072,4.088,221,0,nan,nan,0.000,2526.6174,1.726,2.4932e+08,nan,1.0721e+09
181.5,57.015,4.157,222,0,nan,nan,0.000,2526.6174,1.752,2.4932e+08,nan,1.0721e+09
184.5,57.957,4.225,214,0,nan,nan,0.000,2526.6174,1.797,2.4932e+08,nan,1.0721e+09
187.5,58.899,4.294,215,0,nan,nan,0.000,2526.6174,1.827,2.4932e+08,nan,1.0721e+09
190.5,59.842,4.363,210,0,nan,nan,0.000,2526.6174,1.893,2.4932e+08,nan,1.0721e+09
193.5,60.784,4.432,214,0,nan,nan,0.000,2526.6174,1.888,2.4932e+08,nan,1.0721e+09
196.5,61.727,4.500,202,0,nan,nan,0.000,2526.6174,1.995,2.4932e+08,nan,1.0721e+09
199.5,62.669,4.569,205,0,nan,nan,0.000,2526.6174,2.022,2.4932e+08,nan,1.0721e+09
202.5,63.611,4.638,200,0,nan,nan,0.000,2526.6174,2.080,2.4932e+08,nan,1.0721e+09
205.5,64.554,4.706,199,0,nan,nan,0.000,2526.6174,2.163,2.4932e+08,nan,1.0721e+09
208.5,65.496,4.775,197,0,nan,nan,0.000,2526.6174,2.193,2.4932e+08,nan,1.0721e+09
211.5,66.439,4.844,189,0,nan,nan,0.000,2526.6174,2.308,2.4932e+08,nan,1.0721e+09
214.5,67.381,4.913,192,0,nan,nan,0.000,2526.6174,2.345,2.4932e+08,nan,1.0721e+09
217.5,68.323,4.981,187,0,nan,nan,0.000,2526.6174,2.457,2.4932e+08,nan,1.0721e+09
220.5,69.266,5.050,183,0,nan,nan,0.000,2526.6174,2.571,2.4932e+08,nan,1.0721e+09
223.5,70.208,5.119,184,0,nan,nan,0.000,2526.6174,2.657,2.4932e+08,nan,1.0721e+09
226.5,71.150,5.187,175,0,nan,nan,0.000,2526.6174,2.885,2.4932e+08,nan,1.0721e+09
229.5,72.093,5.256,182,0,nan,nan,0.000,2526.6174,2.966,2.4932e+08,nan,1.0721e+09
232.5,73.035,5.325,174,0,nan,nan,0.000,2526.6174,3.219,2.4932e+08,nan,1.0721e+09
235.5,73.978,5.393,172,0,nan,nan,0.000,2526.6174,3.579,2.4932e+08,nan,1.0721e+09
238.5,74.920,5.462,169,0,nan,nan,0.000,2526.6174,4.186,2.4932e+08,nan,1.0721e+09
241.5,75.862,5.531,163,0,nan,nan,0.000,2526.6174,4.896,2.4932e+08,nan,1.0721e+09
244.5,76.805,5.600,167,0,nan,nan,0.000,2526.6174,17.440,2.4932e+08,nan,1.0721e+09
247.5,77.747,5.668,162,0,nan,nan,0.000,2526.6174,nan,2.4932e+08,nan,1.0721e+09
250.5,78.690,5.737,162,0,nan,nan,0.000,2526.6174,nan,2.4932e+08,nan,1.0721e+09
253.5,79.632,5.806,156,0,nan,nan,0.000,2526.6174,nan,2.4932e+08,nan,1.0721e+09
256.5,80.574,5.874,154,0,nan,nan,0.000,2526.6174,nan,2.4932e+08,nan,1.0721e+09
259.5,81.517,5.943,154,0,nan,nan,0.000,2526.6174,nan,2.4932e+08,nan,1.0721e+09
262.5,82.459,6.012,147,0,nan,nan,0.000,2526.6174,nan,2.4932e+08,nan,1.0721e+09
265.5,83.402,6.081,156,0,nan,nan,0.000,2526.6174,nan,2.4932e+08,nan,1.0721e+09
268.5,84.344,6.149,141,0,nan,nan,0.000,2526.6174,nan,2.4932e+08,nan,1.0721e+09
271.5,85.286,6.218,142,0,nan,nan,0.000,2526.6174,nan,2.4932e+08,nan,1.0721e+09
274.5,86.229,6.287,144,0,nan,nan,0.000,2526.6174,nan,2.4932e+08,nan,1.0721e+09
277.5,87.171,6.355,136,0,nan,nan,0.000,2526.6174,nan,2.4932e+08,nan,1.0721e+09
280.5,88.114,6.424,142,0,nan,nan,0.000,2526.6174,nan,2.4932e+08,nan,1.0721e+09
283.5,89.056,6.493,131,0,nan,nan,0.000,2526.6174,nan,2.4932e+08,nan,1.0721e+09
286.5,89.998,6.562,133,0,nan,nan,0.000,2526.6174,nan,2.4932e+08,nan,1.0721e+09
289.5,90.941,6.630,131,0,nan,nan,0.000,2526.6174,nan,2.4932e+08,nan,1.0721e+09
292.5,91.883,6.699,124,0,nan,nan,0.000,2526.6174,nan,2.4932e+08,nan,1.0721e+09
295.5,92.825,6.768,128,0,nan,nan,0.000,2526.6174,nan,2.4932e+08,nan,1.0721e+09
298.5,93.768,6.836,120,0,nan,nan,0.000,2526.6174,nan,2.4932e+08,nan,1.0721e+09
301.5,94.710,6.905,124,0,nan,nan,0.000,2526.6174,nan,2.4932e+08,nan,1.0721e+09
304.5,95.653,6.974,121,0,nan,nan,0.000,2526.6174,nan,2.4932e+08,nan,1.0721e+09
307.5,96.595,7.042,114,0,nan,nan,0.000,2526.6174,nan,2.4932e+08,nan,1.0721e+09
310.5,97.537,7.111,116,0,nan,nan,0.000,2526.6174,nan,2.4932e+08,nan,1.0721e+09
313.5,98.480,7.180,110,0,nan,nan,0.000,2526.6174,nan,2.4932e+08,nan,1.0721e+09
316.5,99.422,7.249,115,0,nan,nan,0.000,2526.6174,nan,2.4932e+08,nan,1.0721e+09
319.5,100.365,7.317,107,0,nan,nan,0.000,2526.6174,nan,2.4932e+08,nan,1.0721e+09
322.5,101.307,7.386,104,0,nan,nan,0.000,2526.6174,nan,2.4932e+08,nan,1.0721e+09
325.5,102.249,7.455,107,0,nan,nan,0.000,2526.6174,nan,2.4932e+08,nan,1.0721e+09
328.5,103.192,7.523,96,0,nan,nan,0.000,2526.6174,nan,2.4932e+08,nan,1.0721e+09
331.5,104.134,7.592,104,0,nan,nan,0.000,2526.6174,nan,2.4932e+08,nan,1.0721e+09
334.5,105.077,7.661,94,0,nan,nan,0.000,2526.6174,nan,2.4932e+08,nan,1.0721e+09
337.5,106.019,7.730,96,0,nan,nan,0.000,2526.6174,nan,2.4932e+08,nan,1.0721e+09
340.5,106.961,7.798,96,0,nan,nan,0.000,2526.6174,nan,2.4932e+08,nan,1.0721e+09
343.5,107.904,7.867,85,0,nan,nan,0.000,2526.6174,nan,2.4932e+08,nan,1.0721e+09
346.5,108.846,7.936,93,0,nan,nan,0.000,2526.6174,nan,2.4932e+08,nan,1.0721e+09
349.5,109.789,8.004,83,0,nan,nan,0.000,2526.6174,nan,2.4932e+08,nan,1.0721e+09
352.5,110.731,8.073,85,0,nan,nan,0.000,2526.6174,nan,2.4932e+08,nan,1.0721e+09
355.5,111.673,8.142,84,0,nan,nan,0.000,2526.6174,nan,2.4932e+08,nan,1.0721e+09
358.5,112.616,8.210,75,0,nan,nan,0.000,2526.6174,nan,2.4932e+08,nan,1.0721e+09
361.5,113.558,8.279,81,0,nan,nan,0.000,2526.6174,nan,2.4932e+08,nan,1.0721e+09
364.5,114.500,8.348,71,0,nan,nan,0.000,2526.6174,nan,2.4932e+08,nan,1.0721e+09
367.5,115.443,8.417,78,0,nan,nan,0.000,2526.6174,nan,2.4932e+08,nan,1.0721e+09
370.5,116.385,8.485,72,0,nan,nan,0.000,2526.6174,nan,2.4932e+08,nan,1.0721e+09
373.5,117.328,8.554,67,0,nan,nan,0.000,2526.6174,nan,2.4932e+08,nan,1.0721e+09
376.5,118.270,8.623,70,0,nan,nan,0.000,2526.6174,nan,2.4932e+08,nan,1.0721e+09
379.5,119.212,8.691,60,0,nan,nan,0.000,2526.6174,nan,2.4932e+08,nan,1.0721e+09
382.5,120.155,8.760,66,0,nan,nan,0.000,2526.6174,nan,2.4932e+08,nan,1.0721e+09
385.5,121.097,8.829,60,0,nan,nan,0.000,2526.6174,nan,2.4932e+08,nan,1.0721e+09
388.5,122.040,8.898,60,0,nan,nan,0.000,2526.6174,nan,2.4932e+08,nan,1.0721e+09
391.5,122.982,8.966,57,0,nan,nan,0.000,2526.6174,nan,2.4932e+08,nan,1.0721e+09
394.5,123.924,9.035,51,0,nan,nan,0.000,2526.6174,nan,2.4932e+08,nan,1.0721e+09
397.5,124.867,9.104,54,0,nan,nan,0.000,2526.6174,nan,2.4932e+08,nan,1.0721e+09
400.5,125.809,9.172,50,0,nan,nan,0.000,2526.6174,nan,2.4932e+08,nan,1.0721e+09
403.5,126.752,9.241,47,0,nan,nan,0.000,2526.6174,nan,2.4932e+08,nan,1.0721e+09
406.5,127.694,9.310,47,0,nan,nan,0.000,2526.6174,nan,2.4932e+08,nan,1.0721e+09
409.5,128.636,9.378,42,0,nan,nan,0.000,2526.6174,nan,2.4932e+08,nan,1.0721e+09
412.5,129.579,9.447,42,0,nan,nan,0.000,2526.6174,nan,2.4932e+08,nan,1.0721e+09
415.5,130.521,9.516,40,0,nan,nan,0.000,2526.6174,nan,2.4932e+08,nan,1.0721e+09
418.5,131.463,9.585,36,0,nan,nan,0.000,2526.6174,nan,2.4932e+08,nan,1.0721e+09
421.5,132.406,9.653,36,0,nan,nan,0.000,2526.6174,nan,2.4932e+08,nan,1.0721e+09
424.5,133.348,9.722,34,0,nan,nan,0.000,2526.6174,nan,2.4932e+08,nan,1.0721e+09
427.5,134.291,9.791,32,0,nan,nan,0.000,2526.6174,nan,2.4932e+08,nan,1.0721e+09
430.5,135.233,9.859,30,0,nan,nan,0.000,2526.6174,nan,2.4932e+08,nan,1.0721e+09
433.5,136.175,9.928,26,0,nan,nan,0.000,2526.6174,nan,2.4932e+08,nan,1.0721e+09
436.5,137.118,9.997,24,0,nan,nan,0.000,2526.6174,nan,2.4932e+08,nan,1.0721e+09
439.5,138.060,10.066,22,0,nan,nan,0.000,2526.6174,nan,2.4932e+08,nan,1.0721e+09
442.5,139.003,10.134,22,0,nan,nan,0.000,2526.6174,nan,2.4932e+08,nan,1.0721e+09
445.5,139.945,10.203,16,0,nan,nan,0.000,2526.6174,nan,2.4932e+08,nan,1.0721e+09
448.5,140.887,10.272,18,0,nan,nan,0.000,2526.6174,nan,2.4932e+08,nan,1.0721e+09
451.5,141.830,10.340,14,0,nan,nan,0.000,2526.6174,nan,2.4932e+08,nan,1.0721e+09
454.5,142.772,10.409,12,0,nan,nan,0.000,2526.6174,nan,2.4932e+08,nan,1.0721e+09
457.5,143.715,10.478,10,0,nan,nan,0.000,2526.6174,nan,2.4932e+08,nan,1.0721e+09
460.5,144.657,10.547,8,0,nan,nan,0.000,2526.6174,nan,2.4932e+08,nan,1.0721e+09
463.5,145.599,10.615,6,0,nan,nan,0.000,2526.6174,nan,2.4932e+08,nan,1.0721e+09
466.5,146.542,10.684,4,0,nan,nan,0.000,2526.6174,nan,2.4932e+08,nan,1.0721e+09
469.5,147.484,10.753,2,0,nan,nan,0.000,2526.6174,nan,2.4932e+08,nan,1.0721e+09
