edge_pydb/dat_glob/obs/build/edge_coflux_natv_fulldv13.csv
# %ECSV 0.9
# ---
# datatype:
# - {name: Name, datatype: string, description: Galaxy Name}
# - {name: coRactr_natv, unit: deg, datatype: float64, format: .4f, description: Reference R.A. of natv CARMA cube}
# - {name: coDectr_natv, unit: deg, datatype: float64, format: .4f, description: Reference Dec. of natv CARMA cube}
# - {name: coCtrint_natv, unit: K km / s, datatype: float64, format: .3f, description: Unmasked CO intensity at reference pixel}
# - {name: coDvhel, unit: km / s, datatype: float64, format: .3f, description: Add this to go from LSR to Barycentric frame}
# - {name: coBmaj_natv, unit: arcsec, datatype: float64, format: .3f, description: Beam major axis of natv co cube}
# - {name: coBmin_natv, unit: arcsec, datatype: float64, format: .3f, description: Beam minor axis of natv co cube}
# - {name: coBpa_natv, unit: deg, datatype: float64, format: .3f, description: Beam pos ang (deg E of N) of natv co cube}
# - {name: coNomask_natv, unit: Jy km / s, datatype: float64, format: .3f, description: co flux from unmasked natv cube}
# - {name: coeNomask_natv, unit: Jy km / s, datatype: float64, format: .3f, description: co flux uncertainty from unmasked natv cube}
# - {name: coNomaskDv_natv, unit: km / s, datatype: float64, format: .3f, description: co velocity width for unmasked natv cube}
# - {name: coDilated_natv, unit: Jy km / s, datatype: float64, format: .3f, description: co flux from dilated-masked natv cube}
# - {name: coeDilated_natv, unit: Jy km / s, datatype: float64, format: .3f, description: co flux uncertainty from dilated-masked natv
#     cube}
# - {name: coSmooth_natv, unit: Jy km / s, datatype: float64, format: .3f, description: co flux from smoothed-masked natv cube}
# - {name: coeSmooth_natv, unit: Jy km / s, datatype: float64, format: .3f, description: co flux uncertainty from smoothed-masked natv
#     cube}
# - {name: coSmoothDv_natv, unit: km / s, datatype: float64, format: .3f, description: co velocity width for smooth-masked natv cube}
# - {name: coMask2d_natv, unit: Jy km / s, datatype: float64, format: .3f, description: co flux from 2D masked natv cube}
# - {name: coeMask2d_natv, unit: Jy km / s, datatype: float64, format: .3f, description: co flux uncertainty from 2D masked natv cube}
# - {name: coSNRmax_natv, datatype: float64, format: .3f, description: Maximum SNR of co in natv cube}
# - {name: coSNR4pix_natv, datatype: float64, format: .3f, description: Number of XY pixels with co peak Tb > 4 sigma}
# - {name: coSNR5pix_natv, datatype: float64, format: .3f, description: Number of XY pixels with co peak Tb > 5 sigma}
# - {name: cottBmaj_natv, unit: arcsec, datatype: float64, format: .3f, description: Beam major axis of natv 13co cube}
# - {name: cottBmin_natv, unit: arcsec, datatype: float64, format: .3f, description: Beam minor axis of natv 13co cube}
# - {name: cottBpa_natv, unit: deg, datatype: float64, format: .3f, description: Beam pos ang (deg E of N) of natv 13co cube}
# - {name: cottNomask_natv, unit: Jy km / s, datatype: float64, format: .3f, description: 13co flux from unmasked natv cube}
# - {name: cotteNomask_natv, unit: Jy km / s, datatype: float64, format: .3f, description: 13co flux uncertainty from unmasked natv cube}
[...]
# - {name: cottSmooth_natv, unit: Jy km / s, datatype: float64, format: .3f, description: 13co flux from smoothed-masked natv cube}
# - {name: cotteSmooth_natv, unit: Jy km / s, datatype: float64, format: .3f, description: 13co flux uncertainty from smoothed-masked
#     natv cube}
# - {name: cottSmoothDv_natv, unit: km / s, datatype: float64, format: .3f, description: 13co velocity width for smooth-masked natv cube}
# - {name: cottMask2d_natv, unit: Jy km / s, datatype: float64, format: .3f, description: 13co flux from 2D masked natv cube}
# - {name: cotteMask2d_natv, unit: Jy km / s, datatype: float64, format: .3f, description: 13co flux uncertainty from 2D masked natv cube}
# - {name: cottSNRmax_natv, datatype: float64, format: .3f, description: Maximum SNR of 13co in natv cube}
# - {name: cottSNR4pix_natv, datatype: float64, format: .3f, description: Number of XY pixels with 13co peak Tb > 4 sigma}
# - {name: cottSNR5pix_natv, datatype: float64, format: .3f, description: Number of XY pixels with 13co peak Tb > 5 sigma}
# delimiter: ','
# meta: !!omap
# - {date: '2020-06-09'}
# schema: astropy-2.0
Name,coRactr_natv,coDectr_natv,coCtrint_natv,coDvhel,coBmaj_natv,coBmin_natv,coBpa_natv,coNomask_natv,coeNomask_natv,coNomaskDv_natv,coDilated_natv,coeDilated_natv,coSmooth_natv,coeSmooth_natv,coSmoothDv_natv,coMask2d_natv,coeMask2d_natv,coSNRmax_natv,coSNR4pix_natv,coSNR5pix_natv,cottBmaj_natv,cottBmin_natv,cottBpa_natv,cottNomask_natv,cotteNomask_natv,cottNomaskDv_natv,cottDilated_natv,cotteDilated_natv,cottSmooth_natv,cotteSmooth_natv,cottSmoothDv_natv,cottMask2d_natv,cotteMask2d_natv,cottSNRmax_natv,cottSNR4pix_natv,cottSNR5pix_natv
[from data line 68]
NGC5947,232.6500,42.7169,4.214,-16.735,5.230,4.040,48.500,-18.790,24.000,860.000,nan,nan,25.080,2.830,460.000,16.920,7.870,5.734,52.000,5.000,5.370,4.180,48.300,-17.400,15.770,860.000,nan,nan,1.730,0.650,120.000,0.020,2.190,5.151,6.000,1.000
NGC5953,233.6387,15.2000,-8.445,-15.897,5.000,3.970,36.200,258.040,35.470,860.000,365.090,3.950,407.170,8.300,440.000,358.340,20.670,58.010,842.000,730.000,5.070,4.170,35.400,-2.660,15.450,860.000,23.420,0.990,33.660,2.230,500.000,23.940,6.200,10.516,210.000,120.000
NGC5980,235.3767,15.7877,82.763,-16.258,4.640,4.180,79.500,44.000,23.730,700.000,142.890,2.770,143.420,4.550,580.000,104.780,9.420,21.640,634.000,465.000,4.760,4.220,-87.700,-7.140,12.590,860.000,6.190,0.510,16.020,1.290,540.000,15.790,3.080,5.502,51.000,3.000
NGC6004,237.5946,18.9393,48.458,-16.910,5.060,4.130,60.000,42.450,34.140,860.000,57.750,2.470,73.730,5.760,320.000,30.840,16.560,8.968,289.000,137.000,5.140,4.330,63.500,-12.950,19.450,860.000,1.940,0.560,7.090,1.640,140.000,8.740,5.310,4.882,25.000,0.000
NGC6021,239.3779,15.9561,8.124,-16.920,4.540,4.020,35.900,5.830,42.570,860.000,nan,nan,nan,nan,nan,nan,nan,4.362,11.000,0.000,4.510,4.160,41.500,-7.330,21.240,860.000,nan,nan,nan,nan,nan,nan,nan,5.905,47.000,5.000
NGC6027,239.8021,20.7634,20.738,-17.385,4.890,3.990,76.500,20.000,43.010,1240.000,nan,nan,nan,nan,nan,nan,nan,4.983,23.000,0.000,4.980,4.010,85.600,5.730,17.140,860.000,nan,nan,nan,nan,nan,nan,nan,4.773,11.000,0.000
NGC6060,241.4667,21.4849,18.222,-17.672,4.750,3.670,42.400,94.250,29.600,860.000,140.440,3.430,134.060,6.070,540.000,78.520,15.970,12.574,783.000,433.000,4.790,3.820,43.800,5.730,15.560,860.000,nan,nan,4.350,1.060,120.000,6.240,3.440,4.364,3.000,0.000
NGC6063,241.8042,7.9790,-2.876,-16.359,5.320,4.320,39.000,-21.100,43.120,860.000,nan,nan,nan,nan,nan,nan,nan,4.896,19.000,0.000,5.270,4.510,41.500,-11.230,20.030,860.000,nan,nan,nan,nan,nan,nan,nan,4.462,9.000,0.000
NGC6081,243.2367,9.8671,-3.622,-16.809,4.720,4.220,81.500,-6.380,38.350,860.000,nan,nan,nan,nan,nan,nan,nan,4.901,10.000,0.000,4.840,4.310,-85.400,1.290,21.250,860.000,nan,nan,5.180,1.370,140.000,4.580,4.480,4.785,36.000,0.000
NGC6125,244.7979,57.9841,-11.592,-16.683,5.430,3.850,68.300,0.390,31.000,860.000,nan,nan,nan,nan,nan,nan,nan,5.893,19.000,5.000,5.580,3.960,69.700,9.490,16.990,860.000,nan,nan,nan,nan,nan,nan,nan,4.689,30.000,0.000
NGC6146,246.2929,40.8929,22.541,-18.416,5.180,3.990,77.200,-8.520,29.430,860.000,nan,nan,nan,nan,nan,nan,nan,4.281,13.000,0.000,5.290,4.100,82.600,-25.310,20.780,860.000,nan,nan,nan,nan,nan,nan,nan,4.771,31.000,0.000
NGC6155,246.5346,48.3668,22.111,-17.918,5.570,3.780,65.500,30.970,34.030,860.000,82.480,2.860,78.690,4.960,280.000,55.220,14.020,10.312,643.000,395.000,5.640,3.920,67.500,-11.140,15.180,860.000,nan,nan,4.060,0.830,160.000,-1.760,2.510,4.440,13.000,0.000
NGC6168,247.8367,20.1856,6.652,-18.386,5.000,4.000,44.800,-29.990,38.520,860.000,23.270,1.810,35.650,3.990,320.000,30.330,11.950,5.319,73.000,6.000,4.990,4.210,47.200,1.650,22.440,860.000,nan,nan,nan,nan,nan,nan,nan,4.705,8.000,0.000
NGC6186,248.6062,21.5409,168.592,-18.556,4.850,4.170,62.400,50.840,38.500,860.000,165.230,3.230,165.390,6.000,380.000,152.010,15.430,22.866,424.000,338.000,4.900,4.330,71.900,-1.780,18.720,860.000,4.490,0.530,12.880,1.470,360.000,9.820,3.530,7.223,51.000,14.000
NGC6301,257.1363,42.3391,11.703,-19.141,4.840,4.130,31.300,11.290,26.550,860.000,52.620,2.180,66.720,4.200,500.000,31.320,10.940,7.862,254.000,70.000,4.920,4.330,34.000,-10.110,18.990,860.000,nan,nan,nan,nan,nan,nan,nan,5.195,30.000,1.000
NGC6310,256.9896,60.9902,3.221,-16.860,5.120,3.790,70.200,-30.390,35.820,860.000,2.980,0.800,10.760,2.010,180.000,4.520,6.100,4.736,25.000,0.000,5.150,3.900,73.000,-5.270,18.480,860.000,nan,nan,nan,nan,nan,nan,nan,4.641,20.000,0.000
NGC6314,258.1612,23.2701,56.828,-19.454,4.410,3.870,58.400,6.160,19.940,660.000,31.110,1.310,40.200,2.450,560.000,28.650,4.830,7.658,93.000,43.000,4.420,3.980,72.100,6.710,15.350,860.000,nan,nan,nan,nan,nan,nan,nan,4.963,16.000,0.000
NGC6361,259.6712,60.6082,180.834,-17.013,5.540,3.980,60.500,291.160,29.790,860.000,386.920,3.250,382.790,5.610,560.000,343.670,13.100,34.862,881.000,795.000,5.650,4.100,60.800,19.110,15.800,860.000,35.590,1.240,38.710,2.160,580.000,32.080,5.220,7.538,351.000,161.000
NGC6394,262.5892,59.6399,31.702,-17.255,5.650,3.920,44.700,17.450,29.590,860.000,35.350,1.760,49.080,3.430,600.000,33.650,8.170,7.052,103.000,40.000,5.770,4.110,45.100,16.160,20.940,860.000,nan,nan,nan,nan,nan,nan,nan,5.475,40.000,3.000
NGC6478,267.1629,51.1602,17.927,-18.599,4.880,4.020,39.900,89.750,32.590,820.000,144.060,2.890,152.340,4.960,600.000,116.510,10.710,15.183,663.000,523.000,5.000,4.190,39.900,-6.620,18.270,860.000,nan,nan,nan,nan,nan,nan,nan,4.478,21.000,0.000
NGC7738,356.0086,0.5166,283.469,-1.609,4.440,3.610,39.700,82.900,18.040,780.000,101.290,1.300,102.000,2.520,580.000,92.200,4.820,33.071,169.000,130.000,4.420,3.760,46.000,3.170,12.640,840.000,5.290,0.420,8.690,0.980,520.000,7.060,2.100,5.566,26.000,4.000
NGC7819,1.1021,31.4720,52.745,-5.181,4.600,3.710,60.700,-9.660,29.040,860.000,31.170,1.380,37.930,2.890,340.000,26.900,7.130,9.013,94.000,49.000,4.630,3.800,68.800,10.540,16.310,860.000,nan,nan,nan,nan,nan,nan,nan,4.691,21.000,0.000
UGC00809,18.9658,33.8107,15.424,-1.108,4.250,3.620,55.300,-12.730,32.400,860.000,4.690,0.690,23.410,2.950,340.000,17.360,8.490,5.246,32.000,3.000,4.240,3.730,67.100,-3.290,15.840,860.000,nan,nan,nan,nan,nan,nan,nan,4.902,22.000,0.000
UGC03253,79.9246,84.0526,27.365,-8.141,6.810,4.370,50.100,-37.050,27.550,760.000,9.860,1.050,20.130,2.480,300.000,22.550,6.600,7.058,48.000,17.000,6.900,4.510,50.200,-1.760,14.680,860.000,nan,nan,nan,nan,nan,nan,nan,5.188,37.000,1.000
UGC03539,102.2250,66.2616,39.648,-2.270,5.630,4.420,-34.200,23.610,32.650,860.000,56.670,2.080,60.520,3.560,420.000,46.430,8.650,13.127,218.000,159.000,5.710,4.570,-37.300,-7.490,18.240,860.000,nan,nan,nan,nan,nan,nan,nan,6.238,41.000,7.000
UGC03969,115.3096,27.6141,27.508,9.384,5.380,4.140,46.100,-33.140,28.300,860.000,42.960,1.910,54.600,3.460,520.000,47.360,7.790,7.412,128.000,65.000,5.470,4.220,52.400,-29.360,19.870,860.000,nan,nan,nan,nan,nan,nan,nan,4.572,26.000,0.000
UGC03973,115.6367,49.8097,27.913,2.563,4.620,4.500,62.100,-3.690,25.790,720.000,31.830,1.750,42.200,3.650,420.000,25.110,8.470,5.960,145.000,31.000,4.810,4.460,75.900,2.620,19.210,860.000,nan,nan,nan,nan,nan,nan,nan,4.516,11.000,0.000
UGC04029,117.0792,34.3323,71.332,7.243,4.900,3.960,46.700,26.190,28.550,860.000,56.290,1.960,62.640,3.560,420.000,46.400,9.040,11.993,236.000,150.000,5.030,4.020,52.200,3.110,14.620,860.000,nan,nan,2.900,0.820,100.000,1.120,2.730,5.518,19.000,2.000
UGC04132,119.8042,32.9147,106.184,7.343,5.480,3.960,60.500,93.300,31.010,860.000,190.180,3.280,192.550,5.370,580.000,151.030,12.560,17.817,613.000,517.000,5.610,4.050,62.100,1.140,18.230,860.000,nan,nan,13.260,1.400,380.000,16.740,3.630,4.765,34.000,0.000
UGC04280,123.6388,54.7996,42.155,0.280,4.770,4.510,-9.200,1.580,35.710,860.000,13.020,1.220,18.550,2.280,300.000,20.560,5.940,5.685,42.000,4.000,4.780,4.680,-54.400,3.200,19.290,860.000,nan,nan,2.810,1.130,100.000,-2.090,3.590,4.952,45.000,0.000
UGC04461,128.3446,52.5323,50.876,0.483,4.880,4.220,54.200,-28.050,33.060,860.000,33.420,1.710,36.730,2.920,340.000,34.960,7.340,8.516,120.000,54.000,5.030,4.310,59.900,-32.470,18.410,860.000,nan,nan,nan,nan,nan,nan,nan,4.559,18.000,0.000
UGC05108,143.8596,29.8126,76.581,4.136,5.470,4.380,52.000,-2.040,23.910,860.000,26.860,1.300,40.160,2.670,600.000,25.450,5.920,8.336,59.000,30.000,5.680,4.420,58.200,0.530,16.700,860.000,nan,nan,nan,nan,nan,nan,nan,4.724,19.000,0.000
UGC05111,144.2192,66.7883,39.584,-5.057,5.210,4.950,2.900,12.880,24.620,800.000,93.760,2.360,97.320,3.830,540.000,67.380,8.880,12.695,499.000,392.000,5.290,5.170,1.100,-1.170,14.350,860.000,nan,nan,nan,nan,nan,nan,nan,4.607,16.000,0.000
UGC05244,147.1992,64.1669,-9.326,-4.756,5.100,4.640,-23.100,30.530,39.090,860.000,nan,nan,4.370,1.500,120.000,4.020,4.840,4.860,55.000,0.000,5.020,4.830,-31.800,3.410,18.590,860.000,nan,nan,nan,nan,nan,nan,nan,4.559,18.000,0.000
UGC05359,149.7150,19.2150,2.676,5.230,6.750,4.870,46.500,-9.370,22.320,860.000,6.790,0.800,31.700,3.000,500.000,22.120,8.250,5.758,55.000,16.000,6.890,4.920,50.200,7.110,15.760,860.000,nan,nan,nan,nan,nan,nan,nan,4.799,19.000,0.000
UGC05498NED01,153.0150,23.0854,57.270,3.586,5.240,3.920,27.900,-13.490,38.200,860.000,10.450,1.130,nan,nan,nan,nan,nan,5.232,25.000,3.000,5.340,4.070,28.400,10.560,25.440,860.000,nan,nan,nan,nan,nan,nan,nan,4.779,21.000,0.000
UGC05598,155.5583,20.5894,32.274,3.477,5.830,4.070,39.900,-9.610,37.450,860.000,20.860,1.570,23.410,2.660,320.000,21.180,6.760,7.145,62.000,27.000,5.890,4.200,42.000,-4.280,22.540,860.000,nan,nan,nan,nan,nan,nan,nan,4.209,8.000,0.000
UGC06312,169.5008,7.8449,-1.811,2.074,4.610,4.570,-21.500,-8.610,31.960,860.000,nan,nan,nan,nan,nan,nan,nan,4.780,16.000,0.000,4.790,4.530,-53.200,-9.130,19.880,860.000,nan,nan,nan,nan,nan,nan,nan,4.953,27.000,0.000
UGC07012,180.5129,29.8480,7.846,-4.818,4.730,3.920,56.600,5.860,32.070,860.000,nan,nan,14.770,2.440,220.000,11.280,7.530,5.832,47.000,8.000,4.780,4.060,64.700,10.150,16.120,860.000,nan,nan,nan,nan,nan,nan,nan,4.884,21.000,0.000
UGC08107,194.9158,53.3412,73.763,-10.469,4.870,4.470,13.100,25.650,23.400,860.000,76.160,2.020,90.350,3.360,780.000,67.100,6.480,9.669,226.000,171.000,4.990,4.680,14.700,2.130,16.930,860.000,nan,nan,nan,nan,nan,nan,nan,4.734,13.000,0.000
UGC08250,197.5838,32.4832,8.209,-9.511,4.870,3.920,74.200,-19.730,29.920,860.000,nan,nan,nan,nan,nan,nan,nan,4.827,18.000,0.000,4.950,3.990,78.800,-22.010,18.780,860.000,nan,nan,nan,nan,nan,nan,nan,4.812,16.000,0.000
UGC08267,197.7971,43.7263,66.492,-10.493,4.700,3.920,60.300,48.360,30.270,860.000,53.690,1.830,56.070,3.210,520.000,44.480,7.130,11.203,196.000,127.000,4.770,4.060,67.600,-11.170,19.200,860.000,nan,nan,nan,nan,nan,nan,nan,4.947,13.000,0.000
UGC09067,212.6892,15.2094,31.003,-11.388,5.610,4.390,31.600,10.810,32.060,860.000,44.290,2.030,55.850,3.850,460.000,38.910,9.130,9.273,216.000,99.000,5.710,4.620,33.500,6.310,21.590,860.000,nan,nan,nan,nan,nan,nan,nan,4.466,5.000,0.000
UGC09476,220.3833,44.5128,1.038,-14.815,5.160,3.890,69.800,-29.940,35.530,860.000,18.720,1.630,68.810,5.580,600.000,42.770,16.110,5.386,87.000,4.000,5.210,4.020,75.400,2.490,18.800,860.000,nan,nan,nan,nan,nan,nan,nan,5.061,29.000,2.000
UGC09537,222.1113,34.9981,26.465,-15.038,4.610,3.960,63.900,24.630,25.340,860.000,33.920,1.730,55.820,3.700,700.000,51.400,8.710,6.665,118.000,21.000,4.710,4.070,75.000,-3.580,18.550,860.000,nan,nan,nan,nan,nan,nan,nan,4.520,9.000,0.000
UGC09542,222.2550,42.4639,29.475,-15.146,5.060,3.610,66.300,28.980,30.850,860.000,27.770,1.630,32.620,3.210,380.000,27.850,8.800,7.041,87.000,28.000,5.060,3.680,71.500,12.550,18.470,860.000,nan,nan,nan,nan,nan,nan,nan,4.670,20.000,0.000
UGC09665,225.3854,48.3197,32.860,-15.492,4.570,3.730,41.700,64.550,36.310,860.000,62.570,2.390,69.250,4.210,380.000,54.180,11.070,11.084,229.000,128.000,4.550,3.880,46.400,-7.500,17.850,860.000,nan,nan,nan,nan,nan,nan,nan,4.844,26.000,0.000
UGC09759,227.6712,55.3493,38.134,-15.354,5.040,3.670,60.700,23.970,31.840,860.000,46.490,1.740,51.330,3.330,420.000,36.520,7.460,14.728,109.000,57.000,5.020,3.850,63.900,-6.120,17.330,860.000,nan,nan,nan,nan,nan,nan,nan,5.493,36.000,4.000
UGC09873,232.4608,42.6289,34.572,-16.711,4.730,3.700,68.300,25.540,29.540,860.000,10.310,0.890,14.290,1.760,200.000,13.520,5.070,6.906,47.000,16.000,4.780,3.760,74.600,9.200,18.140,860.000,nan,nan,nan,nan,nan,nan,nan,4.413,5.000,0.000
UGC09892,233.2163,41.1915,5.523,-16.859,4.840,4.150,50.400,-22.430,27.170,860.000,16.940,1.300,21.340,2.200,340.000,29.640,6.130,5.605,72.000,8.000,4.910,4.180,57.800,2.910,16.500,860.000,nan,nan,nan,nan,nan,nan,nan,5.120,22.000,1.000
UGC09919,233.9154,12.6064,9.871,-15.658,4.820,4.490,58.200,-26.360,34.070,860.000,10.450,1.170,12.830,2.240,280.000,5.600,6.470,5.016,35.000,1.000,4.890,4.630,87.100,1.000,17.220,860.000,nan,nan,nan,nan,nan,nan,nan,4.643,22.000,0.000
UGC10043,237.1725,21.8697,15.445,-17.063,4.670,3.900,85.300,-9.450,40.100,860.000,66.680,2.530,75.730,4.780,420.000,71.310,11.570,11.265,157.000,117.000,4.800,3.940,-84.000,15.120,17.900,860.000,5.260,0.540,nan,nan,nan,nan,nan,5.403,45.000,1.000
UGC10123,239.7625,51.3047,50.668,-17.031,4.380,3.880,62.900,65.010,31.020,860.000,97.680,2.260,107.240,4.500,520.000,84.420,11.130,13.458,338.000,276.000,4.490,3.930,74.200,-9.460,16.650,860.000,8.360,0.690,10.150,1.230,340.000,9.810,3.380,5.885,101.000,8.000
UGC10205,241.6675,30.0991,33.106,-18.060,5.570,4.140,89.500,-12.870,27.460,760.000,35.970,1.870,47.820,3.400,740.000,31.180,7.680,6.175,99.000,21.000,5.660,4.200,-86.500,3.010,18.270,860.000,nan,nan,nan,nan,nan,nan,nan,4.727,14.000,0.000
UGC10331,244.3379,59.3201,13.164,-16.463,6.500,4.080,49.900,1.080,45.110,860.000,nan,nan,nan,nan,nan,nan,nan,3.958,0.000,0.000,6.650,4.250,49.800,23.130,22.520,860.000,nan,nan,4.370,1.210,100.000,0.030,3.770,4.434,13.000,0.000
UGC10380,246.4579,16.5761,65.883,-17.945,4.820,4.380,41.200,-4.320,29.250,860.000,14.040,1.120,23.240,2.600,380.000,22.650,6.110,6.283,45.000,8.000,4.890,4.620,43.600,1.450,20.470,860.000,nan,nan,nan,nan,nan,nan,nan,4.975,29.000,0.000
UGC10384,246.6946,11.5803,62.317,-17.467,5.150,4.040,37.800,10.210,26.760,860.000,67.410,1.790,79.880,3.460,460.000,59.450,8.100,18.091,243.000,184.000,5.170,4.160,42.400,-2.950,14.390,860.000,3.270,0.410,nan,nan,nan,nan,nan,4.972,18.000,0.000
UGC10710,256.7188,43.1222,41.757,-19.062,5.040,3.950,70.800,-5.230,30.320,860.000,30.090,1.630,52.880,3.820,560.000,42.410,8.540,6.161,73.000,17.000,5.090,4.110,76.800,9.890,21.490,860.000,2.260,0.530,2.670,1.210,100.000,4.070,3.910,4.778,22.000,0.000
