edge_pydb/dat_glob/obs/build/edge_coflux_natv_fulldv13.csv
# %ECSV 0.9
# ---
# datatype:
# - {name: Name, datatype: string, description: Galaxy Name}
# - {name: coRactr_natv, unit: deg, datatype: float64, format: .4f, description: Reference R.A. of natv CARMA cube}
# - {name: coDectr_natv, unit: deg, datatype: float64, format: .4f, description: Reference Dec. of natv CARMA cube}
# - {name: coCtrint_natv, unit: K km / s, datatype: float64, format: .3f, description: Unmasked CO intensity at reference pixel}
# - {name: coDvhel, unit: km / s, datatype: float64, format: .3f, description: Add this to go from LSR to Barycentric frame}
# - {name: coBmaj_natv, unit: arcsec, datatype: float64, format: .3f, description: Beam major axis of natv co cube}
# - {name: coBmin_natv, unit: arcsec, datatype: float64, format: .3f, description: Beam minor axis of natv co cube}
# - {name: coBpa_natv, unit: deg, datatype: float64, format: .3f, description: Beam pos ang (deg E of N) of natv co cube}
# - {name: coNomask_natv, unit: Jy km / s, datatype: float64, format: .3f, description: co flux from unmasked natv cube}
# - {name: coeNomask_natv, unit: Jy km / s, datatype: float64, format: .3f, description: co flux uncertainty from unmasked natv cube}
# - {name: coNomaskDv_natv, unit: km / s, datatype: float64, format: .3f, description: co velocity width for unmasked natv cube}
# - {name: coDilated_natv, unit: Jy km / s, datatype: float64, format: .3f, description: co flux from dilated-masked natv cube}
# - {name: coeDilated_natv, unit: Jy km / s, datatype: float64, format: .3f, description: co flux uncertainty from dilated-masked natv
#     cube}
# - {name: coSmooth_natv, unit: Jy km / s, datatype: float64, format: .3f, description: co flux from smoothed-masked natv cube}
# - {name: coeSmooth_natv, unit: Jy km / s, datatype: float64, format: .3f, description: co flux uncertainty from smoothed-masked natv
#     cube}
# - {name: coSmoothDv_natv, unit: km / s, datatype: float64, format: .3f, description: co velocity width for smooth-masked natv cube}
# - {name: coMask2d_natv, unit: Jy km / s, datatype: float64, format: .3f, description: co flux from 2D masked natv cube}
# - {name: coeMask2d_natv, unit: Jy km / s, datatype: float64, format: .3f, description: co flux uncertainty from 2D masked natv cube}
# - {name: coSNRmax_natv, datatype: float64, format: .3f, description: Maximum SNR of co in natv cube}
# - {name: coSNR4pix_natv, datatype: float64, format: .3f, description: Number of XY pixels with co peak Tb > 4 sigma}
# - {name: coSNR5pix_natv, datatype: float64, format: .3f, description: Number of XY pixels with co peak Tb > 5 sigma}
# - {name: cottBmaj_natv, unit: arcsec, datatype: float64, format: .3f, description: Beam major axis of natv 13co cube}
# - {name: cottBmin_natv, unit: arcsec, datatype: float64, format: .3f, description: Beam minor axis of natv 13co cube}
# - {name: cottBpa_natv, unit: deg, datatype: float64, format: .3f, description: Beam pos ang (deg E of N) of natv 13co cube}
# - {name: cottNomask_natv, unit: Jy km / s, datatype: float64, format: .3f, description: 13co flux from unmasked natv cube}
# - {name: cotteNomask_natv, unit: Jy km / s, datatype: float64, format: .3f, description: 13co flux uncertainty from unmasked natv cube}
[...]
# - {name: cottSmooth_natv, unit: Jy km / s, datatype: float64, format: .3f, description: 13co flux from smoothed-masked natv cube}
# - {name: cotteSmooth_natv, unit: Jy km / s, datatype: float64, format: .3f, description: 13co flux uncertainty from smoothed-masked
#     natv cube}
# - {name: cottSmoothDv_natv, unit: km / s, datatype: float64, format: .3f, description: 13co velocity width for smooth-masked natv cube}
# - {name: cottMask2d_natv, unit: Jy km / s, datatype: float64, format: .3f, description: 13co flux from 2D masked natv cube}
# - {name: cotteMask2d_natv, unit: Jy km / s, datatype: float64, format: .3f, description: 13co flux uncertainty from 2D masked natv cube}
# - {name: cottSNRmax_natv, datatype: float64, format: .3f, description: Maximum SNR of 13co in natv cube}
# - {name: cottSNR4pix_natv, datatype: float64, format: .3f, description: Number of XY pixels with 13co peak Tb > 4 sigma}
# - {name: cottSNR5pix_natv, datatype: float64, format: .3f, description: Number of XY pixels with 13co peak Tb > 5 sigma}
# delimiter: ','
# meta: !!omap
# - {date: '2020-06-09'}
# schema: astropy-2.0
Name,coRactr_natv,coDectr_natv,coCtrint_natv,coDvhel,coBmaj_natv,coBmin_natv,coBpa_natv,coNomask_natv,coeNomask_natv,coNomaskDv_natv,coDilated_natv,coeDilated_natv,coSmooth_natv,coeSmooth_natv,coSmoothDv_natv,coMask2d_natv,coeMask2d_natv,coSNRmax_natv,coSNR4pix_natv,coSNR5pix_natv,cottBmaj_natv,cottBmin_natv,cottBpa_natv,cottNomask_natv,cotteNomask_natv,cottNomaskDv_natv,cottDilated_natv,cotteDilated_natv,cottSmooth_natv,cotteSmooth_natv,cottSmoothDv_natv,cottMask2d_natv,cotteMask2d_natv,cottSNRmax_natv,cottSNR4pix_natv,cottSNR5pix_natv
ARP220,233.7383,23.5037,818.519,-16.613,4.480,3.870,71.800,350.730,32.760,1600.000,458.050,2.780,465.400,4.650,900.000,459.270,10.160,104.751,254.000,157.000,4.580,3.920,82.000,-9.000,19.250,1600.000,16.740,0.780,23.340,1.520,780.000,16.040,3.860,6.298,43.000,8.000
IC0480,118.8467,26.7411,46.882,9.209,4.880,3.930,42.800,37.160,32.560,860.000,79.490,2.070,82.230,3.760,420.000,75.490,8.780,18.732,235.000,184.000,4.940,4.060,46.000,-9.040,16.160,860.000,3.490,0.420,4.730,0.760,220.000,5.510,2.160,5.470,48.000,3.000
IC0540,142.5429,7.9028,40.340,9.316,6.220,3.630,31.000,-19.500,42.370,860.000,19.930,1.600,27.900,3.260,280.000,40.290,9.010,6.571,51.000,14.000,6.360,3.790,30.900,11.390,18.470,860.000,nan,nan,nan,nan,nan,nan,nan,4.877,21.000,0.000
IC0944,207.8787,14.0922,81.170,-10.014,5.390,4.170,32.600,-22.990,27.400,860.000,85.590,2.640,103.960,4.850,680.000,68.510,10.840,8.541,290.000,115.000,5.500,4.410,33.800,-7.570,15.960,860.000,nan,nan,nan,nan,nan,nan,nan,4.250,13.000,0.000
IC1151,239.6346,17.4414,1.033,-17.096,5.320,3.780,50.300,-33.280,46.850,860.000,nan,nan,nan,nan,nan,nan,nan,5.015,22.000,1.000,5.350,3.920,52.300,0.670,20.670,860.000,nan,nan,nan,nan,nan,nan,nan,4.559,21.000,0.000
IC1199,242.6429,10.0404,38.403,-16.748,4.920,4.300,43.700,-6.890,30.010,860.000,44.910,2.080,50.510,3.660,480.000,25.590,9.240,7.150,185.000,78.000,4.890,4.440,54.200,-1.900,14.330,860.000,nan,nan,nan,nan,nan,nan,nan,4.407,20.000,0.000
IC1683,20.6621,34.4371,171.507,-0.830,4.960,3.790,72.400,74.800,28.630,860.000,90.840,2.060,100.500,3.500,520.000,85.410,6.980,21.244,215.000,135.000,4.980,3.910,78.500,6.310,15.370,860.000,2.440,0.360,nan,nan,nan,nan,nan,5.430,51.000,3.000
IC2247,123.9963,23.1996,57.742,9.443,4.790,3.850,39.400,17.560,25.640,860.000,68.320,1.950,80.900,3.650,500.000,72.580,8.700,12.254,253.000,191.000,4.840,3.940,47.000,3.980,11.990,860.000,nan,nan,nan,nan,nan,nan,nan,5.007,16.000,1.000
IC2487,142.5383,20.0908,23.822,6.711,6.170,3.900,33.000,27.240,31.260,860.000,47.150,2.110,59.050,3.830,480.000,34.010,9.830,8.509,189.000,76.000,6.360,4.070,32.200,3.310,15.780,860.000,nan,nan,nan,nan,nan,nan,nan,4.784,13.000,0.000
IC4566,234.1758,43.5393,5.465,-16.910,6.010,3.890,69.200,-5.660,27.930,860.000,48.490,2.180,59.580,3.950,460.000,39.490,9.690,7.543,218.000,70.000,6.200,4.000,69.000,6.900,17.360,860.000,nan,nan,nan,nan,nan,nan,nan,4.586,17.000,0.000
IC5376,0.3325,34.5257,8.641,-5.819,4.610,4.070,35.700,-21.100,30.720,860.000,nan,nan,35.780,3.270,560.000,25.170,8.690,4.540,19.000,0.000,4.630,4.220,44.900,-0.710,16.900,860.000,nan,nan,nan,nan,nan,nan,nan,4.933,25.000,0.000
NGC0444,18.9567,31.0806,7.160,-0.573,5.030,4.100,29.500,8.240,36.450,860.000,nan,nan,nan,nan,nan,nan,nan,4.551,19.000,0.000,5.080,4.240,31.100,-1.240,18.610,860.000,nan,nan,nan,nan,nan,nan,nan,4.430,18.000,0.000
NGC0447,18.9067,33.0678,53.983,-0.976,4.520,3.670,54.900,25.120,24.920,860.000,30.380,1.170,37.580,2.970,320.000,32.550,8.180,14.110,136.000,78.000,4.560,3.840,58.000,-0.090,15.390,860.000,nan,nan,nan,nan,nan,nan,nan,4.618,24.000,0.000
NGC0477,20.3354,40.4881,12.976,-2.109,5.110,3.930,59.000,15.060,31.100,860.000,19.550,1.450,52.410,4.400,400.000,20.150,12.250,6.903,93.000,14.000,5.160,4.050,61.900,-11.650,19.990,860.000,nan,nan,nan,nan,nan,nan,nan,4.478,14.000,0.000
NGC0496,20.7983,33.5293,29.551,-0.615,4.900,3.760,51.400,26.770,27.520,860.000,43.490,1.750,42.430,3.000,320.000,34.000,8.240,9.358,276.000,142.000,4.940,3.900,53.800,4.450,18.760,860.000,nan,nan,nan,nan,nan,nan,nan,5.000,28.000,0.000
NGC0523,21.3362,34.0249,44.135,-0.588,4.640,3.770,54.200,41.940,32.270,860.000,101.920,2.720,105.640,4.780,560.000,61.490,11.290,13.082,311.000,195.000,4.660,3.920,60.000,-5.720,16.620,860.000,nan,nan,nan,nan,nan,nan,nan,5.756,24.000,4.000
NGC0528,21.3900,33.6714,22.109,-0.504,4.920,3.980,54.700,39.040,30.340,860.000,nan,nan,4.960,1.450,120.000,8.010,4.820,4.794,28.000,0.000,4.940,4.110,58.900,-4.800,16.060,860.000,nan,nan,nan,nan,nan,nan,nan,4.932,34.000,0.000
NGC0551,21.9192,37.1830,1.051,-1.096,4.800,3.790,60.100,-2.670,26.840,860.000,31.240,1.680,44.530,3.550,440.000,38.670,9.580,7.889,121.000,45.000,4.810,3.940,66.000,-6.360,15.380,860.000,nan,nan,nan,nan,nan,nan,nan,4.377,20.000,0.000
NGC1167,45.4263,35.2056,6.890,4.166,4.800,3.640,62.000,13.900,30.340,860.000,nan,nan,42.190,4.560,560.000,21.800,14.020,5.384,46.000,6.000,4.820,3.770,65.700,-6.040,17.070,860.000,nan,nan,nan,nan,nan,nan,nan,4.803,14.000,0.000
NGC2253,100.9242,65.2064,103.688,-1.879,5.650,4.150,-32.200,52.470,30.750,860.000,173.360,3.520,160.240,5.810,360.000,126.580,15.600,17.158,1133.000,838.000,5.820,4.290,-33.900,-2.080,15.880,860.000,nan,nan,nan,nan,nan,nan,nan,5.846,61.000,4.000
NGC2347,109.0171,64.7113,39.488,-1.961,4.850,4.790,11.700,-4.830,25.580,860.000,81.650,2.420,91.410,4.110,540.000,52.450,9.360,13.433,434.000,249.000,4.970,4.850,80.500,-11.190,13.030,860.000,2.760,0.380,4.440,0.890,220.000,5.940,2.680,5.861,23.000,7.000
NGC2410,113.7596,32.8221,24.998,8.037,4.920,4.060,42.300,40.250,39.690,860.000,80.580,2.820,96.230,5.170,580.000,64.630,12.410,6.965,227.000,82.000,5.010,4.150,46.700,-6.270,19.300,860.000,nan,nan,nan,nan,nan,nan,nan,4.861,32.000,0.000
NGC2480,119.2933,23.7798,14.184,9.955,5.160,4.040,44.400,2.630,35.110,860.000,13.830,1.250,15.290,2.230,140.000,13.920,6.590,8.282,77.000,26.000,5.280,4.080,52.400,-3.630,15.860,860.000,nan,nan,nan,nan,nan,nan,nan,4.993,39.000,0.000
NGC2486,119.4854,25.1609,3.969,9.559,4.600,3.890,47.000,-8.050,51.960,860.000,nan,nan,nan,nan,nan,nan,nan,4.722,13.000,0.000,4.580,4.040,51.500,-13.360,26.290,860.000,nan,nan,nan,nan,nan,nan,nan,5.346,34.000,3.000
NGC2487,119.5854,25.1492,69.397,9.549,4.920,3.910,41.400,31.150,36.680,860.000,35.880,2.010,66.170,5.560,320.000,33.440,15.580,9.573,117.000,43.000,4.960,4.000,48.400,-6.790,20.850,860.000,nan,nan,nan,nan,nan,nan,nan,4.748,30.000,0.000
NGC2623,129.6004,25.7547,388.554,7.879,5.180,3.840,38.900,108.390,18.800,860.000,124.310,1.410,130.170,2.720,600.000,119.460,5.360,46.503,181.000,130.000,5.270,3.940,43.400,4.050,11.360,820.000,5.720,0.450,nan,nan,nan,nan,nan,4.820,17.000,0.000
NGC2639,130.9087,50.2055,25.866,0.863,5.370,4.030,15.100,6.290,33.900,860.000,100.970,3.170,114.280,5.500,720.000,66.880,12.730,11.131,435.000,211.000,5.480,4.220,15.900,-8.060,16.990,860.000,nan,nan,11.310,1.460,700.000,7.800,4.430,4.508,18.000,0.000
NGC2730,135.5658,16.8383,7.743,8.941,5.550,4.060,38.300,-23.120,31.220,860.000,10.940,1.200,36.810,4.350,240.000,24.850,13.140,5.630,72.000,6.000,5.570,4.160,43.500,13.620,17.360,860.000,2.880,0.620,nan,nan,nan,nan,nan,5.796,56.000,5.000
NGC2880,142.3942,62.4906,12.096,-3.832,4.600,4.430,13.700,-19.020,35.120,720.000,nan,nan,nan,nan,nan,nan,nan,4.237,9.000,0.000,4.700,4.530,73.000,3.830,16.630,860.000,nan,nan,nan,nan,nan,nan,nan,4.628,28.000,0.000
NGC2906,143.0258,8.4418,28.293,9.095,6.370,4.130,30.900,3.040,35.250,860.000,92.080,3.340,94.300,5.490,440.000,51.640,14.220,9.561,480.000,242.000,6.490,4.310,32.200,-12.160,15.120,860.000,nan,nan,nan,nan,nan,nan,nan,4.363,9.000,0.000
NGC2916,143.7400,21.7052,-0.609,6.074,4.760,3.690,39.500,29.790,34.230,860.000,5.730,0.900,41.400,4.700,460.000,12.960,14.260,5.751,65.000,11.000,4.720,3.840,46.400,-10.280,20.990,860.000,nan,nan,nan,nan,nan,nan,nan,4.314,5.000,0.000
NGC2918,143.9333,31.7055,-0.885,3.662,5.210,4.300,50.800,10.230,32.590,820.000,nan,nan,nan,nan,nan,nan,nan,4.757,14.000,0.000,5.410,4.350,57.100,13.940,20.740,860.000,nan,nan,nan,nan,nan,nan,nan,4.959,57.000,0.000
NGC3303,159.2504,18.1359,58.055,3.013,5.330,3.940,47.700,17.460,30.370,860.000,30.570,1.690,48.050,3.440,480.000,37.020,8.510,6.176,44.000,12.000,5.340,4.000,52.100,-12.400,19.830,860.000,nan,nan,nan,nan,nan,nan,nan,5.075,35.000,2.000
NGC3381,162.1033,34.7114,15.582,-1.047,4.990,3.830,53.300,17.550,39.560,800.000,12.310,1.320,23.930,3.690,160.000,14.210,11.150,7.865,75.000,31.000,4.970,3.980,55.900,-19.700,17.750,860.000,nan,nan,nan,nan,nan,nan,nan,4.626,10.000,0.000
NGC3687,172.0025,29.5111,11.443,-2.536,5.040,4.190,31.600,-21.530,42.180,860.000,nan,nan,nan,nan,nan,nan,nan,4.495,21.000,0.000,5.100,4.360,35.900,-20.680,19.320,860.000,1.950,0.440,nan,nan,nan,nan,nan,4.587,35.000,0.000
NGC3811,175.3192,47.6908,106.451,-6.201,5.110,3.930,57.100,4.470,33.170,860.000,98.160,3.010,101.960,5.730,380.000,50.850,15.820,19.483,359.000,204.000,5.170,4.060,60.800,-17.180,16.900,860.000,nan,nan,nan,nan,nan,nan,nan,5.135,33.000,1.000
NGC3815,175.4137,24.8005,6.377,-2.635,4.700,4.100,50.400,20.240,32.980,860.000,44.040,1.960,54.520,3.950,420.000,23.160,9.890,9.214,202.000,115.000,4.700,4.300,56.700,-2.640,17.490,860.000,nan,nan,3.650,0.830,120.000,6.160,2.660,5.081,47.000,2.000
NGC3994,179.4038,32.2776,56.347,-4.899,5.450,4.020,44.000,-18.600,33.690,860.000,69.820,2.340,93.240,4.630,540.000,70.440,10.280,15.432,214.000,155.000,5.580,4.200,43.300,2.220,17.810,860.000,2.260,0.390,nan,nan,nan,nan,nan,5.051,24.000,1.000
NGC4047,180.7113,48.6362,57.430,-7.407,5.200,3.810,59.000,102.840,36.190,860.000,206.960,3.630,194.890,5.780,380.000,164.890,14.480,21.620,865.000,763.000,5.230,3.940,61.100,-12.430,20.320,860.000,12.040,0.890,21.860,2.050,380.000,16.480,5.410,5.555,63.000,7.000
NGC4149,182.6367,58.3041,81.984,-8.726,5.180,3.730,65.500,63.050,32.420,860.000,84.970,2.160,83.150,3.680,520.000,83.520,7.820,16.764,225.000,165.000,5.170,3.880,68.200,-12.550,17.070,860.000,4.670,0.490,6.380,1.160,520.000,8.970,3.040,5.803,38.000,7.000
NGC4185,183.3425,28.5110,1.212,-5.365,4.690,3.790,67.700,2.360,37.860,860.000,12.660,1.350,41.080,5.330,420.000,14.460,16.370,5.485,70.000,5.000,4.750,3.850,75.700,-3.450,21.810,860.000,nan,nan,nan,nan,nan,nan,nan,5.133,35.000,1.000
NGC4210,183.8160,65.9853,22.992,-9.437,3.330,2.940,77.300,-6.000,28.600,800.000,19.310,1.280,53.610,4.820,340.000,17.040,13.820,7.510,104.000,21.000,3.310,2.950,85.600,-1.010,15.680,820.000,nan,nan,nan,nan,nan,nan,nan,4.621,9.000,0.000
NGC4211NED02,183.9054,28.1696,71.760,-5.465,5.070,4.180,46.800,-0.980,33.010,760.000,19.460,1.270,21.680,2.340,340.000,21.990,4.990,8.888,39.000,27.000,5.220,4.270,55.300,-7.010,20.120,860.000,nan,nan,nan,nan,nan,nan,nan,4.570,8.000,0.000
NGC4470,187.4075,7.8242,11.719,-3.260,4.950,4.650,-74.800,-2.270,38.120,860.000,36.830,2.470,38.530,4.310,200.000,46.640,12.850,9.186,194.000,103.000,5.180,4.600,-64.000,9.040,17.770,860.000,2.400,0.530,nan,nan,nan,nan,nan,4.707,26.000,0.000
NGC4644,190.6779,55.1455,0.719,-9.829,5.020,4.210,62.300,-11.930,23.820,860.000,31.500,1.590,34.280,2.850,460.000,15.710,7.320,7.313,184.000,51.000,5.080,4.320,67.700,-15.380,12.820,860.000,nan,nan,nan,nan,nan,nan,nan,4.991,34.000,0.000
NGC4676A,191.5421,30.7319,147.050,-7.804,5.330,4.400,33.200,60.510,30.820,780.000,87.080,2.380,83.740,3.560,560.000,73.420,6.620,17.379,125.000,89.000,5.460,4.610,36.300,3.120,17.860,860.000,nan,nan,nan,nan,nan,nan,nan,4.455,12.000,0.000
NGC4711,192.1912,35.3327,14.351,-8.493,5.030,4.250,52.400,21.280,31.450,720.000,41.950,2.240,45.460,3.870,360.000,34.610,9.740,7.628,241.000,90.000,5.100,4.430,54.400,-11.470,17.710,860.000,nan,nan,nan,nan,nan,nan,nan,5.074,13.000,1.000
NGC4961,196.4483,27.7341,14.826,-8.710,4.770,4.060,68.600,-10.350,36.460,860.000,24.130,1.740,22.460,2.930,240.000,20.300,8.280,6.237,92.000,12.000,4.850,4.170,77.100,10.160,16.620,860.000,nan,nan,4.580,1.280,160.000,9.190,3.850,5.737,46.000,5.000
NGC5000,197.4479,28.9069,123.437,-9.099,4.640,3.700,50.100,35.790,27.540,860.000,43.610,1.560,47.850,3.270,280.000,43.510,9.290,21.181,162.000,77.000,4.690,3.830,54.400,-11.790,16.950,860.000,nan,nan,nan,nan,nan,nan,nan,5.375,31.000,1.000
NGC5016,198.0279,24.0950,10.338,-8.688,5.330,4.080,64.500,-21.140,34.820,860.000,68.330,2.770,68.020,4.840,320.000,45.330,13.300,8.338,356.000,134.000,5.390,4.270,69.400,-22.500,17.180,860.000,nan,nan,nan,nan,nan,nan,nan,4.508,18.000,0.000
NGC5056,199.0513,30.9503,32.309,-9.717,5.760,4.310,61.700,2.170,26.080,860.000,44.030,1.960,45.480,3.140,420.000,31.160,8.370,6.866,248.000,97.000,6.010,4.470,61.000,11.740,15.390,860.000,nan,nan,nan,nan,nan,nan,nan,4.173,1.000,0.000
NGC5205,202.5150,62.5116,15.985,-11.761,4.740,3.900,50.200,24.960,41.810,860.000,10.690,1.280,38.040,5.100,340.000,22.540,15.640,5.199,40.000,3.000,4.710,4.070,55.400,-3.920,18.390,860.000,nan,nan,nan,nan,nan,nan,nan,4.733,18.000,0.000
NGC5218,203.0433,62.7677,765.503,-11.824,5.440,3.730,60.200,352.550,34.850,860.000,414.320,3.680,490.710,8.590,540.000,391.560,20.070,90.971,671.000,529.000,5.470,3.880,60.900,21.190,16.560,860.000,19.430,0.780,23.190,1.540,340.000,24.230,3.860,17.328,102.000,51.000
NGC5394,209.6383,37.4536,86.272,-12.641,5.210,4.090,74.900,179.900,36.480,860.000,171.950,2.090,168.040,3.390,260.000,163.770,8.000,55.237,308.000,254.000,5.310,4.220,80.400,-5.750,19.730,860.000,11.010,0.820,14.870,1.790,400.000,7.220,5.290,6.941,105.000,47.000
NGC5406,210.0838,38.9154,7.352,-12.801,5.210,3.970,72.500,1.230,32.510,860.000,20.330,1.570,84.100,6.000,480.000,50.840,16.810,5.123,45.000,3.000,5.340,4.000,77.000,7.510,19.120,860.000,nan,nan,6.350,1.480,120.000,0.940,4.790,4.407,15.000,0.000
NGC5480,211.5900,50.7251,49.024,-13.284,4.450,3.600,39.400,18.570,36.130,860.000,143.410,3.640,126.230,6.330,340.000,102.010,18.030,13.495,848.000,590.000,4.380,3.740,49.100,-9.950,15.830,860.000,nan,nan,14.740,1.740,240.000,18.560,5.170,5.102,52.000,1.000
NGC5485,211.7971,55.0016,6.622,-13.240,5.120,3.850,78.500,-1.570,37.100,860.000,nan,nan,nan,nan,nan,nan,nan,4.773,11.000,0.000,5.140,3.970,83.100,-4.860,15.690,860.000,nan,nan,nan,nan,nan,nan,nan,4.762,9.000,0.000
NGC5520,213.0950,50.3484,30.131,-13.536,4.890,3.710,76.800,23.910,35.030,860.000,65.790,2.460,68.450,4.300,360.000,41.740,10.670,12.704,273.000,172.000,4.910,3.810,83.100,6.450,15.060,860.000,nan,nan,nan,nan,nan,nan,nan,4.411,14.000,0.000
NGC5614,216.0317,34.8589,107.386,-13.846,5.920,3.960,70.700,53.190,45.210,860.000,217.620,4.460,217.330,7.150,460.000,175.520,16.940,20.068,578.000,401.000,6.210,4.400,67.800,15.590,19.960,860.000,nan,nan,8.710,1.550,220.000,6.700,4.750,5.196,41.000,2.000
NGC5633,216.8683,46.1466,37.518,-14.208,4.880,3.900,55.300,73.250,36.960,860.000,141.100,3.290,133.500,5.300,380.000,90.710,13.590,14.019,698.000,596.000,4.870,4.040,59.100,-2.510,17.330,860.000,6.560,0.650,15.390,1.700,380.000,10.170,4.660,5.000,32.000,0.000
NGC5657,217.6817,29.1808,68.663,-13.885,4.800,4.020,66.500,-25.460,35.960,820.000,24.190,1.510,43.050,3.900,400.000,48.010,8.320,7.339,49.000,19.000,4.850,4.110,74.100,-16.230,22.970,860.000,nan,nan,nan,nan,nan,nan,nan,4.656,16.000,0.000
NGC5682,218.6875,48.6702,5.729,-14.467,4.700,3.740,58.100,-10.030,38.560,860.000,nan,nan,nan,nan,nan,nan,nan,4.802,8.000,0.000,4.670,3.900,64.700,6.790,16.910,860.000,nan,nan,nan,nan,nan,nan,nan,4.637,30.000,0.000
NGC5732,220.1621,38.6378,10.308,-14.759,6.130,3.690,58.800,8.840,35.620,860.000,nan,nan,24.050,3.080,320.000,21.090,8.860,4.707,23.000,0.000,6.260,3.850,60.500,-13.190,19.030,860.000,nan,nan,nan,nan,nan,nan,nan,4.979,26.000,0.000
NGC5784,223.5683,42.5579,32.038,-15.363,4.830,3.890,64.900,5.010,24.880,860.000,25.200,1.360,41.180,2.900,620.000,32.230,6.300,9.543,120.000,56.000,4.920,4.000,68.400,-10.210,14.830,860.000,nan,nan,nan,nan,nan,nan,nan,4.800,21.000,0.000
NGC5876,227.3817,54.5065,12.823,-15.386,5.150,4.310,67.700,3.140,35.090,860.000,nan,nan,nan,nan,nan,nan,nan,4.639,18.000,0.000,5.220,4.430,73.700,-11.270,19.260,860.000,nan,nan,nan,nan,nan,nan,nan,4.996,12.000,0.000
NGC5908,229.1800,55.4096,61.496,-15.524,4.540,3.690,59.000,343.350,34.160,860.000,415.330,4.050,398.340,6.310,820.000,366.630,13.420,28.815,969.000,814.000,4.580,3.840,65.800,20.340,14.470,860.000,40.530,1.270,49.220,2.350,820.000,41.940,5.140,8.707,235.000,106.000
NGC5930,231.5329,41.6761,305.854,-16.608,5.260,3.980,58.700,84.400,34.170,860.000,138.630,2.390,154.040,4.610,540.000,152.940,9.920,31.874,162.000,121.000,5.270,4.140,62.000,8.940,16.110,860.000,9.400,0.680,13.050,1.310,520.000,6.770,2.870,6.353,55.000,8.000
