edge_pydb/dat_glob/califa/ecalifa_global.csv
# %ECSV 1.0
# ---
# datatype:
# - {name: ID, datatype: int64, description: CALIFA ID}
# - {name: Name, datatype: string, description: CALIFA Name}
# - {name: RA, unit: deg, datatype: float64}
# - {name: DEC, unit: deg, datatype: float64}
# - {name: z, datatype: float64}
# - {name: type, datatype: string}
# - {name: r_band_abs_mag, unit: mag, datatype: float64}
# - {name: g-r, unit: mag, datatype: float64}
# - {name: Re, unit: arcsec, datatype: float64}
# - {name: QC_flag, datatype: int64, description: '0:OK;1:BAD;2:WARNING'}
# - {name: QC_reason, datatype: int64, description: '0:OK,1:partially covered/too large,2:bad quality,3:not good quality,4:too small,5:repeated,6:Crowded
#     with field stars,7:Bright single field star,8:Scale factor is clearly wrong,9:Wrong convolution,10:Integrated and resolved masses
#     do not match,11:pyPipe3D fitting issues'}
# - {name: multiple, datatype: int64, description: '0:single,1:multiple'}
# - {name: DL, unit: Mpc, datatype: float64, format: '{:.4f}'}
# - {name: DA, unit: Mpc, datatype: float64, format: '{:.4f}'}
# - {name: PA, unit: deg, datatype: float64, format: '{:.4f}'}
# - {name: ellip, datatype: float64, format: '{:.4f}'}
# - {name: Re_kpc, unit: kpc, datatype: float64, format: '{:.4f}'}
# - {name: log_Mass, unit: dex(solMass), datatype: float64, format: '{:.4f}'}
# - {name: e_log_Mass, unit: dex(solMass), datatype: float64, format: '{:.4f}'}
# - {name: log_SFR_Ha, unit: dex(solMass / yr), datatype: float64, format: '{:.4f}'}
# - {name: e_log_SFR_Ha, unit: dex(solMass / yr), datatype: float64, format: '{:.4f}'}
# - {name: log_SFR_ssp, unit: dex(solMass / yr), datatype: float64, format: '{:.4f}'}
# - {name: e_log_SFR_ssp, unit: dex(solMass / yr), datatype: float64, format: '{:.4f}'}
# - {name: log_NII_Ha_cen, datatype: float64, format: '{:.4f}'}
# - {name: e_log_NII_Ha_cen, datatype: float64, format: '{:.4f}'}
# - {name: log_OIII_Hb_cen, datatype: float64, format: '{:.4f}'}
# - {name: e_log_OIII_Hb_cen, datatype: float64, format: '{:.4f}'}
# - {name: log_SII_Ha_cen, datatype: float64, format: '{:.4f}'}
# - {name: e_log_SII_Ha_cen, datatype: float64, format: '{:.4f}'}
# - {name: log_OII_Hb_cen, datatype: float64, format: '{:.4f}'}
# - {name: e_log_OII_Hb_cen, datatype: float64, format: '{:.4f}'}
# - {name: EW_Ha_cen, unit: Angstrom, datatype: float64, format: '{:.4f}'}
# - {name: e_EW_Ha_cen, unit: Angstrom, datatype: float64, format: '{:.4f}'}
# - {name: Age_LW_Re_fit, unit: dex(yr), datatype: float64, format: '{:.4f}'}
# - {name: e_Age_LW_Re_fit, unit: dex(yr), datatype: float64, format: '{:.4f}'}
# - {name: Age_MW_Re_fit, unit: dex(yr), datatype: float64, format: '{:.4f}'}
# - {name: e_Age_MW_Re_fit, unit: dex(yr), datatype: float64, format: '{:.4f}'}
# - {name: vel_sigma_Re, datatype: float64, format: '{:.4f}'}
# - {name: log_SFR_SF, unit: dex(solMass / yr), datatype: float64, format: '{:.4f}'}
# - {name: log_SFR_D_C, unit: dex(solMass / yr), datatype: float64, format: '{:.4f}'}
# - {name: OH_O3N2_cen, unit: dex, datatype: float64, format: '{:.4f}'}
# - {name: e_OH_O3N2_cen, unit: dex, datatype: float64, format: '{:.4f}'}
# - {name: OH_N2_cen, unit: dex, datatype: float64, format: '{:.4f}'}
# - {name: e_OH_N2_cen, unit: dex, datatype: float64, format: '{:.4f}'}
# - {name: Ha_Hb_cen, datatype: float64, format: '{:.4f}'}
[...]
# meta: !!omap
# - {date: '2025-02-15'}
# - {comments: Galaxy properties determined from eCALIFA}
# schema: astropy-2.0
ID,Name,RA,DEC,z,type,r_band_abs_mag,g-r,Re,QC_flag,QC_reason,multiple,DL,DA,PA,ellip,Re_kpc,log_Mass,e_log_Mass,log_SFR_Ha,e_log_SFR_Ha,log_SFR_ssp,e_log_SFR_ssp,log_NII_Ha_cen,e_log_NII_Ha_cen,log_OIII_Hb_cen,e_log_OIII_Hb_cen,log_SII_Ha_cen,e_log_SII_Ha_cen,log_OII_Hb_cen,e_log_OII_Hb_cen,EW_Ha_cen,e_EW_Ha_cen,Age_LW_Re_fit,e_Age_LW_Re_fit,Age_MW_Re_fit,e_Age_MW_Re_fit,vel_sigma_Re,log_SFR_SF,log_SFR_D_C,OH_O3N2_cen,e_OH_O3N2_cen,OH_N2_cen,e_OH_N2_cen,Ha_Hb_cen,e_Ha_Hb_cen,log_NII_Ha_Re,e_log_NII_Ha_Re,log_OIII_Hb_Re,e_log_OIII_Hb_Re,log_SII_Ha_Re,e_log_SII_Ha_Re,log_OII_Hb_Re,e_log_OII_Hb_Re,log_OI_Ha_Re,e_log_OI_Ha_Re,EW_Ha_Re,e_EW_Ha_Re,Ha_Hb_Re,e_Ha_Hb_Re,log_NII_Ha_ALL,e_log_NII_Ha_ALL,log_OIII_Hb_ALL,e_log_OIII_Hb_ALL,log_SII_Ha_ALL,e_log_SII_Ha_ALL,log_OII_Hb_ALL,e_log_OII_Hb_ALL,log_OI_Ha_ALL,e_log_OI_Ha_ALL,EW_Ha_ALL,e_EW_Ha_ALL,Ha_Hb_ALL,Sigma_Mass_cen,e_Sigma_Mass_cen,Sigma_Mass_Re,e_Sigma_Mass_Re,Sigma_Mass_ALL,e_Sigma_Mass_ALL,vel_disp_Ha_cen,vel_disp_ssp_cen,vel_disp_Ha_1Re,vel_disp_ssp_1Re,Av_gas_Re,e_Av_gas_Re,Av_ssp_Re,e_Av_ssp_Re,flux_Halpha6562.85_Re_fit,e_flux_Halpha6562.85_Re_fit,flux_Halpha6562.85_alpha_fit,e_flux_Halpha6562.85_alpha_fit,OH_Mar13_N2_Re_fit,e_OH_Mar13_N2_Re_fit,OH_Mar13_N2_alpha_fit,e_OH_Mar13_N2_alpha_fit,OH_Mar13_O3N2_Re_fit,e_OH_Mar13_O3N2_Re_fit,OH_Mar13_O3N2_alpha_fit,e_OH_Mar13_O3N2_alpha_fit,OH_Pet04_O3N2_Re_fit,e_OH_Pet04_O3N2_Re_fit,OH_Pet04_O3N2_alpha_fit,e_OH_Pet04_O3N2_alpha_fit,OH_Pil16_S_Re_fit,e_OH_Pil16_S_Re_fit,OH_Pil16_S_alpha_fit,e_OH_Pil16_S_alpha_fit
[from data line 511]
934,UGC12857,359.1977,1.3555,0.00853,Sbc,-18.0,0.55,20.08,2,7,0,28.988285128509478,28.596454024156202,-55.88254900123082,0.949,2.78431955170823,9.62788097072575,0.0829887290046563,-0.748787321060137,0.0808982353420119,-0.721803938408702,1.4441821456088624,-0.471324862456435,0.0376859350294333,-0.246670999697576,0.130119204735079,-0.302215889935486,0.0505338991413827,0.348504317924982,0.252510999701443,-13.0753567701018,1.91161876843991,9.12916764874784,0.116959783568393,9.74421655917026,0.0199590682411482,0.674487516659717,-0.761352326178797,-0.780804772130718,8.50715806463523,0.0418695713522101,8.476682245471,0.0285150819228772,3.94128765842749,1.20817004857091,-0.509384192444493,0.210623916009472,-0.0722839315297728,0.315413892157381,-0.276494946785996,0.181993649985711,0.533827285955753,0.511843341573074,-1.0699179817153,0.36377183386517,-24.6132659602744,21.2075279262512,6.36508537821243,30.556354440337,-0.516586690996022,0.234169275592242,-0.0997114123756909,0.317079999310128,-0.271449746533041,0.203961626540001,0.522478432861806,0.480288270577963,-0.947085085570699,0.403670547301707,-14.5702880296406,16.7765662981236,4.39983196601524,2.11344535311839,0.314486195126186,1.57475211757777,0.285169711642353,1.20993527424672,0.552689601898103,96.6966471438491,86.3129686328963,98.6702220148559,123.74031460742,0.773785929665661,0.420342749898838,0.503091194050026,0.111805530644145,0.350517100969728,0.0379929970059283,-0.290532553239638,0.0324522063563532,nan,nan,nan,nan,nan,nan,nan,nan,nan,nan,nan,nan,nan,nan,nan,nan
935,UGC12864,359.3495,30.9928,0.01538,Sc,-19.09,0.45,14.18,2,3,0,67.5384498027517,65.4541989023731,10.893264111156507,0.9355757020989662,4.49846865033475,10.1045176857349,0.111740837112352,-0.216071668667669,0.0825625101930728,-0.167509569360082,1.515677652860235,-0.543426760811192,0.0147338813135515,-0.2654702824604,0.0417726870296822,-0.577697924302365,0.0551307201054381,0.0964628912740658,0.0859557644764018,-71.541440797472,16.1109190181315,9.0631175093681,0.0609839951387962,9.77727879565836,0.0463701393133527,0.753260047696969,-0.21797186195588,-0.239214375829001,8.48913646050659,0.0203830274651218,8.45476853131756,0.0279532209654716,3.81974890973191,3.45783704682841,-0.506523670979337,0.198701837158525,-0.18053733170701,0.257775943482375,-0.30102154849262,0.228880500652285,0.445807809785631,0.441926208278733,-1.00741247685474,0.429407207517632,-10.2039753651141,8.30806762795463,4.0526474711043,11.3823837686476,-0.604912366514518,0.215583418322228,-0.136783553606176,0.276256261480638,-0.334553317304049,0.228512745628061,0.404720114080684,0.3763618261233,-1.08239410671725,0.462988010395079,-14.9650816345528,18.3384404030598,4.45283742907016,2.53321819638314,0.271173681515415,1.47791703431795,0.383757119480543,1.2196914405902,0.49373627776913,94.9079018061356,72.6741658058765,99.613872584334,63.8875138845103,nan,nan,0.506832105295634,0.0331107437447567,0.300626094156317,0.329840946314761,-0.53247339297194,0.281737880612873,nan,nan,nan,nan,nan,nan,nan,nan,nan,nan,nan,nan,nan,nan,nan,nan
936,MCG-01-01-012,359.795,-4.191,0.01881,Sab,-19.14,0.73,18.09,0,0,0,80.67120895322175,77.71774858324821,-20.755684508896223,0.949,6.81656272239723,10.4977289227522,0.0907075112348748,-1.14879858023509,0.0776659972929376,-0.40545759647018,1.57465933841283,-0.0133599429384971,0.0831876279250466,0.162456440005501,0.31103455907711,-0.268781509631837,0.215030809700496,0.492203854191581,0.532508392090948,-2.97884216840868,1.26849382927828,9.41636367213899,0.0287706512260551,9.8166903283357,0.0182192981330364,0.555531103660358,-1.19304591894679,-1.36747844676236,nan,nan,nan,nan,9.62130271488689,4.7818495473342,-0.319025722212999,0.139144612691579,-0.204845611273075,0.292455716097904,-0.349948178049102,0.203290425801556,0.225207414933566,0.406485856401873,-1.02329399906698,0.341701929953326,-3.38273529656211,4.15737112378036,6.25235511419159,42.6462706637679,-0.240583516395211,0.177974875116822,-0.0791727590737824,0.318219870187745,-0.366212132171246,0.226606109830856,0.493471528584775,0.577463214294006,-0.902482829542195,0.31124262258512,-2.65914073034367,6.6910531198544,4.5002633037558,2.48296548673836,0.203206827018335,1.72113017893723,0.358381770090033,1.15497759271435,0.750974826594261,182.170977190791,130.159711838599,145.298533003257,118.724245800286,nan,nan,0.717750435702449,0.0586736429877577,0.0368190963632034,0.00783835719126949,-0.0463874620415865,0.00669523346700423,8.56139861506731,0.0590893767645828,-0.120773750559996,0.0563235114415223,8.49910052432376,0.0164799898863882,0.0291512130167828,0.0157085917934154,8.67842237326869,0.023607070753998,0.0438255988679893,0.022502067080704,8.60248403100933,0.0638188749435619,0.0271757143945325,0.0608316304873142
937,NGC7800,359.9045,14.8091,0.00569,BCD,-17.28,0.24,28.76,2,7,0,23.985528424016636,23.716556066796315,-44.53828242442902,0.9045328890898503,3.30735652520502,9.24243654430186,0.0899547430650781,-0.597244448368642,0.28726612130456,-0.668955117749457,1.386365481645279,-0.77609250903964,0.0833811450501481,-0.222938438782205,0.32161341562511,-0.204017138181544,0.0518660425080146,nan,nan,-13.3584729611898,4.03299620891786,8.7183897175582,0.0587195826950628,9.62204554382341,0.060806181181238,0.561138658750599,-0.598427100513344,-0.610273078986787,8.36543941792738,0.0614726448210915,8.32161588772375,0.0416666852203684,2.86485952390163,2.11092162746218,-0.885389668073493,0.242594260518512,0.179995216079575,0.266796217789825,-0.317329993644719,0.198568473741562,nan,nan,-1.13017743513991,0.435427826773841,-21.5205721487272,29.997770192743,5.80516480116877,32.3582443443089,-0.890070381650371,0.23887905004347,0.151559050091232,0.27222430612398,-0.319937502422778,0.201251869704257,nan,nan,-1.29525819375378,0.510594797347577,-26.4481794982778,48.8214480011246,4.48905467987755,1.69190793907028,0.207546600341798,1.18155859143052,0.314141078504134,1.0755517233278,0.566596964844624,97.83102905981,99.0975526822464,95.1576566367665,121.600348669268,0.111778590859398,nan,0.515714609990503,0.00451287275492366,0.369083097977253,0.194982778607227,-0.616200509080287,0.166547044612183,8.31015370351918,0.0114567376331574,-0.000554962474579264,0.00978591959417699,8.30015435230893,0.00587008552900176,0.0227135044966587,0.0050140089471458,8.37538112545327,0.00926712471369122,0.0257165695397546,0.00791563359668209,8.07773219508099,0.0310649811415798,-0.111080649307394,0.0265345526257238
1000,NGC0014,2.1919,15.8164,0.00254,BCD,-15.42,0.25,23.83,0,0,0,11.935256600035915,11.868229611014272,-66.40460614596746,0.8139351220222795,1.37126993824083,8.49636187147657,0.0848265827940368,-1.64268546297875,0.0956199878288814,-1.15052698621475,1.2744542807214854,-0.758463600816778,0.149151635155585,0.102231960675147,0.230193650350141,-0.234259976138578,0.0848957097534292,nan,nan,-5.73627236769725,1.21982879115243,8.65194631973878,0.0707350108342204,9.46482718845508,0.0692167394562049,0.769424510321762,-1.64414958144271,-1.67207860510844,8.37752799935653,0.0666404903875742,8.33498864148995,0.0833066711815598,2.56190227605402,0.763091580905899,-0.675289119678271,0.238411030529228,-0.0630675130999247,0.340769396885267,-0.30378866238179,0.234774451657385,nan,nan,-1.03296863808188,0.457675914531583,-11.139074590195,27.6779171334017,3.92846471868995,8.68908056154986,-0.715586590413733,0.222627293554821,-0.016359900941163,0.332063834652842,-0.304079994743813,0.225379833720317,nan,nan,-1.14413404051007,0.516395825729922,-6.7218743676577,20.321173658927,3.39656939086707,1.93785956298844,0.224475547514873,1.38806761209155,0.195104800212497,1.27412086088453,0.450264838821824,105.847060594149,19.042578109863,99.9990739301556,22.2700511045251,nan,nan,0.693082385745891,0.147781888139118,0.105891969992033,0.0334972312978556,-0.153712138938148,0.0286120903353553,8.38337828599651,0.0265871225499613,8.97859420910526e-05,0.0245209296271841,8.3778799763689,0.0168454170036422,0.0444797066670504,0.0155362914550331,8.49260199825827,0.0223836961997448,0.0605098507945201,0.0206441685548634,8.17551874584993,0.0661770428089279,-0.142951062274995,0.0610341569157598
1002,MCG-02-06-016,30.229,-8.839,0.00553,BCD,-14.86,0.25,12.45,2,3,0,20.477651410453227,20.281234050001054,-62.862680519819,0.6976009146233464,1.22389365961786,7.94463259975532,0.133815346626271,-2.1162701510919,0.0558312367067831,-1.7955732203083,1.191694889963298,-1.02962239818666,0.102760069317689,0.172444507310053,0.139724242020778,-0.409091536427843,0.109190181128468,nan,nan,-26.662985477299,11.0804413990451,8.46977043125895,0.0323244760703676,9.35910035052036,0.00746781437478199,0.362581534358012,-2.11947729253272,-2.13010420408325,8.26363704729672,0.0641931119931499,8.25144210277861,0.0978165201535393,3.66690606888158,3.12001069791213,-0.839927870816013,0.285580681640525,0.108415330967375,0.263227111745474,-0.500015364740007,0.213010486984615,nan,nan,-1.02708309524983,0.362329878195294,-26.2391490729526,43.807955105645,3.23867761475977,2.96504431685899,-0.910718963830049,0.244214968437849,0.194502877753573,0.28280176038152,-0.524812341570108,0.22475133528606,nan,nan,-0.985341424113423,0.385963240433993,-17.1155268864946,39.3707327745985,3.11592300735213,1.66365027602082,0.327373273708852,1.33386960965388,0.675229997020969,0.423647513943297,0.826286079724262,86.9487645050867,380.51247587132,88.9545204306304,380.529303705378,nan,nan,0.850533359697337,nan,0.0386561169460744,0.00875869116251041,-0.0518950348863495,0.00748134854886556,8.33260004689268,0.025398608640351,-0.0073240469098123,0.0216945477776421,8.32523409122202,0.0217424410462806,0.0119425690906589,0.0185715852691127,8.39882686205907,0.036410757722085,0.00807065118316504,0.0311007163505398,8.03725089316423,0.0431262473120483,0.0078380787163914,0.0368368380343181
1003,BKD2008WR346,36.6177,1.1613,0.00511,E3,-16.59,0.51,6.38,0,0,0,20.578017660571074,20.379680787117426,73.39252209954641,0.5480421877142968,0.630814345476304,8.83322401959895,0.097430139400041,-1.35037401375703,0.140796008055387,-1.17183551700717,1.3249836029398423,-0.659536970173037,0.0648731947710687,0.0542650448887727,0.0332898724278709,-0.498604806268391,0.155263544780312,nan,nan,-125.820356267477,68.4742407081576,9.13944967318514,0.118087105937401,9.72644603977231,0.0522468405215547,0.542940311856998,-1.35151981370551,-1.3638621982156,8.40412222949271,0.0228964420509785,8.40727002015339,0.033960837097133,3.21972594642871,3.27491872158882,-0.549235077924085,0.232870436745834,0.0266525025254129,0.235374887648096,-0.262298454623458,0.201563298079206,nan,nan,-0.876722220932624,0.284696769485903,-6.48732801415115,5.7634496153534,3.95540317696077,5.51431266100347,-0.554786071598516,0.217802731294344,0.0064435030541867,0.263649521986304,-0.33223242104916,0.210634402756262,nan,nan,-1.18101093937968,0.601048465027396,-7.31145331992303,20.0812122609922,3.35194934233096,2.5185395644821,0.173171763444243,2.17839698953492,0.215964353925581,1.83700027537373,0.463428994039808,96.904289076794,209.889259132755,98.7615359576572,220.415142509417,nan,nan,0.554304529685207,0.0714122892221652,0.848293391298998,0.765442114999997,-1.62883972056527,0.653812213496802,8.47262035470147,0.0115066274430233,0.0280349063514007,0.00982853361603463,8.41758458826735,0.0223549475896104,0.0291511022197953,0.0190947655998367,8.55313244658277,0.0346653479704162,0.0350908477677782,0.0296098521939504,8.35973631166634,0.0369312036457811,-0.00174027110514465,0.0315452619206214
1005,UGC04455,127.8866,-1.1971,0.03088,Sb,-21.13,0.72,9.36,2,6,0,133.31681006328202,125.46335034970235,-77.42019594121854,0.6646687499468125,5.69590560710301,11.1342366815468,0.080589710396048,-0.320648140694535,0.135134481498577,0.592502467534288,1.6701355022320201,0.00998738373978329,0.015800115700038,-0.488254019280503,0.398981737898249,nan,nan,-0.161563726647993,nan,-1.53288090876072,0.666884477230655,9.30236917981778,0.0525532214772833,9.89035195770973,0.0184876303401629,0.569382688098098,-0.324874039300743,-0.375380121673965,nan,nan,nan,nan,8.74000263456287,2.86325543539659,-0.276116810151647,0.167388753946083,-0.226650226644269,0.308129121201523,-0.480567869665683,0.234819826460006,0.557730770762795,0.448741980876063,-0.759588627766785,0.300543828077285,-3.61142764061214,3.98329149368887,4.41669000469531,10.6829536195972,-0.356756409429231,0.182443577647367,-0.29327060948541,0.357940510050302,-0.41816471206655,0.254169485213685,0.352924663599383,0.474716166155812,-0.787788750483416,0.343406225229008,-10.1175730661531,13.7358965097325,5.33808988282353,3.32590895393729,0.227001765806438,2.13847605106747,0.327912706330718,1.97865319968197,0.697113877361533,0.0,36.7084743671929,6.38503020393766,28.1964131381168,nan,nan,0.746700247408729,0.0282242796687667,0.0520809516735435,0.024118538124488,0.00215093982669198,0.0206011591059091,nan,nan,nan,nan,nan,nan,nan,nan,nan,nan,nan,nan,nan,nan,nan,nan
1007,Mrk1418,145.1122,48.3382,0.002,BCD,-15.39,0.25,6.98,0,0,0,10.491738864682215,10.439905460192394,-77.13411938632319,0.6311900622554649,0.353248850401123,8.40156373159344,0.0978658442386973,-1.4414267459066,0.10083957570509,-1.41092929056028,1.2602345597390159,-0.747653577389695,0.126379569486555,0.235535986774858,0.112399436382726,-0.38288777955492,0.0532646769128118,nan,nan,-19.0576076634009,6.95294832115159,8.57831593791834,0.130378446468438,9.51672285139114,0.172670316187552,0.650655629305665,-1.44199376307172,-1.45441877899198,8.29449872823315,0.0505878526425871,8.29607416165384,0.0677308713435636,2.83775456900165,1.14592959808096,-1.03709132969264,0.109136673672708,0.341024895241612,0.129067517491251,-0.530809663101364,0.140421064747743,nan,nan,-1.90024684330617,0.288398084988807,-58.8541558163776,59.1176613349655,3.12594173052518,0.481019616547697,-1.00810532509292,0.164555971400952,0.236867095443125,0.212959356911828,-0.444518064188828,0.15928358133757,nan,nan,-1.67088638792882,0.441688053717939,-51.9076780330036,48.4663388394076,3.19086224774191,2.27232862999335,0.0725944014468126,2.27172619621401,0.261138083728876,1.99951116727993,0.304698307207384,97.0354336557271,30.5461383296771,89.9093667310056,22.0733272443612,nan,nan,0.594886352489241,0.14200751996744,1.62676173568144,0.166543222962301,-1.32643940529736,0.142255032894125,8.27921631904134,0.0122657995033203,-0.0384941306518773,0.0104769901817773,8.26057693004951,0.0108291403999898,-0.00320947654357729,0.00924984935691057,8.31911639439927,0.0157821815728793,-0.0114063105224017,0.0134805530892074,8.11066480600982,0.00901162936181363,-0.0905758953265608,0.0076973989604167
