edge_pydb/dat_glob/califa/ecalifa_global.csv
# %ECSV 1.0
# ---
# datatype:
# - {name: ID, datatype: int64, description: CALIFA ID}
# - {name: Name, datatype: string, description: CALIFA Name}
# - {name: RA, unit: deg, datatype: float64}
# - {name: DEC, unit: deg, datatype: float64}
# - {name: z, datatype: float64}
# - {name: type, datatype: string}
# - {name: r_band_abs_mag, unit: mag, datatype: float64}
# - {name: g-r, unit: mag, datatype: float64}
# - {name: Re, unit: arcsec, datatype: float64}
# - {name: QC_flag, datatype: int64, description: '0:OK;1:BAD;2:WARNING'}
# - {name: QC_reason, datatype: int64, description: '0:OK,1:partially covered/too large,2:bad quality,3:not good quality,4:too small,5:repeated,6:Crowded
#     with field stars,7:Bright single field star,8:Scale factor is clearly wrong,9:Wrong convolution,10:Integrated and resolved masses
#     do not match,11:pyPipe3D fitting issues'}
# - {name: multiple, datatype: int64, description: '0:single,1:multiple'}
# - {name: DL, unit: Mpc, datatype: float64, format: '{:.4f}'}
# - {name: DA, unit: Mpc, datatype: float64, format: '{:.4f}'}
# - {name: PA, unit: deg, datatype: float64, format: '{:.4f}'}
# - {name: ellip, datatype: float64, format: '{:.4f}'}
# - {name: Re_kpc, unit: kpc, datatype: float64, format: '{:.4f}'}
# - {name: log_Mass, unit: dex(solMass), datatype: float64, format: '{:.4f}'}
# - {name: e_log_Mass, unit: dex(solMass), datatype: float64, format: '{:.4f}'}
# - {name: log_SFR_Ha, unit: dex(solMass / yr), datatype: float64, format: '{:.4f}'}
# - {name: e_log_SFR_Ha, unit: dex(solMass / yr), datatype: float64, format: '{:.4f}'}
# - {name: log_SFR_ssp, unit: dex(solMass / yr), datatype: float64, format: '{:.4f}'}
# - {name: e_log_SFR_ssp, unit: dex(solMass / yr), datatype: float64, format: '{:.4f}'}
# - {name: log_NII_Ha_cen, datatype: float64, format: '{:.4f}'}
# - {name: e_log_NII_Ha_cen, datatype: float64, format: '{:.4f}'}
# - {name: log_OIII_Hb_cen, datatype: float64, format: '{:.4f}'}
# - {name: e_log_OIII_Hb_cen, datatype: float64, format: '{:.4f}'}
# - {name: log_SII_Ha_cen, datatype: float64, format: '{:.4f}'}
# - {name: e_log_SII_Ha_cen, datatype: float64, format: '{:.4f}'}
# - {name: log_OII_Hb_cen, datatype: float64, format: '{:.4f}'}
# - {name: e_log_OII_Hb_cen, datatype: float64, format: '{:.4f}'}
# - {name: EW_Ha_cen, unit: Angstrom, datatype: float64, format: '{:.4f}'}
# - {name: e_EW_Ha_cen, unit: Angstrom, datatype: float64, format: '{:.4f}'}
# - {name: Age_LW_Re_fit, unit: dex(yr), datatype: float64, format: '{:.4f}'}
# - {name: e_Age_LW_Re_fit, unit: dex(yr), datatype: float64, format: '{:.4f}'}
# - {name: Age_MW_Re_fit, unit: dex(yr), datatype: float64, format: '{:.4f}'}
# - {name: e_Age_MW_Re_fit, unit: dex(yr), datatype: float64, format: '{:.4f}'}
# - {name: vel_sigma_Re, datatype: float64, format: '{:.4f}'}
# - {name: log_SFR_SF, unit: dex(solMass / yr), datatype: float64, format: '{:.4f}'}
# - {name: log_SFR_D_C, unit: dex(solMass / yr), datatype: float64, format: '{:.4f}'}
# - {name: OH_O3N2_cen, unit: dex, datatype: float64, format: '{:.4f}'}
# - {name: e_OH_O3N2_cen, unit: dex, datatype: float64, format: '{:.4f}'}
# - {name: OH_N2_cen, unit: dex, datatype: float64, format: '{:.4f}'}
# - {name: e_OH_N2_cen, unit: dex, datatype: float64, format: '{:.4f}'}
# - {name: Ha_Hb_cen, datatype: float64, format: '{:.4f}'}
[...]
# meta: !!omap
# - {date: '2025-02-15'}
# - {comments: Galaxy properties determined from eCALIFA}
# schema: astropy-2.0
ID,Name,RA,DEC,z,type,r_band_abs_mag,g-r,Re,QC_flag,QC_reason,multiple,DL,DA,PA,ellip,Re_kpc,log_Mass,e_log_Mass,log_SFR_Ha,e_log_SFR_Ha,log_SFR_ssp,e_log_SFR_ssp,log_NII_Ha_cen,e_log_NII_Ha_cen,log_OIII_Hb_cen,e_log_OIII_Hb_cen,log_SII_Ha_cen,e_log_SII_Ha_cen,log_OII_Hb_cen,e_log_OII_Hb_cen,EW_Ha_cen,e_EW_Ha_cen,Age_LW_Re_fit,e_Age_LW_Re_fit,Age_MW_Re_fit,e_Age_MW_Re_fit,vel_sigma_Re,log_SFR_SF,log_SFR_D_C,OH_O3N2_cen,e_OH_O3N2_cen,OH_N2_cen,e_OH_N2_cen,Ha_Hb_cen,e_Ha_Hb_cen,log_NII_Ha_Re,e_log_NII_Ha_Re,log_OIII_Hb_Re,e_log_OIII_Hb_Re,log_SII_Ha_Re,e_log_SII_Ha_Re,log_OII_Hb_Re,e_log_OII_Hb_Re,log_OI_Ha_Re,e_log_OI_Ha_Re,EW_Ha_Re,e_EW_Ha_Re,Ha_Hb_Re,e_Ha_Hb_Re,log_NII_Ha_ALL,e_log_NII_Ha_ALL,log_OIII_Hb_ALL,e_log_OIII_Hb_ALL,log_SII_Ha_ALL,e_log_SII_Ha_ALL,log_OII_Hb_ALL,e_log_OII_Hb_ALL,log_OI_Ha_ALL,e_log_OI_Ha_ALL,EW_Ha_ALL,e_EW_Ha_ALL,Ha_Hb_ALL,Sigma_Mass_cen,e_Sigma_Mass_cen,Sigma_Mass_Re,e_Sigma_Mass_Re,Sigma_Mass_ALL,e_Sigma_Mass_ALL,vel_disp_Ha_cen,vel_disp_ssp_cen,vel_disp_Ha_1Re,vel_disp_ssp_1Re,Av_gas_Re,e_Av_gas_Re,Av_ssp_Re,e_Av_ssp_Re,flux_Halpha6562.85_Re_fit,e_flux_Halpha6562.85_Re_fit,flux_Halpha6562.85_alpha_fit,e_flux_Halpha6562.85_alpha_fit,OH_Mar13_N2_Re_fit,e_OH_Mar13_N2_Re_fit,OH_Mar13_N2_alpha_fit,e_OH_Mar13_N2_alpha_fit,OH_Mar13_O3N2_Re_fit,e_OH_Mar13_O3N2_Re_fit,OH_Mar13_O3N2_alpha_fit,e_OH_Mar13_O3N2_alpha_fit,OH_Pet04_O3N2_Re_fit,e_OH_Pet04_O3N2_Re_fit,OH_Pet04_O3N2_alpha_fit,e_OH_Pet04_O3N2_alpha_fit,OH_Pil16_S_Re_fit,e_OH_Pil16_S_Re_fit,OH_Pil16_S_alpha_fit,e_OH_Pil16_S_alpha_fit
[from data line 345]
763,NGC5714,219.548,46.6384,0.00712,Sb,-17.68,0.68,20.58,0,0,0,30.018096973915462,29.598161470384802,-8.512455107998921,0.949,2.95352385973305,9.7978339952092,0.0872631958385276,-0.646687033220926,0.115313654294698,-0.501996200266925,1.4696750992813798,-0.409464946848353,0.0204113038803473,-0.515394936967939,0.277933502719756,-0.476458298052114,0.0348116307768361,nan,nan,-6.5029914148341,1.18975321440263,9.0819018975741,0.0882488495224738,9.68020367967832,0.0400576213659133,0.608309665864172,-0.64824562115201,-0.699945087599558,8.55806209745105,0.076991189791723,8.51242982727853,0.0285931052728725,4.19979806511458,0.931436374152425,-0.477215450349057,0.121338286855528,-0.333137571420395,0.320891651352155,-0.338654325724271,0.142405965522148,0.398040656687874,0.435086780679186,-1.32655477563701,0.37175197958958,-16.7449130035158,8.59092845594033,4.44741569764928,3.34905737845236,-0.477638414932267,0.164211924229762,-0.265079886161656,0.336268544145145,-0.325588090923551,0.17555599343999,0.353014170692524,0.349484105692038,-1.17053670906203,0.438411889764417,-11.7259053172277,9.38850657128501,4.54858382159793,2.54065038225812,0.149931806182959,1.65083903514839,0.242504291924837,1.35638523556473,0.61807226161082,94.9320766819654,96.7613377614309,94.7059354400242,96.8344567714175,0.918177342577937,0.0230366794514499,0.665974422749565,0.0899633373317736,0.0571641606839775,0.0345532124022205,-0.0974036626926745,0.0295140701581609,8.51031818069556,0.0040271644612535,-0.0175114688471609,0.00371419720828863,8.48324423820672,0.0140112982604807,-0.0439916484087671,0.0129224235524214,8.65340773516168,0.0208650688416373,-0.0621705257842477,0.0192435598764292,8.4352901764059,0.0158820292251926,-0.0358811122860934,0.0146477724408126
764,NGC5720,219.6386,50.8157,0.02559,Sbc,-20.79,0.63,11.2,2,7,0,107.7011528304772,102.50920387712834,44.50711690449243,0.7826459630818613,5.5664475634572,10.9532018374384,0.0734161583703727,-0.0618425965382171,0.0677768823009802,-0.192376299432648,1.6429802756157599,-0.00666032306357792,0.104694480256132,-0.124217490724254,0.212208176919822,0.22578429512546,0.157946910144323,0.181902611153626,0.412041504714342,-0.831781124169713,0.590407930985156,9.46302852507264,0.0303869718147226,9.83647278939016,0.0332558902964669,0.361942489280355,-0.0723286578186376,-0.134294679896613,nan,nan,nan,nan,5.98235862558638,3.14307792574709,-0.397034428390832,0.191681784503215,-0.278778399878258,0.320428117155885,-0.315572142549216,0.270345577517917,0.415987781532077,0.525849204282598,-0.848756467340677,0.268184336441622,-4.15793028393018,2.65402579784787,6.62329818237168,15.1111045406873,-0.422363021190212,0.19040636010363,-0.273528860138394,0.341401760154099,-0.351060910272781,0.255801096250517,0.365938423404963,0.434296852062114,-0.870281252639247,0.327253258829257,-7.50429068153155,6.21364540614447,7.21706757778258,3.29202355238998,0.30718059871927,2.0626700977886,0.176141874983618,1.78854338555126,0.329717133905177,223.657363002394,259.000912262909,172.625906316509,249.863648864529,0.665250057278306,nan,0.278285760882675,0.0232417587930263,0.0544655200173534,0.0129746545318144,0.0180044830190878,0.0110824678085578,8.49506508635206,0.0211637885776496,0.0396483164842859,0.0145332075523958,8.4778810935679,0.00578555363160725,0.00872582059176354,0.0039729489559569,8.6476610264605,0.00900782759853286,0.0112630690286804,0.00618568965595932,8.46344162685521,0.0552262157066525,0.00546107618239041,0.0379239308809661
765,UGC09448,219.7461,51.1211,0.00778,Sb,-17.65,0.64,14.12,2,7,0,28.568297365306282,28.18765292410767,-1.150965260894715,0.949,1.9295768261576,9.45805764858406,0.0845443203011032,-1.09703247046803,0.0872804536084387,-1.10205142642098,1.418708647287609,-0.438918298815111,0.24110825857988,0.0501346472223677,0.232096296055893,-0.0933495864630104,0.0928258728762377,nan,nan,-5.17776359042014,3.39743259504519,9.25610840400993,0.0561743001578737,9.74532028387769,0.0481510673483058,0.604811568095494,-1.10310284094764,-1.14844225305365,8.42951788252146,0.0565000275282861,8.45117981100843,0.0388424399650553,4.97909429845631,3.51865284538515,-0.543571177071846,0.18658376550885,-0.187681109748853,0.396475748631618,-0.142187211988684,0.204841024594723,0.244046030435061,0.408972190849255,-1.07943319203539,0.363457751878295,-9.47508825044101,6.75406987663963,5.85225912520141,12.7389146271549,-0.576088594283068,0.231957107484587,-0.0874384986795265,0.340944413842471,-0.173674455441019,0.213254949137029,0.233529944127097,0.471773955975739,-1.00927501496006,0.449619919473797,-9.1373667798885,9.25381579746236,5.04704037083427,2.53505591317098,0.228871210700269,1.8385965822611,0.25295518578346,1.47728487038024,0.657140778426439,117.175612333606,100.145940259319,102.298731222277,97.8311910365011,0.149180919398184,nan,0.7010803267895,0.0200638167042556,0.436695164452763,0.0930233440054107,-0.35370960691102,0.0794570840292114,nan,nan,nan,nan,nan,nan,nan,nan,nan,nan,nan,nan,nan,nan,nan,nan
766,NGC5730,219.9662,42.7429,0.00809,Scd,-17.42,0.54,53.85,0,0,0,33.36932295998537,32.85131238341257,-0.329405560814197,0.949,8.57709954918647,9.47800952460944,0.0859522182609966,-0.683789358833396,0.0802556111205832,-0.704993146775667,1.421701428691416,-0.465931760741212,0.0105707475307762,-0.295522657685922,0.0628778078670924,-0.419801579767702,0.0242232120741156,0.107303525791065,0.0687480734386876,-28.7774874905922,6.2272740050291,8.59000716292898,0.0984449954834232,9.37722149279988,0.119063196224761,0.619911248009081,-0.685652530415274,-0.705241113754872,8.50555586510622,0.0192274918559842,8.48603325350295,0.016472831655437,4.7655299525009,2.27824408149124,-0.589452426288575,0.272798976008415,0.11786396173303,0.335738946818675,-0.280876050034209,0.288384675953246,0.361105960687716,0.424145298449283,-0.793596252052758,0.296736803084314,-53.2922830513807,76.0124754377518,4.62736650028327,18.316655283957,-0.652923836248421,0.211656577153562,-0.0190081880101539,0.290919689634042,-0.326345324356771,0.196887108245802,0.420345969289642,0.40470899555716,-1.24645521412658,0.490034256821262,-24.6393253481045,51.325025402283,3.49533027327616,1.95747246935453,0.207099450336886,0.0149635268389073,0.44624830923807,1.01379068183452,0.661917875420995,90.3891537331867,147.909418143326,90.6534719032784,152.156318064477,nan,nan,0.399586384747714,0.210473889598665,0.120550545492852,0.028244418362042,-0.150421351737741,0.0241253327016328,8.43230329873208,0.0155495527687756,-0.039199406073996,0.01328185020841,8.40564177924718,0.0141725828870598,-0.0436845441904297,0.012105693698805,8.53693249754975,0.0205619112535124,-0.071404866510262,0.0175632205844642,8.28740745207556,0.027339853707881,-0.130395086564057,0.0233526871844888
767,NGC5731,220.0384,42.7801,0.0085,Sd,-17.46,0.33,16.94,0,0,0,33.239082517958764,32.7250721361639,25.800781154433373,0.949,2.68764701068922,8.99145229016739,0.0984957710283051,-0.791752466201821,0.110479652485183,-0.8488964387482,1.3487178435251084,-0.654257852507157,0.0250178930785418,0.134909218502104,0.0594129738261056,-0.376855997476323,0.0489321376882378,0.227840414716858,0.357460577019121,-32.3450397554044,9.62564764240455,8.50093425381682,0.113890114964614,9.23272458486164,0.0997754607578994,0.680119541344379,-0.792798058421857,-0.805524761188503,8.3423068010542,0.0266252343627687,8.37250525955865,0.0283331204537909,3.40424980280527,2.3804257718746,-0.89637912497768,0.171742847112901,0.208856254904143,0.210459617776126,-0.421124311990785,0.16221194838506,0.380899314364286,0.364228939168785,-1.50901646041005,0.400822368545022,-60.0171510958028,56.9885405315076,3.64782173701698,6.28931690756736,-0.840622013969318,0.206049267718064,0.160943311413863,0.24387827912645,-0.375036835692561,0.195988552333563,0.359894086244929,0.393801905182006,-1.25207464626505,0.533755584094037,-33.2284229529847,38.6083767013038,3.63055942419985,1.96356261806018,0.381165608600038,1.15268527139781,0.364349140829607,0.64366135900489,0.730820744730771,90.1637265723853,48.9652779932906,90.1946449149912,54.1925820626751,nan,nan,0.922390556162228,0.0683536990264004,0.463754351625526,0.0895856421041194,-0.553134814019597,0.0765207267980373,8.35554443462686,0.0181075429861659,-0.022380152680176,0.0154667904061872,8.3124354302891,0.0115200625879595,0.00703528285057999,0.00984000941763644,8.39711802776105,0.0165297492510666,0.00381739390921255,0.0141190976229299,8.21642391704127,0.0127408978311278,-0.14311884870611,0.010882801520408
768,NGC5732,220.1625,38.6384,0.01236,Sbc,-18.89,0.45,11.92,2,7,0,52.79700403634143,51.513460501384536,-50.500851095752424,0.8072048245032051,2.97611893474943,9.89273705421994,0.105089110470972,-0.280030894137425,0.0850936498229787,-0.299449024113962,1.483910558132991,-0.464127401606968,0.0340146666036995,-0.818311856870288,0.187084822564996,-0.762426671398687,0.0763764839782786,-0.277360128678047,0.194841263194449,-20.7337389533181,3.56818860935298,9.07962760007578,0.0379887900810937,9.68598657209889,0.0429019090901738,0.447293949101581,-0.28112632068204,-0.306611349848051,8.6057704331798,0.0410360534395678,8.49045317985683,0.0255497198586291,3.99279132299727,1.42435643050787,-0.469095813682597,0.10206497488125,-0.507616364837147,0.224252907535012,-0.432285250604907,0.11907915847959,0.398521621099052,0.366982179612702,-1.60329725233048,0.460439700312516,-31.3092632988749,30.7838306684255,4.11270669977189,6.23131586157871,-0.546803122636927,0.181132718875455,-0.29383338293581,0.345969519113411,-0.400733805210716,0.188066852009765,0.361968759850343,0.387359123267941,-1.31281349698555,0.468531676158833,-20.9689445188099,26.5603087813763,4.03967197082737,2.51203168491114,0.110932182027719,1.83018970541787,0.195608828008147,1.4228074425841,0.52626725240168,86.5001630444738,82.4683080845937,87.6215642440845,54.0567396122087,0.540441322868701,0.132618882989517,0.322619914739796,2.10665523395402e-05,0.335689591406004,0.0560684258494068,-0.400095536979082,0.0478915660551055,8.51192148814991,0.00693685741492882,-0.0521898036324276,0.00592520585461427,8.53177065003969,0.00798764631728609,-0.104012212572347,0.00682275069138888,8.72742124871134,0.0116130903824707,-0.156902789145471,0.00991947030312231,8.46829459719708,0.00706299333223215,-0.154008331957903,0.00603294646840784
769,UGC09476,220.3836,44.5141,0.01046,Sbc,-18.64,0.49,22.43,0,0,0,45.100642127256656,44.16023632349053,39.34604878966326,0.7396649045222125,4.8012924868784,10.0512836003895,0.0816470873805089,-0.213973515300477,0.0572017919565155,-0.222391562394516,1.507692540058425,-0.578467628985319,0.0308687042474474,-0.790488738979279,0.230321709929474,-0.634728200811986,0.080468457190637,-0.397005514125852,0.226194626619216,-18.5206387415459,3.32928026397346,9.04206885531448,0.0388800926039741,9.61744697250511,0.0384261140489599,0.601983486401962,-0.214884336226427,-0.246388010107345,8.58155402845216,0.0667118217661917,8.459420267644,0.0291212290574829,4.05079740428328,2.41917716099193,-0.530941986286148,0.13427916727795,-0.358415584950107,0.262772098700773,-0.387148357764492,0.162752656559905,0.311352788658157,0.36814403187695,-1.33863830808162,0.418528816538919,-21.8543838191409,22.9992440039671,5.1771470601244,26.2673911808922,-0.532626600016335,0.162855911483639,-0.328657002459652,0.303153766652198,-0.367135123857618,0.185712649989452,0.348138777423101,0.386289657050701,-1.21782832563951,0.4695004030815,-11.0555707719873,18.8272839597384,4.21305800982032,2.56840774783908,0.111115519035549,1.60563062779422,0.205332282397922,1.43737701893903,0.501633126691196,86.7725302090365,32.7882361287622,88.9078401208287,28.8257747858648,0.551022599745056,0.00154329113750164,0.212801028250384,0.0170728344494947,0.122383771343216,0.0242269509386755,-0.136016472078339,0.0206937613035493,nan,nan,nan,nan,nan,nan,nan,nan,nan,nan,nan,nan,nan,nan,nan,nan
770,NGC5739,220.6204,41.843,0.01846,S0a,-21.43,0.71,9.49,0,0,0,77.49125934322893,74.76157468618321,-44.159792822291486,0.5840765335541583,3.43821471971017,11.2012138420032,0.0640695824014077,0.298137046705824,0.0578608586095172,-0.824969135911633,1.68018207630048,0.109052796776042,0.0420882579725804,0.54731922458882,0.246106535239727,0.0328452819407896,0.0377765300923215,0.793592977457804,0.167425683858442,-6.70027971495109,1.89281468027931,9.62634740776887,0.0231759570424841,9.79259810169732,0.0269195674467309,0.293624544819893,-0.871050997538571,0.169504128004981,nan,nan,nan,nan,8.46468343930075,9.48675505881322,0.0877124455437147,0.115144572964613,0.225979841047609,0.305889013600362,-0.180788906781741,0.235944335765099,0.816725646717715,0.338250627066892,-0.835220895598166,0.239244586938691,-1.90102093891655,1.03365358121762,9.86598075197805,61.7403807593488,0.0599914669849944,0.146628398848538,0.22371219070757,0.320696247302303,-0.148167848156937,0.22652477071215,0.700369012207582,0.386140741353925,-0.822229433608524,0.321096739242979,-1.99489976069259,1.61981042510205,5.95384166313029,4.01373246415746,0.266845418616429,2.55789072600489,0.193084215535659,2.10288471060347,0.418649520681036,278.581735262083,333.989725550751,233.528246450322,303.036695863065,nan,nan,0.146205398936961,0.0308191657616557,0.194645111438385,0.12717275298615,-0.299043364118164,0.108626240308658,nan,nan,nan,nan,nan,nan,nan,nan,nan,nan,nan,nan,nan,nan,nan,nan
771,NGC5735,220.6384,28.727,0.0122,Sbc,-19.12,0.57,20.19,0,0,0,52.455519553829255,51.188298864723684,-63.8149111587077,0.5241190828240538,5.01117455939594,10.2507365174319,0.0662298235348804,-0.326658372104418,0.069101052269531,-0.256790370838446,1.537610477614785,-0.0637668802289231,0.0424583785664812,0.90358467456546,0.351242595768203,-0.195239311631292,0.0579407892412472,0.577748863339721,0.331982866743326,-7.93274320566262,2.80415428909566,9.0622140701118,0.0263160178275808,9.59785779846342,0.0408407410453324,0.49061260184092,-0.337989729686305,-0.365438628816076,8.44543379062835,nan,8.56698709323415,nan,9.37216880196442,9.53077273316085,-0.459437617692949,0.153527001034513,-0.44268869548391,0.314299727918869,-0.413991149777885,0.199934625485352,0.197011857127648,0.388272410737251,-1.18739602663703,0.451573389642833,-17.0816158901197,23.3439562469272,4.20473365096969,17.2332699950435,-0.490403150010717,0.195338767700055,-0.287259449860541,0.361894905067572,-0.379066354334639,0.209933310442015,0.322401522802349,0.40172271727474,-1.09620694109471,0.460457639101038,-11.264866938179,22.4754899720426,4.02265164430395,2.76803656713457,0.207900431247147,1.55658519759644,0.240600090557053,1.43027386182864,0.544168680094444,124.745242128987,52.7715894617333,109.817208596969,32.2920229194602,nan,nan,0.119922840050104,0.00524991631205647,0.0480569251102851,0.0141112428079603,-0.030822082063805,0.0120532992824198,8.50389462598196,0.0156590762196771,-0.0546153792306786,0.0133754010706639,8.50672027078608,0.0149281088150521,-0.127322719387757,0.0127510358738105,8.68934389285688,0.0218263636930213,-0.190355255844895,0.0186432688756883,8.44746600817562,0.0281993748011624,-0.159764140391321,0.0240868581655897
