edge_pydb/dat_glob/califa/ecalifa_global.csv
# %ECSV 1.0
# ---
# datatype:
# - {name: ID, datatype: int64, description: CALIFA ID}
# - {name: Name, datatype: string, description: CALIFA Name}
# - {name: RA, unit: deg, datatype: float64}
# - {name: DEC, unit: deg, datatype: float64}
# - {name: z, datatype: float64}
# - {name: type, datatype: string}
# - {name: r_band_abs_mag, unit: mag, datatype: float64}
# - {name: g-r, unit: mag, datatype: float64}
# - {name: Re, unit: arcsec, datatype: float64}
# - {name: QC_flag, datatype: int64, description: '0:OK;1:BAD;2:WARNING'}
# - {name: QC_reason, datatype: int64, description: '0:OK,1:partially covered/too large,2:bad quality,3:not good quality,4:too small,5:repeated,6:Crowded
#     with field stars,7:Bright single field star,8:Scale factor is clearly wrong,9:Wrong convolution,10:Integrated and resolved masses
#     do not match,11:pyPipe3D fitting issues'}
# - {name: multiple, datatype: int64, description: '0:single,1:multiple'}
# - {name: DL, unit: Mpc, datatype: float64, format: '{:.4f}'}
# - {name: DA, unit: Mpc, datatype: float64, format: '{:.4f}'}
# - {name: PA, unit: deg, datatype: float64, format: '{:.4f}'}
# - {name: ellip, datatype: float64, format: '{:.4f}'}
# - {name: Re_kpc, unit: kpc, datatype: float64, format: '{:.4f}'}
# - {name: log_Mass, unit: dex(solMass), datatype: float64, format: '{:.4f}'}
# - {name: e_log_Mass, unit: dex(solMass), datatype: float64, format: '{:.4f}'}
# - {name: log_SFR_Ha, unit: dex(solMass / yr), datatype: float64, format: '{:.4f}'}
# - {name: e_log_SFR_Ha, unit: dex(solMass / yr), datatype: float64, format: '{:.4f}'}
# - {name: log_SFR_ssp, unit: dex(solMass / yr), datatype: float64, format: '{:.4f}'}
# - {name: e_log_SFR_ssp, unit: dex(solMass / yr), datatype: float64, format: '{:.4f}'}
# - {name: log_NII_Ha_cen, datatype: float64, format: '{:.4f}'}
# - {name: e_log_NII_Ha_cen, datatype: float64, format: '{:.4f}'}
# - {name: log_OIII_Hb_cen, datatype: float64, format: '{:.4f}'}
# - {name: e_log_OIII_Hb_cen, datatype: float64, format: '{:.4f}'}
# - {name: log_SII_Ha_cen, datatype: float64, format: '{:.4f}'}
# - {name: e_log_SII_Ha_cen, datatype: float64, format: '{:.4f}'}
# - {name: log_OII_Hb_cen, datatype: float64, format: '{:.4f}'}
# - {name: e_log_OII_Hb_cen, datatype: float64, format: '{:.4f}'}
# - {name: EW_Ha_cen, unit: Angstrom, datatype: float64, format: '{:.4f}'}
# - {name: e_EW_Ha_cen, unit: Angstrom, datatype: float64, format: '{:.4f}'}
# - {name: Age_LW_Re_fit, unit: dex(yr), datatype: float64, format: '{:.4f}'}
# - {name: e_Age_LW_Re_fit, unit: dex(yr), datatype: float64, format: '{:.4f}'}
# - {name: Age_MW_Re_fit, unit: dex(yr), datatype: float64, format: '{:.4f}'}
# - {name: e_Age_MW_Re_fit, unit: dex(yr), datatype: float64, format: '{:.4f}'}
# - {name: vel_sigma_Re, datatype: float64, format: '{:.4f}'}
# - {name: log_SFR_SF, unit: dex(solMass / yr), datatype: float64, format: '{:.4f}'}
# - {name: log_SFR_D_C, unit: dex(solMass / yr), datatype: float64, format: '{:.4f}'}
# - {name: OH_O3N2_cen, unit: dex, datatype: float64, format: '{:.4f}'}
# - {name: e_OH_O3N2_cen, unit: dex, datatype: float64, format: '{:.4f}'}
# - {name: OH_N2_cen, unit: dex, datatype: float64, format: '{:.4f}'}
# - {name: e_OH_N2_cen, unit: dex, datatype: float64, format: '{:.4f}'}
# - {name: Ha_Hb_cen, datatype: float64, format: '{:.4f}'}
[...]
# meta: !!omap
# - {date: '2025-02-15'}
# - {comments: Galaxy properties determined from eCALIFA}
# schema: astropy-2.0
ID,Name,RA,DEC,z,type,r_band_abs_mag,g-r,Re,QC_flag,QC_reason,multiple,DL,DA,PA,ellip,Re_kpc,log_Mass,e_log_Mass,log_SFR_Ha,e_log_SFR_Ha,log_SFR_ssp,e_log_SFR_ssp,log_NII_Ha_cen,e_log_NII_Ha_cen,log_OIII_Hb_cen,e_log_OIII_Hb_cen,log_SII_Ha_cen,e_log_SII_Ha_cen,log_OII_Hb_cen,e_log_OII_Hb_cen,EW_Ha_cen,e_EW_Ha_cen,Age_LW_Re_fit,e_Age_LW_Re_fit,Age_MW_Re_fit,e_Age_MW_Re_fit,vel_sigma_Re,log_SFR_SF,log_SFR_D_C,OH_O3N2_cen,e_OH_O3N2_cen,OH_N2_cen,e_OH_N2_cen,Ha_Hb_cen,e_Ha_Hb_cen,log_NII_Ha_Re,e_log_NII_Ha_Re,log_OIII_Hb_Re,e_log_OIII_Hb_Re,log_SII_Ha_Re,e_log_SII_Ha_Re,log_OII_Hb_Re,e_log_OII_Hb_Re,log_OI_Ha_Re,e_log_OI_Ha_Re,EW_Ha_Re,e_EW_Ha_Re,Ha_Hb_Re,e_Ha_Hb_Re,log_NII_Ha_ALL,e_log_NII_Ha_ALL,log_OIII_Hb_ALL,e_log_OIII_Hb_ALL,log_SII_Ha_ALL,e_log_SII_Ha_ALL,log_OII_Hb_ALL,e_log_OII_Hb_ALL,log_OI_Ha_ALL,e_log_OI_Ha_ALL,EW_Ha_ALL,e_EW_Ha_ALL,Ha_Hb_ALL,Sigma_Mass_cen,e_Sigma_Mass_cen,Sigma_Mass_Re,e_Sigma_Mass_Re,Sigma_Mass_ALL,e_Sigma_Mass_ALL,vel_disp_Ha_cen,vel_disp_ssp_cen,vel_disp_Ha_1Re,vel_disp_ssp_1Re,Av_gas_Re,e_Av_gas_Re,Av_ssp_Re,e_Av_ssp_Re,flux_Halpha6562.85_Re_fit,e_flux_Halpha6562.85_Re_fit,flux_Halpha6562.85_alpha_fit,e_flux_Halpha6562.85_alpha_fit,OH_Mar13_N2_Re_fit,e_OH_Mar13_N2_Re_fit,OH_Mar13_N2_alpha_fit,e_OH_Mar13_N2_alpha_fit,OH_Mar13_O3N2_Re_fit,e_OH_Mar13_O3N2_Re_fit,OH_Mar13_O3N2_alpha_fit,e_OH_Mar13_O3N2_alpha_fit,OH_Pet04_O3N2_Re_fit,e_OH_Pet04_O3N2_Re_fit,OH_Pet04_O3N2_alpha_fit,e_OH_Pet04_O3N2_alpha_fit,OH_Pil16_S_Re_fit,e_OH_Pil16_S_Re_fit,OH_Pil16_S_alpha_fit,e_OH_Pil16_S_alpha_fit
[from data line 102]
114,NGC1142,43.8008,-0.1831,0.02873,Sd,-21.89,0.61,18.86,0,0,1,124.4162344314417,117.54585619448542,37.50969270903299,0.7386535434727775,10.7493385363578,11.4837182872562,0.0875909233486848,1.31002793907226,0.124117330153034,0.536437097639036,1.72255774308843,0.141840161685066,0.062712681938824,1.07836026364014,0.12705296763812,-0.0549661867227994,0.0797923792723958,0.464952616104627,0.108586203465919,-15.7942386260441,3.40161669879235,9.25981123497082,0.0295425035867038,9.87337329653249,0.0235927377274962,0.664718543940616,1.20600597910476,1.28835976275187,8.47184139045654,0.0391564489693502,8.59961545743974,0.0396685251882138,6.30488702689488,1.96985771488445,-0.330964250751292,0.158283268268314,-0.260532455487327,0.351141797809479,-0.345713656364281,0.189679738579208,0.288447794483453,0.383389205741651,-1.28506041940993,0.382523204844491,-25.742003582882,19.2834971932441,4.55200581132439,14.2937616166015,-0.295053967948612,0.200571213581197,-0.175456428952368,0.387394913555808,-0.314571630118117,0.207003395893699,0.265134852224014,0.354859787095806,-1.25902224449058,0.484485311166759,-13.9883092957446,19.2039107082277,3.78564654915924,3.3479146743508,0.236185510266816,1.94485355944714,0.336905501621566,1.77129308150262,0.585846907031363,281.903326955029,263.797577478772,226.297568342782,267.007896990038,0.596733553545119,nan,0.666745683820072,0.0984328392943217,0.588074432558155,0.204704288861132,-0.909576064665714,0.174850797453948,8.55151999606393,0.0151350176398847,-0.0753993983482932,0.0129277697039784,8.51118092471303,0.0130438680408682,-0.0512555571747572,0.011141587416261,8.69115971675893,0.0214431678875641,-0.0878693421255635,0.0183159572568749,8.55337969655758,0.0423817695735178,-0.239522169705993,0.0362009328122391
115,UGC02403,43.9883,0.6933,0.01374,Sb,-19.36,0.74,19.59,0,0,0,57.9921319689844,56.44777317837888,51.95595538335062,0.9222622160655197,5.36079895107293,10.5009064550373,0.0959509128360816,0.472497547558061,0.0751893294952435,-0.192612067908996,1.575135968255595,-0.324808005881252,0.042902396225173,-0.574989754117306,0.118084748572407,-0.559426694012974,0.0571272879298178,-0.208716187714738,0.265565176254832,-63.9392608747193,15.0111453020211,9.29646545810957,0.0329327674684557,9.75980420460081,0.0402899364263338,0.598831118759652,0.467766243867434,0.451391374019526,8.58678338797701,0.0369184008578605,8.59099922015682,0.0427254261280567,12.502718293932,13.7758103593996,-0.381607496588925,0.143126800867142,-0.389428663910777,0.317043378642161,-0.424130036425077,0.186929143562296,0.169935339128082,0.473074359785348,-1.22631209532926,0.503545624885896,-15.1878508570026,14.7898890260751,7.07591329378414,28.5443451030189,-0.365814307698704,0.20122012405422,-0.287885272783197,0.338673062820484,-0.393132098430236,0.216784672879613,0.278202074600039,0.500951167616386,-1.11350318127414,0.447218972994846,-6.62574580823866,10.249107854644,4.52900445097036,3.1312459355537,0.28794240135416,1.80896956685799,0.221201241802229,1.46769459933678,0.615601561590306,126.512186740029,169.409787470859,120.297629076848,167.632691808077,1.0935097780157,0.340708834334618,0.53272805244879,0.0344012931002475,0.122445118874977,0.0287245758965552,-0.131414604115036,0.0245354654266492,nan,nan,nan,nan,nan,nan,nan,nan,nan,nan,nan,nan,nan,nan,nan,nan
116,UGC02405,43.9893,6.4949,0.0254,Sbc,-18.77,0.42,11.02,0,0,0,108.6840738711065,103.39955961940431,74.88092190457655,0.9383457718735181,5.52239832044702,9.98048199144418,0.11878174300319,-0.505477885203347,0.108560648771429,-0.158440850974284,1.497072298716627,-0.398577353942814,0.0961496940986895,-0.443758617001481,0.22975622597825,-0.473037383013293,0.13618669604511,0.327890791737419,0.180479502443479,-5.63712363486578,2.66121461025145,9.0417705018685,0.0190137021351771,9.66503986560319,0.0309741906839552,0.538185216138787,-0.509454611111751,-0.53623128254156,8.55496921876206,0.0431880089452699,8.50992240135714,0.0307870863445802,6.19466727312069,2.33566906264642,-0.474460078195843,0.114911775463347,-0.31596349770349,0.223220911033214,-0.402475104761247,0.122445258054642,0.255935089874532,0.301644466250105,-1.15877125406639,0.226961222714138,-17.0539657923816,6.03475092884306,5.14315760922925,6.62294005651393,-0.523444867217542,0.138612559595331,-0.184089677665433,0.277987535299527,-0.390780228556764,0.149280343851131,0.356325645926011,0.331839541466908,-1.07429479341745,0.245902708926953,-20.9199618778125,14.1537396009045,6.3613575045156,1.77589260874943,0.122856742886639,1.25888806973638,0.245996108086297,1.17039834507054,0.347823602722857,112.084323370795,184.533937165375,105.406598891681,160.854565537653,0.824514165120839,0.0138001277661261,0.560243984686255,0.100761308224124,0.0709956135663122,0.00983715653121803,-0.00480472784949412,0.00840253359483651,nan,nan,nan,nan,nan,nan,nan,nan,nan,nan,nan,nan,nan,nan,nan,nan
117,UGC02443,44.5839,-2.0459,0.00819,Scd,-17.93,0.41,14.09,2,6,0,32.78715462919827,32.286906582676195,73.96422697845512,0.856938788115027,2.20597408945102,9.48008326517971,0.0857368667852231,-0.743241610472324,0.11808706524994,-0.665719121988348,1.4220124897769564,-0.452397413584141,0.0961903088083341,-0.508163431902281,0.248045119672423,-0.44950841487439,0.140241110175706,0.516903189404571,0.236324529446542,-12.9500401665112,5.12986114183043,9.05807249204146,0.0252115957269263,9.58273411891973,0.0351218454915134,0.461473180265691,-0.744470161649091,-0.772076815985973,8.57944180295076,0.061016078828367,8.49461291262013,0.0485033241334595,3.83485307347685,1.44850822911498,-0.512978029724135,0.120571367798591,-0.343119881891576,0.24597667546169,-0.387875749258604,0.163918987134031,0.331671934988053,0.470496132576985,-1.43985405648538,0.395983682791049,-32.2093533715773,38.4745780104513,5.37274808853983,32.5854320040133,-0.528720121412014,0.174899431146837,-0.314636458993574,0.299004774479445,-0.329212968669953,0.184399990449658,0.429068320277436,0.468913358041956,-1.16360542800705,0.441196849806968,-16.0754362489937,23.9744013909513,4.88257470245,2.27431056835696,0.153551573657246,1.62539999312314,0.232477412936211,1.44541026686601,0.362127542862338,81.5314985233239,400.118973764321,86.9107275889885,399.210122901581,0.361862385041668,0.0574287293864748,0.245515255088966,0.0415046229407322,0.221247742192725,0.0338960625518157,-0.129247270655731,0.0289527571733217,nan,nan,nan,nan,nan,nan,nan,nan,nan,nan,nan,nan,nan,nan,nan,nan
118,UGC02465,45.1556,35.1695,0.01689,S0,-20.28,0.66,10.32,2,6,0,70.86496788432066,68.57430837478601,54.829220876596494,0.949,3.43070191044049,10.7507180475267,0.108656520530509,-1.1878260936868,0.117627408781801,-0.100429661419549,1.612607707129005,-0.210871055954723,0.0612796706464471,-0.081225351585821,0.438841815255996,-0.345404626786238,0.189546287337147,nan,nan,-2.80012599630504,0.394658839609829,9.4846941824984,0.0724083232071733,9.84446571487863,0.043204164553187,0.447466028407802,-1.1971388329329,-1.53392138717282,nan,nan,nan,nan,2.29489928230205,0.966807737105286,-0.433189987351761,0.255045816661509,-0.158145198187244,0.409921280166935,-0.441634521242531,0.219802414653435,0.548275384530829,0.506628253648232,-0.832745745528871,0.317190434306571,-2.26326670595971,1.12602447833826,4.72844930926526,19.1160796379719,-0.377288127721899,0.235122093500279,-0.148340849772192,0.389888129308688,-0.342436893374822,0.221294651953974,0.399307535667874,0.549548611555709,-0.843941645975174,0.329615325067719,-1.46428477485571,1.40318249077838,3.76554776808501,3.34810757368882,0.348243950808102,2.28725572794196,0.270949469549884,2.04182007048197,0.378503862997549,152.19612251739,22.6909307646504,143.744896305598,29.5044222235309,nan,nan,0.559000696876859,0.0766960180488958,0.218911525425812,0.0695746922001622,-0.296328343884857,0.0594281169265777,nan,nan,nan,nan,nan,nan,nan,nan,nan,nan,nan,nan,nan,nan,nan,nan
119,NGC1167,45.4263,35.2063,0.01631,S0,-21.1,0.62,10.53,2,7,0,73.44510854001096,70.98789963660815,-9.714154070352608,0.5910045057339125,3.62402681890284,11.1480199724984,0.0783222197318674,1.12242082066305,0.119223653638261,-0.244348126902311,1.67220299587476,-0.209787243268855,0.0425750392505779,0.660099315388784,0.053509090190832,-0.175721474769275,0.0406164940952451,0.606712807396798,0.0804185798232675,-35.5166358091414,9.70514293726593,9.51185164490241,0.0351413179289143,9.71047556219196,0.0204461656709708,0.159510185125253,-0.804930648246865,1.09888289994816,8.33772349477718,0.0966280001163172,8.4188193841881,0.159195255042447,14.4916708518907,16.9465973174217,-0.32775969973618,0.270437161914587,-0.0112282313196419,0.302146901136131,-0.358007269049588,0.251732944563099,0.517196695346377,0.425736648317054,-0.736545650687877,0.226345696703407,-1.9215204338037,1.17844658805851,3.69943384422405,6.9222779434951,-0.277718227104521,0.277407313262348,0.0330821785271587,0.336628247555062,-0.353775896040622,0.268902093069376,0.463790030005391,0.369070682083512,-0.829584795833444,0.3834590359048,-2.18193718998383,2.84462422347047,3.69447411797226,3.71690158051482,0.124209030333798,2.46963662598792,0.180150057549446,2.13641177211152,0.345891247218989,420.169407776324,368.579370000558,331.013011394972,340.727136664083,nan,nan,0.255738483134146,0.0071262397758382,0.220057095769414,0.174695711882148,-0.32408556979963,0.14921858601165,8.56184277941071,0.0784626522784076,0.0766802255416484,0.0951062451859486,8.47691464940566,0.0939756719183016,0.115195424189183,0.113909905355517,8.64613405518603,0.140524369223614,0.172254839909056,0.170332568755896,8.75932422863687,0.0324111184830931,-0.0547918983907663,0.039286204221931
121,NGC1211,46.7182,-0.7938,0.01056,S0a,-20.04,0.62,8.73,0,0,0,45.000223589974084,44.06395127744019,54.121899875218894,0.7650809499354069,1.86395018163255,10.507504452678,0.071580104485101,-1.5127960566802,0.0541852076859415,-1.28319524158294,1.5761256679017002,0.0992077122159731,0.102899051334764,-0.117278019214735,0.49789357259933,0.107615518017344,0.119807227111975,0.505013228471365,0.0646097131200766,-4.12053616183985,1.12421087822141,9.51293993017377,0.0254708979905103,9.6470366965316,0.0139074239349712,0.544923091569218,-1.60210814512954,-1.8659755734385,8.54202859001758,nan,8.67379458764435,nan,7.69148612512212,5.07419504613951,-0.149613060760989,0.196043090454284,-0.139140707036003,0.197973819760316,-0.128203125388465,0.157271411244593,0.379578220540893,0.342439631868021,-0.762638796662332,0.0737391589701049,-0.888384620251321,0.772178550734702,2.90781666173803,0.413363568528015,-0.00272111680331719,0.188212104679129,-0.181852407878775,0.344145466568556,-0.0208787150467805,0.197677359772377,0.571209188925266,0.395253893348552,-0.878826403177627,0.266712777070431,-0.652988477498842,1.02226498019245,3.10295931624439,3.44440993066421,0.0737400970021771,2.57269068407381,0.19311176305168,2.05185638578905,0.432752380323515,275.51022894966,86.9010826651315,239.867354031033,80.492616270912,nan,nan,0.254157704136584,0.0911687228189701,0.23958398735023,0.151170830311091,-0.404132784615763,0.129124506275493,nan,nan,nan,nan,nan,nan,nan,nan,nan,nan,nan,nan,nan,nan,nan,nan
122,MCG-01-09-006,47.2008,-7.0399,0.02852,Sbc,-20.91,0.51,12.83,0,0,0,122.42472700666146,115.7658758593822,-75.52609498501062,0.949,7.20071661446064,11.0181126575345,0.0917021978263067,0.398290851008065,0.115630505031079,0.227336994964483,1.652716898630175,-0.212413743456799,0.0539669177563658,-0.282977373682308,0.178097756277778,-0.416127776879994,0.0964303556790524,0.693069391904231,0.172544635356153,-7.46756240960292,1.62707021663179,9.35321337408129,0.0250750553094847,9.78219878538805,0.0348594123303149,0.612897098302362,0.394098980098075,0.353048877001844,8.5548938157436,0.042015206811722,8.58650723257296,0.0231395452049161,5.93496702312293,2.90056769837748,-0.39055379839503,0.146857950751308,-0.407127493997217,0.358269066765579,-0.499983473637397,0.206895238641399,0.345235755484371,0.405119273086262,-1.20531770180473,0.341963367178914,-14.0477664241185,8.55378061566151,9.34649548081447,50.6542614925513,-0.408854609012725,0.159614816142921,-0.299191982364264,0.330427860737036,-0.387926544180013,0.220321037690099,0.314445795856928,0.41013534685722,-1.08272527816652,0.355467029096936,-15.7413637638205,12.1537501146946,6.00591605914168,2.64142707323767,0.180077728990551,1.92543182609281,0.261588040840856,1.4939542955698,0.394843512657742,124.971706189548,161.611016189655,112.017859980199,149.307696917688,1.22924718026607,0.107530967221046,0.297600045905702,0.0393487139691524,0.21880296039786,0.0406461886304868,-0.0119121431050132,0.0347184640587841,8.56935387298113,0.0127714780484225,-0.0501085936436739,0.0109089220057678,8.54117567824375,0.00589747526003152,-0.0238444921981414,0.00503740423768537,8.74115059785547,0.00899144504528279,-0.0369326780488776,0.00768015826721426,8.5783086048486,0.0235607230534,-0.119470330487244,0.0201246941986314
123,IC0307,48.4383,-0.2406,0.02614,Sab,-21.06,0.64,17.12,2,3,0,117.39110027376506,111.2530295155044,-28.505199714861583,0.8998974011861783,9.23207677594018,11.0289059893768,0.0896553585539739,-0.454788159864096,0.09552920298632,-0.184015845140968,1.6543358984065197,-0.0811231300926139,0.107692831206134,-0.0541133262716999,nan,-0.157205001206079,0.126958401783775,0.553169880399688,nan,-8.32278901374853,1.64345959053912,9.4391476746147,0.057151683562562,9.83507566561947,0.0110817441939194,0.52622903007155,-0.463592500754769,-0.524958935084614,8.59802169537308,0.0475000182404043,8.67337830651152,0.0296199633256622,-33.4355671756551,-13.4378206719321,-0.258707684052806,0.167534009793537,-0.149774611333801,0.215672782110873,-0.307910231318849,0.217828167240734,0.245373446790495,0.38805798678205,-0.803335601228179,0.26844655196878,-7.84696463091321,11.8762987790412,4.87418895832888,30.0240264166698,-0.239539734516082,0.2099566225169,-0.165327471104802,0.219161398848761,-0.262998730737432,0.219516438212799,0.253681163334248,0.357938323216142,-0.849949026512662,0.253736311020547,-5.36734193217475,11.1280564917288,3.4496312059502,3.21673856184187,0.321222441709722,1.7584254423515,0.322846353644885,1.39891291989533,0.554951526736797,225.808939358665,385.947380873645,186.026757896499,394.690854433964,nan,nan,0.309823907012274,0.0620761302142163,0.143280645151116,0.104115301175072,-0.221229329777023,0.0889314217054284,8.56483375656676,0.0245028932695246,-0.0794756618521906,0.0218451721852098,8.50788615976577,0.021080820252063,-0.0808960200582616,0.0187942763797832,8.69054488948628,0.0335727934560258,-0.119566983731932,0.029931300182315,8.61139867519719,0.0912906949467767,-0.185910285632258,0.0813887947061399
