edge_pydb/dat_glob/califa/ecalifa_global.csv
# %ECSV 1.0
# ---
# datatype:
# - {name: ID, datatype: int64, description: CALIFA ID}
# - {name: Name, datatype: string, description: CALIFA Name}
# - {name: RA, unit: deg, datatype: float64}
# - {name: DEC, unit: deg, datatype: float64}
# - {name: z, datatype: float64}
# - {name: type, datatype: string}
# - {name: r_band_abs_mag, unit: mag, datatype: float64}
# - {name: g-r, unit: mag, datatype: float64}
# - {name: Re, unit: arcsec, datatype: float64}
# - {name: QC_flag, datatype: int64, description: '0:OK;1:BAD;2:WARNING'}
# - {name: QC_reason, datatype: int64, description: '0:OK,1:partially covered/too large,2:bad quality,3:not good quality,4:too small,5:repeated,6:Crowded
#     with field stars,7:Bright single field star,8:Scale factor is clearly wrong,9:Wrong convolution,10:Integrated and resolved masses
#     do not match,11:pyPipe3D fitting issues'}
# - {name: multiple, datatype: int64, description: '0:single,1:multiple'}
# - {name: DL, unit: Mpc, datatype: float64, format: '{:.4f}'}
# - {name: DA, unit: Mpc, datatype: float64, format: '{:.4f}'}
# - {name: PA, unit: deg, datatype: float64, format: '{:.4f}'}
# - {name: ellip, datatype: float64, format: '{:.4f}'}
# - {name: Re_kpc, unit: kpc, datatype: float64, format: '{:.4f}'}
# - {name: log_Mass, unit: dex(solMass), datatype: float64, format: '{:.4f}'}
# - {name: e_log_Mass, unit: dex(solMass), datatype: float64, format: '{:.4f}'}
# - {name: log_SFR_Ha, unit: dex(solMass / yr), datatype: float64, format: '{:.4f}'}
# - {name: e_log_SFR_Ha, unit: dex(solMass / yr), datatype: float64, format: '{:.4f}'}
# - {name: log_SFR_ssp, unit: dex(solMass / yr), datatype: float64, format: '{:.4f}'}
# - {name: e_log_SFR_ssp, unit: dex(solMass / yr), datatype: float64, format: '{:.4f}'}
# - {name: log_NII_Ha_cen, datatype: float64, format: '{:.4f}'}
# - {name: e_log_NII_Ha_cen, datatype: float64, format: '{:.4f}'}
# - {name: log_OIII_Hb_cen, datatype: float64, format: '{:.4f}'}
# - {name: e_log_OIII_Hb_cen, datatype: float64, format: '{:.4f}'}
# - {name: log_SII_Ha_cen, datatype: float64, format: '{:.4f}'}
# - {name: e_log_SII_Ha_cen, datatype: float64, format: '{:.4f}'}
# - {name: log_OII_Hb_cen, datatype: float64, format: '{:.4f}'}
# - {name: e_log_OII_Hb_cen, datatype: float64, format: '{:.4f}'}
# - {name: EW_Ha_cen, unit: Angstrom, datatype: float64, format: '{:.4f}'}
# - {name: e_EW_Ha_cen, unit: Angstrom, datatype: float64, format: '{:.4f}'}
# - {name: Age_LW_Re_fit, unit: dex(yr), datatype: float64, format: '{:.4f}'}
# - {name: e_Age_LW_Re_fit, unit: dex(yr), datatype: float64, format: '{:.4f}'}
# - {name: Age_MW_Re_fit, unit: dex(yr), datatype: float64, format: '{:.4f}'}
# - {name: e_Age_MW_Re_fit, unit: dex(yr), datatype: float64, format: '{:.4f}'}
# - {name: vel_sigma_Re, datatype: float64, format: '{:.4f}'}
# - {name: log_SFR_SF, unit: dex(solMass / yr), datatype: float64, format: '{:.4f}'}
# - {name: log_SFR_D_C, unit: dex(solMass / yr), datatype: float64, format: '{:.4f}'}
# - {name: OH_O3N2_cen, unit: dex, datatype: float64, format: '{:.4f}'}
# - {name: e_OH_O3N2_cen, unit: dex, datatype: float64, format: '{:.4f}'}
# - {name: OH_N2_cen, unit: dex, datatype: float64, format: '{:.4f}'}
# - {name: e_OH_N2_cen, unit: dex, datatype: float64, format: '{:.4f}'}
# - {name: Ha_Hb_cen, datatype: float64, format: '{:.4f}'}
[...]
# meta: !!omap
# - {date: '2025-02-15'}
# - {comments: Galaxy properties determined from eCALIFA}
# schema: astropy-2.0
ID,Name,RA,DEC,z,type,r_band_abs_mag,g-r,Re,QC_flag,QC_reason,multiple,DL,DA,PA,ellip,Re_kpc,log_Mass,e_log_Mass,log_SFR_Ha,e_log_SFR_Ha,log_SFR_ssp,e_log_SFR_ssp,log_NII_Ha_cen,e_log_NII_Ha_cen,log_OIII_Hb_cen,e_log_OIII_Hb_cen,log_SII_Ha_cen,e_log_SII_Ha_cen,log_OII_Hb_cen,e_log_OII_Hb_cen,EW_Ha_cen,e_EW_Ha_cen,Age_LW_Re_fit,e_Age_LW_Re_fit,Age_MW_Re_fit,e_Age_MW_Re_fit,vel_sigma_Re,log_SFR_SF,log_SFR_D_C,OH_O3N2_cen,e_OH_O3N2_cen,OH_N2_cen,e_OH_N2_cen,Ha_Hb_cen,e_Ha_Hb_cen,log_NII_Ha_Re,e_log_NII_Ha_Re,log_OIII_Hb_Re,e_log_OIII_Hb_Re,log_SII_Ha_Re,e_log_SII_Ha_Re,log_OII_Hb_Re,e_log_OII_Hb_Re,log_OI_Ha_Re,e_log_OI_Ha_Re,EW_Ha_Re,e_EW_Ha_Re,Ha_Hb_Re,e_Ha_Hb_Re,log_NII_Ha_ALL,e_log_NII_Ha_ALL,log_OIII_Hb_ALL,e_log_OIII_Hb_ALL,log_SII_Ha_ALL,e_log_SII_Ha_ALL,log_OII_Hb_ALL,e_log_OII_Hb_ALL,log_OI_Ha_ALL,e_log_OI_Ha_ALL,EW_Ha_ALL,e_EW_Ha_ALL,Ha_Hb_ALL,Sigma_Mass_cen,e_Sigma_Mass_cen,Sigma_Mass_Re,e_Sigma_Mass_Re,Sigma_Mass_ALL,e_Sigma_Mass_ALL,vel_disp_Ha_cen,vel_disp_ssp_cen,vel_disp_Ha_1Re,vel_disp_ssp_1Re,Av_gas_Re,e_Av_gas_Re,Av_ssp_Re,e_Av_ssp_Re,flux_Halpha6562.85_Re_fit,e_flux_Halpha6562.85_Re_fit,flux_Halpha6562.85_alpha_fit,e_flux_Halpha6562.85_alpha_fit,OH_Mar13_N2_Re_fit,e_OH_Mar13_N2_Re_fit,OH_Mar13_N2_alpha_fit,e_OH_Mar13_N2_alpha_fit,OH_Mar13_O3N2_Re_fit,e_OH_Mar13_O3N2_Re_fit,OH_Mar13_O3N2_alpha_fit,e_OH_Mar13_O3N2_alpha_fit,OH_Pet04_O3N2_Re_fit,e_OH_Pet04_O3N2_Re_fit,OH_Pet04_O3N2_alpha_fit,e_OH_Pet04_O3N2_alpha_fit,OH_Pil16_S_Re_fit,e_OH_Pil16_S_Re_fit,OH_Pil16_S_alpha_fit,e_OH_Pil16_S_alpha_fit
[from data line 831]
10883,UGC4310,124.3152,1.2068,0.0141,Scd,-18.26,0.46,7.06,2,7,0,61.37060132475502,59.644111021635595,77.59799152894495,0.6201387818723411,2.04263100377661,9.48387792709627,0.105610938631196,-1.01103341108353,0.121123908111734,-0.495375645195806,1.4225816890644405,0.00703809374982682,0.087285618975272,-0.175618525582405,0.220369066746024,-0.487690409833594,0.138664423573477,0.788142085602639,0.30196256251581,-2.15241047335964,1.80204491965101,9.08544432354212,0.0617998741177169,9.66090401154374,0.0902323675679388,0.462933669743432,-1.01572057582497,-1.03503690960184,8.58743766256744,0.052546495234451,8.660110886361,0.058745905440773,4.71922020903691,1.59818667513807,-0.456940117284633,0.21312875317598,-0.15409392215956,0.244903323771953,-0.453606743311382,0.233170820951993,0.751579669475732,0.425338050772227,-0.678952229519077,0.232402260144997,-6.92253477876954,2.94926983264808,9.35406740774259,41.7353616113533,-0.514735050853431,0.220116303329899,-0.241256157439618,0.283767430606574,-0.440179149767858,0.229500050692398,0.380120530637276,0.42156514297479,-0.823486880248201,0.357461807451098,-12.489383212662,14.8397087051028,4.84853655605404,2.43289736051198,0.137269374108133,1.74713685146101,0.213628866517291,1.33782493255222,0.37205538234588,0.0,304.546625894503,53.6996428606261,257.751729522805,nan,nan,0.289686554605218,0.0858224217213313,0.03772576550645,0.00801133562390141,-0.00211615148119259,0.00684298521688839,nan,nan,nan,nan,nan,nan,nan,nan,nan,nan,nan,nan,nan,nan,nan,nan
10884,UGC4423,127.7237,74.6884,0.0112,Sd,-17.99,0.3,13.01,2,8,0,48.8957618299824,47.792637386004024,9.27069542579247,0.8443625284311164,3.01349663373356,9.40842738948775,0.112584244688047,-0.601499058142531,0.12624768192292,-0.330139538025942,1.4112641084231625,-0.599896384466096,0.0737445016037029,-0.343615997813023,0.191636379409959,-0.261678842010819,0.0956615197025413,0.194188832437502,0.265778767066261,-9.62446910583945,2.11581763106182,8.53056503891164,0.147247889966513,9.48742370512028,0.0481581300069492,0.647421524982205,-0.602229320098656,-0.618062597942076,8.46263254751215,0.0640704702610708,8.4141036415717,0.0471741918359355,2.67973167457301,1.60497170936904,-0.788852382882392,0.190386657903952,0.0113563306412376,0.261226742173994,-0.307113185125795,0.181486481995944,0.527551784012758,0.40599904554042,-1.22345358114777,0.420131164353811,-30.0570581224208,24.5172347385178,5.19129423523992,34.3681762971933,-0.809692020127885,0.210935592573038,0.05150346915316,0.283348782262823,-0.326725105828057,0.196233645755229,0.468591264084518,0.418238063924884,-1.21472038536656,0.483563348718913,-28.8892922079427,45.3639296791579,3.78980947645825,2.16551328136729,0.187204808983738,1.38270460732469,0.26772430175293,0.935895861427679,0.778506374477221,97.4290102246293,13.4365631068168,97.0839580692275,13.6547134548896,0.0774936032501825,nan,0.701352712040286,0.399460814935419,0.165189365927594,0.0138663550153407,-0.14010225074066,0.011844125229133,nan,nan,nan,nan,nan,nan,nan,nan,nan,nan,nan,nan,nan,nan,nan,nan
10886,UGC5695,157.4444,13.0193,0.00972,Sb,-17.44,0.33,14.45,0,0,0,40.94050875429106,40.16388669680515,2.9756472492925665,0.9278741697855799,2.81389229881038,9.32386144688105,0.108866311471362,-0.888615039550714,0.0957729224674222,-0.854589223337163,1.3985792170321576,-0.634856181055928,0.0560269284146502,-0.784181809332692,0.272058454740307,-0.260211076630159,0.0900552631991469,0.370461450827846,0.157049022275493,-10.2926374450692,2.7461808690238,9.00288299141412,0.0285031405802866,9.42432533383865,0.0845727407581688,0.6527111407202,-0.88933896918809,-0.916727528727503,8.51800616177107,0.0597070921167931,8.42027844978002,0.0458939938079821,2.49583861759543,0.989115545122829,-0.670313630537837,0.15494089104952,-0.149658089496193,0.217143266619174,-0.264953560797548,0.147251193887984,0.461055718780047,0.356738861072561,-1.35913801466599,0.390637085154128,-25.3621836393234,21.5674828131332,4.90590915949533,36.8373702050991,-0.680583074773968,0.197439600384356,-0.119146995746707,0.27724003029509,-0.264464016937377,0.181465684858578,0.497155336408714,0.389026630102963,-1.19733689681663,0.438549944484419,-19.4218779465349,23.9333199206127,4.13048448948053,1.60030357171031,0.0598444110622013,1.39254076235788,0.248442718516663,1.07595557630695,0.500650699439646,98.8482163154463,15.5268728946941,94.4864493514335,20.4461387949562,nan,nan,0.494806504711384,0.175448142924158,0.16537989714324,0.0172431777458946,-0.124679114342711,0.014728481734719,nan,nan,nan,nan,nan,nan,nan,nan,nan,nan,nan,nan,nan,nan,nan,nan
10887,UGC6182,167.0097,53.6167,0.00355,Sdm,-16.39,0.09,5.74,2,3,0,18.393665276220172,18.235016238605166,10.905763309492263,0.6564387365296885,0.507689737539734,8.62931082901737,0.0887980296421512,-1.50427394022385,0.0904000757210634,-0.870881944723716,1.2943966243526055,-0.906677820386735,0.192954430862713,0.38383815098848,0.0639662406360909,-0.739856662655379,0.124916204045786,nan,nan,-16.2752352265862,5.83105470380107,8.25717085783225,0.150688363000399,8.79213974894105,0.149892844566693,0.425481920877296,-1.50629246171812,-1.52982135262819,8.23551301481503,0.0673427217706499,8.24961685730896,0.104733913523162,2.71781035306876,2.81379030219985,-0.888329030768153,0.297689763905397,0.294734731379376,0.261966195442819,-0.627070303136231,0.214482873097838,nan,nan,-1.03637639258893,0.334034126680625,-19.417640161043,18.003882604363,3.96875200036601,5.9095503037953,-0.818743810656953,0.299226755782658,0.207686774282823,0.28639528583261,-0.52613054364445,0.234228934108256,nan,nan,-0.900981796457379,0.408509955632732,-16.5500474664415,19.6850895156529,3.69060690173135,2.16258278154931,0.193377278071568,1.82092197975629,0.195287279161839,1.635862863424,0.34104211351043,82.0037376616224,415.969708730184,84.4822182845514,416.054613482827,nan,nan,0.590930346154472,0.0179501905304864,0.534977125347745,0.0940878896668458,-0.565267752959335,0.0803663793784375,nan,nan,nan,nan,nan,nan,nan,nan,nan,nan,nan,nan,nan,nan,nan,nan
10891,UGC8255,197.7351,11.4781,0.01076,Sbc,-17.59,0.39,14.0,0,0,0,45.630438113766004,44.6680774299475,12.016292203313755,0.42895152494668076,3.03148636973438,9.54703187094688,0.0918123932462609,-0.765812342037555,0.102771761461148,-0.153944023314007,1.4320547806420318,-0.431985071353209,0.0776120799566449,-0.242554488835992,0.311107650780984,-0.333882034189217,0.0837531061171292,0.471274997103336,0.356694344565097,-11.0696728776168,2.78864236920339,8.47555191138535,0.121910021965898,9.67732683436796,0.0531587432353067,0.642785223123548,-0.769664067637288,-0.787143112187266,8.5170092060247,0.0879534591869616,8.44986368828193,0.082193566827282,3.05466649802786,1.32408044731771,-0.671177588292567,0.177037988497186,-0.0665581747460198,0.271656815526743,-0.361161292280969,0.195700997650672,0.481355722711505,0.370327471832534,-1.13106712603267,0.437975709536922,-22.9877731701165,40.5180453249459,3.83453738059946,11.3873791961223,-0.69549015750716,0.221291150281313,0.00827419881767933,0.318137790448959,-0.358086623146995,0.209732773123705,0.531937884863417,0.3668777917361,-1.10455993572396,0.430627051775211,-23.4789379096467,47.3747017114226,3.66544360524229,2.44704601614773,0.229065604818195,1.54666207379066,0.263323781345266,1.04145649524992,0.665907002577633,89.2303182433816,15.5857235985271,89.3569307184169,13.8734447201696,nan,nan,0.562415636379843,0.116083944223582,0.053933593805119,0.0123165170152653,-0.0547159492887753,0.0105203111959964,nan,nan,nan,nan,nan,nan,nan,nan,nan,nan,nan,nan,nan,nan,nan,nan
10892,UGC8472,202.3066,11.2764,0.02164,S0,-19.93,0.62,8.91,2,7,0,93.0344293768228,89.1312131141888,-46.00283257525546,0.9389236682231732,3.85107510288577,10.5664867658204,0.0855376252776433,0.0203461392839418,0.0587493320967212,-0.507498840401162,1.58497301487306,-0.379097547072387,0.0376751121916244,-0.635103888088506,0.2616086249125,-0.76433242006423,0.0499008299941593,nan,nan,-13.9685063788284,2.44096906496194,9.43049426243865,0.048882180819576,9.71138084259568,0.0664372469718823,0.644394466390774,0.0196021118855283,-0.0306050017399719,8.59603946624175,0.0605179609639741,8.48785951205827,0.0301564040532144,5.67462538243948,2.68592012148338,-0.335600731580042,0.169556932614241,-0.425740552181779,0.454852775184066,-0.732232338412872,0.155126535094558,0.619905458590069,0.282006209786047,-1.30347172185755,0.438477281960127,-3.38497577396252,4.78907198650632,5.5984226961315,24.0440172413658,-0.398469349784966,0.17630629452929,-0.409604365071148,0.411453255785736,-0.642105516683166,0.26750417407056,0.454445960218409,0.414116768385062,-1.14902700528936,0.458558771803646,-2.8887244828483,4.53256603091771,4.47513284964758,2.75893394598276,0.395470434055223,1.86255460260493,0.275546111303911,1.59133375543664,0.352012630441934,111.267339057458,52.6625852798692,107.013222605414,90.2758958644809,nan,nan,0.316408607410662,0.00347914931775839,0.423958445271433,0.318563285590272,-0.793868252570335,0.272104921860212,nan,nan,nan,nan,nan,nan,nan,nan,nan,nan,nan,nan,nan,nan,nan,nan
10894,UGC8856A,209.043,30.0982,0.03057,Sb,-20.81,0.49,8.12,0,0,0,130.91453033343632,123.33245288138606,44.91513283003061,0.7753896242535464,4.85244235988414,10.4966287207411,0.112862838432804,-0.711326885082626,0.109812895468829,-0.413973299216429,1.5744943081111649,0.0279257890063198,0.0259042679699477,0.591626000210184,0.228664549500465,-0.241517658523094,0.0584671432166999,0.647273156871619,0.232566716054836,-8.43830358536427,3.43537986832143,9.28623724939177,0.0420360840149439,9.54011952241828,0.0902807836295034,0.617052000249884,-1.77332179560202,-0.791130566961988,nan,nan,nan,nan,26.9852971335429,12.3514532975489,-0.0884798523137947,nan,nan,nan,0.0831629765031471,0.299843313465926,nan,nan,-0.800241194949639,0.363258819117534,-1.02035127507018,1.6871953746173,2.96898794597949,1.74471539329559,-0.0364868186646145,0.241168918616293,0.443762859971502,0.295181619770556,-0.193673781290555,0.133216683456836,0.457549508467753,0.358396750583533,-0.882177692673711,0.426357018536882,-3.86650602424862,10.411815675089,3.17407428434362,2.84495195623797,0.115618520793436,1.86617682596495,0.180218756545339,1.48806367821432,0.76555906527571,215.122563300127,233.899214162055,153.809031251402,218.959264529539,nan,nan,0.115334157558567,0.0439782605082895,0.0702465919252009,0.0515619539115674,-0.110967923809824,0.0440423051704466,nan,nan,nan,nan,nan,nan,nan,nan,nan,nan,nan,nan,nan,nan,nan,nan
10896,UGC8932,210.2342,41.0085,0.01261,I,-17.59,0.29,12.51,0,0,0,53.660872305846006,52.335582984911404,83.791863000109,0.949,3.17437983488548,9.34495509905831,0.109634042499187,-0.581417527471526,0.0630479361275426,-1.09189379229566,1.4017432648587465,-0.860882186928338,0.0720857840151972,0.321359617340807,0.0609402327905512,-0.499498162644498,0.101623226524882,0.234374403344743,0.142995526510981,-101.242973410063,75.8641899283034,8.99529865633573,0.0204110799059482,9.4018792486045,0.0542794076652115,0.679940875168195,-0.583983118142999,-0.592783359103397,8.27317550907332,0.0462919549198264,8.28671517265342,0.0625706878645998,3.63162665303208,4.59093225755507,-0.771565618945049,0.220349916371699,0.25699187143312,0.193297389807907,-0.357582066999784,0.182293552228404,0.296817148500555,0.433709073747212,-1.28453410819978,0.442750982749978,-14.5964244509849,27.5015203125157,3.71499213465685,5.35697683916507,-0.804807257283832,0.229040812383202,0.235701981981998,0.233277402947413,-0.35387804141025,0.215072451588386,0.34828407371159,0.452627900370572,-1.41942621147859,0.568292615093072,-13.5728489301524,34.1538028908472,3.62284098984301,1.55850917449737,0.192321788023089,1.34176811805217,0.304702573292899,1.18619521644231,0.888702155789376,89.2150812931722,53.2074585842484,94.0691710995895,51.848004526967,nan,nan,0.66340512224785,0.0964113718664207,0.522869949924785,0.310099051614715,-0.926476959036741,0.264875087699449,nan,nan,nan,nan,nan,nan,nan,nan,nan,nan,nan,nan,nan,nan,nan,nan
10906,2MASSXJ22532475,343.3531,4.8002,0.0243,Sab,-19.41,0.5,4.69,2,4,0,103.54424945805857,98.73520772103751,37.14011691105688,0.7215451196267526,2.24558225483153,10.1547675007259,0.114823643131877,-0.575048175861789,0.0649910803493048,-0.403368603783153,1.5232151251088848,-0.0464189858681955,0.0665759481349502,-0.00349524993019846,0.269038864023873,0.041775597894696,0.0761283262828385,0.313540123489165,0.240988781046353,-5.85596171426163,0.873169823505061,9.33350071498139,0.0674434958755275,9.765549847698,0.0532501655575856,0.466288183889719,-0.59999815142763,-0.645138167649096,8.57532790563069,0.0521206646721562,8.59014661052122,0.0417852608108821,5.08697585002681,2.61837418105168,-0.354252707783609,0.147415549347519,-0.40764594260696,0.197730286824302,-0.260478978699737,0.182263531133391,0.191826905815562,0.487531776887069,-1.12710192754506,0.522153742459865,-15.2086539911357,13.5424106170115,4.60796652273965,5.3269730413341,-0.328696494958976,0.167829992499834,-0.268488165670147,0.315130419772647,-0.186512177237826,0.198309276674489,0.29830221700544,0.440237680827749,-0.967511507783845,0.418280193984781,-7.56070667342084,9.16451918351938,5.19483538965587,2.90126426854344,0.285907987869699,2.10158459368413,0.182857421576629,2.10645850140019,0.475143097247188,114.066381187307,109.219736770436,104.946148183098,115.056901380647,0.316961143424434,0.214652853251927,0.155092981641667,0.0406982685666691,0.237472925657859,0.0355659621453388,-0.260946309678903,0.0303791233585148,8.59216054117787,0.00859387016453165,-0.0330692609900457,0.00734056457656055,8.54338397311928,0.00922083120900014,-0.0461530581654788,0.00787609140507874,8.74435502519561,0.0137012962356591,-0.0722553891109648,0.0117031381525325,8.55712830466644,0.0195912980073854,-0.0718798490754517,0.0167341588141962
10907,CGCG004035,127.0749,0.2897,0.02985,Sa,-20.58,0.55,6.08,0,0,0,128.62269269622405,121.29536236686067,-74.75384740943404,0.8558368920508543,3.57812432462569,10.7595364228848,0.0780781944630984,-0.644578986490013,0.0801934678499322,-0.274643337425168,1.6139304634327198,0.14605529896002,0.147220468219112,-0.12866726235272,0.344393594127524,-0.165801961009371,0.120480331955261,0.185378380976631,0.297610133128083,-0.83768079468202,0.377784087792575,9.56828909001579,0.0748945604816805,9.79773565722504,0.053272054592465,0.613246515569991,-0.669055092980755,-0.699338481786023,nan,nan,nan,nan,5.45843543173668,2.52340568633586,nan,nan,nan,nan,nan,nan,nan,nan,nan,nan,-0.4178114568649,0.607462044757942,3.59090030515597,9.97671901568769,-0.317215734973201,0.179359277682906,-0.173366224788494,0.336985514110253,-0.44170662910534,0.240857621238039,0.362045487110271,0.407029510449421,-0.939420458985529,0.408621724282634,-5.57596790911179,8.27604024501731,4.09785624606389,3.11878769474071,0.157647407948995,2.25673879682145,0.259680591099065,1.83344491236303,0.42993612970172,0.0,143.76005456441,13.8655621023052,139.960701814889,nan,nan,0.336568745320172,0.0511623100763303,0.072196478796749,0.0304761416662648,-0.0593128704943048,0.0260315878251131,8.63791465960193,0.041022185076952,-0.074680293804139,0.0258127547875163,8.50704034760974,0.0435554260687933,0.0083643092568118,0.0274067685734085,8.69257812227074,0.0611551334403048,0.0083192099424878,0.0384811891548737,8.71930023509306,0.0681195354745235,-0.122958811864869,0.0428634618596002
