edge_pydb/dat_glob/califa/edge_califa.csv
# %ECSV 0.9
# ---
# datatype:
# - {name: ID, datatype: int64, description: CALIFA ID}
# - {name: Name, datatype: string, description: CALIFA Name}
# - {name: caMass, unit: dex(solMass), datatype: float64, description: Stellar mass from col 149 in Pipe3D_NSA_CALIFA-DR3_candidates.csv}
# - {name: caeMass, unit: dex(solMass), datatype: float64, description: Error in stellar mass from col 150 in Pipe3D_NSA_CALIFA-DR3_candidates.csv}
# - {name: caSFR, unit: dex(solMass / yr), datatype: float64, description: SFR from col 151 in Pipe3D_NSA_CALIFA-DR3_candidates.csv}
# - {name: caeSFR, unit: dex(solMass / yr), datatype: float64, description: Error in SFR from col 152 in Pipe3D_NSA_CALIFA-DR3_candidates.csv}
# - {name: caOH, unit: dex, datatype: float64, description: Oxygen abundance as 12+log(O/H) from col 153 in Pipe3D_NSA_CALIFA-DR3_candidates.csv}
# - {name: caeOH, unit: dex, datatype: float64, description: Error in oxygen abundance from col 154 in Pipe3D_NSA_CALIFA-DR3_candidates.csv}
# - {name: caAvgas, unit: mag, datatype: float64, description: Nebular extinction as Av from col 155 in Pipe3D_NSA_CALIFA-DR3_candidates.csv}
# - {name: caeAvgas, unit: mag, datatype: float64, description: Error in nebular extinction from col 156 in Pipe3D_NSA_CALIFA-DR3_candidates.csv}
# - {name: caAvstars, unit: mag, datatype: float64, description: Stellar extinction as Av from col 157 in Pipe3D_NSA_CALIFA-DR3_candidates.csv}
# - {name: caeAvstars, unit: mag, datatype: float64, description: Error in stellar extinction from col 158 in Pipe3D_NSA_CALIFA-DR3_candidates.csv}
# - {name: Su, unit: mag, datatype: float64, description: SDSS u magnitude from col 4 in get_mag_cubes_v2.2.csv. From CALIFA synthetic
#     photometry corrected for foreground extinction}
# - {name: Sg, unit: mag, datatype: float64, description: SDSS g magnitude from col 8 in get_mag_cubes_v2.2.csv. From CALIFA synthetic
#     photometry corrected for foreground extinction}
# - {name: Sr, unit: mag, datatype: float64, description: SDSS r magnitude from col 12 in get_mag_cubes_v2.2.csv. From CALIFA synthetic
#     photometry corrected for foreground extinction}
# - {name: Si, unit: mag, datatype: float64, description: SDSS i magnitude from col 16 in get_mag_cubes_v2.2.csv. From CALIFA synthetic
#     photometry corrected for foreground extinction}
# - {name: caB, unit: mag, datatype: float64, description: B magnitude from col 20 in get_mag_cubes_v2.2.csv. From CALIFA synthetic photometry
#     corrected for foreground extinction}
# - {name: caV, unit: mag, datatype: float64, description: V magnitude from col 24 in get_mag_cubes_v2.2.csv. From CALIFA synthetic photometry
#     corrected for foreground extinction}
# - {name: caR, unit: mag, datatype: float64, description: R magnitude from col 28 in get_mag_cubes_v2.2.csv. From CALIFA synthetic photometry
#     corrected for foreground extinction}
# - {name: caRe, unit: arcsec, datatype: float64, description: Equivalent radius Re from col 34 in get_mag_cubes_v2.2.csv}
# - {name: caeRe, unit: arcsec, datatype: float64, description: Error in equivalent radius from col 35 in get_mag_cubes_v2.2.csv}
# - {name: caEllipticity, datatype: float64, description: Ellipticity sqrt(1-b^2/a^2) from col 38 in get_mag_cubes_v2.2.csv}
[...]
# - {name: caMstars, unit: dex(solMass), datatype: float64, description: 'Log of stellar mass, from column 73 log_Mass in get_proc_elines_CALIFA.csv'}
# - {name: caDistMpc, unit: Mpc, datatype: float64, description: 'Luminosity distance in Mpc computed from caZgas assuming Ho=70, Om=0.27,
#     Ol=0.73'}
# - {name: caDistP3d, unit: Mpc, datatype: float64, description: Luminosity distance in Mpc from <DL> column 129 in get_proc_elines_CALIFA.csv}
# - {name: caFlgWav5, datatype: float64, description: Flag (-1/0/1/2=NA/good/minor/bad) for wavelength calibration V500}
# - {name: caFlgWav12, datatype: float64, description: Flag (-1/0/1/2=NA/good/minor/bad) for wavelength calibration V1200}
# - {name: caFlgReg5, datatype: float64, description: Flag (-1/0/1/2=NA/good/minor/bad) for 2D registration rel to SDSS V500}
# - {name: caFlgReg12, datatype: float64, description: Flag (-1/0/1/2=NA/good/minor/bad) for 2D registration rel to SDSS V1200}
# - {name: caFlgImg5, datatype: float64, description: Flag (-1/0/1/2=NA/good/minor/bad) for reconstructed image quality V500}
# - {name: caFlgImg12, datatype: float64, description: Flag (-1/0/1/2=NA/good/minor/bad) for reconstructed image quality V1200}
# delimiter: ','
# meta: !!omap
# - {date: '2021-06-29'}
# - {comments: Galaxy properties determined from CALIFA}
# schema: astropy-2.0
ID,Name,caMass,caeMass,caSFR,caeSFR,caOH,caeOH,caAvgas,caeAvgas,caAvstars,caeAvstars,Su,Sg,Sr,Si,caB,caV,caR,caRe,caeRe,caEllipticity,caPA,caR50,caeR50,caR90,caeR90,caOH_O3N2,caZgas,caZstars,caAge,caeAge,caFHa,caFHacorr,caLHacorr,caMstars,caDistMpc,caDistP3d,caFlgWav5,caFlgWav12,caFlgReg5,caFlgReg12,caFlgImg5,caFlgImg12
[from data line 612]
2945,NGC6090,10.9677948137463,0.0847374411611451,1.57360074976579,0.0520694931569942,8.49615687262598,0.0416923976907186,1.52331328904604,0.255962134152474,0.233248034965682,0.94244531691998,14.4467373774096,13.8331320820621,13.3671885108692,13.2345315133518,13.9572925364041,13.6882418546953,13.3200844667356,11.0503426510672,11.0503426510672,0.709494715362078,-51.3451424213623,9.60282933284671,0.0523461151365154,32.7625941944182,0.104804131376767,8.49396893385928,0.0293895352013052,0.0294507956747236,8.75596982543666,0.268529761398515,4.09467951394285,4.5533364248274,42.839552854556,11.0823624870462,128.7903404086878,127.10195476732967,0.0,0.0,-1.0,-1.0,0.0,0.0
3000,UGC00386,10.5358450188816,0.116363899284903,0.168594635771267,0.11080421028464,nan,nan,1.09196124877863,0.146179817284356,0.446788826490358,1.35833402110916,15.3671071189918,13.2467179249046,17.960258441849,14.1995188375072,13.0261539234272,14.0270627969944,15.5117884580204,86.0150667187772,86.0150667187772,0.530185685657166,-83.5855921384735,42.9302958409618,0.141738502163207,51.4033805464148,2.54378960752217,nan,nan,nan,nan,nan,nan,nan,nan,nan,nan,nan,2.0,2.0,-1.0,-1.0,2.0,0.0
3001,MCG-02-02-086,10.6010296810373,0.091597673729497,-0.782763243304554,0.587967928516317,nan,nan,0.0771882950276981,0.0645812325463056,0.864206296231238,1.5100684017764,16.1679970721688,14.4784811459485,13.7891680655973,13.4868860196413,14.8115862534447,14.0864798555494,13.7114681955061,20.5730162695986,20.5730162695986,0.793478733686755,66.4965223209071,21.3283567389169,0.757757929796298,43.7792585693556,0.187969013938442,nan,0.0549300616897156,0.0555200016766448,9.49458742988916,0.40131843016383,1.73632307683614,2.04372815365691,40.8985669836629,11.9172751981081,245.37585153909595,244.60392972462688,0.0,nan,1.0,nan,0.0,nan
3002,GIN010,10.193874663537,0.0841747560111524,-1.33826173707656,0.766086423582501,nan,nan,0.257240663077714,0.163732353074114,0.640188588525032,1.42812147802358,16.7466418421621,15.2272777819414,14.7132832361979,14.5417392576424,15.4486382877409,14.9226532523724,14.6313797740259,14.2023340687613,14.2023340687613,0.674866261686688,-8.61191095680468,14.1292299563761,0.101763991516236,37.866336283088,0.0666029295929533,nan,nan,nan,nan,nan,nan,nan,nan,nan,nan,nan,1.0,nan,1.0,nan,1.0,nan
3003,IC1602,10.5459861368013,0.10766562867658,-0.859201492883748,0.579531183341376,nan,nan,0.239990997823181,0.143974767300739,0.464271749571099,1.4032515159518,16.008458209003,14.4799608774827,13.8147284007933,13.522024122642,14.783072972384,14.1142232396478,13.7374788871569,13.3839592504373,13.3839592504373,0.509157328399627,82.5514461046899,15.7156312813072,0.12020614767016,42.6567134778337,0.179979778124931,nan,0.0543772208147038,0.0547212241497123,9.14084767943972,0.574627483584084,1.48894984772205,1.48894984772205,40.3310003564266,11.8165288895518,242.80719921723912,241.02898357349903,0.0,nan,0.0,nan,0.0,nan
3004,NGC0548,10.5904883419754,0.103146045278504,-0.981575435096195,0.811274909549831,nan,nan,1.72094762062265,1.72094762062265,0.577634643058465,1.553723499137,15.9156066261763,14.467492858256,13.8381316078411,13.4946656772599,14.7298659695367,14.1336234823655,13.7668480850367,11.8978947861163,11.8978947861163,0.537003382003263,58.2727977324832,12.2627738301995,0.236430856891275,38.4605179219892,0.105236725984838,nan,0.0177527161821942,0.0178407882897131,8.83533661377958,0.582675322034866,1.14557109855933,1.14557109855933,38.9905868217956,10.7446874002917,77.10073385996134,76.48070394037286,0.0,0.0,0.0,1.0,0.0,0.0
3005,NGC0647,9.82581911937956,0.0981990394794392,-1.61544615272543,0.464584721452566,nan,nan,nan,nan,0.55470308657981,1.31996481204143,15.6593234401073,13.909787305559,13.2436850446488,12.9176286430241,14.2347021280889,13.5384004999937,13.1716601080236,11.9139655982112,11.9139655982112,0.599073992832901,-51.0877505223241,12.8201726406631,1.20745227393172,35.6735238696712,0.195664297831627,nan,0.0432596614648418,0.0421377460617348,9.44096981795248,0.254291651827367,1.68296533198993,1.68296533198993,40.2899316664935,11.7282276671745,191.573410994228,183.87690377277653,0.0,nan,0.0,nan,0.0,nan
3006,SDSSJ015424,10.5450564369084,0.122831483251599,-1.15953785563838,0.45251043471132,nan,nan,0.245956295101349,0.19360679706952,0.325051146971017,0.968503091208456,16.2102736344562,14.8559005335175,14.2356687490292,13.9295991922737,15.1187965278391,14.5233092541617,14.173765382119,12.1816415484914,12.1816415484914,0.858665230948757,66.6715605650738,12.3479960067413,0.13350437643205,39.8503507490289,0.0810111963381104,nan,0.0208018137128475,0.0207169573906851,8.94444023381265,0.450955353482788,1.9150330776625,1.99188425541393,39.9688746346264,10.6156660326664,90.55703925221347,89.03058039810585,0.0,0.0,1.0,1.0,0.0,0.0
3007,IC0195,nan,nan,nan,nan,nan,nan,nan,nan,nan,nan,nan,nan,nan,nan,nan,nan,nan,nan,nan,nan,nan,nan,nan,nan,nan,nan,nan,nan,nan,nan,nan,nan,nan,nan,nan,nan,nan,nan,nan,nan,nan,nan
3008,UGC03960,9.95214056659585,0.120900515083368,-1.93037031705827,0.804652670755225,nan,nan,1.0516958722128,0.817664739813987,0.388900878622565,1.43805875370056,15.5967042389615,14.2131978702653,13.676455797873,13.3872576571854,14.4554476420115,13.9231011212183,13.6185563119594,16.8133096633938,16.8133096633938,0.524649837676529,-40.7732608860758,16.9550759476513,0.890900592441085,41.2573514726183,0.00317953438670315,nan,0.00718738544600393,0.00741090848254804,9.00237948619593,0.463510225139454,1.4598887988924,1.4598887988924,38.5307460984648,9.90178104939872,30.957803649480233,31.36697694873303,0.0,0.0,1.0,0.0,1.0,0.0
3009,LSBCF560-04,10.5862388019879,0.0963934654462101,-0.708049602825118,0.462599777665516,nan,nan,0.378764959365304,0.241181780264853,1.10917835974683,1.28761289414463,16.1111758007449,14.3394939577115,13.6462137079592,13.3350910768063,14.6851580830436,13.9463196831309,13.5686748062348,13.2444962724749,13.2444962724749,0.750409338969345,-78.8110585995091,15.1543587355462,0.513178241890799,39.8503507490289,0.151407002228879,nan,0.0525244198828181,0.052494021488743,9.72004086673936,0.211515616473514,1.32971687892819,1.32971687892819,40.1343156188249,11.8464903826766,234.21300527979116,230.85717927315375,0.0,nan,0.0,nan,0.0,nan
3010,MCG+07-17-002,8.36205651929423,0.0810928087515585,-1.00126007540999,0.597570849471452,nan,nan,0.677106015517184,0.332349733891224,0.793769704555335,1.09095784794319,16.8565335345269,15.2966855588928,14.6420345884604,14.3756412398369,15.619290253657,14.9233420736965,14.552886152066,12.7753220864943,12.7753220864943,0.835899342277771,45.737170799789,14.4923690720539,0.136036566550956,40.6901131638437,0.0100516150530936,nan,nan,nan,nan,nan,nan,nan,nan,nan,nan,nan,1.0,nan,0.0,nan,0.0,nan
3011,NGC2484,9.58186828290047,0.0891732140807377,-1.8907881926899,0.49127734493678,nan,nan,0.0414908856081573,0.0414908856081573,0.960594859654373,1.61460230211539,15.8233550682863,14.1160142737953,13.4379854084049,13.1363337450942,14.4301424581971,13.7429542770846,13.368267708421,13.3286362551916,13.3286362551916,0.619571069543173,54.5614035926952,15.7156312813072,1.00882554755464,41.5341683863118,0.0580363311123335,nan,0.0420903265219274,0.0407585339793566,9.49838071560109,0.286744363407901,1.82621772649851,2.1293136946196,40.7057372800932,11.6641621839869,186.23156155460194,177.52348201098388,0.0,nan,0.0,nan,0.0,nan
3012,UGC04241,11.0760359297255,0.0957863832656728,-0.380244352078643,0.277160524546955,8.50906018208984,0.0514424320352532,0.896172358691253,0.0832233097864658,0.321798666703605,1.07029160344595,16.1307479559413,14.499449804953,13.744352806363,13.4211808658548,14.8469911193252,14.0805681428528,13.6726037861077,12.3012952635304,12.3012952635304,0.915496486652887,55.3484523341257,14.5930861897852,0.854763252352313,38.7278056575069,0.243811054979787,nan,0.0255879887910161,0.025628803405667,9.44963624860673,0.322558225930565,2.33854371554162,2.40440158470803,40.5686982824594,11.1779394305153,111.80488222794993,110.45677623511182,0.0,0.0,0.0,-1.0,0.0,2.0
3013,UGC4256,nan,nan,nan,nan,nan,nan,nan,nan,nan,nan,nan,nan,nan,nan,nan,nan,nan,nan,nan,nan,nan,nan,nan,nan,nan,nan,nan,nan,nan,nan,nan,nan,nan,nan,nan,nan,nan,nan,nan,nan,nan,nan
3014,SDSS-C4-DR33247,8.97859941411344,0.10463767521114,2.34941282933559,0.286979225762193,nan,nan,11.1457005718949,6.91753260252665,-0.379924045101949,0.22463571935813,15.0374986125486,13.536429790502,13.4886707106034,13.1984260738934,13.5384823222257,13.6540608314086,13.4381460312636,18.5295149538033,18.5295149538033,0.601886848785394,6.30096664016001,11.8623185876342,1.02507681410202,50.273635919021,0.901106638529427,nan,nan,nan,nan,nan,nan,nan,nan,nan,nan,nan,2.0,nan,-1.0,nan,2.0,nan
3015,IC2378,10.4768241610695,0.0901035276648661,-0.983511318195494,0.51665268931681,nan,nan,nan,nan,1.24416943724871,1.59552293014983,15.9121479214596,14.2168505185546,13.5633266299142,13.2806867780103,14.5189192699615,13.8510687926901,13.4926251915318,14.4818813357572,14.4818813357572,0.625201704313372,71.9923746730064,16.8381763728291,0.168096895102281,42.0954409320727,0.00655191159350466,nan,0.0499473477971475,0.0499858673031683,9.3521449852275,0.447996152484899,1.84676861116059,1.93659223217761,40.6971557801496,11.8174955745729,222.29632048498297,219.44505000723885,0.0,nan,1.0,nan,0.0,nan
3016,UGC4458,nan,nan,nan,nan,nan,nan,nan,nan,nan,nan,nan,nan,nan,nan,nan,nan,nan,nan,nan,nan,nan,nan,nan,nan,nan,nan,nan,nan,nan,nan,nan,nan,nan,nan,nan,nan,nan,nan,nan,nan,nan,nan
3017,IC2402,9.89170786975813,0.081229862467715,-1.50870405974211,0.569801214729321,nan,nan,0.00352982525117435,0.00352982525117435,0.513557723011695,1.65885761349589,16.3129671914163,14.66181302842,14.0194414016311,13.7236278041975,14.9818371713449,14.2920559099164,13.9365900957364,12.9560267341344,12.9560267341344,0.31210183023248,23.2002667603621,13.4705410982633,0.601912953450494,41.5341683863118,0.0665573401288668,nan,0.0672118040319703,0.0672029164836896,9.25039065140317,0.579072319605294,1.70443912188049,2.30287592026645,41.3310970543399,11.8411061752547,302.94818008211786,298.64454199282585,1.0,nan,0.0,nan,0.0,nan
3018,NGC2691,10.5547205326101,0.0944678367975626,0.274415739580467,0.0711535165187411,8.51422888303665,0.0514098258301379,1.49192048927555,0.0908793630095572,0.515861735625002,1.31110890511754,15.0491261422114,13.87674966115,13.3088255376038,13.0172118750613,14.1000251968936,13.5859005132171,13.2482723385587,12.1217740136413,12.1217740136413,0.829164676812204,77.4070069078621,12.2627738301995,0.0650859761226457,35.6735238696712,0.161785038813832,8.51883795918879,0.0131749998960619,0.0131548429244267,9.06408246351452,0.495073818274558,3.37389714864104,3.85063324447351,41.4272307565978,10.5949613621979,57.015583326143094,56.149096326945504,0.0,0.0,0.0,1.0,0.0,0.0
3019,UGC04730,10.1758225186121,0.121946952142741,0.116198083212676,0.0594369467196109,8.41472759725785,0.0408803057324374,0.989443589556426,0.124031084714779,0.556559514049616,1.19570839525981,14.7711484468728,13.8878511133274,13.3473528383888,13.0956890440937,14.0927600109801,13.6491578350351,13.2906438595738,10.3096866482708,10.3096866482708,0.76372603608511,3.01226497407407,7.29654309489261,0.487547841599508,22.4509018304388,0.280576787500053,8.40028617681908,0.0109565958390324,0.0109097474856124,8.93347713709799,0.336848738137443,3.70912822928064,4.08974720995988,41.5038501368453,10.4452996390556,47.33293439460461,46.56884625738855,0.0,0.0,1.0,1.0,0.0,0.0
3020,2MASXJ09065870,nan,nan,nan,nan,nan,nan,nan,nan,nan,nan,16.9567080632774,15.3212011933369,14.658307982879,14.4957683548125,15.6600749979283,14.9342623610461,14.5681602405403,12.7022397564828,12.7022397564828,0.684870011126022,20.0508557020989,14.5930861897852,0.158179288102247,39.8503507490289,0.09314605616742,nan,0.0794774787253823,0.0799606388691581,9.26726134764711,0.445007208115458,1.25768164305454,1.25768164305454,40.4450379949232,11.8624077826027,361.40716218769376,358.6924132195522,0.0,nan,0.0,nan,0.0,nan
3021,NGC2780,nan,nan,nan,nan,nan,nan,nan,nan,nan,nan,15.6117275197664,14.395946863505,13.8094746536253,13.5222627690642,14.6385250502068,14.0905387650146,13.7483471431284,21.3997216925864,21.3997216925864,0.731089900675139,56.815052738331,18.3941607452992,0.391980085832614,33.4439286278167,0.0789663524371207,8.59044650924364,0.00659255246829362,0.00659901012330831,9.20834865818802,0.262679015511984,3.16878387033377,3.45861889104994,40.4302471817245,9.79433071228413,28.382379858165475,27.980673273833922,0.0,0.0,0.0,1.0,0.0,0.0
3022,NGC3220,8.93353709376918,0.109255196052097,-1.29430174817028,0.0806326367188616,8.32327738152869,0.0538255670318497,0.714872396841569,0.0433533853863021,0.164368090338966,0.648871511367169,15.6874768070091,14.6650203644052,14.2227924122398,13.9892540190372,14.8556707431116,14.4348751074204,14.1782864233083,19.3071536094676,19.3071536094676,0.928414366484878,5.16172650450701,18.9515595557628,0.469500201272893,39.0179167324529,0.161483300037162,8.32398220037183,0.00388502831705479,0.00384995096576148,8.65352761126657,0.299118652194544,3.35687613417803,3.39221575377607,39.8968547615686,8.74568910092672,16.690090077879585,16.34419438750934,1.0,0.0,0.0,-1.0,0.0,0.0
3023,MCG+09-18-064,8.26043693257439,0.0740150373698572,-1.38526711683449,0.57874072189237,nan,nan,0.128120092262109,0.128120092262109,1.0109013313739,0.892388409634644,16.7339854399903,15.0315061173263,14.3647153807911,14.0732559643567,15.3644221122399,14.6495815495609,14.2783744633416,11.6076994199927,11.6076994199927,0.528228248830265,73.3886444976266,12.9920632150279,0.330486215186554,42.3654235272649,0.0593412252920942,nan,0.0710967964486896,0.0707827827238698,9.76196058275623,0.217244103814868,0.951003615164081,0.951003615164081,40.0263117445044,11.7808677346847,321.3608492599333,315.281203493772,0.0,nan,0.0,nan,0.0,nan
3025,UGC06517,9.91680504437633,0.0990153870084359,-0.535004237348578,0.0816659354114086,8.47770982545395,0.0495130494085554,0.542309641588067,0.0266742744668455,0.159046123212325,0.482952867052489,15.4769337626069,14.4787746961599,13.9944079693896,13.7508529008942,14.6804959121799,14.2276240166069,13.9472317376865,18.4634066512828,18.4634066512828,0.805872693657895,-56.3162008891953,17.8367619348356,0.505748232684255,39.0179167324529,0.133557887188999,8.43291159658325,0.00834080913995392,0.00832760758705397,8.7941005084507,0.227527376895829,3.25632431624842,3.38387465316065,40.5601620512502,9.78446576144483,35.958573063072166,35.415038154852255,0.0,0.0,0.0,1.0,0.0,0.0
3026,CGCG242-073,10.4052112700386,0.0991823352632709,-0.911380300105655,0.439667513807565,nan,nan,0.0615513841413151,0.0466635982914748,0.937789094262711,1.64091490097228,16.286756140808,14.5896263717575,13.9230334842731,13.6251784812299,14.9216305880894,14.2114343336837,13.8473907371967,11.4486846276158,11.4486846276158,0.544432672933924,67.8548455673199,12.9092685525023,0.839471577965014,38.7278056575069,0.042118778916489,nan,0.0535717005432576,0.0534972497433037,9.60127421504826,0.169208143680736,1.29980402398303,1.29980402398303,40.1215954029762,11.7160548265585,239.06807035033245,235.47223419891665,0.0,nan,1.0,nan,0.0,nan
3027,NGC3896,9.6774164730724,0.0986924594078959,-1.15817511816103,0.215635342612405,8.38962289569869,0.0950247351083997,0.865201876646707,0.0608122828858802,0.27127411765714,0.896833686981603,14.9725182547934,14.1397982670695,13.9002967718094,13.728803633925,14.2522856658889,14.0374974935892,13.875165335547,15.7567769835993,15.7567769835993,0.668298908638577,66.7359488078558,17.5110417246028,0.988795534343808,42.3654235272649,0.12113324960518,8.34847773295342,0.00302257896100143,0.00293990818672554,8.84912663082146,0.219839954081437,3.17966721759104,3.28873456548757,39.5715802500756,8.4363465765956,12.976121899402935,12.66096643000052,0.0,0.0,-1.0,-1.0,0.0,0.0
