edge_pydb/dat_glob/califa/edge_califa.csv
# %ECSV 1.0
# ---
# datatype:
# - {name: ID, datatype: int64, description: CALIFA ID}
# - {name: Name, datatype: string, description: CALIFA Name}
# - {name: Su, unit: mag, datatype: float64, description: SDSS u magnitude from col 4 in get_mag_cubes_v2.2.csv. From CALIFA synthetic
#     photometry corrected for foreground extinction}
# - {name: Sg, unit: mag, datatype: float64, description: SDSS g magnitude from col 8 in get_mag_cubes_v2.2.csv. From CALIFA synthetic
#     photometry corrected for foreground extinction}
# - {name: Sr, unit: mag, datatype: float64, description: SDSS r magnitude from col 12 in get_mag_cubes_v2.2.csv. From CALIFA synthetic
#     photometry corrected for foreground extinction}
# - {name: Si, unit: mag, datatype: float64, description: SDSS i magnitude from col 16 in get_mag_cubes_v2.2.csv. From CALIFA synthetic
#     photometry corrected for foreground extinction}
# - {name: caB, unit: mag, datatype: float64, description: B magnitude from col 20 in get_mag_cubes_v2.2.csv. From CALIFA synthetic photometry
#     corrected for foreground extinction}
# - {name: caV, unit: mag, datatype: float64, description: V magnitude from col 24 in get_mag_cubes_v2.2.csv. From CALIFA synthetic photometry
#     corrected for foreground extinction}
# - {name: caR, unit: mag, datatype: float64, description: R magnitude from col 28 in get_mag_cubes_v2.2.csv. From CALIFA synthetic photometry
#     corrected for foreground extinction}
# - {name: caRe, unit: arcsec, datatype: float64, description: Equivalent radius Re from col 34 in get_mag_cubes_v2.2.csv}
# - {name: caeRe, unit: arcsec, datatype: float64, description: Error in equivalent radius from col 35 in get_mag_cubes_v2.2.csv}
# - {name: caEllipticity, datatype: float64, description: Ellipticity sqrt(1-b^2/a^2) from col 38 in get_mag_cubes_v2.2.csv}
# - {name: caPA, unit: deg, datatype: float64, description: PA from col 39 in get_mag_cubes_v2.2.csv}
# - {name: caR50, unit: arcsec, datatype: float64, description: R50 from col 40 in get_mag_cubes_v2.2.csv}
# - {name: caeR50, unit: arcsec, datatype: float64, description: Error in R50 from col 41 in get_mag_cubes_v2.2.csv}
# - {name: caR90, unit: arcsec, datatype: float64, description: R90 from col 42 in get_mag_cubes_v2.2.csv}
# - {name: caeR90, unit: arcsec, datatype: float64, description: Error in R90 from col 43 in get_mag_cubes_v2.2.csv}
# - {name: caZgas, datatype: float64, description: Redshift for gas lines from <z_gas> in get_proc_elines_CALIFA.csv}
# - {name: caZstars, datatype: float64, description: Redshift for stars from <z_stars> in get_proc_elines_CALIFA.csv}
# - {name: caAge, unit: dex(Gyr), datatype: float64, description: Mean stellar age from <log_age_mean_LW> in get_proc_elines_CALIFA.csv}
# - {name: caeAge, unit: dex(Gyr), datatype: float64, description: Error in mean stellar age from <s_log_age_mean_LW> in get_proc_elines_CALIFA.csv}
# - {name: caFHa, unit: dex(1e-16 erg / (cm2 s)), datatype: float64, description: Log of Halpha flux from <log_F_Ha> in get_proc_elines_CALIFA.csv}
# - {name: caFHacorr, unit: dex(1e-16 erg / (cm2 s)), datatype: float64, description: Log of extinction corrected Halpha flux from <log_F_Ha_cor>
#     in get_proc_elines_CALIFA.csv}
[...]
# - {name: caeAvstars, unit: mag, datatype: float64, description: Error in stellar extinction <Av_ssp_stats_stddev> in get_proc_elines_CALIFA.csv}
# - {name: caDistP3d, unit: Mpc, datatype: float64, description: Luminosity distance in Mpc from <DL> in get_proc_elines_CALIFA.csv}
# - {name: caDistMpc, unit: Mpc, datatype: float64, description: 'Luminosity distance in Mpc computed from caZgas assuming Ho=70, Om=0.27,
#     Ol=0.73'}
# - {name: caFlgWav5, datatype: float64, description: Flag (-1/0/1/2=NA/good/minor/bad) for wavelength calibration V500}
# - {name: caFlgWav12, datatype: float64, description: Flag (-1/0/1/2=NA/good/minor/bad) for wavelength calibration V1200}
# - {name: caFlgReg5, datatype: float64, description: Flag (-1/0/1/2=NA/good/minor/bad) for 2D registration rel to SDSS V500}
# - {name: caFlgReg12, datatype: float64, description: Flag (-1/0/1/2=NA/good/minor/bad) for 2D registration rel to SDSS V1200}
# - {name: caFlgImg5, datatype: float64, description: Flag (-1/0/1/2=NA/good/minor/bad) for reconstructed image quality V500}
# - {name: caFlgImg12, datatype: float64, description: Flag (-1/0/1/2=NA/good/minor/bad) for reconstructed image quality V1200}
# delimiter: ','
# meta: !!omap
# - {date: '2022-03-02'}
# - {comments: Galaxy properties determined from CALIFA}
# schema: astropy-2.0
ID,Name,Su,Sg,Sr,Si,caB,caV,caR,caRe,caeRe,caEllipticity,caPA,caR50,caeR50,caR90,caeR90,caZgas,caZstars,caAge,caeAge,caFHa,caFHacorr,caLHacorr,caMstars,caeMstars,caSFR,caOH,caeOH,caAvgas,caeAvgas,caAvstars,caeAvstars,caDistP3d,caDistMpc,caFlgWav5,caFlgWav12,caFlgReg5,caFlgReg12,caFlgImg5,caFlgImg12
[from data line 431]
839,NGC6166NED01,15.41383664611,13.7830741787184,13.1099250171733,12.8037286495112,14.1187251128944,13.4007819699547,13.0461914521431,19.131388167024,19.131388167024,0.692458524643734,-48.717577481888,19.6445391016339,0.150380269384186,43.7792585693556,0.198128838602884,0.0274040448776307,0.027360085924316,9.7345714795961,0.250972829759423,2.62022830317642,2.75005253295135,40.9768237214088,11.6490299972896,0.0925407907440035,-0.120086291599287,nan,nan,nan,nan,0.0923649836794111,0.841848575469191,118.69423049169845,119.90710168648492,0.0,2.0,1.0,1.0,0.0,1.0
840,NGC6173,15.42108537174,13.5669967036818,12.8360747308558,12.5268624180169,13.9330154882029,13.1501087880925,12.7684559460902,12.9825313306886,12.9825313306886,0.719601017582116,48.2743704765558,16.1645655034448,0.332652809476713,42.3623095952345,0.137997780059266,0.0292496883277626,0.029365957072518,9.80030798859694,0.178682284572812,1.65028678357812,1.97183255763998,40.2565728080074,11.6392512987226,0.0904451027525172,-0.840337205000665,nan,nan,nan,nan,0.0383450602528652,0.402306577011791,126.88612663163148,128.16379732890343,0.0,0.0,0.0,1.0,0.0,0.0
841,NGC6168,15.4361797581667,14.5762754800956,14.072191050531,13.8133768065904,14.7703499858137,14.3308872768382,14.0196633234636,19.621957037048,19.621957037048,0.969415569379009,20.3398431121625,21.1925875916115,0.79701836267941,42.385175183223,0.409171561599209,0.00840044240896968,0.00842203825266522,8.86510883204354,0.303436169181184,3.53255510505492,3.80325409655035,40.9894637238746,9.88831482571286,0.101154345873263,-0.10744628913341,8.41226472886984,0.067371612822164,0.804822290605111,0.110896020275945,0.361825055169503,0.950063794316448,35.82191744216042,36.217363499359784,0.0,0.0,0.0,0.0,0.0,0.0
842,NGC6186,15.0229498938603,13.6981158979603,13.0096127295822,12.7105209302734,13.9809831945273,13.3341307030552,12.9451529762126,14.9576782333305,14.9576782333305,0.957128525358215,-36.7946749858663,19.6445391016339,0.963221380035975,43.2179860235947,0.72490830148746,0.00977559620053576,0.00980655242922339,9.36833085881707,0.261038123281956,3.65579853249246,4.21287492348489,41.5298757151928,10.6306000973832,0.0879222048471187,0.43296570218479,8.59685502052421,0.0666383717070665,1.6909463915003,0.180144748643444,0.376028752143033,1.05923736014322,41.643230310299835,42.19179867887576,0.0,0.0,0.0,1.0,0.0,0.0
843,UGC10650,15.5205546222668,15.2303238668032,14.9085966354466,14.791954459866,15.3504172436603,15.1258010657048,14.8864103247941,18.4812304553052,18.4812304553052,0.98535589588307,-63.800272089169,28.2436156848433,0.1945641395954,44.6249127820524,0.0260883266936389,0.00988432150889126,0.00991570806545677,8.38769034128973,0.544101264705865,3.47370249007858,3.54019970704616,40.8682949972794,10.3263301498708,0.0876741980492531,-0.228615015728608,8.34503208156191,0.0822295573454101,0.29146255333326,0.0748970436247066,0.593303042866015,1.23652110032436,42.17855140520783,42.66470815326151,1.0,0.0,-1.0,-1.0,1.0,0.0
844,NGC6278,14.9521607258479,13.1160434541859,12.4254648470484,12.0950066053017,13.4516117254929,12.7284612151035,12.3587421224604,11.4265822370578,11.4265822370578,0.662172836492831,33.1654319646888,12.9092685525023,1.19715016407463,38.7278056575069,0.44350962043211,0.00931641348495201,0.00937900075883539,9.6849830292903,0.16848814846677,2.45902153614759,2.70729688523483,39.9846370523719,10.6102104876978,0.0953187502618716,-1.11227296063616,nan,nan,nan,nan,0.0109375146880684,0.29877836556491,39.78451779069888,40.19542892092575,0.0,0.0,0.0,1.0,0.0,0.0
845,UGC10693,15.4357747356664,13.767463839905,13.1271994317571,12.8448992513634,14.0920784382616,13.4034522737084,13.0693131846196,12.2939588668921,12.2939588668921,0.713136813237795,12.8890260763265,15.1543587355462,1.55123111955436,42.6567134778337,0.410881281680844,0.0276101773372229,0.027887764945693,9.64279016304714,0.205866187714587,1.65558943308153,1.65558943308153,39.8940396561377,11.3166930481256,0.0880154094424099,-1.2028703568703,nan,nan,nan,nan,0.0442913344820072,0.751698103989836,120.30096927771535,120.8281355524128,0.0,0.0,0.0,0.0,0.0,0.0
846,UGC10695,16.045888448792,14.3747850590527,13.6606422518578,13.3591182796264,14.7274831909919,13.9690587590957,13.5956409400425,13.9207475877986,13.9207475877986,0.695893294011234,16.7114494132834,16.7219643139084,0.842394361476181,40.1327143533801,0.214252189261614,0.027422119437838,0.0275208670312429,9.66488835564732,0.240707623780602,2.25315438891333,2.51501363616645,40.74015267756,11.2426334281613,0.0947886526307604,-0.35675733544805,nan,nan,nan,nan,0.0782808184033639,0.60486363082825,118.47140410523241,119.987850503257,0.0,0.0,0.0,0.0,0.0,0.0
847,UGC10710,16.1113820170713,14.773739727481,14.1273508926986,13.8048725048456,15.0525056604416,14.4349395497371,14.0554447406179,14.3989248330785,14.3989248330785,0.971886910530443,58.4042940980934,18.521994010112,0.366637694565043,41.5341683863118,0.232339668227581,0.0277459034137191,0.0277910011094491,9.08584221595827,0.351288293102473,3.0703912156731,3.50550956859771,41.7241007848552,11.1263657071639,0.0888365997976667,0.627190771847127,8.48638305203534,0.0774454086037934,1.593068696955,0.19569106977216,0.732450128441101,1.39880199402001,119.7750057261266,121.43473634484118,0.0,0.0,-1.0,0.0,0.0,0.0
848,NGC6310,15.7824684117496,14.144312189548,13.4275785961446,13.1062204778687,14.4764315429428,13.7424871427445,13.3608161134687,16.3712733532061,16.3712733532061,0.976581591916909,-20.5855912980451,19.5089583662264,0.0135347223604185,41.2475119743073,0.488336750141741,0.0112684153391443,0.0113356825305867,9.37525576397973,0.318637100950324,3.05302883289002,3.36393693551814,40.8066475581477,10.6515130460523,0.100873803151793,-0.290262454860346,8.5128327961103,0.0977852468141388,nan,nan,0.28824011163689,0.661755359782242,48.12816752752769,48.69192275157793,0.0,0.0,0.0,-1.0,0.0,0.0
849,NGC6301,15.6267283232015,14.3996534530511,13.9094507801595,13.6728567089469,14.6287886127125,14.114743439168,13.8673988363426,26.2600800308686,26.2600800308686,0.795002235813147,17.6366373512576,27.6787433711464,0.761733213059415,45.7546574094461,0.335726187962791,0.0278238369372902,0.0277546241336574,8.92309239509797,0.368257903533594,3.2654206006698,3.48099216517576,41.6750299373665,11.3081417437823,0.0800874273722835,0.578119924358485,8.48473612004003,0.0961827629227804,1.4321980218663,0.925085044042743,0.225421698427821,1.07760870332154,119.65614412453868,121.7831001346033,0.0,0.0,-1.0,1.0,1.0,1.0
850,NGC6314,15.3311771427397,13.818452048628,13.1648040845916,12.8709140831137,14.1206895540805,13.451239820093,13.1059871052573,11.8901854622755,11.8901854622755,0.815107367784123,84.1162623782891,13.4705410982633,0.615177793573821,38.7278056575069,0.502876389789179,0.0219012089793376,0.0219131568660985,9.34048518906748,0.215133853619641,2.4253932856712,2.69836994358054,40.7225217723515,11.1425480857506,0.0801304215524256,-0.374388240656595,nan,nan,nan,nan,0.26958425004335,1.1679603843246,93.99828487121005,95.42417622883194,0.0,0.0,0.0,1.0,0.0,0.0
851,NGC6338,15.5980452374916,13.7730898654202,13.0250373703639,12.7013463737053,14.1422771742374,13.3512983529202,12.9541718971173,14.1899578471456,14.1899578471456,0.616268777923275,-78.2500247570648,17.8463895508307,0.808691615471616,42.385175183223,0.589218435855571,0.0270767787878282,0.0272546644314112,9.78207599318433,0.274235065590654,2.41505033339303,3.12861336175216,41.3478286870383,11.5596981903501,0.100592972478769,0.250918674030199,nan,nan,nan,nan,0.0899309375044641,0.784706740107371,117.66618628394626,118.44540328950859,0.0,0.0,0.0,0.0,0.0,0.0
852,UGC10796,15.7184403058874,15.0206554737727,14.6798371480411,14.5165671704247,15.1628580171824,14.8489069326677,14.6575114445485,15.3583929798809,15.3583929798809,0.932199012579698,10.4885158753122,20.2058116473949,0.342770896949247,42.6567134778337,0.0370324092635457,0.0102058839580618,0.0101764565383889,8.61689495451895,0.280608999919515,3.12627994717376,3.18539819896937,40.5382447405921,9.62003080697261,0.117994227859929,-0.558665272415972,8.37188516942536,0.0866226240465108,0.452491184103751,0.157256161925667,0.346386436965627,0.588309559019833,43.397757207947826,44.06383795132663,0.0,0.0,0.0,0.0,0.0,0.0
853,NGC6361,15.720226289158,14.0980904203823,13.279078082579,12.8963918547842,14.449413811463,13.6574340395326,13.1903170425149,16.7733787407792,16.7733787407792,0.98132326859837,-36.9607062335373,20.7670841931559,0.0188321962848192,43.2179860235947,0.267565482548264,0.0125881602108971,0.0126182338784578,9.36103920511425,0.252216477275592,3.48485627527343,4.37762190720988,41.9159345672559,10.9451883249809,0.0992100651382792,0.819024554247869,8.53777197500609,0.062882331226936,2.99439679391772,0.120598613435082,0.633445841773871,1.53859957371032,53.72795924239527,54.45097751037505,0.0,2.0,0.0,-1.0,0.0,1.0
854,UGC10811,16.2536935387313,14.7645387156651,14.0822550063903,13.7749716975402,15.0811351032659,14.3811946829775,14.0150905639779,13.0588865517148,13.0588865517148,0.899055788338597,5.62487655070609,14.6866801561185,0.700166474038156,37.2815727039931,0.0466176496036326,0.0290053930696149,0.0288124508502969,7.47785821190325,0.589334780824842,2.76328363523852,2.87470211238278,41.1420544888593,10.77270314797,0.0921584966368242,0.0451444758512361,8.4881748882365,0.0965461202952677,0.607284617170564,0.204989980592609,0.0910449397754351,0.244256498670626,124.37130841216361,127.06961528095985,0.0,0.0,-1.0,1.0,1.0,0.0
855,UGC10799,21.8736442223904,20.3015771432405,19.8657589577361,19.8401077205874,20.5685064337141,20.0200623854683,19.8745007363455,63.2679052655572,63.2679052655572,0.585999276623615,-65.9326715159393,22.5948925478746,1.82689618413168e-05,50.8385082327179,0.000507552517426874,0.0283568456552406,0.0282971367496856,nan,nan,0.0700368819632025,0.0700368819632025,38.323268512957,-12.0,nan,-2.77364150005107,8.42631996492857,0.105604826065168,0.0647680691286592,0.0985858183743126,nan,nan,122.3657370592101,124.16673781940686,1.0,0.0,-1.0,-1.0,1.0,0.0
856,IC1256,15.5766021027247,14.3493121732605,13.7779234839866,13.5049737812364,14.5944530117316,14.0450032190928,13.7244207605726,19.6815564361648,19.6815564361648,0.813806499171394,1.89443935685488,20.2058116473949,0.287929638475134,41.5341683863118,0.140981785152206,0.015696981492138,0.0156490853282211,9.07145906900251,0.266492048970664,3.36118955826973,3.60671286506215,41.3369542770646,10.6181713260851,0.0880491191339663,0.2400442640565,8.48970253117246,0.108444515942626,1.11101810678116,0.0743440684405955,0.176903115089096,0.6755006016619,67.01387341753694,68.06356606058557,0.0,0.0,1.0,1.0,0.0,0.0
857,NGC6394,15.9285971423397,14.6121945558302,13.9903905840533,13.7006433195086,14.8838529067274,14.280603537983,13.9268839583834,16.1667460374328,16.1667460374328,0.882926253313359,-59.227212320423,15.0497678825175,1.0911300463741,32.3291310068895,0.241775317053396,0.0283106815244721,0.0284609771332394,9.37101083007357,0.228188298508516,2.96161943126544,3.42563636792952,41.6824399379374,11.0904729241406,0.0909758694040893,0.585529924929329,8.54900468062635,0.0604964623468119,1.69953707882607,0.101252112164673,0.263662738909308,1.01012060357377,122.86998350946625,123.96021517738292,0.0,0.0,0.0,0.0,0.0,0.0
858,UGC10905,15.5683314687173,13.8635341094268,13.141776100354,12.8355103518298,14.2027747598768,13.4580555683612,13.0755278406368,11.6109052221999,11.6109052221999,0.731992643205729,88.4827387394847,13.4705410982633,0.498828688449066,39.2890782032679,0.556255583522955,0.0255929496799264,0.0256830384610673,9.45558435536097,0.291955937230164,2.4583888593416,3.23822460219696,41.4039924187109,11.3465576368464,0.0927209317287186,0.307082405702852,nan,nan,nan,nan,0.270753527287159,0.977429939292626,110.64401407535752,111.82698500634312,0.0,0.0,0.0,0.0,0.0,0.0
859,NGC6411,14.8463948837117,13.1540545175925,12.5240948969505,12.221385627587,13.4700695997398,12.7965098034961,12.4662461891841,13.8951308354281,13.8951308354281,0.690298579517575,-18.7131922088816,17.3994489185901,2.54293377161957,42.6567134778337,0.296652176277689,0.0121700805125937,0.0123364925198933,9.58390156575797,0.210492716637473,2.01809565528943,2.01809565528943,39.5377470192088,10.9532431435575,0.0862469969123512,-1.5591629937993,nan,nan,nan,nan,0.0123889401954341,0.350851460642755,52.58594670640866,52.625303835835176,0.0,0.0,-1.0,0.0,0.0,0.0
860,NGC6427,15.1264775743223,13.2703430956715,12.5467843577566,12.2248902878565,13.6264376482481,12.8588761358979,12.4810960712242,11.0670315651978,11.0670315651978,0.661303238116203,-36.7300602666227,10.1677016465436,2.3555656828903,34.4572111355088,0.388979208965623,0.0105820381828883,0.010805883292069,9.52890810128189,0.34036325737747,1.71219968771165,1.71219968771165,39.1160010412836,10.7007944308971,0.101180741110375,-1.98090897172448,nan,nan,nan,nan,0.128117136255171,0.432786393586314,46.01979627602589,45.70138611323022,0.0,0.0,-1.0,-1.0,1.0,1.0
861,UGC10972,15.5987518190063,14.3947261588799,13.8562134330986,13.5934370448197,14.6401510750614,14.093938366227,13.8093367635527,17.7546969217284,17.7546969217284,0.97512822564288,-36.0850354626607,20.900275606784,0.80672148874919,42.9302958409618,0.166839761142086,0.0154145194315542,0.0152670152628054,8.81708248029003,0.388908531411041,3.14591574479928,3.32402728382249,41.0359756215896,10.7744201741479,0.0952889858528891,-0.0609343914184642,8.42782728638425,0.0869733039967566,0.854856598632556,0.147349125551114,0.317597513784018,0.624219447335475,65.61727396143169,66.82406155801004,0.0,0.0,-1.0,-1.0,1.0,1.0
862,NGC6478,15.0195962129385,13.7514384740517,13.1738867603825,12.9069610130543,13.9971219279353,13.4422660689067,13.1208784381524,16.5689257478856,16.5689257478856,0.932686708199079,-55.5894101803566,21.7502872650749,1.59179275586877,42.9428748566864,0.0162934688295024,0.0225779733988799,0.0224849738280018,8.85655630545486,0.302919543011974,3.50163963917365,4.16955092676891,42.2199567860136,11.3496698134025,0.0936949659814425,1.12304677300553,8.50032732501691,0.07159320136247,2.36129553835825,0.178101375680067,0.412802096699804,1.10942402034525,96.88285862294987,98.42430222590832,0.0,0.0,1.0,1.0,1.0,0.0
863,NGC6497,15.4706380952163,13.8993642124162,13.271683918926,12.9843220149271,14.2021201527505,13.5480222723502,13.2157565828919,13.397660840714,13.397660840714,0.901344259459458,75.8213760520399,16.8381763728291,0.427368652941368,40.9728958405508,0.0499375284402106,0.0201069296457443,0.0201138109031111,9.1877714062977,0.413793431112427,3.08048845703501,3.39502470093737,41.3443785445566,11.0451460429741,0.0818093027644061,0.247468531548512,8.55889293754821,0.0701730919920203,1.55145065178529,0.183616229215743,0.0767442069388432,0.333912166613838,86.24242045388905,87.48488810412779,0.0,0.0,-1.0,-1.0,1.0,1.0
864,NGC6515,15.4169409939746,13.8019615073377,13.1543148086035,12.8736352636657,14.1246867009451,13.4327435681899,13.099388009871,12.31356106131,12.31356106131,0.584569068018377,-70.4768464498953,15.0497678825175,1.43574029077718,41.2475119743073,0.246472115724458,0.0225650301669199,0.0227338772199376,9.44119635719215,0.368932771146578,1.89501935582893,1.89501935582893,39.9531497261207,11.2684942349547,0.0909696603600322,-1.14376028688739,nan,nan,nan,nan,0.261787084613667,1.51710600280411,97.74829709066312,98.36689560255256,0.0,0.0,0.0,0.0,0.0,0.0
