edge_pydb/dat_glob/califa/edge_califa.csv
# %ECSV 1.0
# ---
# datatype:
# - {name: ID, datatype: int64, description: CALIFA ID}
# - {name: Name, datatype: string, description: CALIFA Name}
# - {name: Su, unit: mag, datatype: float64, description: SDSS u magnitude from col 4 in get_mag_cubes_v2.2.csv. From CALIFA synthetic
#     photometry corrected for foreground extinction}
# - {name: Sg, unit: mag, datatype: float64, description: SDSS g magnitude from col 8 in get_mag_cubes_v2.2.csv. From CALIFA synthetic
#     photometry corrected for foreground extinction}
# - {name: Sr, unit: mag, datatype: float64, description: SDSS r magnitude from col 12 in get_mag_cubes_v2.2.csv. From CALIFA synthetic
#     photometry corrected for foreground extinction}
# - {name: Si, unit: mag, datatype: float64, description: SDSS i magnitude from col 16 in get_mag_cubes_v2.2.csv. From CALIFA synthetic
#     photometry corrected for foreground extinction}
# - {name: caB, unit: mag, datatype: float64, description: B magnitude from col 20 in get_mag_cubes_v2.2.csv. From CALIFA synthetic photometry
#     corrected for foreground extinction}
# - {name: caV, unit: mag, datatype: float64, description: V magnitude from col 24 in get_mag_cubes_v2.2.csv. From CALIFA synthetic photometry
#     corrected for foreground extinction}
# - {name: caR, unit: mag, datatype: float64, description: R magnitude from col 28 in get_mag_cubes_v2.2.csv. From CALIFA synthetic photometry
#     corrected for foreground extinction}
# - {name: caRe, unit: arcsec, datatype: float64, description: Equivalent radius Re from col 34 in get_mag_cubes_v2.2.csv}
# - {name: caeRe, unit: arcsec, datatype: float64, description: Error in equivalent radius from col 35 in get_mag_cubes_v2.2.csv}
# - {name: caEllipticity, datatype: float64, description: Ellipticity sqrt(1-b^2/a^2) from col 38 in get_mag_cubes_v2.2.csv}
# - {name: caPA, unit: deg, datatype: float64, description: PA from col 39 in get_mag_cubes_v2.2.csv}
# - {name: caR50, unit: arcsec, datatype: float64, description: R50 from col 40 in get_mag_cubes_v2.2.csv}
# - {name: caeR50, unit: arcsec, datatype: float64, description: Error in R50 from col 41 in get_mag_cubes_v2.2.csv}
# - {name: caR90, unit: arcsec, datatype: float64, description: R90 from col 42 in get_mag_cubes_v2.2.csv}
# - {name: caeR90, unit: arcsec, datatype: float64, description: Error in R90 from col 43 in get_mag_cubes_v2.2.csv}
# - {name: caZgas, datatype: float64, description: Redshift for gas lines from <z_gas> in get_proc_elines_CALIFA.csv}
# - {name: caZstars, datatype: float64, description: Redshift for stars from <z_stars> in get_proc_elines_CALIFA.csv}
# - {name: caAge, unit: dex(Gyr), datatype: float64, description: Mean stellar age from <log_age_mean_LW> in get_proc_elines_CALIFA.csv}
# - {name: caeAge, unit: dex(Gyr), datatype: float64, description: Error in mean stellar age from <s_log_age_mean_LW> in get_proc_elines_CALIFA.csv}
# - {name: caFHa, unit: dex(1e-16 erg / (cm2 s)), datatype: float64, description: Log of Halpha flux from <log_F_Ha> in get_proc_elines_CALIFA.csv}
# - {name: caFHacorr, unit: dex(1e-16 erg / (cm2 s)), datatype: float64, description: Log of extinction corrected Halpha flux from <log_F_Ha_cor>
#     in get_proc_elines_CALIFA.csv}
[...]
# - {name: caeAvstars, unit: mag, datatype: float64, description: Error in stellar extinction <Av_ssp_stats_stddev> in get_proc_elines_CALIFA.csv}
# - {name: caDistP3d, unit: Mpc, datatype: float64, description: Luminosity distance in Mpc from <DL> in get_proc_elines_CALIFA.csv}
# - {name: caDistMpc, unit: Mpc, datatype: float64, description: 'Luminosity distance in Mpc computed from caZgas assuming Ho=70, Om=0.27,
#     Ol=0.73'}
# - {name: caFlgWav5, datatype: float64, description: Flag (-1/0/1/2=NA/good/minor/bad) for wavelength calibration V500}
# - {name: caFlgWav12, datatype: float64, description: Flag (-1/0/1/2=NA/good/minor/bad) for wavelength calibration V1200}
# - {name: caFlgReg5, datatype: float64, description: Flag (-1/0/1/2=NA/good/minor/bad) for 2D registration rel to SDSS V500}
# - {name: caFlgReg12, datatype: float64, description: Flag (-1/0/1/2=NA/good/minor/bad) for 2D registration rel to SDSS V1200}
# - {name: caFlgImg5, datatype: float64, description: Flag (-1/0/1/2=NA/good/minor/bad) for reconstructed image quality V500}
# - {name: caFlgImg12, datatype: float64, description: Flag (-1/0/1/2=NA/good/minor/bad) for reconstructed image quality V1200}
# delimiter: ','
# meta: !!omap
# - {date: '2022-03-02'}
# - {comments: Galaxy properties determined from CALIFA}
# schema: astropy-2.0
ID,Name,Su,Sg,Sr,Si,caB,caV,caR,caRe,caeRe,caEllipticity,caPA,caR50,caeR50,caR90,caeR90,caZgas,caZstars,caAge,caeAge,caFHa,caFHacorr,caLHacorr,caMstars,caeMstars,caSFR,caOH,caeOH,caAvgas,caeAvgas,caAvstars,caeAvstars,caDistP3d,caDistMpc,caFlgWav5,caFlgWav12,caFlgReg5,caFlgReg12,caFlgImg5,caFlgImg12
[from data line 189]
203,NGC2596,15.4062582321188,14.2821734845671,13.7385337219743,13.4702265946047,14.4716548066704,14.0167338247839,13.684402533233,18.9195791900613,18.9195791900613,0.92640944685853,-26.263700559611,20.2058116473949,0.46412908527941,42.0954409320727,0.657981518949271,0.0196781803904715,0.0197609618558725,8.59139892451222,0.512475119993896,3.41611432677506,3.83009479425669,41.7620522782076,10.8653107877308,0.0948132901436633,0.665142265199562,8.49127496190613,0.0822742270257421,1.50059174040017,0.140320891280314,0.274479977540468,0.461615053877948,84.53231387907782,85.59095874840175,0.0,0.0,1.0,-1.0,0.0,0.0
204,NGC2595,15.4243351097622,14.1612133715534,13.5445278581491,13.2489393978379,14.417141544831,13.8464477825521,13.4822765573584,17.8106603595942,17.8106603595942,0.0698694441189927,-60.3594059927001,27.6900473574216,0.120458803605288,47.0730805076167,0.724873266927887,0.0141500978703763,0.0141308215514618,9.16097489284575,0.362323045489753,3.42387396485212,3.63598260855141,41.2744220002238,10.8121903566731,0.0820701219630889,0.177511987215732,8.53505343791516,0.0715919520474782,0.358005046706169,0.139243123522675,0.130245016428992,0.864114211793372,60.292558136573575,61.28209026743406,0.0,0.0,1.0,1.0,0.0,0.0
205,UGC04425,16.0287834578003,14.9971882432625,14.5045370755897,14.2817330702761,15.1898070043328,14.7528352519371,14.4633571850462,14.3628107186387,14.3628107186387,0.968716195368995,49.7155549707413,17.960721464351,0.283174488552277,40.4116232947898,0.275399690299807,0.0195845754357952,0.0193887261220197,8.68738679652111,0.491501482740076,2.94647760221069,3.28284301412761,41.2019374781698,10.4138573743509,0.0914081045296935,0.105027465161703,8.45220076841983,0.0781781680763649,1.05960314652922,0.137541056845493,0.163602045652397,0.489328570668862,83.28969025660078,85.17763807056672,0.0,0.0,1.0,1.0,0.0,0.0
208,UGC04461,15.6145773780611,14.5976107124079,14.1257567238542,13.862729957128,14.7926591043299,14.3598580585629,14.0756149093964,18.0050519337859,18.0050519337859,0.935481444831785,-42.9441811776163,19.6445391016339,0.649334637535276,39.8503507490289,0.299805586832051,0.0166275105326952,0.0165555729246273,8.43056319292051,0.370353724057304,3.44047827289715,3.69266578605073,41.4726010249942,10.3519306200636,0.114204545992206,0.375691011986155,8.39117485496262,0.0989407894859357,0.926920258313885,0.119161402865462,0.468976768804835,1.01047437542884,70.95967773248657,72.150724541563,0.0,-1.0,1.0,-1.0,0.0,2.0
209,NGC2604,14.7474036000805,14.2142445939624,13.8727230638989,13.7451623530344,14.3382708000958,14.0940545195968,13.8482280558693,23.2374716443585,23.2374716443585,0.695947267472088,-75.8946981614198,27.6787433711464,1.98138983231911,49.7087636053242,0.447406169495679,0.00697842293203177,0.00694120145004328,8.55194323872489,0.246186115810471,3.92856972725019,3.9986643276969,41.016840543949,9.63669517453035,0.10098482232313,-0.0800694690590762,8.37800402525227,0.0708946433343882,0.302678079422963,0.118966997028527,0.186710000353454,0.701393880831566,29.521071939948353,30.052793710181838,0.0,0.0,1.0,1.0,0.0,0.0
210,UGC04468,15.930306704523,14.2495193748964,13.6289659709646,13.3529325065906,14.5415888367643,13.907966977512,13.5745003450784,13.4966828128169,13.4966828128169,0.646180195145688,-87.2443247850695,15.6071666929811,0.65549342432837,41.8049107847709,0.311947476241073,0.0246242554631385,0.0246843529538664,9.1937032934031,0.417811705339671,1.86927299256747,1.86927299256747,39.9998291737096,11.0702837074529,0.0881252782274242,-1.09708083929842,nan,nan,nan,nan,0.251952149859736,1.40733063555483,106.24832828074238,107.51416926104855,0.0,0.0,1.0,-1.0,0.0,1.0
213,NGC2623,15.172049603649,14.0342231123175,13.5828196389726,13.2944330985272,14.2187450476282,13.8007005598496,13.5302956972327,13.8180539602195,13.8180539602195,0.801294553940755,-82.1285207899177,13.4705410982633,0.206329666573893,31.9925351083753,0.0925760667694249,0.0182091890181493,0.0183465456448326,8.73969651996212,0.288229994523424,2.84097870823065,3.8141182131882,41.6797103107449,10.6757796007541,0.10492467886555,0.582800297736799,nan,nan,2.32932876402398,0.125170084241587,0.37949783948551,1.02269551455181,78.3141184756908,79.11127543243218,0.0,0.0,0.0,0.0,0.0,0.0
216,NGC2638,15.4851912303155,13.7212873743243,13.0865105351311,12.7541888798753,13.9953169047025,13.3673374099346,13.0185633907011,12.3037576328284,12.3037576328284,0.781911529797437,-27.3393974107577,11.7867234609804,0.112605267299386,40.9728958405508,0.445250965335532,0.0127206584979061,0.012705833937384,8.5445633895253,0.93209540293995,2.61896781847277,2.977181474189,40.5202356226057,10.657772955429,0.0991713766987596,-0.5766743904024,nan,nan,nan,nan,0.575781667452047,0.783000059667439,54.02205356391489,55.02981822897507,0.0,0.0,1.0,1.0,0.0,0.0
218,UGC04550,16.0975186871469,14.9289312976229,14.361079397414,14.1180663170811,15.1183403229437,14.6312157550311,14.3122951123157,21.3848928395322,21.3848928395322,0.931413127038529,-82.3909527930359,25.4192541163589,0.527477897255267,49.7087636053242,0.143335454472435,0.00687659124339212,0.00729345264758528,8.66755740133287,0.713985224614594,3.0696703409998,3.40199582929912,40.4303767219521,9.96192417275306,0.092979017308785,-0.666533291055984,8.41442052941149,0.0890811479628681,0.989331328736297,0.276213305458852,0.696841647317568,1.22781053574808,30.963391861591095,29.611871303002278,0.0,0.0,-1.0,1.0,0.0,0.0
219,NGC2639,14.4544601078968,12.8160310801974,12.1509475441548,11.8328243327439,13.1282139808198,12.4495598267912,12.0844034973261,14.5137124709222,14.5137124709222,0.868499097721637,45.3138312075802,16.3812970972091,1.58105054597036,40.1059342724774,0.788133337273734,0.0105379169489494,0.0105129988524953,9.37763532737372,0.386803947133248,3.4656663988364,4.86360076991999,42.2446144777898,10.9336610516172,0.0837209913754065,1.14770446478173,8.55928729445931,0.0513070321930411,1.81337993858796,0.12654753765264,0.103342374803615,0.42024787661293,44.82815541451863,45.50925939218002,0.0,0.0,-1.0,-1.0,0.0,0.0
220,UGC04546,16.1471075975185,14.6088247853817,13.8526884689271,13.4773524486094,14.9360381897822,14.2067173241089,13.7676002906078,10.8802363443961,10.8802363443961,0.905550829132071,-67.4593578231221,9.47577977788141,0.485962884451169,35.6735238696712,0.15178303593818,0.017399432878704,0.0173827826841488,9.19347575124771,0.484124704976835,2.27507262344042,2.3998941077904,40.222875695034,10.8511313678147,0.111398982234527,-0.874034317974047,nan,nan,nan,nan,0.486156715266295,1.06902775880301,74.56496332822927,75.54565252782824,0.0,2.0,1.0,-1.0,0.0,2.0
221,UGC04551,14.8575019245396,13.0173416540801,12.3511573664261,12.0348050583865,13.3338828981592,12.6449372365633,12.2864821048746,10.5260936813987,10.5260936813987,0.462835842589908,33.5138687005344,8.36098215695418,6.03905760847101,35.6735238696712,0.205271308254112,0.0055177227643842,0.00561142066872737,8.64820670842821,0.992728365747938,2.63289116209535,2.63540991441554,39.4683932049279,10.1429371025036,0.0995044525396404,-1.62851680808019,nan,nan,nan,nan,0.281290513380002,0.736888047894463,23.852596428454596,23.73482560476216,0.0,0.0,1.0,-1.0,0.0,0.0
226,UGC04659,16.4687547412365,15.5852205908285,15.139415500105,14.893020938926,15.785596372364,15.3539922713538,15.0935951889846,20.1511758647975,20.1511758647975,0.928836563844092,19.3789513549186,20.9112603354367,0.112909337610688,43.5180282656384,0.185824026404283,0.00567549109182351,0.00573181305285178,8.54532885468789,0.415035841962425,2.8832656921844,2.8832656921844,39.7272745184257,8.92518921828501,0.109678518416718,-1.36963549458239,8.3220832244422,0.104729369287987,0.238652174278181,0.143119441990738,0.359829312409747,0.714332140705506,24.15730197087085,24.4165231265988,1.0,0.0,0.0,0.0,0.0,0.0
231,UGC04722,15.9208258907175,15.3467109164343,15.1596025302367,15.0357049668375,15.4565389774608,15.2858683717857,15.1460739786789,18.726352992504,18.726352992504,0.981437203996173,-59.6728811616794,22.4509018304388,0.331752087418792,46.5856212981605,0.139067968067579,0.00583960521122762,0.00606011200218709,8.17055918823228,0.424412294033354,3.23597471073905,3.28580353630188,40.1803854511046,8.68763660817345,0.124738427110568,-0.916524561903476,8.24174715076097,0.111604615140732,0.268095495579988,0.0905335979886499,0.213254277830984,0.642933772568062,25.605600916436362,25.125819474588198,1.0,0.0,0.0,0.0,0.0,0.0
232,NGC2730,15.5520160360037,14.6433217760548,14.1959195964763,13.9240596964926,14.8151302932317,14.4281114720155,14.1424803975397,24.9871505003368,24.9871505003368,0.650864697334358,-4.43207431494542,27.5023547422875,0.214854675461538,44.9018036608776,0.412727591884334,0.01266194268488,0.0125499210739061,8.63736588137722,0.276049955273408,3.66410659879471,3.82073917109522,41.3597120927411,10.2787138708199,0.081000920149982,0.262802079733042,8.45435577389567,0.0639386223422767,0.518911774397175,0.0903253612450267,0.333539022631297,0.878027771266698,53.768816306288535,54.77329385543337,0.0,0.0,0.0,0.0,0.0,0.0
260,NGC2805,15.4684508248022,14.3566541271502,13.8319283965827,13.5700601268904,14.5712655912761,14.0876318047898,13.7799848260459,25.1477787977487,25.1477787977487,0.760353685507499,-14.0149287542031,28.4273393336442,0.421335530816577,48.4936965103343,0.804310477268899,0.00579949103333436,0.00571046729596838,9.02045090456519,0.254514070780385,3.54000918333005,3.63251349140798,40.4864164837931,9.67892033910575,0.0788201070205442,-0.610493529214976,8.52522580550816,0.0972620028199453,0.533045028151652,0.876638106845434,0.240010707358042,1.12598556379945,24.434052977683155,24.95243029465583,0.0,0.0,1.0,1.0,0.0,0.0
272,NGC2880,14.5545380980589,12.7488128005829,12.0676587501402,11.7449922313948,13.0843602347523,12.365031863637,12.0013316958423,12.8332880031699,12.8332880031699,0.588998166954246,21.7154110892235,15.0497678825175,2.17853230291075,41.2475119743073,0.168699159634684,0.00473336430022076,0.00515356518595194,9.66018252161775,0.15000616425853,1.54798348801077,1.54798348801077,38.305378196835,10.3448142488997,0.0815279946089099,-2.7915318161731,nan,nan,nan,nan,0.0245336851249224,0.360634938925241,21.864591582472354,20.348220284048946,0.0,0.0,0.0,-1.0,0.0,0.0
273,IC2487,15.7704236211962,14.501946521698,13.8905619567838,13.5636367167667,14.7565392811139,14.1764127862468,13.8222344155245,19.443369653083,19.443369653083,0.97497808600334,74.1832300051639,21.3283567389169,0.0135088431762256,44.3405311151166,0.332892898811679,0.014317235467475,0.0143112346296197,8.91510623155041,0.338040701665208,3.27879217047785,3.63990694563742,41.2900834770226,10.5849137168756,0.0978621965994362,0.193173464014559,8.48772863299519,0.0807751846128683,1.47952241982378,0.130682914299998,0.418768277354655,0.884577925877735,61.11281385588295,62.014038304586094,0.0,0.0,0.0,0.0,0.0,2.0
274,IC0540,15.813203207024,14.4801429489917,13.8002843251069,13.4359851696382,14.7766460624662,14.1123272171573,13.7194574371592,14.6605262712997,14.6605262712997,0.959374625575996,80.2718026835899,14.0318136440242,0.130204564071704,36.482715474463,0.132415091518325,0.00667383860399856,0.00671614474407576,9.1476167375329,0.427058627510302,2.57125024981282,2.93596054909353,39.9222946824616,9.86938436853909,0.0954501570777881,-1.17461533054648,nan,nan,1.41583830679652,0.158807255214984,0.487297759042942,1.16659834178753,28.458439468592346,28.734179442108825,0.0,0.0,0.0,0.0,0.0,0.0
275,NGC2906,14.8697300688479,13.3756382447492,12.7342163042802,12.3999700306005,13.6571116374391,13.0359255170818,12.6623653216323,18.4532457724214,18.4532457724214,0.892214818703019,-5.18840923734075,21.8896292846778,1.64181986520271,41.5341683863118,0.733593717344036,0.00711866654623639,0.00714769562461727,9.39049078464128,0.251060637495676,3.71907310603409,4.06827942265579,41.1080205657102,10.4713667737556,0.077199887209705,0.0111105527021391,8.58521647450482,0.0519044014194581,1.09797006183719,0.0904277771923185,0.138562336359391,0.702552764010636,30.263181780374467,30.66015160888112,0.0,0.0,0.0,1.0,0.0,0.0
277,NGC2916,14.850068387827,13.3676606564935,12.8459489740628,12.5580914107223,13.6256861374485,13.074386648158,12.792488201531,19.894834441933,19.894834441933,0.841052329241882,-63.5596972853192,25.8185371050046,1.9117287206227,44.9018036608776,0.710618338217671,0.0122065012317875,0.0122251346191415,8.88711387512628,0.308592089242593,3.73642668063812,3.79519978755759,41.3061961382159,10.8080949539303,0.0791325400390833,0.209286125207807,8.53875536987747,0.0742216365460593,0.383965425663106,0.114406773566508,0.0581648778298714,0.768146184101895,52.06455853885895,52.7842992014462,0.0,0.0,1.0,-1.0,0.0,0.0
278,UGC05108,15.8392779440354,14.4142498604382,13.7749594995964,13.443722330592,14.6943720958507,14.0707687039608,13.7038659929319,13.1192007235666,13.1192007235666,0.529493723521523,52.593188939925,12.8201726406631,0.366330518858092,38.4605179219892,0.25541735408639,0.0269252157599855,0.0269329362285827,9.11501259259573,0.270456617044069,2.96669614747126,3.67092426811192,41.8785160941535,11.0635781412981,0.0969462408882662,0.781606081145438,8.48783613203764,0.087840147551649,1.32904963565158,0.145950212691254,0.18412526031892,0.596455345465241,116.10206066974314,117.76870491311483,0.0,0.0,0.0,1.0,0.0,0.0
279,NGC2918,15.1508944110612,13.4959234770347,12.8963133184433,12.6206499445042,13.8015352124035,13.1529259069173,12.8446502499613,12.8856897635313,12.8856897635313,0.685551455032918,-27.6991309343931,13.4705410982633,1.55315619819157,37.043988020224,0.65670240741747,0.0222104743727141,0.0224114308817237,9.30923470759553,0.254952138991889,1.99167059229454,2.07268796746496,40.1181511484285,11.2003738316131,0.0981091457551683,-0.97875886457953,nan,nan,nan,nan,0.116640759517335,0.713599228057321,96.33311538359686,96.79478322994298,0.0,0.0,0.0,0.0,0.0,0.0
280,UGC05111,16.2498471917582,14.7320772649734,13.9310802930412,13.5532968030686,15.056852111594,14.3037762435429,13.8443987730418,13.9512361613934,13.9512361613934,0.966965915660855,28.9086548198996,15.0497678825175,0.505347608668103,37.9031191115256,0.189700003143955,0.0223903645666296,0.0225830758487318,9.12785619210186,0.337193917140859,2.94420431669514,3.66193000095906,41.7134663691636,11.1306451583913,0.0850736194188635,0.616556356155508,8.53060827799482,0.0671300706986074,2.62418880085899,0.211674552766811,0.768379564698348,1.50834379224804,97.0090382688268,97.59231742214814,0.0,0.0,0.0,0.0,0.0,0.0
281,UGC05113,15.9518375759152,14.2988609592909,13.6313529680035,13.3319743884294,14.622754796574,13.9206768433253,13.5722029735597,11.3213499642876,11.3213499642876,0.930551364526091,-45.2849439194243,11.2974462739373,0.501670203846516,38.4113173313869,0.0930620049845032,0.02258320881637,0.0229289470395561,9.03925502575945,0.603028812142007,1.58035901076396,1.58035901076396,39.6473554767965,11.014083745583,0.100522993033404,-1.44955453621157,nan,nan,nan,nan,0.275927161943517,0.633254204329838,98.75116958296717,98.44752299155023,0.0,0.0,-1.0,-1.0,0.0,0.0
297,UGC05244,16.0295108360742,15.191937844858,14.7483159084977,14.4915761635964,15.3613163165369,14.9742846019102,14.6964252051392,17.3972266636791,17.3972266636791,0.976470511729744,-57.5273297315652,16.8307030351156,0.378628420680215,35.9054998082466,0.0542684361172832,0.0100670462333495,0.00990146643581347,8.50940532293938,0.343535836762829,3.07336984723105,3.26429022328201,40.5992178582329,9.62843736593928,0.101328116897991,-0.49769215477516,8.34902497091948,0.0822466875231935,0.699514999022825,0.0830768769477817,0.542265241817233,1.066396267084,42.51163736673471,43.45966420006644,0.0,0.0,0.0,0.0,0.0,0.0
