edge_pydb/dat_glob/califa/edge_califa.csv
# %ECSV 0.9
# ---
# datatype:
# - {name: ID, datatype: int64, description: CALIFA ID}
# - {name: Name, datatype: string, description: CALIFA Name}
# - {name: caMass, unit: dex(solMass), datatype: float64, description: Stellar mass from col 149 in Pipe3D_NSA_CALIFA-DR3_candidates.csv}
# - {name: caeMass, unit: dex(solMass), datatype: float64, description: Error in stellar mass from col 150 in Pipe3D_NSA_CALIFA-DR3_candidates.csv}
# - {name: caSFR, unit: dex(solMass / yr), datatype: float64, description: SFR from col 151 in Pipe3D_NSA_CALIFA-DR3_candidates.csv}
# - {name: caeSFR, unit: dex(solMass / yr), datatype: float64, description: Error in SFR from col 152 in Pipe3D_NSA_CALIFA-DR3_candidates.csv}
# - {name: caOH, unit: dex, datatype: float64, description: Oxygen abundance as 12+log(O/H) from col 153 in Pipe3D_NSA_CALIFA-DR3_candidates.csv}
# - {name: caeOH, unit: dex, datatype: float64, description: Error in oxygen abundance from col 154 in Pipe3D_NSA_CALIFA-DR3_candidates.csv}
# - {name: caAvgas, unit: mag, datatype: float64, description: Nebular extinction as Av from col 155 in Pipe3D_NSA_CALIFA-DR3_candidates.csv}
# - {name: caeAvgas, unit: mag, datatype: float64, description: Error in nebular extinction from col 156 in Pipe3D_NSA_CALIFA-DR3_candidates.csv}
# - {name: caAvstars, unit: mag, datatype: float64, description: Stellar extinction as Av from col 157 in Pipe3D_NSA_CALIFA-DR3_candidates.csv}
# - {name: caeAvstars, unit: mag, datatype: float64, description: Error in stellar extinction from col 158 in Pipe3D_NSA_CALIFA-DR3_candidates.csv}
# - {name: Su, unit: mag, datatype: float64, description: SDSS u magnitude from col 4 in get_mag_cubes_v2.2.csv. From CALIFA synthetic
#     photometry corrected for foreground extinction}
# - {name: Sg, unit: mag, datatype: float64, description: SDSS g magnitude from col 8 in get_mag_cubes_v2.2.csv. From CALIFA synthetic
#     photometry corrected for foreground extinction}
# - {name: Sr, unit: mag, datatype: float64, description: SDSS r magnitude from col 12 in get_mag_cubes_v2.2.csv. From CALIFA synthetic
#     photometry corrected for foreground extinction}
# - {name: Si, unit: mag, datatype: float64, description: SDSS i magnitude from col 16 in get_mag_cubes_v2.2.csv. From CALIFA synthetic
#     photometry corrected for foreground extinction}
# - {name: caB, unit: mag, datatype: float64, description: B magnitude from col 20 in get_mag_cubes_v2.2.csv. From CALIFA synthetic photometry
#     corrected for foreground extinction}
# - {name: caV, unit: mag, datatype: float64, description: V magnitude from col 24 in get_mag_cubes_v2.2.csv. From CALIFA synthetic photometry
#     corrected for foreground extinction}
# - {name: caR, unit: mag, datatype: float64, description: R magnitude from col 28 in get_mag_cubes_v2.2.csv. From CALIFA synthetic photometry
#     corrected for foreground extinction}
# - {name: caRe, unit: arcsec, datatype: float64, description: Equivalent radius Re from col 34 in get_mag_cubes_v2.2.csv}
# - {name: caeRe, unit: arcsec, datatype: float64, description: Error in equivalent radius from col 35 in get_mag_cubes_v2.2.csv}
# - {name: caEllipticity, datatype: float64, description: Ellipticity sqrt(1-b^2/a^2) from col 38 in get_mag_cubes_v2.2.csv}
[...]
# - {name: caMstars, unit: dex(solMass), datatype: float64, description: 'Log of stellar mass, from column 73 log_Mass in get_proc_elines_CALIFA.csv'}
# - {name: caDistMpc, unit: Mpc, datatype: float64, description: 'Luminosity distance in Mpc computed from caZgas assuming Ho=70, Om=0.27,
#     Ol=0.73'}
# - {name: caDistP3d, unit: Mpc, datatype: float64, description: Luminosity distance in Mpc from <DL> column 129 in get_proc_elines_CALIFA.csv}
# - {name: caFlgWav5, datatype: float64, description: Flag (-1/0/1/2=NA/good/minor/bad) for wavelength calibration V500}
# - {name: caFlgWav12, datatype: float64, description: Flag (-1/0/1/2=NA/good/minor/bad) for wavelength calibration V1200}
# - {name: caFlgReg5, datatype: float64, description: Flag (-1/0/1/2=NA/good/minor/bad) for 2D registration rel to SDSS V500}
# - {name: caFlgReg12, datatype: float64, description: Flag (-1/0/1/2=NA/good/minor/bad) for 2D registration rel to SDSS V1200}
# - {name: caFlgImg5, datatype: float64, description: Flag (-1/0/1/2=NA/good/minor/bad) for reconstructed image quality V500}
# - {name: caFlgImg12, datatype: float64, description: Flag (-1/0/1/2=NA/good/minor/bad) for reconstructed image quality V1200}
# delimiter: ','
# meta: !!omap
# - {date: '2021-06-29'}
# - {comments: Galaxy properties determined from CALIFA}
# schema: astropy-2.0
ID,Name,caMass,caeMass,caSFR,caeSFR,caOH,caeOH,caAvgas,caeAvgas,caAvstars,caeAvstars,Su,Sg,Sr,Si,caB,caV,caR,caRe,caeRe,caEllipticity,caPA,caR50,caeR50,caR90,caeR90,caOH_O3N2,caZgas,caZstars,caAge,caeAge,caFHa,caFHacorr,caLHacorr,caMstars,caDistMpc,caDistP3d,caFlgWav5,caFlgWav12,caFlgReg5,caFlgReg12,caFlgImg5,caFlgImg12
[from data line 641]
3029,NGC5145,9.88053861602895,0.103564945321068,-0.0406424992023219,0.0555723789344189,8.60761288773133,0.0321786674518461,2.0081624522493,0.130195441197376,0.458013765426661,1.85850729410558,14.8594048208498,13.547474786547,12.7708276787089,12.387464146496,13.8337240498998,13.1556328889506,12.6779401206106,13.9253071814097,13.9253071814097,0.713360977440708,-7.18430225762755,13.9349702615903,0.425440037913177,36.7883214905984,0.589559141882461,8.56456218958976,0.00404491694231625,0.00398222783939995,9.04453339857921,0.335977566009101,3.84164557526707,4.50809875829337,41.048094029242,9.99275958993267,17.379175269330275,17.02321759558545,0.0,2.0,0.0,-1.0,0.0,2.0
3030,NGC5358,10.1632348777798,0.0943199161956864,-2.52834701132618,0.785828825324353,nan,nan,nan,nan,0.123917988659567,0.695897885103206,15.8905196457762,14.3774256134521,13.7707902317975,13.419447771303,14.6722437141478,14.035977752788,13.698000950975,11.3256424814755,11.3256424814755,0.867340266458492,50.3896064491714,10.1029058236975,0.628185152794288,31.9925351083753,0.138308653002227,nan,0.00777264431588242,0.00815409909163061,9.26542766279906,0.531880119188094,0.85023626952059,0.85023626952059,38.0071689993438,9.96998683410296,33.494117471039374,34.63461623869337,0.0,0.0,1.0,0.0,0.0,0.0
3031,UGC09056,9.31712761614318,0.0788316630302055,-0.676682745329835,0.0819643834251126,8.26706356733929,0.0440320524293546,0.502296293083383,0.0404620579536863,0.206453993282677,0.535077641517794,15.2984567110615,14.5319444811311,14.2354454460085,14.1002021439326,14.6539594606811,14.4187713648158,14.2125280530854,17.2682921730083,17.2682921730083,0.938140992590054,51.1362101810513,16.3812970972091,0.839070530691174,41.800551213568,0.171641428136283,8.28876878117675,0.00667594673075957,0.00709065820127249,8.41040775099506,0.329448443696001,3.43984012281376,3.54206553554376,40.5773973989617,9.18907375048917,28.74330383470417,30.109943923808274,1.0,0.0,1.0,-1.0,0.0,2.0
3032,UGC09356,9.67476592661563,0.109926787573442,-0.593940056439033,0.072774718514802,8.42298470356059,0.0395153765307112,0.456611392404489,0.0196756711051578,0.158622372381084,0.676177937961677,15.0006128637306,14.229207501616,13.8497094918196,13.6461550462817,14.3712027470696,14.0567763862502,13.8129416814228,20.1088893221985,20.1088893221985,0.870046848934246,12.3418136238419,16.8381763728291,1.44178776434978,35.3601703829411,0.175701590679154,8.42354444877242,0.00736268736478656,0.00730452078471189,8.55372817477327,0.432569672299136,3.41619442181702,3.48808313606373,40.5515156535044,9.48543573059088,31.717259119888286,31.09999174161689,0.0,nan,0.0,nan,0.0,nan
3033,UGC09868,10.1039658028033,0.0916299991839479,-0.944177736150322,0.580971477366718,nan,nan,1.28242713197518,0.422367034288645,0.53971078218744,1.49458293681532,16.8278242037383,15.1472020860516,14.5134740015466,14.1787215182433,15.4918186498994,14.7659907532804,14.4268467995178,12.3734476289481,12.3734476289481,0.903953514258348,-63.5416574266209,14.0318136440242,0.183700963180058,39.2890782032679,0.120768304134053,nan,0.0733505216885261,0.0731501580671132,9.50426491459246,0.386025633465789,1.36082570601319,1.36082570601319,40.4659313196609,11.6860011359729,332.08628437382475,326.28478436242506,0.0,nan,0.0,nan,0.0,nan
3034,NGC5950,10.0043712886703,0.095305333489085,-0.291115308820801,0.106403704632391,8.47160611392905,0.0644574013811274,1.10345377941602,0.0406783446742054,0.262964344165537,0.872594052304171,15.5198467196335,14.4553396740802,13.9447189427619,13.7411827138123,14.6782371489919,14.2180246943503,13.904343582906,19.0525643875786,19.0525643875786,0.845378585785477,-46.3755448428964,20.900275606784,0.777963418102445,41.800551213568,0.00876856944015003,nan,nan,nan,nan,nan,nan,nan,nan,nan,nan,nan,0.0,0.0,-1.0,1.0,0.0,0.0
3035,UGC10117,10.5804324034658,0.092578455063361,-0.289066519692293,0.168100596120168,nan,nan,1.17044887780032,0.0950124191307385,0.241443587699327,0.778259787753467,15.9539350172206,14.5081885857422,13.820797580078,13.4407283057351,14.8145258162339,14.1287857319992,13.7391150864576,11.8965058334617,11.8965058334617,0.924268709251482,40.9522130553621,11.8623185876342,0.908641226582745,35.5869557629025,0.231944535207845,nan,0.017799892234721,0.018048171736549,9.0369020619308,0.433073578838957,2.61405946550365,3.19104273920665,41.0461570660296,10.9199906686126,77.30845668997411,77.37509199712315,0.0,0.0,-1.0,-1.0,1.0,0.0
3037,CGCG251-041,10.7882579158656,0.102690763476498,-0.330646148651412,0.166709510413254,8.49135685674109,0.0660182322600183,0.782871002213044,0.177733461098769,0.105850716773647,0.621469628861543,15.6321485182005,14.1778119595631,13.5429122501991,13.1858381421675,14.476480474805,13.8304149390914,13.4687577093782,9.99359621201824,9.99359621201824,0.802026076739378,33.5231542837539,7.34334007805925,1.14191905952441,30.5031049396307,0.0172910543695508,nan,0.0174655546303734,0.0175977380752459,8.83485489831985,0.42234504978325,2.7444773629664,3.00241744750215,40.8348101577798,11.0147885237383,75.83664328762853,75.3772640850198,0.0,0.0,-1.0,-1.0,1.0,0.0
3038,UGC10803,9.86197666639081,0.105495594651664,-0.646802033853925,0.0619656384832794,8.57369063550952,0.0329477319878175,1.02014280160991,0.037630299502541,0.166556269855845,0.598319177741123,14.6026118027974,13.3747939082585,12.8091947748421,12.5445451848866,13.6141989654113,13.0745659420851,12.7560260092988,15.6404970065451,15.6404970065451,0.74437083913275,-73.9119049475874,14.6866801561185,2.47100017176854,33.8923388218119,0.37218274359617,8.49464935057287,0.00419064800954872,0.00411634491811323,8.83673069344496,0.394036013185926,3.59968085269061,3.87436992109092,40.4422275794361,9.72664682092443,18.00739599503653,17.578136968167925,0.0,0.0,-1.0,-1.0,0.0,0.0
3039,MCG-01-52-012,10.6203220670034,0.0910277952327404,-1.40027196942065,0.399924001952148,nan,nan,0.24854864893516,0.24854864893516,0.111846671771264,0.670086797445352,15.4107529228034,13.9854088139822,13.4002830771863,13.0502681207408,14.2668534632811,13.6587757747145,13.3284687735453,10.8873123017157,10.8873123017157,0.641768484607999,-4.85704426649807,9.54163327793649,0.424636719285814,32.5538076541362,0.216607355704525,nan,0.0126950979060809,0.0127028530716944,9.30452154873104,0.361702320925368,2.03420903368971,2.03420903368971,39.5770153357961,10.4790278266654,54.918143326640944,54.006640915205814,0.0,0.0,0.0,1.0,0.0,0.0
3040,CGCG429-012,10.5604469120507,0.0843649701313401,-1.2352535471146,0.556207619497828,nan,nan,0.677689349648751,0.640502282944032,0.18329943690142,0.616694791989759,16.1189445873181,14.7300977407527,14.1149600323268,13.7443926952838,15.0215429488462,14.3790644461057,14.0400497059498,10.4298901067879,10.4298901067879,0.952048919515012,66.1104461266981,9.03795701914985,0.142197020226945,34.4572111355088,0.0800445477528484,nan,0.0174610358461753,0.0174636367899991,8.98434583743227,0.46847235697461,1.56717744642771,1.56717744642771,39.3921269113335,10.5065063297094,75.816755940028,74.73408943821863,0.0,0.0,-1.0,1.0,0.0,0.0
4027,UGC9837,9.75430852596402,0.104820120641264,-0.381610654157748,0.0761758229898049,8.34109089742974,0.0762822072377941,0.379414102516557,0.0120176117423829,0.131106402882975,0.859304972356883,15.842403788781,15.0038743732488,14.5897534138231,14.3676018824165,15.1863964527894,14.7895097406771,14.5499767521348,22.7479433988265,22.7479433988265,0.62770587484316,27.9618863606875,26.1977440917898,0.706988782840199,46.2641012684798,0.226072043619936,8.36195114672043,0.00887884667536825,0.00894433189075177,8.58349137555217,0.2818237067695,3.450528605627,3.50044801226662,40.7347149236161,9.56113068376369,38.29436593084445,37.85972635851483,0.0,0.0,0.0,0.0,0.0,0.0
4031,UGC12250,11.1779060726935,0.0871956241933653,0.403052883326124,0.0869730224003874,8.53713908146724,0.0446783696457764,0.82125361297485,0.0245158053416551,0.068844059108418,0.728417259665685,15.9313517548336,14.410370935634,13.76698322624,13.4761164719886,14.7102826033786,14.0530648505671,13.7071716772405,14.9976993060052,14.9976993060052,0.91364973442685,-76.6211286930261,23.0121743761998,0.171819053121908,43.2179860235947,0.34041685439206,8.54024050446357,0.0239309894798809,0.0239992495758948,9.20262586316021,0.288760276844239,3.16967099608093,3.36278933624294,41.4672335809995,11.1141669661658,104.43145550583233,103.10177386047067,0.0,0.0,1.0,1.0,0.0,0.0
7001,CGCG263-044,nan,nan,nan,nan,nan,nan,nan,nan,nan,nan,nan,nan,nan,nan,nan,nan,nan,nan,nan,nan,nan,nan,nan,nan,nan,nan,nan,nan,nan,nan,nan,nan,nan,nan,nan,nan,nan,nan,nan,nan,nan,nan
8000,NGC0426,11.0824548604904,0.101292574170775,0.31924860979543,0.159405226742602,nan,nan,2.22069934142035,0.385819979783221,0.135473275307418,0.918033696043055,15.383399927301,13.7487254694091,13.0584361938943,12.7395090380664,14.0813200914559,13.3714036815499,12.9920447568257,10.6759913111328,10.6759913111328,0.634039364903926,58.6081421989752,10.1677016465436,0.0774645964692695,35.5869557629025,0.548253795509225,nan,0.0174327748605657,0.0174615168121896,9.5761292988979,0.296019719717857,3.07522018663857,4.10962424634356,41.9339159721327,11.047393385163,75.69238133792898,74.67751846022759,0.0,0.0,-1.0,-1.0,0.0,0.0
8001,UGC02225,nan,nan,nan,nan,nan,nan,nan,nan,nan,nan,16.1301658314627,14.7771833719556,14.126511738323,13.7827544295189,15.0534490062201,14.4394172641764,14.0511118744374,18.6369076255616,18.6369076255616,0.871547742747447,87.7215269145613,23.5734469219607,0.529230053408568,57.2497996676189,4.02648513630638,nan,0.0169415926812632,0.0168853442412162,8.88069587552609,0.449603804609594,2.71063150055838,2.94683942420909,40.7428411322887,10.9332129889065,73.53158020500621,72.28444802357359,nan,nan,nan,nan,nan,nan
