edge_pydb/dat_glob/califa/edge_califa.csv
# %ECSV 1.0
# ---
# datatype:
# - {name: ID, datatype: int64, description: CALIFA ID}
# - {name: Name, datatype: string, description: CALIFA Name}
# - {name: Su, unit: mag, datatype: float64, description: SDSS u magnitude from col 4 in get_mag_cubes_v2.2.csv. From CALIFA synthetic
#     photometry corrected for foreground extinction}
# - {name: Sg, unit: mag, datatype: float64, description: SDSS g magnitude from col 8 in get_mag_cubes_v2.2.csv. From CALIFA synthetic
#     photometry corrected for foreground extinction}
# - {name: Sr, unit: mag, datatype: float64, description: SDSS r magnitude from col 12 in get_mag_cubes_v2.2.csv. From CALIFA synthetic
#     photometry corrected for foreground extinction}
# - {name: Si, unit: mag, datatype: float64, description: SDSS i magnitude from col 16 in get_mag_cubes_v2.2.csv. From CALIFA synthetic
#     photometry corrected for foreground extinction}
# - {name: caB, unit: mag, datatype: float64, description: B magnitude from col 20 in get_mag_cubes_v2.2.csv. From CALIFA synthetic photometry
#     corrected for foreground extinction}
# - {name: caV, unit: mag, datatype: float64, description: V magnitude from col 24 in get_mag_cubes_v2.2.csv. From CALIFA synthetic photometry
#     corrected for foreground extinction}
# - {name: caR, unit: mag, datatype: float64, description: R magnitude from col 28 in get_mag_cubes_v2.2.csv. From CALIFA synthetic photometry
#     corrected for foreground extinction}
# - {name: caRe, unit: arcsec, datatype: float64, description: Equivalent radius Re from col 34 in get_mag_cubes_v2.2.csv}
# - {name: caeRe, unit: arcsec, datatype: float64, description: Error in equivalent radius from col 35 in get_mag_cubes_v2.2.csv}
# - {name: caEllipticity, datatype: float64, description: Ellipticity sqrt(1-b^2/a^2) from col 38 in get_mag_cubes_v2.2.csv}
# - {name: caPA, unit: deg, datatype: float64, description: PA from col 39 in get_mag_cubes_v2.2.csv}
# - {name: caR50, unit: arcsec, datatype: float64, description: R50 from col 40 in get_mag_cubes_v2.2.csv}
# - {name: caeR50, unit: arcsec, datatype: float64, description: Error in R50 from col 41 in get_mag_cubes_v2.2.csv}
# - {name: caR90, unit: arcsec, datatype: float64, description: R90 from col 42 in get_mag_cubes_v2.2.csv}
# - {name: caeR90, unit: arcsec, datatype: float64, description: Error in R90 from col 43 in get_mag_cubes_v2.2.csv}
# - {name: caZgas, datatype: float64, description: Redshift for gas lines from <z_gas> in get_proc_elines_CALIFA.csv}
# - {name: caZstars, datatype: float64, description: Redshift for stars from <z_stars> in get_proc_elines_CALIFA.csv}
# - {name: caAge, unit: dex(Gyr), datatype: float64, description: Mean stellar age from <log_age_mean_LW> in get_proc_elines_CALIFA.csv}
# - {name: caeAge, unit: dex(Gyr), datatype: float64, description: Error in mean stellar age from <s_log_age_mean_LW> in get_proc_elines_CALIFA.csv}
# - {name: caFHa, unit: dex(1e-16 erg / (cm2 s)), datatype: float64, description: Log of Halpha flux from <log_F_Ha> in get_proc_elines_CALIFA.csv}
# - {name: caFHacorr, unit: dex(1e-16 erg / (cm2 s)), datatype: float64, description: Log of extinction corrected Halpha flux from <log_F_Ha_cor>
#     in get_proc_elines_CALIFA.csv}
[...]
# - {name: caeAvstars, unit: mag, datatype: float64, description: Error in stellar extinction <Av_ssp_stats_stddev> in get_proc_elines_CALIFA.csv}
# - {name: caDistP3d, unit: Mpc, datatype: float64, description: Luminosity distance in Mpc from <DL> in get_proc_elines_CALIFA.csv}
# - {name: caDistMpc, unit: Mpc, datatype: float64, description: 'Luminosity distance in Mpc computed from caZgas assuming Ho=70, Om=0.27,
#     Ol=0.73'}
# - {name: caFlgWav5, datatype: float64, description: Flag (-1/0/1/2=NA/good/minor/bad) for wavelength calibration V500}
# - {name: caFlgWav12, datatype: float64, description: Flag (-1/0/1/2=NA/good/minor/bad) for wavelength calibration V1200}
# - {name: caFlgReg5, datatype: float64, description: Flag (-1/0/1/2=NA/good/minor/bad) for 2D registration rel to SDSS V500}
# - {name: caFlgReg12, datatype: float64, description: Flag (-1/0/1/2=NA/good/minor/bad) for 2D registration rel to SDSS V1200}
# - {name: caFlgImg5, datatype: float64, description: Flag (-1/0/1/2=NA/good/minor/bad) for reconstructed image quality V500}
# - {name: caFlgImg12, datatype: float64, description: Flag (-1/0/1/2=NA/good/minor/bad) for reconstructed image quality V1200}
# delimiter: ','
# meta: !!omap
# - {date: '2022-03-02'}
# - {comments: Galaxy properties determined from CALIFA}
# schema: astropy-2.0
ID,Name,Su,Sg,Sr,Si,caB,caV,caR,caRe,caeRe,caEllipticity,caPA,caR50,caeR50,caR90,caeR90,caZgas,caZstars,caAge,caeAge,caFHa,caFHacorr,caLHacorr,caMstars,caeMstars,caSFR,caOH,caeOH,caAvgas,caeAvgas,caAvstars,caeAvstars,caDistP3d,caDistMpc,caFlgWav5,caFlgWav12,caFlgReg5,caFlgReg12,caFlgImg5,caFlgImg12
[from data line 82]
89,NGC0941,14.8199773190251,14.0327258575527,13.6629729059809,13.4940260653646,14.1726760474585,13.860693606751,13.633817986772,26.6606171132177,26.6606171132177,0.570775115510897,56.00867284452,25.8185371050046,1.34057623273111,45.4630762066386,0.734601566550566,0.00532304702424993,0.00523028076111484,8.66687412021323,0.265265972040634,3.77070625363174,3.82010892262129,40.5979411763953,9.57287856523954,0.104354486530148,-0.498968836612749,8.43526031426916,0.0729239315331852,0.326975587847827,0.119950517210926,0.100778331620964,0.634178015039005,22.38515685476041,22.893888800538498,0.0,0.0,0.0,0.0,0.0,0.0
90,NGC0938,14.9572146207431,13.3337585415883,12.6815333501346,12.3723346354039,13.6420976232509,12.9691471642046,12.619762377525,11.9289901791694,11.9289901791694,0.62596294009594,0.167144176294211,13.4705410982633,1.06529976684033,38.7278056575069,0.679779259727354,0.0132591638363329,0.0134538314791024,9.4885986325254,0.260314351870751,2.41919399312512,2.41919399312512,40.0153784701892,11.0000108811864,0.0910982934549274,-1.08153154281881,nan,nan,nan,nan,0.156945534083934,0.972242701603904,57.429661107274946,57.38358691314736,0.0,0.0,0.0,-1.0,0.0,0.0
91,NGC0955,14.4477047098817,12.8264012146941,12.1700616525006,11.829895636493,13.1271447117288,12.462617758496,12.0997708658388,13.4521773726285,13.4521773726285,0.967105467446417,-71.4886167683878,15.8164247835122,3.68061673146713,39.5410619587806,0.49170222352933,0.00484056307176305,0.00488183126225065,9.28000669693157,0.36962631887675,3.06355053700166,3.26409508522186,39.9693400846859,10.1686765485384,0.100281403493698,-1.1275699283222,nan,nan,nan,nan,0.195442631678802,0.57217240103775,20.59048207741527,20.810823059093682,0.0,0.0,-1.0,-1.0,0.0,0.0
92,NGC0962,14.9431372798904,13.2909158562597,12.6582959304387,12.3752466635187,13.6006032860007,12.9291871275602,12.6051982834349,12.4324347117014,12.4324347117014,0.871950047055855,75.6638051645129,14.5866092971002,0.49026932527704,40.3936872842775,0.579609112596529,0.0152166349074433,0.0152738474837626,9.39993176248558,0.351865074526086,1.95197463179621,1.95197463179621,39.6591996980039,11.2035516387683,0.0857985627264958,-1.43771031500417,nan,nan,nan,nan,0.29447764866907,0.939964365866671,65.26142433872765,65.95602137762026,0.0,0.0,1.0,-1.0,0.0,0.0
93,UGC02018,15.5923403151479,14.0582219192546,13.445650214119,13.1431125002509,14.3577767851336,13.7076151132858,13.3881307265981,12.1150735916837,12.1150735916837,0.695979173105617,-9.41755831497169,12.9092685525023,1.04990161500723,34.7988978371801,0.117722548472528,0.020517785031773,0.0204684599854189,9.39986427860675,0.322245645394187,1.67309672268897,1.67309672268897,39.6382476594742,10.960139138557,0.10944410578633,-1.45866235353387,nan,nan,nan,nan,0.0774152251396366,0.4347020586788,87.82526792996961,89.300929655392,0.0,0.0,0.0,1.0,0.0,0.0
94,NGC0976,13.9413670141386,12.9954754002573,12.3854582643148,12.0884819902128,13.2247922870719,12.6378724830091,12.3313819579147,14.4684851766046,14.4684851766046,0.612595101894383,82.0241967275141,15.8164247835122,0.69159727776514,38.9761896450837,0.193191038335669,0.0141782201911777,0.0138861539405587,8.50515453319179,0.568725786786923,3.75286548911383,4.16721864678811,41.6896632244175,10.9318769360197,0.0898979984606018,0.59275321140946,8.50192239786372,0.0975842149966589,1.62336318022188,0.268313660835845,0.339263413264728,1.10163155480529,59.21219253712174,61.40523357356827,0.0,-1.0,-1.0,1.0,0.0,0.0
95,NGC0991,15.2844128718707,14.2787169469885,13.8381776441198,13.5755736897898,14.4654547189573,14.0405866988094,13.7897253139476,29.7201521385796,29.7201521385796,0.271935083683078,-21.159532420907,31.7717321964259,1.88524937722832,51.2806905626523,0.235239248070855,0.00498812790342844,0.00494598587368182,8.78122783448572,0.265794444290956,3.61072378765652,3.61072378765652,40.3363335878666,9.41787597967959,0.0808827661924879,-0.760576425141449,8.47003974198185,0.0751319235887545,0.171503626850235,0.0998794689716122,0.156409433189975,1.72644582717348,21.078947155848358,21.447748277674936,0.0,0.0,1.0,1.0,1.0,0.0
96,UGC02099,15.6581802587232,14.2755476889683,13.6175640579475,13.3171381005063,14.5760353020733,13.8899635249193,13.5589841080312,12.5818994488348,12.5818994488348,0.845802991090872,47.9799303499314,15.0497678825175,0.335238067744243,39.0179167324529,0.245363557334798,0.0273276002184797,0.0273142053026561,9.23053819344909,0.335795673845455,2.45760105686653,2.45760105686653,40.6774229450827,11.2468115654056,0.0985508691207384,-0.419487067925352,nan,nan,nan,nan,0.343191298357445,0.823608491646781,117.74838497185921,119.56560615928866,1.0,0.0,1.0,0.0,0.0,0.0
97,UGC02134,15.200285670075,14.0043500208763,13.3937814917154,13.1055734737199,14.2537018039869,13.6704364816213,13.3366723758587,18.5122538420686,18.5122538420686,0.919784038838446,20.7103552085049,21.8896292846778,0.451990409920654,43.2179860235947,0.753264009239302,0.0152162080568318,0.0151438446611902,9.0358858064837,0.322136995717987,3.46902174215883,3.78610012075795,41.4878883358544,10.8817689702649,0.0980068881192667,0.390978322846347,8.53674147008868,0.0829610044382102,0.989676571618072,0.17903581175172,0.395495033814295,0.816970087823492,64.85420239053154,65.95414923975558,1.0,0.0,0.0,0.0,0.0,0.0
98,NGC1026,15.061598462362,13.418776707479,12.7577479221042,12.45617528808,13.738497130409,13.0413637136654,12.6999216291431,13.5284066796973,13.5284066796973,0.418404020850531,16.8409625012796,16.8381763728291,1.52291411394253,41.5341683863118,0.460763135086779,0.0138437712026215,0.0138579725867619,9.55838438266827,0.192651422747592,1.51145026386911,1.51145026386911,39.1334252693192,10.9585276774566,0.0973371988217095,-1.96348474368885,nan,nan,nan,nan,0.0514469736550491,0.709009794759707,59.16045666649139,59.94107821684095,0.0,0.0,1.0,0.0,0.0,0.0
99,NGC1041,15.3842109725138,13.8476146842532,13.2577161222081,12.9838744135712,14.1401707354263,13.5089070405149,13.2061572517415,12.9223025803611,12.9223025803611,0.651192807000354,-39.4764658912622,15.1543587355462,0.788422975577305,41.5341683863118,0.518862738910855,0.0234763317927778,0.0235390709924334,9.39455764107051,0.207654324226263,1.62695695037959,1.62695695037959,39.7155417245304,11.1505260639009,0.0955634838862685,-1.38136828847765,nan,nan,nan,nan,0.0451130163082651,0.636925884577416,101.23633215545594,102.4114916440374,0.0,0.0,1.0,1.0,0.0,1.0
100,NGC1056,14.2207759975294,13.0965872585168,12.4325944756676,12.1016090694552,13.3493319120209,12.7668677692244,12.3555583649396,12.7466160741624,12.7466160741624,0.836211240385927,62.7720781346196,14.5930861897852,1.47721770821954,39.8503507490289,0.392408454458916,0.00519133608209636,0.00513799682657573,9.01035122262132,0.350619791876015,3.96121818387057,4.4905408870245,41.2491364743922,10.3060941972688,0.0876164007678771,0.152226461384188,8.43294418999465,0.0590002127829567,1.69001361367314,0.126430411433983,0.528252783522704,1.62398367442155,21.894841653720395,22.325085816829944,0.0,0.0,1.0,0.0,0.0,1.0
101,NGC1060,14.5341574024127,12.7544681497461,12.0552222124697,11.7181368632796,13.0880434460742,12.3703287108257,11.984123777941,14.4795636981158,14.4795636981158,0.601643422533541,-13.4020739496288,18.0759140382997,3.08585118802876,42.9302958409618,0.870004259615939,0.0170330256749984,0.0171505696774694,9.72249350677053,0.207542456182001,2.36548873876797,2.36548873876797,40.1746686259552,11.5490323953426,0.0923529344543273,-0.922241387052862,nan,nan,nan,nan,0.0322385144523653,0.564131197729179,73.38950501872729,73.93368805281527,0.0,0.0,-1.0,1.0,0.0,0.0
102,NGC1070,14.4445459040207,13.0141571417134,12.3753775401756,12.0769710322958,13.295295312634,12.6628022918746,12.3160548477594,16.5613028662916,16.5613028662916,0.568944072654091,-84.4471360405179,19.5089583662264,1.55650516599417,44.0345060266254,1.66813786216079,0.0135367705750861,0.0135149489429165,9.31001937185877,0.215001872951196,3.58333216065386,3.90368454525985,41.5039492454756,11.1248579886165,0.079507682318945,0.407039232467567,8.56196714669074,0.0755712824723934,1.06445730689224,0.12075310689787,0.107483889695133,0.752896296384128,57.70007332964742,58.59775030909315,0.0,0.0,0.0,0.0,0.0,0.0
103,UGC02222,15.4453390752518,13.787499439051,13.1525207325294,12.8605017451808,14.0996098309861,13.4283041829566,13.0963070521279,11.0024836257514,11.0024836257514,0.817558758452472,0.703496970676835,10.1677016465436,1.39756875852413,34.4572111355088,0.124232080464623,0.0163533238565124,0.0163804510000423,9.1355098354882,0.457425321101519,1.89393330278622,1.89393330278622,39.6626902566739,11.0420315926159,0.0951792840911644,-1.4342197563341,nan,nan,nan,nan,0.479057294507686,1.13243741655338,70.0523150088339,70.94581058496607,0.0,0.0,-1.0,-1.0,1.0,0.0
104,UGC02229,15.94548231666,14.3887739919624,13.6981394976597,13.3675543772232,14.7125004396864,14.0041560546404,13.6280086529913,12.9930710708647,12.9930710708647,0.801186303213919,81.8182899712981,14.0318136440242,0.565355222510107,38.7278056575069,0.0618951838805089,0.0242015641952626,0.0243494615697675,9.44160089335424,0.3569525103172,2.28806226637781,2.581602879307,40.7002349265278,11.142141931138,0.0887526241468223,-0.39667508648024,nan,nan,1.14062052141066,0.190855382024681,0.162925815658281,0.954720872210528,104.79969979647294,105.63422604916877,0.0,0.0,0.0,0.0,0.0,0.0
105,UGC02239,15.8711743793399,14.8974582887414,14.2613069004077,13.9254699425794,15.1629119637149,14.5385044801287,14.192696955897,15.334588384438,15.334588384438,0.965242221074301,-76.7840555879382,16.1645655034448,0.559444835388774,37.9031191115256,0.0787118577066082,0.0158658988018537,0.015939026741312,8.82818206409939,0.427015385203634,2.93141049645144,3.31031545326326,41.0530097178463,10.4258038294211,0.0997694089452301,-0.0439002951617226,8.4977975063644,0.0844036993060638,1.50292651283832,0.147045331612147,0.521204862623177,0.937825023056458,67.98156328469078,68.80506817905962,0.0,0.0,0.0,0.0,0.0,0.0
107,NGC1094,14.5709028419762,13.53281513939,13.0627769750586,12.8057928697376,13.7161154907162,13.3008220989328,13.0132054242016,14.4267465552007,14.4267465552007,0.751289411867785,5.93144894517338,14.4923690720539,0.83536084367006,36.2309226801348,0.14449662199695,0.0214073891031328,0.0213896689568278,8.49285006852902,0.460953856301237,3.5888894104852,3.80986180262642,41.8141483562147,11.0066275740128,0.0919461498155349,0.717238343206606,8.50907407155758,0.0855409566395461,0.814188664451628,0.0795559206169863,0.248750943323137,0.680399244208606,91.87287176486592,93.23698397465684,0.0,0.0,1.0,1.0,0.0,0.0
108,NGC1093,15.253079652664,13.9821709781865,13.42483963682,13.1483977475539,14.2269417226597,13.6792434108345,13.3724143812471,15.5555813282364,15.5555813282364,0.799719121264736,15.2529518819507,16.1645655034448,0.62479505983265,39.0179167324529,0.525344825057431,0.0174321431254911,0.0174131195661137,9.04424105271331,0.262396353828956,3.22429288254097,3.39739469336452,41.220415362226,10.7835995874533,0.0841410574789495,0.123505349217982,8.50241479075567,0.0872081687868066,0.77785312049322,0.091040015073816,0.0843436547053129,0.404580774428457,74.56831840766112,75.68960117777377,0.0,0.0,0.0,0.0,0.0,0.0
109,UGC02311,15.1033515879263,13.9443799557182,13.4562338829725,13.1932439691393,14.1569181460163,13.6816309235116,13.4077688695772,14.2419850247008,14.2419850247008,0.901243549739891,-53.288293933154,16.8381763728291,1.08124013697352,40.4116232947898,0.162667401000988,0.0236694444307617,0.0237671990476103,8.94673472723761,0.339899495459341,3.28697333858884,3.4041274176353,41.4998690676804,11.0018021216427,0.0890831223535708,0.402959054672355,8.48823369499605,0.0874339410069592,0.179887633635594,0.122295665705873,0.0771424728026588,0.479987899020903,102.07393092155282,103.26928843418908,0.0,0.0,0.0,1.0,0.0,0.0
110,UGC02319,16.1812021291089,15.1458296046026,14.5527534441665,14.2648771120833,15.3783388924109,14.828322840647,14.494169201803,16.1858459740224,16.1858459740224,0.961810301504634,-43.6671219300123,15.6071666929811,0.0897835055606322,33.4439286278167,0.0303403201780128,0.0233042399022456,0.0233001388449647,8.75695612857077,0.423188827832881,2.83859183885368,3.08556492651055,41.1656700117919,10.6391776805943,0.103401938032875,0.068759998783878,8.5157167051593,0.0851211021405071,1.18743610017835,0.178216362549934,0.588529155271305,1.30227123215135,100.25281075252595,101.64727778662305,0.0,0.0,1.0,0.0,0.0,1.0
111,MCG-02-08-014,16.1986489597634,14.729042195113,14.0309381747723,13.6823179190775,15.0276788453277,14.3505317805812,13.9564556705799,12.2515408363805,12.2515408363805,0.900540909319153,6.20770513569767,11.2974462739373,0.49410846539044,37.2815727039931,0.220319239010166,0.0165705728558862,0.0167701654571244,9.30437402931055,0.303974449635028,2.50605930649009,2.86346008949046,40.6527553412567,10.6445473812201,0.088568789573311,-0.444154671751335,nan,nan,0.957158015229245,0.262221346089286,0.342495870309448,0.713524381696095,71.72848215997942,71.90047021707716,0.0,-1.0,-1.0,-1.0,0.0,2.0
112,NGC1132,15.3465441034405,13.723033598979,13.0912092153381,12.7873915877775,14.0302619102275,13.3694439238758,13.0309046345756,14.5179562598379,14.5179562598379,0.73810522456274,49.9057759933795,18.0759140382997,1.11441793479116,42.3654235272649,0.750738481947508,0.023163435303436,0.0231529314471379,9.54986928544106,0.221055487862182,1.55225097747497,1.55225097747497,39.6265174403152,11.3057073425197,0.0953180296904946,-1.47039257269285,nan,nan,nan,nan,0.013350867196935,0.169246707202179,99.58117500243524,101.02214949068126,0.0,2.0,-1.0,-1.0,0.0,1.0
113,UGC02367,15.2980775269265,14.0265673236133,13.3331897261713,13.0176803454365,14.3241500275448,13.6294973528182,13.2684159964223,14.8051452679814,14.8051452679814,0.901258070224653,52.6097444650445,17.3994489185901,1.1051845163289,42.0954409320727,0.199942224501996,0.0244407031940368,0.0246270511702585,9.09868218088157,0.440763253373896,3.10603884456598,3.5949577025951,41.724457333864,11.2735375096399,0.0892326994523412,0.627547320855946,8.51512196318584,0.0985458198895036,1.96540349044022,0.277677777795016,0.341440158969987,0.770048646104954,106.11916659927843,106.69766380963082,0.0,0.0,0.0,-1.0,0.0,2.0
114,NGC1142,14.8630262758085,13.6880226313193,13.0544165389357,12.7743099059486,13.9352854264554,13.3794957112517,12.9883359277483,18.2090574644923,18.2090574644923,0.8634188551823,31.0629983119318,20.06635717669,0.507569166047006,45.1493036475526,0.904226211349908,0.0287604677629285,0.0288913372124931,9.33294623292362,0.215068089569406,3.79348866806997,4.18303106592256,42.4541315579521,11.5858902642709,0.0919578435814049,1.35722154494407,8.52257917689492,0.0726297796208297,1.66573302027533,0.147601478240734,0.143927047922589,0.819704788671425,124.90915229514762,125.97300912538664,1.0,0.0,1.0,1.0,0.0,0.0
115,UGC02403,15.6559249905793,14.3454640215258,13.6125033509212,13.2764926843921,14.6312590238157,13.950262539845,13.5380983906887,18.5230035297053,18.5230035297053,0.915811575443061,49.8459168162998,18.9515595557628,0.0332339519537186,36.2309226801348,0.119916731215682,0.0136548701047566,0.0137069897723372,9.08568941010297,0.334046692042499,3.29314769114936,4.20887043263504,41.8193760559243,10.7359885305242,0.0943664998530692,0.722466042916215,8.54446466075713,0.0658528343422817,1.86433554708038,0.207444497366223,0.556191143595365,1.32671122382373,58.38440069664323,59.11443755693145,0.0,2.0,0.0,-1.0,0.0,1.0
