edge_pydb/dat_glob/califa/edge_califa.csv
# %ECSV 1.0
# ---
# datatype:
# - {name: ID, datatype: int64, description: CALIFA ID}
# - {name: Name, datatype: string, description: CALIFA Name}
# - {name: Su, unit: mag, datatype: float64, description: SDSS u magnitude from col 4 in get_mag_cubes_v2.2.csv. From CALIFA synthetic
#     photometry corrected for foreground extinction}
# - {name: Sg, unit: mag, datatype: float64, description: SDSS g magnitude from col 8 in get_mag_cubes_v2.2.csv. From CALIFA synthetic
#     photometry corrected for foreground extinction}
# - {name: Sr, unit: mag, datatype: float64, description: SDSS r magnitude from col 12 in get_mag_cubes_v2.2.csv. From CALIFA synthetic
#     photometry corrected for foreground extinction}
# - {name: Si, unit: mag, datatype: float64, description: SDSS i magnitude from col 16 in get_mag_cubes_v2.2.csv. From CALIFA synthetic
#     photometry corrected for foreground extinction}
# - {name: caB, unit: mag, datatype: float64, description: B magnitude from col 20 in get_mag_cubes_v2.2.csv. From CALIFA synthetic photometry
#     corrected for foreground extinction}
# - {name: caV, unit: mag, datatype: float64, description: V magnitude from col 24 in get_mag_cubes_v2.2.csv. From CALIFA synthetic photometry
#     corrected for foreground extinction}
# - {name: caR, unit: mag, datatype: float64, description: R magnitude from col 28 in get_mag_cubes_v2.2.csv. From CALIFA synthetic photometry
#     corrected for foreground extinction}
# - {name: caRe, unit: arcsec, datatype: float64, description: Equivalent radius Re from col 34 in get_mag_cubes_v2.2.csv}
# - {name: caeRe, unit: arcsec, datatype: float64, description: Error in equivalent radius from col 35 in get_mag_cubes_v2.2.csv}
# - {name: caEllipticity, datatype: float64, description: Ellipticity sqrt(1-b^2/a^2) from col 38 in get_mag_cubes_v2.2.csv}
# - {name: caPA, unit: deg, datatype: float64, description: PA from col 39 in get_mag_cubes_v2.2.csv}
# - {name: caR50, unit: arcsec, datatype: float64, description: R50 from col 40 in get_mag_cubes_v2.2.csv}
# - {name: caeR50, unit: arcsec, datatype: float64, description: Error in R50 from col 41 in get_mag_cubes_v2.2.csv}
# - {name: caR90, unit: arcsec, datatype: float64, description: R90 from col 42 in get_mag_cubes_v2.2.csv}
# - {name: caeR90, unit: arcsec, datatype: float64, description: Error in R90 from col 43 in get_mag_cubes_v2.2.csv}
# - {name: caZgas, datatype: float64, description: Redshift for gas lines from <z_gas> in get_proc_elines_CALIFA.csv}
# - {name: caZstars, datatype: float64, description: Redshift for stars from <z_stars> in get_proc_elines_CALIFA.csv}
# - {name: caAge, unit: dex(Gyr), datatype: float64, description: Mean stellar age from <log_age_mean_LW> in get_proc_elines_CALIFA.csv}
# - {name: caeAge, unit: dex(Gyr), datatype: float64, description: Error in mean stellar age from <s_log_age_mean_LW> in get_proc_elines_CALIFA.csv}
# - {name: caFHa, unit: dex(1e-16 erg / (cm2 s)), datatype: float64, description: Log of Halpha flux from <log_F_Ha> in get_proc_elines_CALIFA.csv}
# - {name: caFHacorr, unit: dex(1e-16 erg / (cm2 s)), datatype: float64, description: Log of extinction corrected Halpha flux from <log_F_Ha_cor>
#     in get_proc_elines_CALIFA.csv}
[...]
# - {name: caeAvstars, unit: mag, datatype: float64, description: Error in stellar extinction <Av_ssp_stats_stddev> in get_proc_elines_CALIFA.csv}
# - {name: caDistP3d, unit: Mpc, datatype: float64, description: Luminosity distance in Mpc from <DL> in get_proc_elines_CALIFA.csv}
# - {name: caDistMpc, unit: Mpc, datatype: float64, description: 'Luminosity distance in Mpc computed from caZgas assuming Ho=70, Om=0.27,
#     Ol=0.73'}
# - {name: caFlgWav5, datatype: float64, description: Flag (-1/0/1/2=NA/good/minor/bad) for wavelength calibration V500}
# - {name: caFlgWav12, datatype: float64, description: Flag (-1/0/1/2=NA/good/minor/bad) for wavelength calibration V1200}
# - {name: caFlgReg5, datatype: float64, description: Flag (-1/0/1/2=NA/good/minor/bad) for 2D registration rel to SDSS V500}
# - {name: caFlgReg12, datatype: float64, description: Flag (-1/0/1/2=NA/good/minor/bad) for 2D registration rel to SDSS V1200}
# - {name: caFlgImg5, datatype: float64, description: Flag (-1/0/1/2=NA/good/minor/bad) for reconstructed image quality V500}
# - {name: caFlgImg12, datatype: float64, description: Flag (-1/0/1/2=NA/good/minor/bad) for reconstructed image quality V1200}
# delimiter: ','
# meta: !!omap
# - {date: '2022-03-02'}
# - {comments: Galaxy properties determined from CALIFA}
# schema: astropy-2.0
ID,Name,Su,Sg,Sr,Si,caB,caV,caR,caRe,caeRe,caEllipticity,caPA,caR50,caeR50,caR90,caeR90,caZgas,caZstars,caAge,caeAge,caFHa,caFHacorr,caLHacorr,caMstars,caeMstars,caSFR,caOH,caeOH,caAvgas,caeAvgas,caAvstars,caeAvstars,caDistP3d,caDistMpc,caFlgWav5,caFlgWav12,caFlgReg5,caFlgReg12,caFlgImg5,caFlgImg12
[from data line 512]
920,NGC7691,15.4841801285065,14.5187632204651,13.9651770832943,13.692016233416,14.7445243132524,14.1711300390049,13.9068470955863,25.3344052016428,25.3344052016428,0.544019612134341,68.4365827623453,28.6248998338095,0.212665657527396,48.2694389354434,0.139338980606425,0.0133407895878297,0.0131866157885545,8.42010137808856,0.419584608806985,3.46234660173306,3.5115246366577,41.0960486372775,10.5251501140706,0.0918002621420916,-0.000861375730544257,8.46954724101615,0.100360133706577,0.690721696329872,0.793184808698246,0.318301670594079,1.50966203041802,56.663841670704755,57.740537999159024,1.0,0.0,1.0,0.0,1.0,0.0
921,UGC12653,14.9817742261661,13.6964666246726,13.409054547273,13.1321588317873,13.8475949886741,13.5323452302485,13.3655084155776,22.9005097291052,22.9005097291052,0.884706906294642,12.0889722127224,23.1597648615715,0.152254344882309,41.2356788998712,0.00861453787613442,0.0131130410249078,0.0127611618997717,8.87224382799529,0.249724549569729,2.5874906639075,2.59149128577476,40.2047446564129,9.60607985835526,0.0818242942930748,-0.892165356595158,8.4378302846478,0.0888105505077338,0.14559151049291,0.070890266170758,0.43759489511758,0.956334234965421,54.57831743143289,56.74470107914471,1.0,0.0,-1.0,-1.0,1.0,-1.0
922,UGC12688,15.6037605681488,14.7191602007726,14.23907442725,13.9988556799207,14.8995203458781,14.4778248894883,14.1955879437252,16.3314968177513,16.3314968177513,0.966793457696585,-3.33946285401569,16.3812970972091,0.279112646777307,42.9302958409618,0.0558278061358948,0.0174325985443446,0.017664174724093,8.51742614591671,0.432722887843014,3.40096525229644,3.6641379678063,41.496618588105,10.3496863152653,0.10954010625059,0.399708575096974,8.40987203009997,0.0970643402962655,0.827538958644525,0.150779372274453,0.430498035318608,0.849597035083253,75.38489341545542,75.69160539952959,0.0,0.0,-1.0,0.0,0.0,0.0
923,NGC7711,14.6775642719801,13.1049591800023,12.4387620101045,12.1773755274885,13.4218611050734,12.705110784816,12.3934458065289,12.6815217095847,12.6815217095847,0.664804925357782,3.91365870735457,13.4705410982633,0.729744440258798,39.2890782032679,1.03683445107106,0.0133013949649317,0.0133789962148488,9.14059906438324,0.505208289620878,2.14936937535668,2.14936937535668,39.7403574139816,10.9553178053149,0.0871790513004014,-1.35655259902648,nan,nan,nan,nan,0.172602525621454,0.729127199795031,57.08710692731032,57.56825889535392,0.0,0.0,1.0,0.0,0.0,0.0
924,NGC7716,14.953711776626,13.3345028426608,12.6868214204815,12.3416642919663,13.639059461997,12.9828541264022,12.6128463513629,13.7211694245144,13.7211694245144,0.552619828691048,-46.5291092665977,20.4659447888437,1.95903812399774,44.9113788421849,0.335160877168505,0.00849772726755462,0.00850764684409278,9.08858559810329,0.290586456885073,3.58200419079104,3.72996152737643,40.9226583488821,10.5595626338819,0.0799997805162888,-0.174251664125934,8.47524982219569,0.0645339349362639,0.543398417068443,0.152662794465551,0.136072131836304,0.757169742056555,36.09046068406015,36.63960221859828,0.0,0.0,1.0,0.0,0.0,0.0
925,NGC7722,15.074852006329,13.5197368385352,12.7431094469083,12.3885841376041,13.8679659928468,13.0854967573067,12.6670420547446,14.877693591922,14.877693591922,0.830166630914782,52.3184828859059,20.1968436421387,1.91443617942423,44.3208513258044,1.13188816699403,0.0131994084097198,0.0132159430947649,9.52044351313421,0.341974759919798,2.86596339268169,3.45788522385705,41.0365488757579,11.1171180777892,0.0910306571930575,-0.0603611372501097,nan,nan,nan,nan,0.309921956292431,2.10246546595004,56.28281892324656,57.12230369359012,0.0,0.0,1.0,0.0,0.0,0.0
926,UGC12723,16.1090857402386,15.6065653136584,15.1584230193074,14.8823863189594,15.7793673113773,15.3289681380657,15.1141343031363,17.2964073486764,17.2964073486764,0.977716831987714,-13.6882579981185,17.9527499041233,0.0703882701606062,37.5885701117582,0.0197117097440938,0.0179669063564166,0.0183254963186639,8.31506264217427,0.562041363480574,2.90881183994483,3.16192599864612,41.0283768819609,10.0065187625821,0.128799305661869,-0.0685331310471203,nan,nan,1.20305614041313,0.124762999078908,0.461005814451064,0.781226126384512,78.39158700380496,78.04396356948327,1.0,0.0,1.0,-1.0,0.0,1.0
927,NGC7738,15.7716856791227,14.2275140351587,13.4781573039246,13.1240698173189,14.55786670944,13.8248919460489,13.3984671480376,14.8245887975869,14.8245887975869,0.960063309162691,-51.9425762974822,19.5089583662264,0.235460664654283,45.1493036475526,0.652784881695453,0.0222855464185298,0.0223976002227887,9.3429953431617,0.278944134370373,3.30674581350067,4.41827471053485,42.460482252885,11.2969743898945,0.0983057764067975,1.36357223987697,8.51971517652352,0.0780641076287812,nan,nan,0.155490894122173,1.02732179540791,95.97271617067958,97.12758509648283,0.0,0.0,0.0,1.0,0.0,0.0
929,UGC12810,15.5017119700208,14.536034232368,14.0663227882006,13.7991772471878,14.7344124686483,14.2856276019818,14.0142112828553,19.4825395734784,19.4825395734784,0.889027434658613,-36.1181270157389,21.7385536080809,0.330866828649164,41.2475119743073,0.556434863210811,0.0268919087521467,0.0268785316277513,8.73917465301951,0.404381419917537,3.31315079952589,3.50275851511782,41.7087412499146,10.8754124898092,0.0862824443534779,0.611831236906558,8.48334228243933,0.0877102695036836,0.731494940927549,0.129276265041024,0.0642560038340803,0.411946589299661,115.88717666851753,117.62001632057135,0.0,0.0,0.0,0.0,0.0,0.0
930,UGC12816,15.2953729766497,14.6723044809038,14.4101313540162,14.2210848636966,14.7777305233872,14.5375422866271,14.389418845722,19.3404958937235,19.3404958937235,0.759027036058141,48.6404631319085,20.2058116473949,0.543773612602308,42.6567134778337,0.274129909119438,0.0175877686929281,0.0176811465007028,8.1493369672186,0.519263162613519,3.2626284658715,3.29709132503128,41.1307707629671,10.0324269573505,0.109133146909586,0.0338607499590153,8.38739860509514,0.095085483224164,0.37277223531022,0.115830183318434,0.112040631695602,0.294297942299401,75.48901071147463,76.37456421101282,0.0,0.0,1.0,0.0,0.0,0.0
931,NGC7782,15.325492561632,13.6651673094023,12.9263365932137,12.5983059775174,14.0123303124162,13.2504150827004,12.8580297669186,17.8339760939467,17.8339760939467,0.626913322659655,69.5654250895661,24.1347194677217,0.104209670542332,44.3405311151166,0.465213214985852,0.0177522773069358,0.0178227738574469,9.21890127102739,0.407290665075589,3.45929463109605,3.80071754643967,41.6427770123555,11.3028230124926,0.094341882359894,0.545866999347485,8.53476296802678,0.0820441111247089,1.95803696052533,0.275512038107712,0.321025411559017,0.860536202508462,76.22084303428218,77.09880150029538,0.0,1.0,0.0,-1.0,0.0,2.0
932,NGC7783NED01,15.4367987338674,13.7363562560908,13.0651025996612,12.7597297364848,14.0649915377316,13.3618154669705,13.0012367738631,12.2055520564453,12.2055520564453,0.907454849632855,16.9956483712032,12.9092685525023,1.33638769083791,38.7278056575069,0.417989499696148,0.0258426575274986,0.0260768329433412,9.32730748687599,0.597140464377163,1.41774109980742,1.41774109980742,39.5973108280769,11.273548147575,0.095997484280861,-1.49959918493115,nan,nan,nan,nan,0.0669457990738191,0.322257752976872,112.41619439599557,112.93974689709692,0.0,0.0,1.0,-1.0,1.0,0.0
933,NGC7787,16.088359309751,14.7544034753515,14.0964473476166,13.79873222454,15.0291809518526,14.3989277477649,14.03382381842,13.7286185329224,13.7286185329224,0.57542000391515,34.5166618357807,15.2515524698154,0.468432353507978,44.6249127820524,0.13298553124632,0.0220176179461956,0.0221003880584965,8.78288998936894,0.551146019574197,2.85763684805808,3.41284254401502,41.4439048838518,10.8605113022541,0.0961039520229203,0.346994870843729,8.51046028379288,0.078802480887256,0.758869613570991,0.283744279950935,0.184329517946238,0.631945204737859,94.74911996349445,95.94000417800733,0.0,0.0,-1.0,-1.0,1.0,-1.0
934,UGC12857,15.4591840877977,14.5101243645441,13.9522477851681,13.6981987419834,14.7241283419394,14.1992884136839,13.9049727224656,17.5213581512861,17.5213581512861,0.981426759252669,-56.3553133005504,19.083266555873,0.72991096994383,41.5341683863118,0.302885637238518,0.00813802416251453,0.00813705310444748,8.86069174816095,0.361976959034098,3.32238697522376,3.55434811942872,40.7120958227184,9.88641150247113,0.097660093885613,-0.384814190289616,8.44707269075587,0.082038779619275,0.989952654453657,0.118653456907515,0.308960735668325,0.735025442060848,34.667128209902145,35.07872760938558,0.0,0.0,0.0,0.0,0.0,0.0
935,UGC12864,15.7044721600066,14.8154515048111,14.3666436243393,14.1423532632045,14.998353441813,14.5832653759751,14.3274866713824,15.7982733850087,15.7982733850087,0.960925847430596,-12.4415723925021,23.0121743761998,0.189155739649323,44.9018036608776,0.147394882529085,0.0155587122183485,0.0154518169310683,8.75891956278761,0.232091590397048,3.25162962262429,3.33027863854239,41.0510600985731,10.2022062978898,0.101371818748858,-0.0458499144349478,8.40932579794189,0.092533773135161,0.284216472779469,0.0939259484457572,0.197704782308023,0.561820798125592,66.28797390632377,67.45674355869336,0.0,0.0,0.0,0.0,0.0,0.0
936,MCG-01-01-012,16.3845942360362,14.8170598404642,14.0787611577721,13.6935468205647,15.1457447918965,14.4117727071792,13.9944489549456,16.0728605914406,16.0728605914406,0.954220389863832,-19.7609102344624,16.3812970972091,0.167141019297105,37.84644501769,0.0200937094195126,0.0189036162021347,0.0188028223801484,8.90379034865821,0.562661746128381,2.39973660937354,3.00766514876929,40.593818363097,11.0371868091854,0.0821304326424166,-0.503091649911014,nan,nan,nan,nan,1.00333353374743,1.39645515881472,80.67533657354325,82.17257227525968,0.0,0.0,-1.0,-1.0,0.0,1.0
937,NGC7800,14.5546429030869,13.9252651355981,13.6724781100707,13.5701750779927,14.04226943412,13.8334146953526,13.6608521295676,21.0598891131448,21.0598891131448,0.92940353445289,-43.6538246331507,23.1597648615715,0.217737348696573,45.7546574094461,0.753324490619178,0.00572199733008711,0.00579023923132658,8.44602070552387,0.298244534068377,3.90446206349955,3.98100146745949,40.8334177931781,9.44684151249779,0.0770555334255406,-0.263492219829968,8.28317005877357,0.0671672321264782,0.294823628283045,0.0847037129971047,0.270686117685615,0.708141473907902,24.39226770943913,24.617503128750165,0.0,0.0,1.0,1.0,0.0,0.0
1000,NGC0014,14.5246686735733,13.7929478127493,13.5364608453285,13.3784513662195,13.8972782324127,13.6742152430339,13.5147447505663,23.7746356878053,23.7746356878053,0.885378818650774,-64.9407161797181,24.5255476603989,1.0143914217042,44.0345060266254,1.1340685003932,0.00285441650253216,0.00279860774528735,8.58930115126894,0.250666359873968,3.51765361195665,3.53756697635806,39.7728103867402,8.7288550126793,0.080673253623535,-1.32409962626789,8.35597731585727,0.0656314627365286,0.245376265377449,0.0905726342776651,0.225890785165337,0.599018540136725,11.9857639447639,12.252553502141595,0.0,0.0,0.0,0.0,0.0,0.0
1002,MCG-02-06-016,16.1905583519507,15.4096339382401,15.1805243830062,15.0224534032438,15.5088236895172,15.3060041501632,15.1610096079333,25.0596673673429,25.0596673673429,0.627889813646611,32.7697578463984,21.1837555613708,0.260386502589029,43.4538575617862,0.0215211216127429,0.00532082367468625,0.00527472269708076,7.94043968900489,0.505977006801331,2.89985584678824,2.90142271219205,39.6851989415055,8.57051141569594,0.097885673523392,-1.41171107150256,8.31789667954022,0.121169618878079,0.11011655323604,0.0973536299366665,0.173896724718203,0.360530927252146,22.538869533044526,22.88428613048001,1.0,nan,1.0,nan,0.0,nan
1003,BKD2008WR346,15.4990096670355,14.6337883000971,14.2550848774779,14.0462743952016,14.7778602445921,14.473226063842,14.2119397239107,14.0811899335197,14.0811899335197,0.475071455282829,64.3113055348334,15.2515524698154,0.0807550411241209,43.4951681546586,0.0924035581699201,0.00503845271891999,0.00488957498170807,8.55440236858062,0.325579080633757,3.11793820164205,3.17067047238652,39.8996913171032,8.97423424064519,0.0962866793986682,-1.19721869590484,nan,nan,0.0644526988733768,0.07268507700247,0.317913846944767,1.00966974014475,21.16188925725064,21.664996107771323,2.0,nan,1.0,nan,0.0,nan
1005,UGC04455,16.3411264410781,14.9037837842429,14.1697416622099,13.9028153880202,15.1580581136102,14.5411506505988,14.1066065145893,15.8872115062645,15.8872115062645,0.721668034278371,-84.3983792649816,17.3917264696195,0.251231411663952,43.1988044567967,0.154143238922941,0.0308849426250968,0.0311129573469795,8.50889056794478,1.01994312829787,2.69397719717605,2.79833221017665,41.1338820086116,11.3383251307305,0.103758279559793,0.0369719956035058,8.53358201243493,0.0939151585780948,0.445338300484194,0.393035481717534,0.828119923113585,1.2087612861621,134.5299293749425,135.49818915530227,0.0,0.0,0.0,1.0,1.0,0.0
1007,Mrk1418,14.5501496282904,13.7806975803873,13.5430202027478,13.3848725316166,13.9026010668144,13.7209910399365,13.5120776752505,14.3476451626458,14.3476451626458,0.653979970811886,-68.0657792852902,12.5123746779438,1.83116450507123,32.9871696054883,0.313552756649102,0.00242855048499326,0.00223656365783739,8.41448812930317,0.278108299179372,3.75724824335347,3.76364682955537,39.7991436908938,8.52294140341406,0.107087393603577,-1.29776632211425,8.28850208517317,0.0861075561249895,0.130541970662146,0.0524661698427395,0.426631806941306,0.708328565194361,9.52340920525812,10.421001548155184,0.0,0.0,0.0,-1.0,0.0,0.0
1009,UGC05187,15.6032681112124,14.7491313530801,14.3683398373927,14.1512579961658,14.9063322501731,14.5668390882908,14.3262541720611,21.4689266093497,21.4689266093497,0.603122614019535,35.798334894294,22.2959524185445,0.325281571618689,40.1327143533801,0.233209177140097,0.00474885729887111,0.00468976517984083,8.5631264218411,0.288567311241574,3.28610666359471,3.3264648774696,40.0058214634632,9.01050036060063,0.113115323118813,-1.09108854954484,8.41835404327398,0.0734629169823861,0.254818886189779,0.111923078697794,0.343199217751984,0.652651509319196,19.985835476700995,20.41507353477173,0.0,0.0,0.0,0.0,0.0,0.0
1010,UGC05326,15.6725570687914,14.9063780982344,14.6398463260821,14.4512773812731,15.0362433073165,14.7926020714166,14.6083011871007,26.9714028581368,26.9714028581368,0.451560350786368,-18.9832725535696,22.2959524185445,1.06442301770221,39.5753155429165,0.202694387979136,0.00456455817445733,0.00437586729111139,8.44861547509429,0.3092718589318,3.42457300209373,3.43628085171652,40.0503347701688,8.79134055235105,0.131273220224107,-1.04657524283929,8.27086222515836,0.0835668943224139,0.120976631151838,0.0617735910933393,0.170836395151092,0.509138180793002,18.53834560007453,19.61991715527768,1.0,0.0,0.0,0.0,0.0,0.0
1011,UGC05377,15.9372307826238,15.2152261062232,14.8248162917192,14.5867695838965,15.360393873052,15.0370235211756,14.7774452763951,24.5217194565689,24.5217194565689,0.673521559735925,-25.0936901303038,24.1347194677217,0.457953121131141,42.6567134778337,0.258790139492334,0.00701015667837862,0.00695294465381516,8.51468785515405,0.27175600833555,3.25864614358551,3.28251496662835,40.3033208388183,9.29389564772062,0.103842949749499,-0.793589174189727,8.31777582909957,0.0904994163153071,0.261562804012534,0.109087373847171,0.269173573075734,0.919511837605225,29.61058251051331,30.19021246796611,0.0,0.0,0.0,1.0,0.0,0.0
1013,NGC3353,13.989007915353,13.2276313417846,12.9682749036747,12.8738303020521,13.3916977915152,13.2354377912113,12.9414569071903,12.2352714534552,12.2352714534552,0.729994395110656,-49.0824758206997,11.1479762092722,2.69755899941811,32.8865298173531,0.203580150743107,0.00319124277655455,0.00325379334069913,8.77858378192575,0.294512603635065,4.38658918656505,4.47435097087301,40.8162249523758,9.19668253954475,0.0890372135330574,-0.280685060632286,8.24293306567773,0.0564204041232278,0.319963990725737,0.0577387810226144,0.179984599940835,0.646853730860103,13.55130143200147,13.702041004605325,0.0,0.0,0.0,-1.0,0.0,0.0
