dat_prof/radprof/CO_natv/IC0480.smob0.rprof.txt
# %ECSV 0.9
# ---
# datatype:
# - {name: radius, unit: arcsec, datatype: float64, description: Adopting RA=118.84665
#     deg DEC=26.7428 deg PA=167.9 INC=76.6}
# - {name: r_kpc, unit: kpc, datatype: float64, format: 10.3f, description: Adopting
#     distance of 66.2859 Mpc}
# - {name: r_r25, unit: '', datatype: float64, format: 10.3f, description: Adopting
#     R25=52.4955 arcsec}
# - {name: npix, datatype: int64}
# - {name: ngood, datatype: int64, description: Requiring fill fraction of 0.2 npix}
# - {name: wtmean, unit: K km / s, datatype: float64, format: 10.3f, description: Replaced
#     blanks with 0 times ../IC0480.co.de20_smo.emom0max.fits}
# - {name: rms, unit: K km / s, datatype: float32}
# - {name: annsum, unit: K km pix / s, datatype: float32, format: 10.3f}
# - {name: cumsum, unit: K km pix / s, datatype: float32}
# - {name: detlim, unit: K km / s, datatype: float64, format: 10.3f}
# - {name: cumlum, unit: K km pc2 / s, datatype: float32}
# - {name: sigmol, unit: solMass / pc2, datatype: float64, format: 10.3f}
# - {name: cummass, unit: solMass, datatype: float32}
# delimiter: ','
# schema: astropy-2.0
radius,r_kpc,r_r25,npix,ngood,wtmean,rms,annsum,cumsum,detlim,cumlum,sigmol,cummass
1.0,0.321,0.019,3,3,78.472,1.7227786,235.415,235.4152,29.681,24312328.0,78.198,104543016.0
3.0,0.964,0.057,9,9,72.503,10.874457,652.531,887.9464,17.088,91702000.0,72.251,394318620.0
5.0,1.607,0.095,11,11,63.864,9.37169,702.501,1590.4475,15.267,164252270.0,63.641,706284800.0
7.0,2.250,0.133,25,25,50.361,11.670687,1259.023,2849.4705,9.856,294276930.0,50.185,1265390800.0
9.0,2.892,0.171,25,25,35.371,9.942876,884.282,3733.7522,9.510,385600450.0,35.248,1658082000.0
11.0,3.535,0.210,30,30,30.095,8.727623,902.847,4636.5996,8.556,478841340.0,29.990,2059017900.0
13.0,4.178,0.248,44,44,22.020,7.2773814,968.899,5605.4985,6.885,578903700.0,21.944,2489286000.0
15.0,4.820,0.286,34,34,16.492,5.661014,560.734,6166.233,7.754,636813060.0,16.435,2738296300.0
17.0,5.463,0.324,58,58,11.849,4.879066,687.269,6853.5015,5.844,707790200.0,11.808,3043498000.0
19.0,6.106,0.362,55,55,8.045,5.395554,442.475,7295.9766,5.913,753486500.0,8.017,3239992300.0
21.0,6.749,0.400,55,55,6.382,5.008638,351.001,7646.9775,5.917,789735900.0,6.360,3395864300.0
23.0,7.391,0.438,73,73,4.659,4.5395236,340.143,7987.1206,5.113,824863900.0,4.643,3546914800.0
25.0,8.034,0.476,66,66,2.856,2.9831138,188.479,8175.6,5.416,844328960.0,2.846,3630614800.0
27.0,8.677,0.514,81,75,2.634,3.6331313,213.378,8388.979,4.899,866365440.0,2.625,3725371600.0
29.0,9.320,0.552,93,77,1.431,2.8829868,133.075,8522.053,4.622,880108600.0,1.426,3784467200.0
31.0,9.962,0.591,75,56,0.437,2.3413296,32.802,8554.855,5.250,883496260.0,0.436,3799034000.0
33.0,10.605,0.629,108,72,-0.291,2.518946,-31.470,8523.385,4.368,880246140.0,-0.290,3785058600.0
35.0,11.248,0.667,100,51,-0.426,1.968466,-42.554,8480.83,4.697,875851400.0,-0.424,3766161200.0
37.0,11.890,0.705,104,51,-1.099,2.4978116,-114.319,8366.512,4.618,864045250.0,-1.095,3715394800.0
39.0,12.533,0.743,120,48,-0.529,1.6788429,-63.469,8303.043,4.384,857490560.0,-0.527,3687209500.0
41.0,13.176,0.781,112,33,-0.790,2.1264694,-88.498,8214.545,4.714,848351000.0,-0.787,3647909400.0
43.0,13.819,0.819,127,39,-0.192,1.0709988,-24.340,8190.205,4.430,845837300.0,-0.191,3637100500.0
45.0,14.461,0.857,138,29,-0.275,1.2986078,-37.957,8152.249,4.408,841917400.0,-0.274,3620245000.0
47.0,15.104,0.895,111,20,nan,nan,0.000,8152.249,4.838,841917400.0,nan,3620245000.0
49.0,15.747,0.933,137,15,nan,nan,0.000,8152.249,4.381,841917400.0,nan,3620245000.0
51.0,16.390,0.972,116,15,nan,nan,0.000,8152.249,4.891,841917400.0,nan,3620245000.0
53.0,17.032,1.010,133,12,nan,nan,0.000,8152.249,4.545,841917400.0,nan,3620245000.0
55.0,17.675,1.048,136,13,nan,nan,0.000,8152.249,4.633,841917400.0,nan,3620245000.0
57.0,18.318,1.086,116,12,nan,nan,0.000,8152.249,5.077,841917400.0,nan,3620245000.0
59.0,18.960,1.124,134,9,nan,nan,0.000,8152.249,4.725,841917400.0,nan,3620245000.0
61.0,19.603,1.162,120,8,nan,nan,0.000,8152.249,4.978,841917400.0,nan,3620245000.0
63.0,20.246,1.200,105,7,nan,nan,0.000,8152.249,5.087,841917400.0,nan,3620245000.0
65.0,20.889,1.238,124,7,nan,nan,0.000,8152.249,4.854,841917400.0,nan,3620245000.0
67.0,21.531,1.276,99,6,nan,nan,0.000,8152.249,5.234,841917400.0,nan,3620245000.0
69.0,22.174,1.314,119,7,nan,nan,0.000,8152.249,4.894,841917400.0,nan,3620245000.0
71.0,22.817,1.352,111,5,nan,nan,0.000,8152.249,5.100,841917400.0,nan,3620245000.0
73.0,23.460,1.391,96,5,nan,nan,0.000,8152.249,5.300,841917400.0,nan,3620245000.0
75.0,24.102,1.429,119,5,nan,nan,0.000,8152.249,5.051,841917400.0,nan,3620245000.0
77.0,24.745,1.467,99,1,nan,nan,0.000,8152.249,5.206,841917400.0,nan,3620245000.0
79.0,25.388,1.505,105,0,nan,nan,0.000,8152.249,5.303,841917400.0,nan,3620245000.0
81.0,26.030,1.543,108,0,nan,nan,0.000,8152.249,5.321,841917400.0,nan,3620245000.0
83.0,26.673,1.581,95,0,nan,nan,0.000,8152.249,5.322,841917400.0,nan,3620245000.0
85.0,27.316,1.619,110,0,nan,nan,0.000,8152.249,5.330,841917400.0,nan,3620245000.0
87.0,27.959,1.657,98,0,nan,nan,0.000,8152.249,5.433,841917400.0,nan,3620245000.0
89.0,28.601,1.695,103,0,nan,nan,0.000,8152.249,5.427,841917400.0,nan,3620245000.0
91.0,29.244,1.733,106,0,nan,nan,0.000,8152.249,5.370,841917400.0,nan,3620245000.0
93.0,29.887,1.772,98,0,nan,nan,0.000,8152.249,5.468,841917400.0,nan,3620245000.0
95.0,30.529,1.810,105,0,nan,nan,0.000,8152.249,5.523,841917400.0,nan,3620245000.0
97.0,31.172,1.848,100,0,nan,nan,0.000,8152.249,5.546,841917400.0,nan,3620245000.0
99.0,31.815,1.886,102,0,nan,nan,0.000,8152.249,5.547,841917400.0,nan,3620245000.0
101.0,32.458,1.924,102,0,nan,nan,0.000,8152.249,5.616,841917400.0,nan,3620245000.0
103.0,33.100,1.962,99,0,nan,nan,0.000,8152.249,5.640,841917400.0,nan,3620245000.0
105.0,33.743,2.000,99,0,nan,nan,0.000,8152.249,5.758,841917400.0,nan,3620245000.0
107.0,34.386,2.038,102,0,nan,nan,0.000,8152.249,5.664,841917400.0,nan,3620245000.0
109.0,35.029,2.076,96,0,nan,nan,0.000,8152.249,5.871,841917400.0,nan,3620245000.0
111.0,35.671,2.114,101,0,nan,nan,0.000,8152.249,5.826,841917400.0,nan,3620245000.0
113.0,36.314,2.153,101,0,nan,nan,0.000,8152.249,5.813,841917400.0,nan,3620245000.0
115.0,36.957,2.191,98,0,nan,nan,0.000,8152.249,5.896,841917400.0,nan,3620245000.0
117.0,37.599,2.229,98,0,nan,nan,0.000,8152.249,6.048,841917400.0,nan,3620245000.0
119.0,38.242,2.267,97,0,nan,nan,0.000,8152.249,6.056,841917400.0,nan,3620245000.0
121.0,38.885,2.305,103,0,nan,nan,0.000,8152.249,5.901,841917400.0,nan,3620245000.0
123.0,39.528,2.343,98,0,nan,nan,0.000,8152.249,6.195,841917400.0,nan,3620245000.0
125.0,40.170,2.381,96,0,nan,nan,0.000,8152.249,6.175,841917400.0,nan,3620245000.0
127.0,40.813,2.419,105,0,nan,nan,0.000,8152.249,6.039,841917400.0,nan,3620245000.0
129.0,41.456,2.457,95,0,nan,nan,0.000,8152.249,6.295,841917400.0,nan,3620245000.0
131.0,42.099,2.495,102,0,nan,nan,0.000,8152.249,6.240,841917400.0,nan,3620245000.0
133.0,42.741,2.534,95,0,nan,nan,0.000,8152.249,6.423,841917400.0,nan,3620245000.0
135.0,43.384,2.572,101,0,nan,nan,0.000,8152.249,6.472,841917400.0,nan,3620245000.0
137.0,44.027,2.610,97,0,nan,nan,0.000,8152.249,6.397,841917400.0,nan,3620245000.0
139.0,44.669,2.648,96,0,nan,nan,0.000,8152.249,6.794,841917400.0,nan,3620245000.0
141.0,45.312,2.686,97,0,nan,nan,0.000,8152.249,6.552,841917400.0,nan,3620245000.0
143.0,45.955,2.724,100,0,nan,nan,0.000,8152.249,6.675,841917400.0,nan,3620245000.0
145.0,46.598,2.762,95,0,nan,nan,0.000,8152.249,6.843,841917400.0,nan,3620245000.0
147.0,47.240,2.800,98,0,nan,nan,0.000,8152.249,6.928,841917400.0,nan,3620245000.0
149.0,47.883,2.838,101,0,nan,nan,0.000,8152.249,6.811,841917400.0,nan,3620245000.0
151.0,48.526,2.876,96,0,nan,nan,0.000,8152.249,7.085,841917400.0,nan,3620245000.0
153.0,49.169,2.915,98,0,nan,nan,0.000,8152.249,7.076,841917400.0,nan,3620245000.0
155.0,49.811,2.953,99,0,nan,nan,0.000,8152.249,7.121,841917400.0,nan,3620245000.0
157.0,50.454,2.991,98,0,nan,nan,0.000,8152.249,7.252,841917400.0,nan,3620245000.0
159.0,51.097,3.029,99,0,nan,nan,0.000,8152.249,7.213,841917400.0,nan,3620245000.0
161.0,51.739,3.067,93,0,nan,nan,0.000,8152.249,7.718,841917400.0,nan,3620245000.0
163.0,52.382,3.105,101,0,nan,nan,0.000,8152.249,7.478,841917400.0,nan,3620245000.0
165.0,53.025,3.143,98,0,nan,nan,0.000,8152.249,7.560,841917400.0,nan,3620245000.0
167.0,53.668,3.181,91,0,nan,nan,0.000,8152.249,8.154,841917400.0,nan,3620245000.0
169.0,54.310,3.219,101,0,nan,nan,0.000,8152.249,7.728,841917400.0,nan,3620245000.0
171.0,54.953,3.257,98,0,nan,nan,0.000,8152.249,8.033,841917400.0,nan,3620245000.0
173.0,55.596,3.296,95,0,nan,nan,0.000,8152.249,8.311,841917400.0,nan,3620245000.0
175.0,56.239,3.334,97,0,nan,nan,0.000,8152.249,8.284,841917400.0,nan,3620245000.0
177.0,56.881,3.372,96,0,nan,nan,0.000,8152.249,8.513,841917400.0,nan,3620245000.0
179.0,57.524,3.410,93,0,nan,nan,0.000,8152.249,8.546,841917400.0,nan,3620245000.0
181.0,58.167,3.448,93,0,nan,nan,0.000,8152.249,8.643,841917400.0,nan,3620245000.0
183.0,58.809,3.486,86,0,nan,nan,0.000,8152.249,9.204,841917400.0,nan,3620245000.0
185.0,59.452,3.524,85,0,nan,nan,0.000,8152.249,9.056,841917400.0,nan,3620245000.0
187.0,60.095,3.562,84,0,nan,nan,0.000,8152.249,9.254,841917400.0,nan,3620245000.0
189.0,60.738,3.600,79,0,nan,nan,0.000,8152.249,9.481,841917400.0,nan,3620245000.0
191.0,61.380,3.638,77,0,nan,nan,0.000,8152.249,9.724,841917400.0,nan,3620245000.0
193.0,62.023,3.677,72,0,nan,nan,0.000,8152.249,10.110,841917400.0,nan,3620245000.0
195.0,62.666,3.715,68,0,nan,nan,0.000,8152.249,10.378,841917400.0,nan,3620245000.0
197.0,63.309,3.753,66,0,nan,nan,0.000,8152.249,10.627,841917400.0,nan,3620245000.0
199.0,63.951,3.791,67,0,nan,nan,0.000,8152.249,11.296,841917400.0,nan,3620245000.0
201.0,64.594,3.829,62,0,nan,nan,0.000,8152.249,11.510,841917400.0,nan,3620245000.0
203.0,65.237,3.867,61,0,nan,nan,0.000,8152.249,11.491,841917400.0,nan,3620245000.0
205.0,65.879,3.905,54,0,nan,nan,0.000,8152.249,12.828,841917400.0,nan,3620245000.0
207.0,66.522,3.943,59,0,nan,nan,0.000,8152.249,13.145,841917400.0,nan,3620245000.0
209.0,67.165,3.981,54,0,nan,nan,0.000,8152.249,13.682,841917400.0,nan,3620245000.0
211.0,67.808,4.019,51,0,nan,nan,0.000,8152.249,15.675,841917400.0,nan,3620245000.0
213.0,68.450,4.057,49,0,nan,nan,0.000,8152.249,17.919,841917400.0,nan,3620245000.0
215.0,69.093,4.096,48,0,nan,nan,0.000,8152.249,19.926,841917400.0,nan,3620245000.0
217.0,69.736,4.134,42,0,nan,nan,0.000,8152.249,22.901,841917400.0,nan,3620245000.0
219.0,70.379,4.172,43,0,nan,nan,0.000,8152.249,23.169,841917400.0,nan,3620245000.0
221.0,71.021,4.210,41,0,nan,nan,0.000,8152.249,27.952,841917400.0,nan,3620245000.0
223.0,71.664,4.248,38,0,nan,nan,0.000,8152.249,42.990,841917400.0,nan,3620245000.0
225.0,72.307,4.286,33,0,nan,nan,0.000,8152.249,nan,841917400.0,nan,3620245000.0
227.0,72.949,4.324,33,0,nan,nan,0.000,8152.249,nan,841917400.0,nan,3620245000.0
229.0,73.592,4.362,33,0,nan,nan,0.000,8152.249,nan,841917400.0,nan,3620245000.0
231.0,74.235,4.400,29,0,nan,nan,0.000,8152.249,nan,841917400.0,nan,3620245000.0
233.0,74.878,4.438,26,0,nan,nan,0.000,8152.249,nan,841917400.0,nan,3620245000.0
235.0,75.520,4.477,26,0,nan,nan,0.000,8152.249,nan,841917400.0,nan,3620245000.0
237.0,76.163,4.515,24,0,nan,nan,0.000,8152.249,nan,841917400.0,nan,3620245000.0
239.0,76.806,4.553,23,0,nan,nan,0.000,8152.249,nan,841917400.0,nan,3620245000.0
241.0,77.449,4.591,20,0,nan,nan,0.000,8152.249,nan,841917400.0,nan,3620245000.0
243.0,78.091,4.629,18,0,nan,nan,0.000,8152.249,nan,841917400.0,nan,3620245000.0
245.0,78.734,4.667,16,0,nan,nan,0.000,8152.249,nan,841917400.0,nan,3620245000.0
247.0,79.377,4.705,14,0,nan,nan,0.000,8152.249,nan,841917400.0,nan,3620245000.0
249.0,80.019,4.743,12,0,nan,nan,0.000,8152.249,nan,841917400.0,nan,3620245000.0
251.0,80.662,4.781,10,0,nan,nan,0.000,8152.249,nan,841917400.0,nan,3620245000.0
253.0,81.305,4.819,8,0,nan,nan,0.000,8152.249,nan,841917400.0,nan,3620245000.0
255.0,81.948,4.858,6,0,nan,nan,0.000,8152.249,nan,841917400.0,nan,3620245000.0
257.0,82.590,4.896,5,0,nan,nan,0.000,8152.249,nan,841917400.0,nan,3620245000.0
259.0,83.233,4.934,3,0,nan,nan,0.000,8152.249,nan,841917400.0,nan,3620245000.0
261.0,83.876,4.972,3,0,nan,nan,0.000,8152.249,nan,841917400.0,nan,3620245000.0
263.0,84.518,5.010,2,0,nan,nan,0.000,8152.249,nan,841917400.0,nan,3620245000.0
265.0,85.161,5.048,2,0,nan,nan,0.000,8152.249,nan,841917400.0,nan,3620245000.0
267.0,85.804,5.086,0,0,nan,nan,0.000,8152.249,nan,841917400.0,nan,3620245000.0
