dat_prof/radprof/CO_natv/IC0540.smob1.rprof.txt
# %ECSV 0.9
# ---
# datatype:
# - {name: radius, unit: arcsec, datatype: float64, description: Adopting RA=142.54289999999997
#     deg DEC=7.90259 deg PA=350.0 INC=68.3}
# - {name: r_kpc, unit: kpc, datatype: float64, format: 10.3f, description: Adopting
#     distance of 29.9073 Mpc}
# - {name: r_r25, unit: '', datatype: float64, format: 10.3f, description: Adopting
#     R25=32.1456 arcsec}
# - {name: npix, datatype: int64}
# - {name: ngood, datatype: int64, description: Requiring fill fraction of 0.1 npix}
# - {name: wtmean, unit: K km / s, datatype: float64, format: 10.3f, description: Replaced
#     blanks with 1 times ../IC0540.co.de20_smo.emom0max.fits}
# - {name: rms, unit: K km / s, datatype: float32}
# - {name: annsum, unit: K km pix / s, datatype: float32, format: 10.3f}
# - {name: cumsum, unit: K km pix / s, datatype: float32}
# - {name: detlim, unit: K km / s, datatype: float64, format: 10.3f}
# - {name: cumlum, unit: K km pc2 / s, datatype: float32}
# - {name: sigmol, unit: solMass / pc2, datatype: float64, format: 10.3f}
# - {name: cummass, unit: solMass, datatype: float32}
# delimiter: ','
# schema: astropy-2.0
radius,r_kpc,r_r25,npix,ngood,wtmean,rms,annsum,cumsum,detlim,cumlum,sigmol,cummass
1.0,0.145,0.031,4,4,40.803,2.2048802,163.213,163.21265,30.011,3431294.0,64.873,14754565.0
3.0,0.435,0.093,16,16,32.808,8.28142,524.931,688.1441,14.959,14467168.0,52.162,62208824.0
5.0,0.725,0.156,24,24,23.367,9.970915,560.813,1248.9569,12.084,26257392.0,37.152,112906790.0
7.0,1.015,0.218,32,32,14.357,7.145374,459.435,1708.3921,10.131,35916308.0,22.827,154440130.0
9.0,1.305,0.280,38,28,9.940,7.4661965,377.720,2086.112,9.155,43857290.0,15.804,188586350.0
11.0,1.595,0.342,51,31,5.860,4.349304,298.863,2384.9749,7.624,50140416.0,9.317,215603790.0
13.0,1.885,0.404,65,15,4.015,1.5440935,260.973,2645.9482,6.647,55626980.0,6.383,239196030.0
15.0,2.175,0.467,70,6,nan,nan,0.000,2645.9482,6.269,55626980.0,nan,239196030.0
17.0,2.465,0.529,78,5,nan,nan,0.000,2645.9482,5.925,55626980.0,nan,239196030.0
19.0,2.755,0.591,83,2,nan,nan,0.000,2645.9482,5.752,55626980.0,nan,239196030.0
21.0,3.045,0.653,97,10,3.559,0.39028808,345.219,2991.1667,5.322,62884664.0,5.658,270404060.0
23.0,3.335,0.715,113,11,nan,nan,0.000,2991.1667,4.973,62884664.0,nan,270404060.0
25.0,3.625,0.778,119,9,nan,nan,0.000,2991.1667,4.909,62884664.0,nan,270404060.0
27.0,3.915,0.840,127,8,nan,nan,0.000,2991.1667,4.830,62884664.0,nan,270404060.0
29.0,4.205,0.902,128,4,nan,nan,0.000,2991.1667,4.904,62884664.0,nan,270404060.0
31.0,4.495,0.964,135,5,nan,nan,0.000,2991.1667,4.868,62884664.0,nan,270404060.0
33.0,4.785,1.027,164,0,nan,nan,0.000,2991.1667,4.498,62884664.0,nan,270404060.0
35.0,5.075,1.089,162,6,nan,nan,0.000,2991.1667,4.629,62884664.0,nan,270404060.0
37.0,5.365,1.151,174,7,nan,nan,0.000,2991.1667,4.576,62884664.0,nan,270404060.0
39.0,5.655,1.213,177,5,nan,nan,0.000,2991.1667,4.689,62884664.0,nan,270404060.0
41.0,5.945,1.275,183,5,nan,nan,0.000,2991.1667,4.733,62884664.0,nan,270404060.0
43.0,6.235,1.338,203,8,nan,nan,0.000,2991.1667,4.614,62884664.0,nan,270404060.0
45.0,6.525,1.400,217,7,nan,nan,0.000,2991.1667,4.613,62884664.0,nan,270404060.0
47.0,6.815,1.462,216,7,nan,nan,0.000,2991.1667,4.805,62884664.0,nan,270404060.0
49.0,7.105,1.524,233,9,nan,nan,0.000,2991.1667,4.816,62884664.0,nan,270404060.0
51.0,7.395,1.587,219,4,nan,nan,0.000,2991.1667,5.210,62884664.0,nan,270404060.0
53.0,7.685,1.649,205,10,nan,nan,0.000,2991.1667,5.154,62884664.0,nan,270404060.0
55.0,7.975,1.711,198,7,nan,nan,0.000,2991.1667,5.210,62884664.0,nan,270404060.0
57.0,8.265,1.773,198,0,nan,nan,0.000,2991.1667,5.211,62884664.0,nan,270404060.0
59.0,8.555,1.835,180,0,nan,nan,0.000,2991.1667,5.448,62884664.0,nan,270404060.0
61.0,8.845,1.898,170,0,nan,nan,0.000,2991.1667,5.732,62884664.0,nan,270404060.0
63.0,9.135,1.960,174,0,nan,nan,0.000,2991.1667,5.653,62884664.0,nan,270404060.0
65.0,9.425,2.022,183,0,nan,nan,0.000,2991.1667,5.462,62884664.0,nan,270404060.0
67.0,9.715,2.084,176,0,nan,nan,0.000,2991.1667,5.673,62884664.0,nan,270404060.0
69.0,10.005,2.146,174,0,nan,nan,0.000,2991.1667,5.735,62884664.0,nan,270404060.0
71.0,10.295,2.209,153,0,nan,nan,0.000,2991.1667,6.248,62884664.0,nan,270404060.0
73.0,10.585,2.271,168,0,nan,nan,0.000,2991.1667,5.963,62884664.0,nan,270404060.0
75.0,10.875,2.333,172,0,nan,nan,0.000,2991.1667,5.953,62884664.0,nan,270404060.0
77.0,11.165,2.395,173,0,nan,nan,0.000,2991.1667,6.015,62884664.0,nan,270404060.0
79.0,11.455,2.458,164,0,nan,nan,0.000,2991.1667,6.279,62884664.0,nan,270404060.0
81.0,11.745,2.520,159,0,nan,nan,0.000,2991.1667,6.417,62884664.0,nan,270404060.0
83.0,12.035,2.582,153,0,nan,nan,0.000,2991.1667,6.620,62884664.0,nan,270404060.0
85.0,12.325,2.644,170,0,nan,nan,0.000,2991.1667,6.388,62884664.0,nan,270404060.0
87.0,12.615,2.706,170,0,nan,nan,0.000,2991.1667,6.592,62884664.0,nan,270404060.0
89.0,12.905,2.769,161,0,nan,nan,0.000,2991.1667,6.761,62884664.0,nan,270404060.0
91.0,13.195,2.831,159,0,nan,nan,0.000,2991.1667,6.977,62884664.0,nan,270404060.0
93.0,13.485,2.893,145,0,nan,nan,0.000,2991.1667,7.102,62884664.0,nan,270404060.0
95.0,13.774,2.955,169,0,nan,nan,0.000,2991.1667,7.165,62884664.0,nan,270404060.0
97.0,14.064,3.018,167,0,nan,nan,0.000,2991.1667,7.240,62884664.0,nan,270404060.0
99.0,14.354,3.080,159,0,nan,nan,0.000,2991.1667,7.597,62884664.0,nan,270404060.0
101.0,14.644,3.142,156,0,nan,nan,0.000,2991.1667,7.666,62884664.0,nan,270404060.0
103.0,14.934,3.204,145,0,nan,nan,0.000,2991.1667,7.757,62884664.0,nan,270404060.0
105.0,15.224,3.266,165,0,nan,nan,0.000,2991.1667,7.916,62884664.0,nan,270404060.0
107.0,15.514,3.329,164,0,nan,nan,0.000,2991.1667,8.361,62884664.0,nan,270404060.0
109.0,15.804,3.391,165,0,nan,nan,0.000,2991.1667,8.461,62884664.0,nan,270404060.0
111.0,16.094,3.453,157,0,nan,nan,0.000,2991.1667,8.764,62884664.0,nan,270404060.0
113.0,16.384,3.515,143,0,nan,nan,0.000,2991.1667,8.960,62884664.0,nan,270404060.0
115.0,16.674,3.577,155,0,nan,nan,0.000,2991.1667,9.539,62884664.0,nan,270404060.0
117.0,16.964,3.640,163,0,nan,nan,0.000,2991.1667,9.656,62884664.0,nan,270404060.0
119.0,17.254,3.702,162,0,nan,nan,0.000,2991.1667,10.233,62884664.0,nan,270404060.0
121.0,17.544,3.764,161,0,nan,nan,0.000,2991.1667,10.107,62884664.0,nan,270404060.0
123.0,17.834,3.826,131,0,nan,nan,0.000,2991.1667,11.366,62884664.0,nan,270404060.0
125.0,18.124,3.889,138,0,nan,nan,0.000,2991.1667,11.663,62884664.0,nan,270404060.0
127.0,18.414,3.951,107,0,nan,nan,0.000,2991.1667,12.591,62884664.0,nan,270404060.0
129.0,18.704,4.013,100,0,nan,nan,0.000,2991.1667,13.249,62884664.0,nan,270404060.0
131.0,18.994,4.075,87,0,nan,nan,0.000,2991.1667,16.244,62884664.0,nan,270404060.0
133.0,19.284,4.137,80,0,nan,nan,0.000,2991.1667,17.872,62884664.0,nan,270404060.0
135.0,19.574,4.200,70,0,nan,nan,0.000,2991.1667,30.799,62884664.0,nan,270404060.0
137.0,19.864,4.262,66,0,nan,nan,0.000,2991.1667,nan,62884664.0,nan,270404060.0
139.0,20.154,4.324,58,0,nan,nan,0.000,2991.1667,nan,62884664.0,nan,270404060.0
141.0,20.444,4.386,54,0,nan,nan,0.000,2991.1667,nan,62884664.0,nan,270404060.0
143.0,20.734,4.449,47,0,nan,nan,0.000,2991.1667,nan,62884664.0,nan,270404060.0
145.0,21.024,4.511,42,0,nan,nan,0.000,2991.1667,nan,62884664.0,nan,270404060.0
147.0,21.314,4.573,36,0,nan,nan,0.000,2991.1667,nan,62884664.0,nan,270404060.0
149.0,21.604,4.635,33,0,nan,nan,0.000,2991.1667,nan,62884664.0,nan,270404060.0
151.0,21.894,4.697,26,0,nan,nan,0.000,2991.1667,nan,62884664.0,nan,270404060.0
153.0,22.184,4.760,21,0,nan,nan,0.000,2991.1667,nan,62884664.0,nan,270404060.0
155.0,22.474,4.822,17,0,nan,nan,0.000,2991.1667,nan,62884664.0,nan,270404060.0
157.0,22.764,4.884,11,0,nan,nan,0.000,2991.1667,nan,62884664.0,nan,270404060.0
159.0,23.054,4.946,8,0,nan,nan,0.000,2991.1667,nan,62884664.0,nan,270404060.0
161.0,23.344,5.008,3,0,nan,nan,0.000,2991.1667,nan,62884664.0,nan,270404060.0
163.0,23.634,5.071,1,0,nan,nan,0.000,2991.1667,nan,62884664.0,nan,270404060.0
