dat_prof/radprof/CO_natv/IC1683.smob1.rprof.txt
# %ECSV 0.9
# ---
# datatype:
# - {name: radius, unit: arcsec, datatype: float64, description: Adopting RA=20.661899999999996
#     deg DEC=34.437 deg PA=15.6 INC=54.8}
# - {name: r_kpc, unit: kpc, datatype: float64, format: 10.3f, description: Adopting
#     distance of 69.7265 Mpc}
# - {name: r_r25, unit: '', datatype: float64, format: 10.3f, description: Adopting
#     R25=39.4566 arcsec}
# - {name: npix, datatype: int64}
# - {name: ngood, datatype: int64, description: Requiring fill fraction of 0.1 npix}
# - {name: wtmean, unit: K km / s, datatype: float64, format: 10.3f, description: Replaced
#     blanks with 1 times ../IC1683.co.de20_smo.emom0max.fits}
# - {name: rms, unit: K km / s, datatype: float32}
# - {name: annsum, unit: K km pix / s, datatype: float32, format: 10.3f}
# - {name: cumsum, unit: K km pix / s, datatype: float32}
# - {name: detlim, unit: K km / s, datatype: float64, format: 10.3f}
# - {name: cumlum, unit: K km pc2 / s, datatype: float32}
# - {name: sigmol, unit: solMass / pc2, datatype: float64, format: 10.3f}
# - {name: cummass, unit: solMass, datatype: float32}
# delimiter: ','
# schema: astropy-2.0
radius,r_kpc,r_r25,npix,ngood,wtmean,rms,annsum,cumsum,detlim,cumlum,sigmol,cummass
1.0,0.338,0.025,7,7,148.500,18.53164,1039.503,1039.5034,20.242,118787680.0,368.082,510787040.0
3.0,1.014,0.076,20,20,97.756,35.010384,1955.127,2994.6306,11.911,342206880.0,242.305,1471489700.0
5.0,1.690,0.127,39,39,57.577,30.36707,2245.494,5240.1245,8.509,598807300.0,142.713,2574871600.0
7.0,2.366,0.177,52,52,26.804,15.435749,1393.820,6633.944,7.270,758083900.0,66.439,3259761000.0
9.0,3.042,0.228,63,63,15.596,7.716311,982.558,7616.5024,6.360,870364300.0,38.658,3742566700.0
11.0,3.718,0.279,77,67,9.589,6.0716696,738.330,8354.832,5.407,954735740.0,23.767,4105364000.0
13.0,4.395,0.329,99,56,6.539,4.7034597,647.399,9002.231,4.481,1028716350.0,16.209,4423480300.0
15.0,5.071,0.380,105,41,5.381,4.2487707,564.952,9567.183,4.083,1093275300.0,13.336,4701083600.0
17.0,5.747,0.431,125,34,4.235,2.9550245,529.360,10096.543,3.569,1153767200.0,10.497,4961199000.0
19.0,6.423,0.482,132,33,3.464,1.7182369,457.257,10553.8,3.341,1206019500.0,8.586,5185883600.0
21.0,7.099,0.532,156,35,3.011,1.0261744,469.692,11023.491,2.949,1259692800.0,7.463,5416679400.0
23.0,7.775,0.583,168,27,2.904,0.91248757,487.854,11511.346,2.818,1315441500.0,7.198,5656399000.0
25.0,8.451,0.634,179,19,2.807,0.66052485,502.369,12013.714,2.709,1372848900.0,6.956,5903250400.0
27.0,9.127,0.684,193,10,nan,nan,0.000,12013.714,2.653,1372848900.0,nan,5903250400.0
29.0,9.803,0.735,205,14,nan,nan,0.000,12013.714,2.619,1372848900.0,nan,5903250400.0
31.0,10.479,0.786,238,12,nan,nan,0.000,12013.714,2.482,1372848900.0,nan,5903250400.0
33.0,11.155,0.836,236,8,nan,nan,0.000,12013.714,2.552,1372848900.0,nan,5903250400.0
35.0,11.832,0.887,248,4,nan,nan,0.000,12013.714,2.560,1372848900.0,nan,5903250400.0
37.0,12.508,0.938,270,0,nan,nan,0.000,12013.714,2.522,1372848900.0,nan,5903250400.0
39.0,13.184,0.988,286,0,nan,nan,0.000,12013.714,2.507,1372848900.0,nan,5903250400.0
41.0,13.860,1.039,303,0,nan,nan,0.000,12013.714,2.526,1372848900.0,nan,5903250400.0
43.0,14.536,1.090,304,0,nan,nan,0.000,12013.714,2.602,1372848900.0,nan,5903250400.0
45.0,15.212,1.140,323,0,nan,nan,0.000,12013.714,2.625,1372848900.0,nan,5903250400.0
47.0,15.888,1.191,343,0,nan,nan,0.000,12013.714,2.631,1372848900.0,nan,5903250400.0
49.0,16.564,1.242,363,0,nan,nan,0.000,12013.714,2.662,1372848900.0,nan,5903250400.0
51.0,17.240,1.293,363,0,nan,nan,0.000,12013.714,2.827,1372848900.0,nan,5903250400.0
53.0,17.916,1.343,323,0,nan,nan,0.000,12013.714,2.992,1372848900.0,nan,5903250400.0
55.0,18.592,1.394,317,0,nan,nan,0.000,12013.714,3.078,1372848900.0,nan,5903250400.0
57.0,19.268,1.445,303,0,nan,nan,0.000,12013.714,3.142,1372848900.0,nan,5903250400.0
59.0,19.945,1.495,294,0,nan,nan,0.000,12013.714,3.305,1372848900.0,nan,5903250400.0
61.0,20.621,1.546,278,0,nan,nan,0.000,12013.714,3.459,1372848900.0,nan,5903250400.0
63.0,21.297,1.597,278,0,nan,nan,0.000,12013.714,3.576,1372848900.0,nan,5903250400.0
65.0,21.973,1.647,284,0,nan,nan,0.000,12013.714,3.595,1372848900.0,nan,5903250400.0
67.0,22.649,1.698,276,0,nan,nan,0.000,12013.714,3.823,1372848900.0,nan,5903250400.0
69.0,23.325,1.749,261,0,nan,nan,0.000,12013.714,4.045,1372848900.0,nan,5903250400.0
71.0,24.001,1.799,264,0,nan,nan,0.000,12013.714,4.248,1372848900.0,nan,5903250400.0
73.0,24.677,1.850,280,0,nan,nan,0.000,12013.714,4.247,1372848900.0,nan,5903250400.0
75.0,25.353,1.901,259,0,nan,nan,0.000,12013.714,4.704,1372848900.0,nan,5903250400.0
77.0,26.029,1.952,259,0,nan,nan,0.000,12013.714,4.893,1372848900.0,nan,5903250400.0
79.0,26.705,2.002,253,0,nan,nan,0.000,12013.714,5.307,1372848900.0,nan,5903250400.0
81.0,27.382,2.053,254,0,nan,nan,0.000,12013.714,5.788,1372848900.0,nan,5903250400.0
83.0,28.058,2.104,204,0,nan,nan,0.000,12013.714,6.360,1372848900.0,nan,5903250400.0
85.0,28.734,2.154,151,0,nan,nan,0.000,12013.714,7.565,1372848900.0,nan,5903250400.0
87.0,29.410,2.205,122,0,nan,nan,0.000,12013.714,10.863,1372848900.0,nan,5903250400.0
89.0,30.086,2.256,104,0,nan,nan,0.000,12013.714,37.665,1372848900.0,nan,5903250400.0
91.0,30.762,2.306,92,0,nan,nan,0.000,12013.714,nan,1372848900.0,nan,5903250400.0
93.0,31.438,2.357,85,0,nan,nan,0.000,12013.714,nan,1372848900.0,nan,5903250400.0
95.0,32.114,2.408,74,0,nan,nan,0.000,12013.714,nan,1372848900.0,nan,5903250400.0
97.0,32.790,2.458,64,0,nan,nan,0.000,12013.714,nan,1372848900.0,nan,5903250400.0
99.0,33.466,2.509,54,0,nan,nan,0.000,12013.714,nan,1372848900.0,nan,5903250400.0
101.0,34.142,2.560,48,0,nan,nan,0.000,12013.714,nan,1372848900.0,nan,5903250400.0
103.0,34.818,2.610,42,0,nan,nan,0.000,12013.714,nan,1372848900.0,nan,5903250400.0
105.0,35.495,2.661,30,0,nan,nan,0.000,12013.714,nan,1372848900.0,nan,5903250400.0
107.0,36.171,2.712,23,0,nan,nan,0.000,12013.714,nan,1372848900.0,nan,5903250400.0
109.0,36.847,2.763,18,0,nan,nan,0.000,12013.714,nan,1372848900.0,nan,5903250400.0
111.0,37.523,2.813,8,0,nan,nan,0.000,12013.714,nan,1372848900.0,nan,5903250400.0
113.0,38.199,2.864,2,0,nan,nan,0.000,12013.714,nan,1372848900.0,nan,5903250400.0
