dat_prof/radprof/CO_natv/IC2487.smob0.rprof.txt
# %ECSV 0.9
# ---
# datatype:
# - {name: radius, unit: arcsec, datatype: float64, description: Adopting RA=142.5384
#     deg DEC=20.0909 deg PA=162.9 INC=77.9}
# - {name: r_kpc, unit: kpc, datatype: float64, format: 10.3f, description: Adopting
#     distance of 62.3477 Mpc}
# - {name: r_r25, unit: '', datatype: float64, format: 10.3f, description: Adopting
#     R25=55.0962 arcsec}
# - {name: npix, datatype: int64}
# - {name: ngood, datatype: int64, description: Requiring fill fraction of 0.2 npix}
# - {name: wtmean, unit: K km / s, datatype: float64, format: 10.3f, description: Replaced
#     blanks with 0 times ../IC2487.co.de20_smo.emom0max.fits}
# - {name: rms, unit: K km / s, datatype: float32}
# - {name: annsum, unit: K km pix / s, datatype: float32, format: 10.3f}
# - {name: cumsum, unit: K km pix / s, datatype: float32}
# - {name: detlim, unit: K km / s, datatype: float64, format: 10.3f}
# - {name: cumlum, unit: K km pc2 / s, datatype: float32}
# - {name: sigmol, unit: solMass / pc2, datatype: float64, format: 10.3f}
# - {name: cummass, unit: solMass, datatype: float32}
# delimiter: ','
# schema: astropy-2.0
radius,r_kpc,r_r25,npix,ngood,wtmean,rms,annsum,cumsum,detlim,cumlum,sigmol,cummass
1.0,0.302,0.018,2,2,22.979,1.1230167,45.959,45.958824,32.421,4199131.5,20.713,18056266.0
3.0,0.907,0.054,10,10,18.749,6.044541,187.485,233.44429,14.815,21329164.0,16.899,91715410.0
5.0,1.511,0.091,11,11,17.484,5.589047,192.322,425.76593,13.896,38901064.0,15.759,167274580.0
7.0,2.116,0.127,19,19,14.572,5.9770594,276.872,702.6381,10.679,64198120.0,13.135,276051940.0
9.0,2.720,0.163,25,25,15.485,4.116543,387.124,1089.7617,9.259,99568536.0,13.958,428144740.0
11.0,3.325,0.200,27,27,14.748,3.5191238,398.209,1487.9705,8.405,135951780.0,13.294,584592640.0
13.0,3.930,0.236,37,37,13.384,2.930724,495.191,1983.1613,7.116,181196000.0,12.063,779142850.0
15.0,4.534,0.272,37,37,11.910,3.3516512,440.652,2423.8135,6.999,221457180.0,10.735,952265900.0
17.0,5.139,0.309,45,45,10.065,2.700918,452.926,2876.7397,6.172,262839820.0,9.072,1130211300.0
19.0,5.743,0.345,50,50,9.044,3.481932,452.179,3328.9185,5.873,304154140.0,8.152,1307862900.0
21.0,6.348,0.381,56,56,7.197,3.0206137,403.024,3731.9429,5.453,340977380.0,6.487,1466202800.0
23.0,6.952,0.417,62,62,6.202,2.9618556,384.526,4116.4688,5.159,376110460.0,5.590,1617275000.0
25.0,7.557,0.454,63,63,4.997,2.9679043,314.824,4431.2935,5.146,404875140.0,4.504,1740963200.0
27.0,8.161,0.490,75,75,4.271,2.5409443,320.308,4751.6016,4.736,434140800.0,3.850,1866805500.0
29.0,8.766,0.526,70,70,3.341,2.4188192,233.873,4985.474,4.919,455509100.0,3.011,1958689200.0
31.0,9.370,0.563,92,92,2.564,2.252248,235.904,5221.3784,4.335,477063040.0,2.311,2051371100.0
33.0,9.975,0.599,79,79,2.158,2.0725143,170.479,5391.857,4.699,492639170.0,1.945,2118348500.0
35.0,10.579,0.635,92,90,1.312,1.9666963,120.743,5512.6006,4.463,503671200.0,1.183,2165786400.0
37.0,11.184,0.672,101,91,1.103,2.2106757,111.381,5623.982,4.284,513847800.0,0.994,2209545700.0
39.0,11.789,0.708,97,82,0.467,1.8294262,45.256,5669.238,4.505,517982720.0,0.421,2227325700.0
41.0,12.393,0.744,113,90,0.763,2.0299914,86.273,5755.5107,4.234,525865250.0,0.688,2261220600.0
43.0,12.998,0.780,115,91,0.408,1.9046218,46.885,5802.3955,4.287,530148960.0,0.367,2279640600.0
45.0,13.602,0.817,117,78,0.204,1.5619259,23.918,5826.3135,4.452,532334270.0,0.184,2289037600.0
47.0,14.207,0.853,122,73,-0.067,1.3624179,-8.128,5818.1855,4.444,531591650.0,-0.060,2285844200.0
49.0,14.811,0.889,132,62,-0.227,1.0581416,-30.029,5788.157,4.392,528848060.0,-0.205,2274046700.0
51.0,15.416,0.926,137,37,-0.203,0.79875183,-27.877,5760.28,4.519,526300960.0,-0.183,2263094300.0
53.0,16.020,0.962,126,25,nan,nan,0.000,5760.28,4.843,526300960.0,nan,2263094300.0
55.0,16.625,0.998,137,21,nan,nan,0.000,5760.28,4.579,526300960.0,nan,2263094300.0
57.0,17.229,1.035,113,12,nan,nan,0.000,5760.28,4.869,526300960.0,nan,2263094300.0
59.0,17.834,1.071,120,5,nan,nan,0.000,5760.28,4.720,526300960.0,nan,2263094300.0
61.0,18.438,1.107,107,3,nan,nan,0.000,5760.28,4.853,526300960.0,nan,2263094300.0
63.0,19.043,1.143,104,3,nan,nan,0.000,5760.28,4.939,526300960.0,nan,2263094300.0
65.0,19.648,1.180,110,1,nan,nan,0.000,5760.28,4.906,526300960.0,nan,2263094300.0
67.0,20.252,1.216,101,0,nan,nan,0.000,5760.28,4.961,526300960.0,nan,2263094300.0
69.0,20.857,1.252,105,0,nan,nan,0.000,5760.28,4.964,526300960.0,nan,2263094300.0
71.0,21.461,1.289,102,0,nan,nan,0.000,5760.28,5.056,526300960.0,nan,2263094300.0
73.0,22.066,1.325,101,0,nan,nan,0.000,5760.28,4.987,526300960.0,nan,2263094300.0
75.0,22.670,1.361,105,0,nan,nan,0.000,5760.28,4.986,526300960.0,nan,2263094300.0
77.0,23.275,1.398,97,0,nan,nan,0.000,5760.28,5.124,526300960.0,nan,2263094300.0
79.0,23.879,1.434,101,0,nan,nan,0.000,5760.28,4.997,526300960.0,nan,2263094300.0
81.0,24.484,1.470,99,0,nan,nan,0.000,5760.28,5.200,526300960.0,nan,2263094300.0
83.0,25.088,1.506,91,0,nan,nan,0.000,5760.28,5.347,526300960.0,nan,2263094300.0
85.0,25.693,1.543,104,0,nan,nan,0.000,5760.28,4.939,526300960.0,nan,2263094300.0
87.0,26.298,1.579,95,0,nan,nan,0.000,5760.28,5.342,526300960.0,nan,2263094300.0
89.0,26.902,1.615,94,0,nan,nan,0.000,5760.28,5.324,526300960.0,nan,2263094300.0
91.0,27.507,1.652,103,0,nan,nan,0.000,5760.28,5.034,526300960.0,nan,2263094300.0
93.0,28.111,1.688,93,0,nan,nan,0.000,5760.28,5.431,526300960.0,nan,2263094300.0
95.0,28.716,1.724,97,0,nan,nan,0.000,5760.28,5.228,526300960.0,nan,2263094300.0
97.0,29.320,1.761,100,0,nan,nan,0.000,5760.28,5.182,526300960.0,nan,2263094300.0
99.0,29.925,1.797,89,0,nan,nan,0.000,5760.28,5.599,526300960.0,nan,2263094300.0
101.0,30.529,1.833,93,0,nan,nan,0.000,5760.28,5.450,526300960.0,nan,2263094300.0
103.0,31.134,1.869,100,0,nan,nan,0.000,5760.28,5.231,526300960.0,nan,2263094300.0
105.0,31.738,1.906,93,0,nan,nan,0.000,5760.28,5.487,526300960.0,nan,2263094300.0
107.0,32.343,1.942,95,0,nan,nan,0.000,5760.28,5.482,526300960.0,nan,2263094300.0
109.0,32.947,1.978,96,0,nan,nan,0.000,5760.28,5.462,526300960.0,nan,2263094300.0
111.0,33.552,2.015,88,0,nan,nan,0.000,5760.28,5.679,526300960.0,nan,2263094300.0
113.0,34.157,2.051,98,0,nan,nan,0.000,5760.28,5.525,526300960.0,nan,2263094300.0
115.0,34.761,2.087,95,0,nan,nan,0.000,5760.28,5.510,526300960.0,nan,2263094300.0
117.0,35.366,2.124,88,0,nan,nan,0.000,5760.28,5.806,526300960.0,nan,2263094300.0
119.0,35.970,2.160,94,0,nan,nan,0.000,5760.28,5.729,526300960.0,nan,2263094300.0
121.0,36.575,2.196,96,0,nan,nan,0.000,5760.28,5.567,526300960.0,nan,2263094300.0
123.0,37.179,2.232,95,0,nan,nan,0.000,5760.28,5.645,526300960.0,nan,2263094300.0
125.0,37.784,2.269,92,0,nan,nan,0.000,5760.28,5.918,526300960.0,nan,2263094300.0
127.0,38.388,2.305,97,0,nan,nan,0.000,5760.28,5.560,526300960.0,nan,2263094300.0
129.0,38.993,2.341,89,0,nan,nan,0.000,5760.28,6.061,526300960.0,nan,2263094300.0
131.0,39.597,2.378,94,0,nan,nan,0.000,5760.28,5.842,526300960.0,nan,2263094300.0
133.0,40.202,2.414,96,0,nan,nan,0.000,5760.28,5.753,526300960.0,nan,2263094300.0
135.0,40.806,2.450,88,0,nan,nan,0.000,5760.28,6.230,526300960.0,nan,2263094300.0
137.0,41.411,2.487,94,0,nan,nan,0.000,5760.28,5.972,526300960.0,nan,2263094300.0
139.0,42.016,2.523,94,0,nan,nan,0.000,5760.28,5.964,526300960.0,nan,2263094300.0
141.0,42.620,2.559,91,0,nan,nan,0.000,5760.28,6.242,526300960.0,nan,2263094300.0
143.0,43.225,2.595,93,0,nan,nan,0.000,5760.28,6.131,526300960.0,nan,2263094300.0
145.0,43.829,2.632,92,0,nan,nan,0.000,5760.28,6.115,526300960.0,nan,2263094300.0
147.0,44.434,2.668,88,0,nan,nan,0.000,5760.28,6.411,526300960.0,nan,2263094300.0
149.0,45.038,2.704,93,0,nan,nan,0.000,5760.28,6.335,526300960.0,nan,2263094300.0
151.0,45.643,2.741,96,0,nan,nan,0.000,5760.28,6.152,526300960.0,nan,2263094300.0
153.0,46.247,2.777,89,0,nan,nan,0.000,5760.28,6.576,526300960.0,nan,2263094300.0
155.0,46.852,2.813,93,0,nan,nan,0.000,5760.28,6.443,526300960.0,nan,2263094300.0
157.0,47.456,2.850,97,0,nan,nan,0.000,5760.28,6.280,526300960.0,nan,2263094300.0
159.0,48.061,2.886,91,0,nan,nan,0.000,5760.28,6.667,526300960.0,nan,2263094300.0
161.0,48.665,2.922,88,0,nan,nan,0.000,5760.28,6.805,526300960.0,nan,2263094300.0
163.0,49.270,2.958,98,0,nan,nan,0.000,5760.28,6.365,526300960.0,nan,2263094300.0
165.0,49.875,2.995,84,0,nan,nan,0.000,5760.28,7.062,526300960.0,nan,2263094300.0
167.0,50.479,3.031,91,0,nan,nan,0.000,5760.28,6.966,526300960.0,nan,2263094300.0
169.0,51.084,3.067,100,0,nan,nan,0.000,5760.28,6.542,526300960.0,nan,2263094300.0
171.0,51.688,3.104,88,0,nan,nan,0.000,5760.28,7.253,526300960.0,nan,2263094300.0
173.0,52.293,3.140,90,0,nan,nan,0.000,5760.28,7.122,526300960.0,nan,2263094300.0
175.0,52.897,3.176,94,0,nan,nan,0.000,5760.28,6.872,526300960.0,nan,2263094300.0
177.0,53.502,3.213,87,0,nan,nan,0.000,5760.28,7.462,526300960.0,nan,2263094300.0
179.0,54.106,3.249,89,0,nan,nan,0.000,5760.28,7.343,526300960.0,nan,2263094300.0
181.0,54.711,3.285,85,0,nan,nan,0.000,5760.28,7.206,526300960.0,nan,2263094300.0
183.0,55.315,3.321,82,0,nan,nan,0.000,5760.28,7.630,526300960.0,nan,2263094300.0
185.0,55.920,3.358,83,0,nan,nan,0.000,5760.28,7.475,526300960.0,nan,2263094300.0
187.0,56.525,3.394,85,0,nan,nan,0.000,5760.28,7.446,526300960.0,nan,2263094300.0
189.0,57.129,3.430,78,0,nan,nan,0.000,5760.28,8.154,526300960.0,nan,2263094300.0
191.0,57.734,3.467,75,0,nan,nan,0.000,5760.28,7.680,526300960.0,nan,2263094300.0
193.0,58.338,3.503,80,0,nan,nan,0.000,5760.28,7.778,526300960.0,nan,2263094300.0
195.0,58.943,3.539,72,0,nan,nan,0.000,5760.28,8.354,526300960.0,nan,2263094300.0
197.0,59.547,3.576,70,0,nan,nan,0.000,5760.28,8.243,526300960.0,nan,2263094300.0
199.0,60.152,3.612,75,0,nan,nan,0.000,5760.28,8.195,526300960.0,nan,2263094300.0
201.0,60.756,3.648,67,0,nan,nan,0.000,5760.28,8.703,526300960.0,nan,2263094300.0
203.0,61.361,3.684,65,0,nan,nan,0.000,5760.28,8.640,526300960.0,nan,2263094300.0
205.0,61.965,3.721,73,0,nan,nan,0.000,5760.28,8.417,526300960.0,nan,2263094300.0
207.0,62.570,3.757,60,0,nan,nan,0.000,5760.28,9.322,526300960.0,nan,2263094300.0
209.0,63.174,3.793,61,0,nan,nan,0.000,5760.28,9.159,526300960.0,nan,2263094300.0
211.0,63.779,3.830,68,0,nan,nan,0.000,5760.28,9.047,526300960.0,nan,2263094300.0
213.0,64.384,3.866,58,0,nan,nan,0.000,5760.28,9.655,526300960.0,nan,2263094300.0
215.0,64.988,3.902,57,0,nan,nan,0.000,5760.28,9.768,526300960.0,nan,2263094300.0
217.0,65.593,3.939,65,0,nan,nan,0.000,5760.28,9.480,526300960.0,nan,2263094300.0
219.0,66.197,3.975,53,0,nan,nan,0.000,5760.28,10.437,526300960.0,nan,2263094300.0
221.0,66.802,4.011,51,0,nan,nan,0.000,5760.28,10.734,526300960.0,nan,2263094300.0
223.0,67.406,4.047,61,0,nan,nan,0.000,5760.28,10.387,526300960.0,nan,2263094300.0
225.0,68.011,4.084,47,0,nan,nan,0.000,5760.28,11.324,526300960.0,nan,2263094300.0
227.0,68.615,4.120,51,0,nan,nan,0.000,5760.28,11.305,526300960.0,nan,2263094300.0
229.0,69.220,4.156,54,0,nan,nan,0.000,5760.28,11.730,526300960.0,nan,2263094300.0
231.0,69.824,4.193,45,0,nan,nan,0.000,5760.28,11.994,526300960.0,nan,2263094300.0
233.0,70.429,4.229,47,0,nan,nan,0.000,5760.28,13.144,526300960.0,nan,2263094300.0
235.0,71.033,4.265,49,0,nan,nan,0.000,5760.28,13.848,526300960.0,nan,2263094300.0
237.0,71.638,4.302,41,0,nan,nan,0.000,5760.28,13.664,526300960.0,nan,2263094300.0
239.0,72.243,4.338,43,0,nan,nan,0.000,5760.28,15.387,526300960.0,nan,2263094300.0
241.0,72.847,4.374,44,0,nan,nan,0.000,5760.28,19.186,526300960.0,nan,2263094300.0
243.0,73.452,4.410,38,0,nan,nan,0.000,5760.28,22.011,526300960.0,nan,2263094300.0
245.0,74.056,4.447,39,0,nan,nan,0.000,5760.28,31.250,526300960.0,nan,2263094300.0
247.0,74.661,4.483,41,0,nan,nan,0.000,5760.28,nan,526300960.0,nan,2263094300.0
249.0,75.265,4.519,33,0,nan,nan,0.000,5760.28,nan,526300960.0,nan,2263094300.0
251.0,75.870,4.556,36,0,nan,nan,0.000,5760.28,nan,526300960.0,nan,2263094300.0
253.0,76.474,4.592,38,0,nan,nan,0.000,5760.28,nan,526300960.0,nan,2263094300.0
255.0,77.079,4.628,28,0,nan,nan,0.000,5760.28,nan,526300960.0,nan,2263094300.0
257.0,77.683,4.665,33,0,nan,nan,0.000,5760.28,nan,526300960.0,nan,2263094300.0
259.0,78.288,4.701,33,0,nan,nan,0.000,5760.28,nan,526300960.0,nan,2263094300.0
261.0,78.893,4.737,26,0,nan,nan,0.000,5760.28,nan,526300960.0,nan,2263094300.0
263.0,79.497,4.773,27,0,nan,nan,0.000,5760.28,nan,526300960.0,nan,2263094300.0
265.0,80.102,4.810,30,0,nan,nan,0.000,5760.28,nan,526300960.0,nan,2263094300.0
267.0,80.706,4.846,23,0,nan,nan,0.000,5760.28,nan,526300960.0,nan,2263094300.0
269.0,81.311,4.882,23,0,nan,nan,0.000,5760.28,nan,526300960.0,nan,2263094300.0
271.0,81.915,4.919,27,0,nan,nan,0.000,5760.28,nan,526300960.0,nan,2263094300.0
273.0,82.520,4.955,18,0,nan,nan,0.000,5760.28,nan,526300960.0,nan,2263094300.0
275.0,83.124,4.991,20,0,nan,nan,0.000,5760.28,nan,526300960.0,nan,2263094300.0
277.0,83.729,5.028,24,0,nan,nan,0.000,5760.28,nan,526300960.0,nan,2263094300.0
279.0,84.333,5.064,13,0,nan,nan,0.000,5760.28,nan,526300960.0,nan,2263094300.0
281.0,84.938,5.100,17,0,nan,nan,0.000,5760.28,nan,526300960.0,nan,2263094300.0
283.0,85.542,5.136,19,0,nan,nan,0.000,5760.28,nan,526300960.0,nan,2263094300.0
285.0,86.147,5.173,11,0,nan,nan,0.000,5760.28,nan,526300960.0,nan,2263094300.0
287.0,86.752,5.209,14,0,nan,nan,0.000,5760.28,nan,526300960.0,nan,2263094300.0
289.0,87.356,5.245,14,0,nan,nan,0.000,5760.28,nan,526300960.0,nan,2263094300.0
291.0,87.961,5.282,8,0,nan,nan,0.000,5760.28,nan,526300960.0,nan,2263094300.0
293.0,88.565,5.318,11,0,nan,nan,0.000,5760.28,nan,526300960.0,nan,2263094300.0
295.0,89.170,5.354,9,0,nan,nan,0.000,5760.28,nan,526300960.0,nan,2263094300.0
297.0,89.774,5.391,5,0,nan,nan,0.000,5760.28,nan,526300960.0,nan,2263094300.0
299.0,90.379,5.427,7,0,nan,nan,0.000,5760.28,nan,526300960.0,nan,2263094300.0
301.0,90.983,5.463,5,0,nan,nan,0.000,5760.28,nan,526300960.0,nan,2263094300.0
303.0,91.588,5.499,3,0,nan,nan,0.000,5760.28,nan,526300960.0,nan,2263094300.0
305.0,92.192,5.536,3,0,nan,nan,0.000,5760.28,nan,526300960.0,nan,2263094300.0
307.0,92.797,5.572,1,0,nan,nan,0.000,5760.28,nan,526300960.0,nan,2263094300.0
309.0,93.401,5.608,0,0,nan,nan,0.000,5760.28,nan,526300960.0,nan,2263094300.0
