dat_prof/radprof/CO_natv/NGC0523.smob1.rprof.txt
# %ECSV 0.9
# ---
# datatype:
# - {name: radius, unit: arcsec, datatype: float64, description: Adopting RA=21.336599999999997
#     deg DEC=34.025 deg PA=277.2 INC=71.6}
# - {name: r_kpc, unit: kpc, datatype: float64, format: 10.3f, description: Adopting
#     distance of 67.8906 Mpc}
# - {name: r_r25, unit: '', datatype: float64, format: 10.3f, description: Adopting
#     R25=75.5304 arcsec}
# - {name: npix, datatype: int64}
# - {name: ngood, datatype: int64, description: Requiring fill fraction of 0.1 npix}
# - {name: wtmean, unit: K km / s, datatype: float64, format: 10.3f, description: Replaced
#     blanks with 1 times ../NGC0523.co.de20_smo.emom0max.fits}
# - {name: rms, unit: K km / s, datatype: float32}
# - {name: annsum, unit: K km pix / s, datatype: float32, format: 10.3f}
# - {name: cumsum, unit: K km pix / s, datatype: float32}
# - {name: detlim, unit: K km / s, datatype: float64, format: 10.3f}
# - {name: cumlum, unit: K km pc2 / s, datatype: float32}
# - {name: sigmol, unit: solMass / pc2, datatype: float64, format: 10.3f}
# - {name: cummass, unit: solMass, datatype: float32}
# delimiter: ','
# schema: astropy-2.0
radius,r_kpc,r_r25,npix,ngood,wtmean,rms,annsum,cumsum,detlim,cumlum,sigmol,cummass
1.0,0.329,0.013,4,4,31.636,9.094454,126.543,126.54253,25.439,13708992.0,42.939,58948668.0
3.0,0.987,0.040,12,12,34.033,13.021455,408.395,534.9375,14.563,57952490.0,46.193,249195710.0
5.0,1.646,0.066,19,18,25.033,14.433552,475.628,1010.5651,11.305,109479630.0,33.977,470762430.0
7.0,2.304,0.093,27,22,14.953,9.109558,403.725,1414.2904,9.375,153217230.0,20.295,658834100.0
9.0,2.962,0.119,38,31,13.716,10.237841,521.195,1935.4858,7.909,209680980.0,18.616,901628200.0
11.0,3.621,0.146,42,36,10.818,6.7012353,454.340,2389.8262,7.489,258901970.0,14.683,1113278500.0
13.0,4.279,0.172,50,42,10.287,6.3828416,514.340,2904.166,6.793,314623000.0,13.962,1352879000.0
15.0,4.937,0.199,64,50,10.152,7.3332148,649.720,3553.8862,5.888,385010500.0,13.779,1655545200.0
17.0,5.595,0.225,63,44,10.533,9.134742,663.592,4217.4775,5.847,456900700.0,14.297,1964673200.0
19.0,6.254,0.252,74,48,10.429,9.857791,771.729,4989.207,5.313,540506050.0,14.155,2324176100.0
21.0,6.912,0.278,89,47,9.530,10.85345,848.131,5837.3374,4.783,632388300.0,12.934,2719269600.0
23.0,7.570,0.305,90,42,10.595,12.754521,953.533,6790.871,4.724,735689500.0,14.380,3163465000.0
25.0,8.229,0.331,95,50,9.501,11.668123,902.603,7693.474,4.493,833473000.0,12.896,3583934200.0
27.0,8.887,0.357,112,53,8.361,11.400121,936.484,8629.958,4.054,934927040.0,11.349,4020186400.0
29.0,9.545,0.384,113,47,8.015,10.904167,905.708,9535.667,4.110,1033047100.0,10.879,4442103000.0
31.0,10.203,0.410,118,36,6.485,9.443488,765.189,10300.855,4.037,1115943800.0,8.802,4798558700.0
33.0,10.862,0.437,138,26,5.187,8.260268,715.786,11016.642,3.750,1193488500.0,7.040,5132001000.0
35.0,11.520,0.463,134,21,5.594,9.042359,749.617,11766.259,3.920,1274698400.0,7.593,5481203000.0
37.0,12.178,0.490,147,31,4.843,6.313802,711.900,12478.158,3.788,1351822100.0,6.573,5812835300.0
39.0,12.837,0.516,159,31,4.497,4.782401,715.028,13193.187,3.718,1429284700.0,6.104,6145924600.0
41.0,13.495,0.543,161,24,4.428,3.8844154,712.846,13906.033,3.812,1506511000.0,6.010,6477997600.0
43.0,14.153,0.569,168,17,4.122,2.0138097,692.505,14598.538,3.817,1581533600.0,5.595,6800594400.0
45.0,14.811,0.596,184,17,nan,nan,0.000,14598.538,3.738,1581533600.0,nan,6800594400.0
47.0,15.470,0.622,181,10,nan,nan,0.000,14598.538,3.940,1581533600.0,nan,6800594400.0
49.0,16.128,0.649,198,8,nan,nan,0.000,14598.538,3.855,1581533600.0,nan,6800594400.0
51.0,16.786,0.675,189,7,nan,nan,0.000,14598.538,3.989,1581533600.0,nan,6800594400.0
53.0,17.445,0.702,173,1,nan,nan,0.000,14598.538,4.125,1581533600.0,nan,6800594400.0
55.0,18.103,0.728,169,2,nan,nan,0.000,14598.538,4.120,1581533600.0,nan,6800594400.0
57.0,18.761,0.755,156,3,nan,nan,0.000,14598.538,4.263,1581533600.0,nan,6800594400.0
59.0,19.419,0.781,154,1,nan,nan,0.000,14598.538,4.292,1581533600.0,nan,6800594400.0
61.0,20.078,0.808,154,0,nan,nan,0.000,14598.538,4.312,1581533600.0,nan,6800594400.0
63.0,20.736,0.834,152,0,nan,nan,0.000,14598.538,4.349,1581533600.0,nan,6800594400.0
65.0,21.394,0.861,144,0,nan,nan,0.000,14598.538,4.449,1581533600.0,nan,6800594400.0
67.0,22.053,0.887,146,0,nan,nan,0.000,14598.538,4.499,1581533600.0,nan,6800594400.0
69.0,22.711,0.914,144,0,nan,nan,0.000,14598.538,4.539,1581533600.0,nan,6800594400.0
71.0,23.369,0.940,146,0,nan,nan,0.000,14598.538,4.489,1581533600.0,nan,6800594400.0
73.0,24.027,0.966,138,0,nan,nan,0.000,14598.538,4.674,1581533600.0,nan,6800594400.0
75.0,24.686,0.993,142,0,nan,nan,0.000,14598.538,4.640,1581533600.0,nan,6800594400.0
77.0,25.344,1.019,141,0,nan,nan,0.000,14598.538,4.667,1581533600.0,nan,6800594400.0
79.0,26.002,1.046,138,0,nan,nan,0.000,14598.538,4.808,1581533600.0,nan,6800594400.0
81.0,26.661,1.072,138,0,nan,nan,0.000,14598.538,4.853,1581533600.0,nan,6800594400.0
83.0,27.319,1.099,145,0,nan,nan,0.000,14598.538,4.700,1581533600.0,nan,6800594400.0
85.0,27.977,1.125,132,0,nan,nan,0.000,14598.538,5.011,1581533600.0,nan,6800594400.0
87.0,28.635,1.152,133,0,nan,nan,0.000,14598.538,5.077,1581533600.0,nan,6800594400.0
89.0,29.294,1.178,145,0,nan,nan,0.000,14598.538,4.848,1581533600.0,nan,6800594400.0
91.0,29.952,1.205,133,0,nan,nan,0.000,14598.538,5.131,1581533600.0,nan,6800594400.0
93.0,30.610,1.231,130,0,nan,nan,0.000,14598.538,5.311,1581533600.0,nan,6800594400.0
95.0,31.269,1.258,144,0,nan,nan,0.000,14598.538,5.071,1581533600.0,nan,6800594400.0
97.0,31.927,1.284,133,0,nan,nan,0.000,14598.538,5.210,1581533600.0,nan,6800594400.0
99.0,32.585,1.311,129,0,nan,nan,0.000,14598.538,5.515,1581533600.0,nan,6800594400.0
101.0,33.243,1.337,144,0,nan,nan,0.000,14598.538,5.323,1581533600.0,nan,6800594400.0
103.0,33.902,1.364,127,0,nan,nan,0.000,14598.538,5.490,1581533600.0,nan,6800594400.0
105.0,34.560,1.390,133,0,nan,nan,0.000,14598.538,5.529,1581533600.0,nan,6800594400.0
107.0,35.218,1.417,144,0,nan,nan,0.000,14598.538,5.644,1581533600.0,nan,6800594400.0
109.0,35.877,1.443,124,0,nan,nan,0.000,14598.538,5.785,1581533600.0,nan,6800594400.0
111.0,36.535,1.470,127,0,nan,nan,0.000,14598.538,5.816,1581533600.0,nan,6800594400.0
113.0,37.193,1.496,149,0,nan,nan,0.000,14598.538,5.849,1581533600.0,nan,6800594400.0
115.0,37.851,1.523,125,0,nan,nan,0.000,14598.538,6.127,1581533600.0,nan,6800594400.0
117.0,38.510,1.549,128,0,nan,nan,0.000,14598.538,6.057,1581533600.0,nan,6800594400.0
119.0,39.168,1.576,143,0,nan,nan,0.000,14598.538,6.229,1581533600.0,nan,6800594400.0
121.0,39.826,1.602,123,0,nan,nan,0.000,14598.538,6.514,1581533600.0,nan,6800594400.0
123.0,40.485,1.628,136,0,nan,nan,0.000,14598.538,6.412,1581533600.0,nan,6800594400.0
125.0,41.143,1.655,136,0,nan,nan,0.000,14598.538,6.640,1581533600.0,nan,6800594400.0
127.0,41.801,1.681,127,0,nan,nan,0.000,14598.538,6.709,1581533600.0,nan,6800594400.0
129.0,42.459,1.708,133,0,nan,nan,0.000,14598.538,7.007,1581533600.0,nan,6800594400.0
131.0,43.118,1.734,136,0,nan,nan,0.000,14598.538,7.013,1581533600.0,nan,6800594400.0
133.0,43.776,1.761,124,0,nan,nan,0.000,14598.538,7.402,1581533600.0,nan,6800594400.0
135.0,44.434,1.787,140,0,nan,nan,0.000,14598.538,7.440,1581533600.0,nan,6800594400.0
137.0,45.093,1.814,130,0,nan,nan,0.000,14598.538,7.767,1581533600.0,nan,6800594400.0
139.0,45.751,1.840,133,0,nan,nan,0.000,14598.538,7.932,1581533600.0,nan,6800594400.0
141.0,46.409,1.867,130,0,nan,nan,0.000,14598.538,8.232,1581533600.0,nan,6800594400.0
143.0,47.067,1.893,132,0,nan,nan,0.000,14598.538,8.286,1581533600.0,nan,6800594400.0
145.0,47.726,1.920,133,0,nan,nan,0.000,14598.538,9.103,1581533600.0,nan,6800594400.0
147.0,48.384,1.946,131,0,nan,nan,0.000,14598.538,9.213,1581533600.0,nan,6800594400.0
149.0,49.042,1.973,129,0,nan,nan,0.000,14598.538,9.588,1581533600.0,nan,6800594400.0
151.0,49.701,1.999,107,0,nan,nan,0.000,14598.538,10.510,1581533600.0,nan,6800594400.0
153.0,50.359,2.026,90,0,nan,nan,0.000,14598.538,11.195,1581533600.0,nan,6800594400.0
155.0,51.017,2.052,80,0,nan,nan,0.000,14598.538,12.084,1581533600.0,nan,6800594400.0
157.0,51.675,2.079,74,0,nan,nan,0.000,14598.538,13.945,1581533600.0,nan,6800594400.0
159.0,52.334,2.105,64,0,nan,nan,0.000,14598.538,18.883,1581533600.0,nan,6800594400.0
161.0,52.992,2.132,56,0,nan,nan,0.000,14598.538,52.095,1581533600.0,nan,6800594400.0
163.0,53.650,2.158,51,0,nan,nan,0.000,14598.538,nan,1581533600.0,nan,6800594400.0
165.0,54.309,2.185,50,0,nan,nan,0.000,14598.538,nan,1581533600.0,nan,6800594400.0
167.0,54.967,2.211,38,0,nan,nan,0.000,14598.538,nan,1581533600.0,nan,6800594400.0
169.0,55.625,2.238,33,0,nan,nan,0.000,14598.538,nan,1581533600.0,nan,6800594400.0
171.0,56.283,2.264,34,0,nan,nan,0.000,14598.538,nan,1581533600.0,nan,6800594400.0
173.0,56.942,2.290,23,0,nan,nan,0.000,14598.538,nan,1581533600.0,nan,6800594400.0
175.0,57.600,2.317,19,0,nan,nan,0.000,14598.538,nan,1581533600.0,nan,6800594400.0
177.0,58.258,2.343,18,0,nan,nan,0.000,14598.538,nan,1581533600.0,nan,6800594400.0
179.0,58.917,2.370,10,0,nan,nan,0.000,14598.538,nan,1581533600.0,nan,6800594400.0
181.0,59.575,2.396,6,0,nan,nan,0.000,14598.538,nan,1581533600.0,nan,6800594400.0
183.0,60.233,2.423,3,0,nan,nan,0.000,14598.538,nan,1581533600.0,nan,6800594400.0
185.0,60.891,2.449,0,0,nan,nan,0.000,14598.538,nan,1581533600.0,nan,6800594400.0
