dat_prof/radprof/CO_natv/NGC0551.smob1.rprof.txt
# %ECSV 0.9
# ---
# datatype:
# - {name: radius, unit: arcsec, datatype: float64, description: Adopting RA=21.919349999999998
#     deg DEC=37.1829 deg PA=315.0 INC=64.2}
# - {name: r_kpc, unit: kpc, datatype: float64, format: 10.3f, description: Adopting
#     distance of 74.4965 Mpc}
# - {name: r_r25, unit: '', datatype: float64, format: 10.3f, description: Adopting
#     R25=44.5782 arcsec}
# - {name: npix, datatype: int64}
# - {name: ngood, datatype: int64, description: Requiring fill fraction of 0.1 npix}
# - {name: wtmean, unit: K km / s, datatype: float64, format: 10.3f, description: Replaced
#     blanks with 1 times ../NGC0551.co.de20_smo.emom0max.fits}
# - {name: rms, unit: K km / s, datatype: float32}
# - {name: annsum, unit: K km pix / s, datatype: float32, format: 10.3f}
# - {name: cumsum, unit: K km pix / s, datatype: float32}
# - {name: detlim, unit: K km / s, datatype: float64, format: 10.3f}
# - {name: cumlum, unit: K km pc2 / s, datatype: float32}
# - {name: sigmol, unit: solMass / pc2, datatype: float64, format: 10.3f}
# - {name: cummass, unit: solMass, datatype: float32}
# delimiter: ','
# schema: astropy-2.0
radius,r_kpc,r_r25,npix,ngood,wtmean,rms,annsum,cumsum,detlim,cumlum,sigmol,cummass
1.0,0.361,0.022,5,5,6.230,1.305519,31.149,31.148754,17.496,4063143.5,11.659,17471518.0
3.0,1.084,0.067,17,13,5.201,1.7169844,88.417,119.56588,9.175,15596557.0,9.734,67065200.0
5.0,1.806,0.112,26,17,4.258,1.5322016,110.704,230.26965,7.283,30037112.0,7.969,129159580.0
7.0,2.528,0.157,41,16,4.130,2.255672,169.316,399.58566,5.785,52123236.0,7.729,224129920.0
9.0,3.251,0.202,48,26,4.461,2.2415547,214.140,613.72614,5.148,80056410.0,8.349,344242560.0
11.0,3.973,0.247,58,33,4.123,2.0536447,239.122,852.8482,4.673,111248260.0,7.716,478367520.0
13.0,4.695,0.292,73,48,4.550,2.1844609,332.181,1185.0297,3.945,154579070.0,8.516,664690050.0
15.0,5.418,0.336,82,71,4.927,1.9605753,403.985,1589.0146,3.641,207276180.0,9.220,891287600.0
17.0,6.140,0.381,95,78,4.620,1.7705537,438.906,2027.921,3.381,264528530.0,8.646,1137472800.0
19.0,6.862,0.426,100,81,4.534,2.3190567,453.412,2481.333,3.285,323673060.0,8.486,1391794200.0
21.0,7.585,0.471,119,80,4.464,2.6252043,531.204,3012.5376,3.040,392965100.0,8.354,1689750000.0
23.0,8.307,0.516,122,64,3.615,1.7868055,441.025,3453.5627,3.022,450493820.0,6.765,1937123600.0
25.0,9.029,0.561,140,57,3.308,1.4294639,463.130,3916.6924,2.854,510905920.0,6.191,2196895500.0
27.0,9.752,0.606,144,57,3.123,1.1777575,449.675,4366.367,2.858,569562940.0,5.844,2449120800.0
29.0,10.474,0.651,160,69,3.075,1.0273895,492.009,4858.3765,2.754,633742200.0,5.755,2725091600.0
31.0,11.196,0.695,171,70,2.910,0.8657256,497.530,5355.9067,2.722,698641660.0,5.445,3004159200.0
33.0,11.919,0.740,179,44,2.913,0.8957197,521.431,5877.338,2.702,766658800.0,5.452,3296633000.0
35.0,12.641,0.785,191,35,2.836,0.61450505,541.627,6418.9653,2.697,837310460.0,5.307,3600435200.0
37.0,13.363,0.830,203,27,2.807,0.38416114,569.835,6988.8,2.666,911641500.0,5.253,3920058600.0
39.0,14.086,0.875,218,31,2.864,0.40937105,624.430,7613.23,2.662,993094140.0,5.361,4270305000.0
41.0,14.808,0.920,217,25,2.932,0.46834853,636.322,8249.552,2.723,1076098000.0,5.488,4627222000.0
43.0,15.530,0.965,243,18,nan,nan,0.000,8249.552,2.677,1076098000.0,nan,4627222000.0
45.0,16.253,1.009,237,8,nan,nan,0.000,8249.552,2.788,1076098000.0,nan,4627222000.0
47.0,16.975,1.054,263,7,nan,nan,0.000,8249.552,2.756,1076098000.0,nan,4627222000.0
49.0,17.697,1.099,268,1,nan,nan,0.000,8249.552,2.833,1076098000.0,nan,4627222000.0
51.0,18.420,1.144,282,0,nan,nan,0.000,8249.552,2.902,1076098000.0,nan,4627222000.0
53.0,19.142,1.189,282,0,nan,nan,0.000,8249.552,3.094,1076098000.0,nan,4627222000.0
55.0,19.864,1.234,303,0,nan,nan,0.000,8249.552,3.039,1076098000.0,nan,4627222000.0
57.0,20.587,1.279,314,0,nan,nan,0.000,8249.552,3.184,1076098000.0,nan,4627222000.0
59.0,21.309,1.324,319,0,nan,nan,0.000,8249.552,3.198,1076098000.0,nan,4627222000.0
61.0,22.031,1.368,333,0,nan,nan,0.000,8249.552,3.329,1076098000.0,nan,4627222000.0
63.0,22.754,1.413,351,0,nan,nan,0.000,8249.552,3.282,1076098000.0,nan,4627222000.0
65.0,23.476,1.458,340,0,nan,nan,0.000,8249.552,3.473,1076098000.0,nan,4627222000.0
67.0,24.198,1.503,273,0,nan,nan,0.000,8249.552,3.430,1076098000.0,nan,4627222000.0
69.0,24.921,1.548,226,0,nan,nan,0.000,8249.552,3.540,1076098000.0,nan,4627222000.0
71.0,25.643,1.593,185,0,nan,nan,0.000,8249.552,3.672,1076098000.0,nan,4627222000.0
73.0,26.365,1.638,182,0,nan,nan,0.000,8249.552,3.675,1076098000.0,nan,4627222000.0
75.0,27.088,1.682,169,0,nan,nan,0.000,8249.552,3.765,1076098000.0,nan,4627222000.0
77.0,27.810,1.727,167,0,nan,nan,0.000,8249.552,3.792,1076098000.0,nan,4627222000.0
79.0,28.532,1.772,148,0,nan,nan,0.000,8249.552,4.054,1076098000.0,nan,4627222000.0
81.0,29.255,1.817,155,0,nan,nan,0.000,8249.552,3.928,1076098000.0,nan,4627222000.0
83.0,29.977,1.862,140,0,nan,nan,0.000,8249.552,4.184,1076098000.0,nan,4627222000.0
85.0,30.699,1.907,147,0,nan,nan,0.000,8249.552,4.085,1076098000.0,nan,4627222000.0
87.0,31.422,1.952,128,0,nan,nan,0.000,8249.552,4.450,1076098000.0,nan,4627222000.0
89.0,32.144,1.996,133,0,nan,nan,0.000,8249.552,4.401,1076098000.0,nan,4627222000.0
91.0,32.866,2.041,120,0,nan,nan,0.000,8249.552,4.684,1076098000.0,nan,4627222000.0
93.0,33.589,2.086,123,0,nan,nan,0.000,8249.552,4.681,1076098000.0,nan,4627222000.0
95.0,34.311,2.131,115,0,nan,nan,0.000,8249.552,4.943,1076098000.0,nan,4627222000.0
97.0,35.033,2.176,112,0,nan,nan,0.000,8249.552,5.056,1076098000.0,nan,4627222000.0
99.0,35.756,2.221,106,0,nan,nan,0.000,8249.552,5.391,1076098000.0,nan,4627222000.0
101.0,36.478,2.266,104,0,nan,nan,0.000,8249.552,5.509,1076098000.0,nan,4627222000.0
103.0,37.200,2.311,103,0,nan,nan,0.000,8249.552,5.751,1076098000.0,nan,4627222000.0
105.0,37.923,2.355,91,0,nan,nan,0.000,8249.552,6.358,1076098000.0,nan,4627222000.0
107.0,38.645,2.400,96,0,nan,nan,0.000,8249.552,6.370,1076098000.0,nan,4627222000.0
109.0,39.367,2.445,85,0,nan,nan,0.000,8249.552,7.321,1076098000.0,nan,4627222000.0
111.0,40.090,2.490,91,0,nan,nan,0.000,8249.552,7.427,1076098000.0,nan,4627222000.0
113.0,40.812,2.535,77,0,nan,nan,0.000,8249.552,9.729,1076098000.0,nan,4627222000.0
115.0,41.534,2.580,82,0,nan,nan,0.000,8249.552,11.078,1076098000.0,nan,4627222000.0
117.0,42.257,2.625,71,0,nan,nan,0.000,8249.552,nan,1076098000.0,nan,4627222000.0
119.0,42.979,2.669,75,0,nan,nan,0.000,8249.552,nan,1076098000.0,nan,4627222000.0
121.0,43.701,2.714,67,0,nan,nan,0.000,8249.552,nan,1076098000.0,nan,4627222000.0
123.0,44.424,2.759,65,0,nan,nan,0.000,8249.552,nan,1076098000.0,nan,4627222000.0
125.0,45.146,2.804,60,0,nan,nan,0.000,8249.552,nan,1076098000.0,nan,4627222000.0
127.0,45.868,2.849,59,0,nan,nan,0.000,8249.552,nan,1076098000.0,nan,4627222000.0
129.0,46.591,2.894,56,0,nan,nan,0.000,8249.552,nan,1076098000.0,nan,4627222000.0
131.0,47.313,2.939,46,0,nan,nan,0.000,8249.552,nan,1076098000.0,nan,4627222000.0
133.0,48.036,2.984,53,0,nan,nan,0.000,8249.552,nan,1076098000.0,nan,4627222000.0
135.0,48.758,3.028,41,0,nan,nan,0.000,8249.552,nan,1076098000.0,nan,4627222000.0
137.0,49.480,3.073,47,0,nan,nan,0.000,8249.552,nan,1076098000.0,nan,4627222000.0
139.0,50.203,3.118,34,0,nan,nan,0.000,8249.552,nan,1076098000.0,nan,4627222000.0
141.0,50.925,3.163,40,0,nan,nan,0.000,8249.552,nan,1076098000.0,nan,4627222000.0
143.0,51.647,3.208,29,0,nan,nan,0.000,8249.552,nan,1076098000.0,nan,4627222000.0
145.0,52.370,3.253,35,0,nan,nan,0.000,8249.552,nan,1076098000.0,nan,4627222000.0
147.0,53.092,3.298,21,0,nan,nan,0.000,8249.552,nan,1076098000.0,nan,4627222000.0
149.0,53.814,3.342,27,0,nan,nan,0.000,8249.552,nan,1076098000.0,nan,4627222000.0
151.0,54.537,3.387,17,0,nan,nan,0.000,8249.552,nan,1076098000.0,nan,4627222000.0
153.0,55.259,3.432,20,0,nan,nan,0.000,8249.552,nan,1076098000.0,nan,4627222000.0
155.0,55.981,3.477,11,0,nan,nan,0.000,8249.552,nan,1076098000.0,nan,4627222000.0
157.0,56.704,3.522,9,0,nan,nan,0.000,8249.552,nan,1076098000.0,nan,4627222000.0
159.0,57.426,3.567,10,0,nan,nan,0.000,8249.552,nan,1076098000.0,nan,4627222000.0
161.0,58.148,3.612,4,0,nan,nan,0.000,8249.552,nan,1076098000.0,nan,4627222000.0
163.0,58.871,3.656,2,0,nan,nan,0.000,8249.552,nan,1076098000.0,nan,4627222000.0
