dat_prof/radprof/CO_natv/NGC1167.smob1.rprof.txt
# %ECSV 0.9
# ---
# datatype:
# - {name: radius, unit: arcsec, datatype: float64, description: Adopting RA=45.42659999999999
#     deg DEC=35.2057 deg PA=87.5 INC=39.5}
# - {name: r_kpc, unit: kpc, datatype: float64, format: 10.3f, description: Adopting
#     distance of 70.8992 Mpc}
# - {name: r_r25, unit: '', datatype: float64, format: 10.3f, description: Adopting
#     R25=54.591 arcsec}
# - {name: npix, datatype: int64}
# - {name: ngood, datatype: int64, description: Requiring fill fraction of 0.1 npix}
# - {name: wtmean, unit: K km / s, datatype: float64, format: 10.3f, description: Replaced
#     blanks with 1 times ../NGC1167.co.de20_smo.emom0max.fits}
# - {name: rms, unit: K km / s, datatype: float32}
# - {name: annsum, unit: K km pix / s, datatype: float32, format: 10.3f}
# - {name: cumsum, unit: K km pix / s, datatype: float32}
# - {name: detlim, unit: K km / s, datatype: float64, format: 10.3f}
# - {name: cumlum, unit: K km pc2 / s, datatype: float32}
# - {name: sigmol, unit: solMass / pc2, datatype: float64, format: 10.3f}
# - {name: cummass, unit: solMass, datatype: float32}
# delimiter: ','
# schema: astropy-2.0
radius,r_kpc,r_r25,npix,ngood,wtmean,rms,annsum,cumsum,detlim,cumlum,sigmol,cummass
1.0,0.344,0.018,9,0,nan,nan,0.000,0.0,11.567,0.0,nan,0.0
3.0,1.031,0.055,28,0,nan,nan,0.000,0.0,6.567,0.0,nan,0.0
5.0,1.719,0.092,49,0,nan,nan,0.000,0.0,4.979,0.0,nan,0.0
7.0,2.406,0.128,67,2,nan,nan,0.000,0.0,4.277,0.0,nan,0.0
9.0,3.094,0.165,88,12,2.762,0.3726622,243.035,243.03537,3.754,28714542.0,9.163,123472536.0
11.0,3.781,0.201,105,6,nan,nan,0.000,243.03537,3.463,28714542.0,nan,123472536.0
13.0,4.468,0.238,130,3,nan,nan,0.000,243.03537,3.140,28714542.0,nan,123472536.0
15.0,5.156,0.275,143,0,nan,nan,0.000,243.03537,3.026,28714542.0,nan,123472536.0
17.0,5.843,0.311,166,2,nan,nan,0.000,243.03537,2.843,28714542.0,nan,123472536.0
19.0,6.531,0.348,182,12,nan,nan,0.000,243.03537,2.753,28714542.0,nan,123472536.0
21.0,7.218,0.385,205,17,nan,nan,0.000,243.03537,2.635,28714542.0,nan,123472536.0
23.0,7.906,0.421,223,52,3.355,1.3069168,748.108,991.14355,2.571,117103256.0,11.131,503544030.0
25.0,8.593,0.458,240,88,3.712,1.6759788,890.995,1882.1387,2.528,222374000.0,12.318,956208260.0
27.0,9.281,0.495,263,111,3.951,1.9086294,1039.035,2921.173,2.466,345135550.0,13.108,1484083000.0
29.0,9.968,0.531,278,77,3.641,1.513658,1012.139,3933.3118,2.456,464719360.0,12.080,1998293400.0
31.0,10.656,0.568,304,59,3.443,0.98508877,1046.555,4979.867,2.407,588369540.0,11.423,2529989000.0
33.0,11.343,0.604,316,38,3.361,0.5324273,1062.072,6041.939,2.427,713852900.0,11.152,3069567700.0
35.0,12.031,0.641,347,46,3.452,0.7032076,1197.872,7239.811,2.384,855381060.0,11.454,3678138600.0
37.0,12.718,0.678,351,54,3.835,1.3490418,1346.083,8585.894,2.449,1014420200.0,12.724,4362007000.0
39.0,13.405,0.714,379,70,4.015,1.41852,1521.683,10107.576,2.434,1194206500.0,13.322,5135088000.0
41.0,14.093,0.751,398,61,4.013,1.0999194,1597.199,11704.775,2.466,1382915000.0,13.315,5946534400.0
43.0,14.780,0.788,421,45,4.043,1.0642079,1702.255,13407.03,2.491,1584035800.0,13.416,6811354600.0
45.0,15.468,0.824,430,30,nan,nan,0.000,13407.03,2.568,1584035800.0,nan,6811354600.0
47.0,16.155,0.861,455,9,nan,nan,0.000,13407.03,2.601,1584035800.0,nan,6811354600.0
49.0,16.843,0.898,480,6,nan,nan,0.000,13407.03,2.656,1584035800.0,nan,6811354600.0
51.0,17.530,0.934,455,7,nan,nan,0.000,13407.03,2.851,1584035800.0,nan,6811354600.0
53.0,18.218,0.971,415,9,nan,nan,0.000,13407.03,3.165,1584035800.0,nan,6811354600.0
55.0,18.905,1.007,400,4,nan,nan,0.000,13407.03,3.444,1584035800.0,nan,6811354600.0
57.0,19.593,1.044,386,5,nan,nan,0.000,13407.03,3.762,1584035800.0,nan,6811354600.0
59.0,20.280,1.081,366,0,nan,nan,0.000,13407.03,4.231,1584035800.0,nan,6811354600.0
61.0,20.967,1.117,375,0,nan,nan,0.000,13407.03,4.598,1584035800.0,nan,6811354600.0
63.0,21.655,1.154,357,0,nan,nan,0.000,13407.03,5.625,1584035800.0,nan,6811354600.0
65.0,22.342,1.191,345,0,nan,nan,0.000,13407.03,8.616,1584035800.0,nan,6811354600.0
67.0,23.030,1.227,267,0,nan,nan,0.000,13407.03,nan,1584035800.0,nan,6811354600.0
69.0,23.717,1.264,213,0,nan,nan,0.000,13407.03,nan,1584035800.0,nan,6811354600.0
71.0,24.405,1.301,171,0,nan,nan,0.000,13407.03,nan,1584035800.0,nan,6811354600.0
73.0,25.092,1.337,137,0,nan,nan,0.000,13407.03,nan,1584035800.0,nan,6811354600.0
75.0,25.780,1.374,103,0,nan,nan,0.000,13407.03,nan,1584035800.0,nan,6811354600.0
77.0,26.467,1.410,80,0,nan,nan,0.000,13407.03,nan,1584035800.0,nan,6811354600.0
79.0,27.155,1.447,47,0,nan,nan,0.000,13407.03,nan,1584035800.0,nan,6811354600.0
81.0,27.842,1.484,23,0,nan,nan,0.000,13407.03,nan,1584035800.0,nan,6811354600.0
83.0,28.530,1.520,4,0,nan,nan,0.000,13407.03,nan,1584035800.0,nan,6811354600.0
85.0,29.217,1.557,0,0,nan,nan,0.000,13407.03,nan,1584035800.0,nan,6811354600.0
