dat_prof/radprof/CO_natv/NGC2487.smob1.rprof.txt
# %ECSV 0.9
# ---
# datatype:
# - {name: radius, unit: arcsec, datatype: float64, description: Adopting RA=119.58539999999999
#     deg DEC=25.1492 deg PA=117.5 INC=31.4}
# - {name: r_kpc, unit: kpc, datatype: float64, format: 10.3f, description: Adopting
#     distance of 70.5144 Mpc}
# - {name: r_r25, unit: '', datatype: float64, format: 10.3f, description: Adopting
#     R25=51.8946 arcsec}
# - {name: npix, datatype: int64}
# - {name: ngood, datatype: int64, description: Requiring fill fraction of 0.1 npix}
# - {name: wtmean, unit: K km / s, datatype: float64, format: 10.3f, description: Replaced
#     blanks with 1 times ../NGC2487.co.de20_smo.emom0max.fits}
# - {name: rms, unit: K km / s, datatype: float32}
# - {name: annsum, unit: K km pix / s, datatype: float32, format: 10.3f}
# - {name: cumsum, unit: K km pix / s, datatype: float32}
# - {name: detlim, unit: K km / s, datatype: float64, format: 10.3f}
# - {name: cumlum, unit: K km pc2 / s, datatype: float32}
# - {name: sigmol, unit: solMass / pc2, datatype: float64, format: 10.3f}
# - {name: cummass, unit: solMass, datatype: float32}
# delimiter: ','
# schema: astropy-2.0
radius,r_kpc,r_r25,npix,ngood,wtmean,rms,annsum,cumsum,detlim,cumlum,sigmol,cummass
1.0,0.342,0.019,9,9,50.148,4.6518836,451.333,451.3333,17.814,52747610.0,184.057,226814720.0
3.0,1.026,0.058,33,33,30.928,9.561157,1020.623,1471.9568,9.282,172028510.0,113.514,739722600.0
5.0,1.709,0.096,55,42,9.951,6.008235,547.289,2019.2456,7.083,235990500.0,36.522,1014759200.0
7.0,2.393,0.135,73,30,4.931,2.394104,359.962,2379.208,5.800,278059520.0,18.098,1195656000.0
9.0,3.077,0.173,96,21,3.815,1.4234844,366.242,2745.4502,4.688,320862500.0,14.002,1379708800.0
11.0,3.760,0.212,119,20,3.596,1.5058912,427.904,3173.354,3.971,370871870.0,13.198,1594749200.0
13.0,4.444,0.251,145,30,3.589,1.4334612,520.374,3693.7283,3.639,431688320.0,13.172,1856259800.0
15.0,5.128,0.289,159,13,nan,nan,0.000,3693.7283,3.524,431688320.0,nan,1856259800.0
17.0,5.812,0.328,180,13,nan,nan,0.000,3693.7283,3.356,431688320.0,nan,1856259800.0
19.0,6.495,0.366,202,31,3.606,1.2158837,728.427,4422.1553,3.219,516820060.0,13.235,2222326300.0
21.0,7.179,0.405,230,51,3.912,1.6164474,899.822,5321.9775,3.071,621982850.0,14.359,2674526500.0
23.0,7.863,0.443,250,86,4.294,1.8131286,1073.620,6395.5977,2.997,747457500.0,15.762,3214067200.0
25.0,8.547,0.482,261,95,4.324,1.6527038,1128.623,7524.2207,3.002,879360400.0,15.871,3781249800.0
27.0,9.230,0.520,293,91,4.290,1.5745685,1256.877,8781.099,2.895,1026252500.0,15.744,4412886000.0
29.0,9.914,0.559,304,61,4.076,1.1974262,1239.014,10020.112,2.909,1171056800.0,14.959,5035544600.0
31.0,10.598,0.597,338,56,4.008,0.93869865,1354.574,11374.687,2.833,1329366800.0,14.709,5716277000.0
33.0,11.281,0.636,350,38,4.023,0.86972135,1407.924,12782.609,2.869,1493911600.0,14.764,6423820000.0
35.0,11.965,0.674,372,38,4.136,1.0078309,1538.536,14321.146,2.873,1673721300.0,15.180,7197002000.0
37.0,12.649,0.713,397,47,4.200,0.8179597,1667.598,15988.744,2.875,1868614500.0,15.417,8035043000.0
39.0,13.333,0.752,419,27,nan,nan,0.000,15988.744,2.908,1868614500.0,nan,8035043000.0
41.0,14.016,0.790,445,16,nan,nan,0.000,15988.744,2.936,1868614500.0,nan,8035043000.0
43.0,14.700,0.829,459,3,nan,nan,0.000,15988.744,3.018,1868614500.0,nan,8035043000.0
45.0,15.384,0.867,484,0,nan,nan,0.000,15988.744,3.067,1868614500.0,nan,8035043000.0
47.0,16.068,0.906,505,0,nan,nan,0.000,15988.744,3.150,1868614500.0,nan,8035043000.0
49.0,16.751,0.944,531,0,nan,nan,0.000,15988.744,3.223,1868614500.0,nan,8035043000.0
51.0,17.435,0.983,545,0,nan,nan,0.000,15988.744,3.651,1868614500.0,nan,8035043000.0
53.0,18.119,1.021,497,0,nan,nan,0.000,15988.744,4.231,1868614500.0,nan,8035043000.0
55.0,18.802,1.060,475,0,nan,nan,0.000,15988.744,4.953,1868614500.0,nan,8035043000.0
57.0,19.486,1.098,416,0,nan,nan,0.000,15988.744,6.433,1868614500.0,nan,8035043000.0
59.0,20.170,1.137,327,0,nan,nan,0.000,15988.744,13.963,1868614500.0,nan,8035043000.0
61.0,20.854,1.175,277,0,nan,nan,0.000,15988.744,nan,1868614500.0,nan,8035043000.0
63.0,21.537,1.214,228,0,nan,nan,0.000,15988.744,nan,1868614500.0,nan,8035043000.0
65.0,22.221,1.253,190,0,nan,nan,0.000,15988.744,nan,1868614500.0,nan,8035043000.0
67.0,22.905,1.291,152,0,nan,nan,0.000,15988.744,nan,1868614500.0,nan,8035043000.0
69.0,23.589,1.330,118,0,nan,nan,0.000,15988.744,nan,1868614500.0,nan,8035043000.0
71.0,24.272,1.368,92,0,nan,nan,0.000,15988.744,nan,1868614500.0,nan,8035043000.0
73.0,24.956,1.407,57,0,nan,nan,0.000,15988.744,nan,1868614500.0,nan,8035043000.0
75.0,25.640,1.445,51,0,nan,nan,0.000,15988.744,nan,1868614500.0,nan,8035043000.0
77.0,26.323,1.484,34,0,nan,nan,0.000,15988.744,nan,1868614500.0,nan,8035043000.0
79.0,27.007,1.522,22,0,nan,nan,0.000,15988.744,nan,1868614500.0,nan,8035043000.0
81.0,27.691,1.561,11,0,nan,nan,0.000,15988.744,nan,1868614500.0,nan,8035043000.0
83.0,28.375,1.599,0,0,nan,nan,0.000,15988.744,nan,1868614500.0,nan,8035043000.0
