dat_prof/radprof/CO_natv/NGC2623.smob0.rprof.txt
# %ECSV 0.9
# ---
# datatype:
# - {name: radius, unit: arcsec, datatype: float64, description: Adopting RA=129.6 deg
#     DEC=25.7541 deg PA=255.0 INC=45.6}
# - {name: r_kpc, unit: kpc, datatype: float64, format: 10.3f, description: Adopting
#     distance of 80.2107 Mpc}
# - {name: r_r25, unit: '', datatype: float64, format: 10.3f, description: Adopting
#     R25=22.49682 arcsec}
# - {name: npix, datatype: int64}
# - {name: ngood, datatype: int64, description: Requiring fill fraction of 0.2 npix}
# - {name: wtmean, unit: K km / s, datatype: float64, format: 10.3f, description: Replaced
#     blanks with 0 times ../NGC2623.co.de20_smo.emom0max.fits}
# - {name: rms, unit: K km / s, datatype: float32}
# - {name: annsum, unit: K km pix / s, datatype: float32, format: 10.3f}
# - {name: cumsum, unit: K km pix / s, datatype: float32}
# - {name: detlim, unit: K km / s, datatype: float64, format: 10.3f}
# - {name: cumlum, unit: K km pc2 / s, datatype: float32}
# - {name: sigmol, unit: solMass / pc2, datatype: float64, format: 10.3f}
# - {name: cummass, unit: solMass, datatype: float32}
# delimiter: ','
# schema: astropy-2.0
radius,r_kpc,r_r25,npix,ngood,wtmean,rms,annsum,cumsum,detlim,cumlum,sigmol,cummass
1.0,0.389,0.044,10,10,226.564,66.41356,2265.637,2265.6372,11.867,342613700.0,681.629,1473238900.0
3.0,1.167,0.133,27,27,148.315,102.07804,4004.505,6270.142,7.201,948182100.0,446.213,4077183200.0
5.0,1.944,0.222,44,44,74.336,82.99516,3270.793,9540.935,5.591,1442797200.0,223.644,6204028400.0
7.0,2.722,0.311,59,59,31.539,46.17655,1860.803,11401.738,4.772,1724191200.0,94.887,7414022700.0
9.0,3.500,0.400,78,78,9.084,16.486631,708.581,12110.319,4.072,1831344000.0,27.331,7874779600.0
11.0,4.278,0.489,100,100,4.080,8.090142,407.999,12518.318,3.398,1893042400.0,12.275,8140082700.0
13.0,5.055,0.578,113,107,1.568,3.5721648,177.160,12695.479,2.997,1919832800.0,4.717,8255281700.0
15.0,5.833,0.667,132,109,0.476,2.5597064,62.841,12758.319,2.592,1929335800.0,1.432,8296144400.0
17.0,6.611,0.756,149,113,0.170,1.8575214,25.339,12783.658,2.091,1933167600.0,0.512,8312621000.0
19.0,7.389,0.845,165,104,0.201,1.173931,33.204,12816.862,1.886,1938188800.0,0.605,8334212000.0
21.0,8.166,0.933,187,100,-0.049,1.2506447,-9.209,12807.652,1.737,1936796000.0,-0.148,8328223000.0
23.0,8.944,1.022,202,95,0.184,1.0268174,37.203,12844.855,1.668,1942421900.0,0.554,8352414700.0
25.0,9.722,1.111,216,68,0.207,0.7009747,44.659,12889.514,1.632,1949175200.0,0.622,8381454000.0
27.0,10.500,1.200,238,51,0.151,0.810661,35.824,12925.338,1.587,1954592600.0,0.453,8404749000.0
29.0,11.277,1.289,260,36,nan,nan,0.000,12925.338,1.551,1954592600.0,nan,8404749000.0
31.0,12.055,1.378,266,32,nan,nan,0.000,12925.338,1.571,1954592600.0,nan,8404749000.0
33.0,12.833,1.467,297,30,nan,nan,0.000,12925.338,1.524,1954592600.0,nan,8404749000.0
35.0,13.611,1.556,305,27,nan,nan,0.000,12925.338,1.546,1954592600.0,nan,8404749000.0
37.0,14.388,1.645,325,21,nan,nan,0.000,12925.338,1.544,1954592600.0,nan,8404749000.0
39.0,15.166,1.734,346,16,nan,nan,0.000,12925.338,1.544,1954592600.0,nan,8404749000.0
41.0,15.944,1.822,359,5,nan,nan,0.000,12925.338,1.566,1954592600.0,nan,8404749000.0
43.0,16.722,1.911,376,0,nan,nan,0.000,12925.338,1.589,1954592600.0,nan,8404749000.0
45.0,17.499,2.000,398,0,nan,nan,0.000,12925.338,1.602,1954592600.0,nan,8404749000.0
47.0,18.277,2.089,407,0,nan,nan,0.000,12925.338,1.653,1954592600.0,nan,8404749000.0
49.0,19.055,2.178,434,0,nan,nan,0.000,12925.338,1.674,1954592600.0,nan,8404749000.0
51.0,19.832,2.267,436,0,nan,nan,0.000,12925.338,1.766,1954592600.0,nan,8404749000.0
53.0,20.610,2.356,418,0,nan,nan,0.000,12925.338,1.889,1954592600.0,nan,8404749000.0
55.0,21.388,2.445,384,0,nan,nan,0.000,12925.338,2.027,1954592600.0,nan,8404749000.0
57.0,22.166,2.534,366,0,nan,nan,0.000,12925.338,2.162,1954592600.0,nan,8404749000.0
59.0,22.943,2.623,356,0,nan,nan,0.000,12925.338,2.291,1954592600.0,nan,8404749000.0
61.0,23.721,2.711,342,0,nan,nan,0.000,12925.338,2.480,1954592600.0,nan,8404749000.0
63.0,24.499,2.800,344,0,nan,nan,0.000,12925.338,2.643,1954592600.0,nan,8404749000.0
65.0,25.277,2.889,335,0,nan,nan,0.000,12925.338,2.909,1954592600.0,nan,8404749000.0
67.0,26.054,2.978,333,0,nan,nan,0.000,12925.338,3.256,1954592600.0,nan,8404749000.0
69.0,26.832,3.067,303,0,nan,nan,0.000,12925.338,3.639,1954592600.0,nan,8404749000.0
71.0,27.610,3.156,262,0,nan,nan,0.000,12925.338,5.154,1954592600.0,nan,8404749000.0
73.0,28.388,3.245,207,0,nan,nan,0.000,12925.338,7.432,1954592600.0,nan,8404749000.0
75.0,29.165,3.334,166,0,nan,nan,0.000,12925.338,30.273,1954592600.0,nan,8404749000.0
77.0,29.943,3.423,132,0,nan,nan,0.000,12925.338,nan,1954592600.0,nan,8404749000.0
79.0,30.721,3.512,104,0,nan,nan,0.000,12925.338,nan,1954592600.0,nan,8404749000.0
81.0,31.499,3.601,81,0,nan,nan,0.000,12925.338,nan,1954592600.0,nan,8404749000.0
83.0,32.276,3.689,65,0,nan,nan,0.000,12925.338,nan,1954592600.0,nan,8404749000.0
85.0,33.054,3.778,59,0,nan,nan,0.000,12925.338,nan,1954592600.0,nan,8404749000.0
87.0,33.832,3.867,43,0,nan,nan,0.000,12925.338,nan,1954592600.0,nan,8404749000.0
89.0,34.610,3.956,33,0,nan,nan,0.000,12925.338,nan,1954592600.0,nan,8404749000.0
91.0,35.387,4.045,22,0,nan,nan,0.000,12925.338,nan,1954592600.0,nan,8404749000.0
93.0,36.165,4.134,14,0,nan,nan,0.000,12925.338,nan,1954592600.0,nan,8404749000.0
95.0,36.943,4.223,4,0,nan,nan,0.000,12925.338,nan,1954592600.0,nan,8404749000.0
97.0,37.721,4.312,0,0,nan,nan,0.000,12925.338,nan,1954592600.0,nan,8404749000.0
