dat_prof/radprof/CO_natv/NGC3994.smob1.rprof.txt
# %ECSV 0.9
# ---
# datatype:
# - {name: radius, unit: arcsec, datatype: float64, description: Adopting RA=179.403
#     deg DEC=32.2773 deg PA=188.1 INC=59.5}
# - {name: r_kpc, unit: kpc, datatype: float64, format: 10.3f, description: Adopting
#     distance of 44.7465 Mpc}
# - {name: r_r25, unit: '', datatype: float64, format: 10.3f, description: Adopting
#     R25=25.4754 arcsec}
# - {name: npix, datatype: int64}
# - {name: ngood, datatype: int64, description: Requiring fill fraction of 0.1 npix}
# - {name: wtmean, unit: K km / s, datatype: float64, format: 10.3f, description: Replaced
#     blanks with 1 times ../NGC3994.co.de20_smo.emom0max.fits}
# - {name: rms, unit: K km / s, datatype: float32}
# - {name: annsum, unit: K km pix / s, datatype: float32, format: 10.3f}
# - {name: cumsum, unit: K km pix / s, datatype: float32}
# - {name: detlim, unit: K km / s, datatype: float64, format: 10.3f}
# - {name: cumlum, unit: K km pc2 / s, datatype: float32}
# - {name: sigmol, unit: solMass / pc2, datatype: float64, format: 10.3f}
# - {name: cummass, unit: solMass, datatype: float32}
# delimiter: ','
# schema: astropy-2.0
radius,r_kpc,r_r25,npix,ngood,wtmean,rms,annsum,cumsum,detlim,cumlum,sigmol,cummass
1.0,0.217,0.039,6,6,40.662,5.0912604,243.973,243.97258,25.692,11481772.0,88.742,49371620.0
3.0,0.651,0.118,19,19,40.268,9.162093,765.101,1009.07367,14.243,47488750.0,87.883,204201650.0
5.0,1.085,0.196,32,32,35.429,11.405544,1133.722,2142.7952,10.672,100843650.0,77.320,433627700.0
7.0,1.519,0.275,45,45,30.715,11.864543,1382.163,3524.958,8.731,165890620.0,67.032,713329700.0
9.0,1.952,0.353,58,57,23.801,12.2227125,1380.475,4905.4326,7.443,230858140.0,51.944,992690050.0
11.0,2.386,0.432,68,61,16.182,10.033475,1100.366,6005.799,6.583,282643300.0,35.316,1215366300.0
13.0,2.820,0.510,86,59,9.518,6.544894,818.528,6824.327,5.681,321164640.0,20.772,1381008000.0
15.0,3.254,0.589,91,63,6.826,3.9413025,621.181,7445.5083,5.338,350398500.0,14.898,1506713600.0
17.0,3.688,0.667,113,71,5.321,2.4350872,601.222,8046.73,4.655,378693020.0,11.612,1628380000.0
19.0,4.122,0.746,120,61,4.162,1.5582619,499.419,8546.148,4.224,402196540.0,9.083,1729445200.0
21.0,4.556,0.824,132,49,3.848,1.7625903,507.941,9054.089,3.889,426101100.0,8.398,1832234800.0
23.0,4.990,0.903,149,35,3.727,1.9914235,555.361,9609.45,3.558,452237340.0,8.134,1944620700.0
25.0,5.423,0.981,156,40,3.594,1.7097912,560.736,10170.186,3.440,478626530.0,7.845,2058094200.0
27.0,5.857,1.060,175,35,3.071,0.6566999,537.424,10707.61,3.272,503918700.0,6.702,2166850600.0
29.0,6.291,1.138,182,22,3.008,0.45200497,547.457,11255.066,3.263,529682900.0,6.565,2277636600.0
31.0,6.725,1.217,196,16,nan,nan,0.000,11255.066,3.219,529682900.0,nan,2277636600.0
33.0,7.159,1.295,216,15,nan,nan,0.000,11255.066,3.120,529682900.0,nan,2277636600.0
35.0,7.593,1.374,223,6,nan,nan,0.000,11255.066,3.150,529682900.0,nan,2277636600.0
37.0,8.027,1.452,238,2,nan,nan,0.000,11255.066,3.137,529682900.0,nan,2277636600.0
39.0,8.461,1.531,243,0,nan,nan,0.000,11255.066,3.187,529682900.0,nan,2277636600.0
41.0,8.894,1.609,264,0,nan,nan,0.000,11255.066,3.151,529682900.0,nan,2277636600.0
43.0,9.328,1.688,277,0,nan,nan,0.000,11255.066,3.184,529682900.0,nan,2277636600.0
45.0,9.762,1.766,284,0,nan,nan,0.000,11255.066,3.260,529682900.0,nan,2277636600.0
47.0,10.196,1.845,303,0,nan,nan,0.000,11255.066,3.265,529682900.0,nan,2277636600.0
49.0,10.630,1.923,311,0,nan,nan,0.000,11255.066,3.367,529682900.0,nan,2277636600.0
51.0,11.064,2.002,306,0,nan,nan,0.000,11255.066,3.447,529682900.0,nan,2277636600.0
53.0,11.498,2.080,272,0,nan,nan,0.000,11255.066,3.646,529682900.0,nan,2277636600.0
55.0,11.932,2.159,267,0,nan,nan,0.000,11255.066,3.715,529682900.0,nan,2277636600.0
57.0,12.365,2.237,256,0,nan,nan,0.000,11255.066,3.818,529682900.0,nan,2277636600.0
59.0,12.799,2.316,246,0,nan,nan,0.000,11255.066,3.923,529682900.0,nan,2277636600.0
61.0,13.233,2.394,250,0,nan,nan,0.000,11255.066,3.975,529682900.0,nan,2277636600.0
63.0,13.667,2.473,238,0,nan,nan,0.000,11255.066,4.160,529682900.0,nan,2277636600.0
65.0,14.101,2.551,243,0,nan,nan,0.000,11255.066,4.180,529682900.0,nan,2277636600.0
67.0,14.535,2.630,232,0,nan,nan,0.000,11255.066,4.362,529682900.0,nan,2277636600.0
69.0,14.969,2.708,232,0,nan,nan,0.000,11255.066,4.515,529682900.0,nan,2277636600.0
71.0,15.403,2.787,229,0,nan,nan,0.000,11255.066,4.639,529682900.0,nan,2277636600.0
73.0,15.836,2.866,226,0,nan,nan,0.000,11255.066,4.765,529682900.0,nan,2277636600.0
75.0,16.270,2.944,231,0,nan,nan,0.000,11255.066,4.907,529682900.0,nan,2277636600.0
77.0,16.704,3.023,221,0,nan,nan,0.000,11255.066,5.084,529682900.0,nan,2277636600.0
79.0,17.138,3.101,228,0,nan,nan,0.000,11255.066,5.240,529682900.0,nan,2277636600.0
81.0,17.572,3.180,228,0,nan,nan,0.000,11255.066,5.429,529682900.0,nan,2277636600.0
83.0,18.006,3.258,223,0,nan,nan,0.000,11255.066,5.746,529682900.0,nan,2277636600.0
85.0,18.440,3.337,220,0,nan,nan,0.000,11255.066,6.057,529682900.0,nan,2277636600.0
87.0,18.874,3.415,219,0,nan,nan,0.000,11255.066,6.379,529682900.0,nan,2277636600.0
89.0,19.307,3.494,223,0,nan,nan,0.000,11255.066,6.680,529682900.0,nan,2277636600.0
91.0,19.741,3.572,218,0,nan,nan,0.000,11255.066,7.311,529682900.0,nan,2277636600.0
93.0,20.175,3.651,192,0,nan,nan,0.000,11255.066,7.858,529682900.0,nan,2277636600.0
95.0,20.609,3.729,173,0,nan,nan,0.000,11255.066,9.136,529682900.0,nan,2277636600.0
97.0,21.043,3.808,159,0,nan,nan,0.000,11255.066,10.771,529682900.0,nan,2277636600.0
99.0,21.477,3.886,147,0,nan,nan,0.000,11255.066,12.226,529682900.0,nan,2277636600.0
101.0,21.911,3.965,138,0,nan,nan,0.000,11255.066,14.157,529682900.0,nan,2277636600.0
103.0,22.345,4.043,97,0,nan,nan,0.000,11255.066,20.321,529682900.0,nan,2277636600.0
105.0,22.778,4.122,74,0,nan,nan,0.000,11255.066,nan,529682900.0,nan,2277636600.0
107.0,23.212,4.200,57,0,nan,nan,0.000,11255.066,nan,529682900.0,nan,2277636600.0
109.0,23.646,4.279,48,0,nan,nan,0.000,11255.066,nan,529682900.0,nan,2277636600.0
111.0,24.080,4.357,39,0,nan,nan,0.000,11255.066,nan,529682900.0,nan,2277636600.0
113.0,24.514,4.436,30,0,nan,nan,0.000,11255.066,nan,529682900.0,nan,2277636600.0
115.0,24.948,4.514,22,0,nan,nan,0.000,11255.066,nan,529682900.0,nan,2277636600.0
117.0,25.382,4.593,14,0,nan,nan,0.000,11255.066,nan,529682900.0,nan,2277636600.0
119.0,25.816,4.671,9,0,nan,nan,0.000,11255.066,nan,529682900.0,nan,2277636600.0
121.0,26.249,4.750,5,0,nan,nan,0.000,11255.066,nan,529682900.0,nan,2277636600.0
123.0,26.683,4.828,2,0,nan,nan,0.000,11255.066,nan,529682900.0,nan,2277636600.0
