dat_prof/radprof/CO_natv/NGC4711.smob0.rprof.txt
# %ECSV 0.9
# ---
# datatype:
# - {name: radius, unit: arcsec, datatype: float64, description: Adopting RA=192.19049999999996
#     deg DEC=35.3327 deg PA=215.0 INC=58.3}
# - {name: r_kpc, unit: kpc, datatype: float64, format: 10.3f, description: Adopting
#     distance of 58.8287 Mpc}
# - {name: r_r25, unit: '', datatype: float64, format: 10.3f, description: Adopting
#     R25=36.151199999999996 arcsec}
# - {name: npix, datatype: int64}
# - {name: ngood, datatype: int64, description: Requiring fill fraction of 0.2 npix}
# - {name: wtmean, unit: K km / s, datatype: float64, format: 10.3f, description: Replaced
#     blanks with 0 times ../NGC4711.co.de20_smo.emom0max.fits}
# - {name: rms, unit: K km / s, datatype: float32}
# - {name: annsum, unit: K km pix / s, datatype: float32, format: 10.3f}
# - {name: cumsum, unit: K km pix / s, datatype: float32}
# - {name: detlim, unit: K km / s, datatype: float64, format: 10.3f}
# - {name: cumlum, unit: K km pc2 / s, datatype: float32}
# - {name: sigmol, unit: solMass / pc2, datatype: float64, format: 10.3f}
# - {name: cummass, unit: solMass, datatype: float32}
# delimiter: ','
# schema: astropy-2.0
radius,r_kpc,r_r25,npix,ngood,wtmean,rms,annsum,cumsum,detlim,cumlum,sigmol,cummass
1.0,0.285,0.028,6,6,12.585,2.3998287,75.508,75.50781,18.129,6142146.0,28.435,26411228.0
3.0,0.856,0.083,21,21,10.428,3.1847222,218.997,294.5045,9.712,23956322.0,23.563,103012190.0
5.0,1.426,0.138,34,34,7.848,2.6128802,266.831,561.33575,7.427,45661580.0,17.733,196344800.0
7.0,1.996,0.194,43,43,5.258,2.2985923,226.114,787.45026,6.409,64054750.0,11.882,275435460.0
9.0,2.567,0.249,59,59,4.101,3.1029248,241.968,1029.4186,5.389,83737544.0,9.267,360071460.0
11.0,3.137,0.304,75,75,4.060,3.4524345,304.522,1333.9403,4.740,108508720.0,9.174,466587520.0
13.0,3.708,0.360,86,86,5.353,2.8987443,460.324,1794.2643,4.397,145953550.0,12.094,627600300.0
15.0,4.278,0.415,96,96,5.630,2.9540837,540.452,2334.7163,4.187,189916350.0,12.720,816640300.0
17.0,4.849,0.470,117,117,4.887,3.518391,571.791,2906.507,3.808,236428380.0,11.043,1016642100.0
19.0,5.419,0.526,127,127,3.499,3.1272986,444.343,3350.8506,3.693,272573280.0,7.906,1172065200.0
21.0,5.989,0.581,133,132,2.532,2.7390618,336.749,3687.5999,3.645,299965980.0,5.721,1289853800.0
23.0,6.560,0.636,152,148,1.547,2.7183216,235.085,3922.6846,3.447,319088830.0,3.495,1372082000.0
25.0,7.130,0.692,164,157,1.358,2.8347218,222.646,4145.3306,3.377,337199870.0,3.068,1449959600.0
27.0,7.701,0.747,183,154,0.761,2.460454,139.300,4284.6304,3.248,348531140.0,1.720,1498683900.0
29.0,8.271,0.802,190,134,0.308,2.2807117,58.614,4343.244,3.249,353299070.0,0.697,1519186000.0
31.0,8.841,0.858,201,87,-0.031,1.7215681,-6.206,4337.038,3.217,352794240.0,-0.070,1517015300.0
33.0,9.412,0.913,225,43,nan,nan,0.000,4337.038,3.123,352794240.0,nan,1517015300.0
35.0,9.982,0.968,228,11,nan,nan,0.000,4337.038,3.176,352794240.0,nan,1517015300.0
37.0,10.553,1.023,247,1,nan,nan,0.000,4337.038,3.128,352794240.0,nan,1517015300.0
39.0,11.123,1.079,251,0,nan,nan,0.000,4337.038,3.187,352794240.0,nan,1517015300.0
41.0,11.694,1.134,275,0,nan,nan,0.000,4337.038,3.145,352794240.0,nan,1517015300.0
43.0,12.264,1.189,287,0,nan,nan,0.000,4337.038,3.190,352794240.0,nan,1517015300.0
45.0,12.834,1.245,293,0,nan,nan,0.000,4337.038,3.267,352794240.0,nan,1517015300.0
47.0,13.405,1.300,311,0,nan,nan,0.000,4337.038,3.267,352794240.0,nan,1517015300.0
49.0,13.975,1.355,320,0,nan,nan,0.000,4337.038,3.378,352794240.0,nan,1517015300.0
51.0,14.546,1.411,343,0,nan,nan,0.000,4337.038,3.444,352794240.0,nan,1517015300.0
53.0,15.116,1.466,345,0,nan,nan,0.000,4337.038,3.640,352794240.0,nan,1517015300.0
55.0,15.687,1.521,361,0,nan,nan,0.000,4337.038,3.741,352794240.0,nan,1517015300.0
57.0,16.257,1.577,376,0,nan,nan,0.000,4337.038,3.881,352794240.0,nan,1517015300.0
59.0,16.827,1.632,346,0,nan,nan,0.000,4337.038,3.955,352794240.0,nan,1517015300.0
61.0,17.398,1.687,325,0,nan,nan,0.000,4337.038,4.049,352794240.0,nan,1517015300.0
63.0,17.968,1.743,305,0,nan,nan,0.000,4337.038,4.208,352794240.0,nan,1517015300.0
65.0,18.539,1.798,305,0,nan,nan,0.000,4337.038,4.295,352794240.0,nan,1517015300.0
67.0,19.109,1.853,284,0,nan,nan,0.000,4337.038,4.495,352794240.0,nan,1517015300.0
69.0,19.679,1.909,251,0,nan,nan,0.000,4337.038,4.613,352794240.0,nan,1517015300.0
71.0,20.250,1.964,245,0,nan,nan,0.000,4337.038,4.698,352794240.0,nan,1517015300.0
73.0,20.820,2.019,216,0,nan,nan,0.000,4337.038,4.978,352794240.0,nan,1517015300.0
75.0,21.391,2.075,190,0,nan,nan,0.000,4337.038,4.996,352794240.0,nan,1517015300.0
77.0,21.961,2.130,163,0,nan,nan,0.000,4337.038,5.308,352794240.0,nan,1517015300.0
79.0,22.532,2.185,153,0,nan,nan,0.000,4337.038,5.576,352794240.0,nan,1517015300.0
81.0,23.102,2.241,152,0,nan,nan,0.000,4337.038,5.677,352794240.0,nan,1517015300.0
83.0,23.672,2.296,134,0,nan,nan,0.000,4337.038,6.143,352794240.0,nan,1517015300.0
85.0,24.243,2.351,137,0,nan,nan,0.000,4337.038,6.262,352794240.0,nan,1517015300.0
87.0,24.813,2.407,122,0,nan,nan,0.000,4337.038,6.938,352794240.0,nan,1517015300.0
89.0,25.384,2.462,115,0,nan,nan,0.000,4337.038,7.501,352794240.0,nan,1517015300.0
91.0,25.954,2.517,111,0,nan,nan,0.000,4337.038,8.167,352794240.0,nan,1517015300.0
93.0,26.524,2.573,103,0,nan,nan,0.000,4337.038,10.241,352794240.0,nan,1517015300.0
95.0,27.095,2.628,100,0,nan,nan,0.000,4337.038,11.957,352794240.0,nan,1517015300.0
97.0,27.665,2.683,94,0,nan,nan,0.000,4337.038,13.703,352794240.0,nan,1517015300.0
99.0,28.236,2.738,86,0,nan,nan,0.000,4337.038,20.738,352794240.0,nan,1517015300.0
101.0,28.806,2.794,82,0,nan,nan,0.000,4337.038,nan,352794240.0,nan,1517015300.0
103.0,29.377,2.849,76,0,nan,nan,0.000,4337.038,nan,352794240.0,nan,1517015300.0
105.0,29.947,2.904,73,0,nan,nan,0.000,4337.038,nan,352794240.0,nan,1517015300.0
107.0,30.517,2.960,66,0,nan,nan,0.000,4337.038,nan,352794240.0,nan,1517015300.0
109.0,31.088,3.015,58,0,nan,nan,0.000,4337.038,nan,352794240.0,nan,1517015300.0
111.0,31.658,3.070,57,0,nan,nan,0.000,4337.038,nan,352794240.0,nan,1517015300.0
113.0,32.229,3.126,52,0,nan,nan,0.000,4337.038,nan,352794240.0,nan,1517015300.0
115.0,32.799,3.181,47,0,nan,nan,0.000,4337.038,nan,352794240.0,nan,1517015300.0
117.0,33.370,3.236,41,0,nan,nan,0.000,4337.038,nan,352794240.0,nan,1517015300.0
119.0,33.940,3.292,35,0,nan,nan,0.000,4337.038,nan,352794240.0,nan,1517015300.0
121.0,34.510,3.347,32,0,nan,nan,0.000,4337.038,nan,352794240.0,nan,1517015300.0
123.0,35.081,3.402,28,0,nan,nan,0.000,4337.038,nan,352794240.0,nan,1517015300.0
125.0,35.651,3.458,21,0,nan,nan,0.000,4337.038,nan,352794240.0,nan,1517015300.0
127.0,36.222,3.513,16,0,nan,nan,0.000,4337.038,nan,352794240.0,nan,1517015300.0
129.0,36.792,3.568,14,0,nan,nan,0.000,4337.038,nan,352794240.0,nan,1517015300.0
131.0,37.362,3.624,8,0,nan,nan,0.000,4337.038,nan,352794240.0,nan,1517015300.0
133.0,37.933,3.679,5,0,nan,nan,0.000,4337.038,nan,352794240.0,nan,1517015300.0
135.0,38.503,3.734,3,0,nan,nan,0.000,4337.038,nan,352794240.0,nan,1517015300.0
137.0,39.074,3.790,1,0,nan,nan,0.000,4337.038,nan,352794240.0,nan,1517015300.0
