dat_prof/radprof/CO_natv/NGC4961.smob1.rprof.txt
# %ECSV 0.9
# ---
# datatype:
# - {name: radius, unit: arcsec, datatype: float64, description: Adopting RA=196.44899999999998
#     deg DEC=27.7339 deg PA=100.0 INC=46.6}
# - {name: r_kpc, unit: kpc, datatype: float64, format: 10.3f, description: Adopting
#     distance of 36.5803 Mpc}
# - {name: r_r25, unit: '', datatype: float64, format: 10.3f, description: Adopting
#     R25=33.4287 arcsec}
# - {name: npix, datatype: int64}
# - {name: ngood, datatype: int64, description: Requiring fill fraction of 0.1 npix}
# - {name: wtmean, unit: K km / s, datatype: float64, format: 10.3f, description: Replaced
#     blanks with 1 times ../NGC4961.co.de20_smo.emom0max.fits}
# - {name: rms, unit: K km / s, datatype: float32}
# - {name: annsum, unit: K km pix / s, datatype: float32, format: 10.3f}
# - {name: cumsum, unit: K km pix / s, datatype: float32}
# - {name: detlim, unit: K km / s, datatype: float64, format: 10.3f}
# - {name: cumlum, unit: K km pc2 / s, datatype: float32}
# - {name: sigmol, unit: solMass / pc2, datatype: float64, format: 10.3f}
# - {name: cummass, unit: solMass, datatype: float32}
# delimiter: ','
# schema: astropy-2.0
radius,r_kpc,r_r25,npix,ngood,wtmean,rms,annsum,cumsum,detlim,cumlum,sigmol,cummass
1.0,0.177,0.030,9,9,8.495,2.373968,76.457,76.45733,14.604,2404713.8,25.099,10340270.0
3.0,0.532,0.090,25,20,6.451,2.5372422,161.274,237.73088,8.568,7477042.5,19.059,32151284.0
5.0,0.887,0.150,44,38,6.627,2.6627092,291.574,529.3051,6.474,16647550.0,19.578,71584470.0
7.0,1.241,0.209,63,52,6.569,2.754452,413.868,943.1728,5.400,29664396.0,19.409,127556910.0
9.0,1.596,0.269,73,46,5.088,2.3498611,371.424,1314.5969,5.022,41346320.0,15.032,177789180.0
11.0,1.951,0.329,97,46,4.018,1.5340937,389.724,1704.3204,4.381,53603790.0,11.870,230496320.0
13.0,2.306,0.389,108,47,3.663,1.2920114,395.569,2099.89,4.185,66045124.0,10.821,283994050.0
15.0,2.660,0.449,132,50,4.006,1.5731131,528.818,2628.7075,3.818,82677340.0,11.836,355512600.0
17.0,3.015,0.509,148,35,3.447,0.8373259,510.178,3138.8853,3.650,98723304.0,10.184,424510240.0
19.0,3.370,0.568,161,15,nan,nan,0.000,3138.8853,3.545,98723304.0,nan,424510240.0
21.0,3.724,0.628,183,7,nan,nan,0.000,3138.8853,3.377,98723304.0,nan,424510240.0
23.0,4.079,0.688,194,8,nan,nan,0.000,3138.8853,3.335,98723304.0,nan,424510240.0
25.0,4.434,0.748,222,3,nan,nan,0.000,3138.8853,3.171,98723304.0,nan,424510240.0
27.0,4.788,0.808,230,0,nan,nan,0.000,3138.8853,3.184,98723304.0,nan,424510240.0
29.0,5.143,0.868,254,0,nan,nan,0.000,3138.8853,3.098,98723304.0,nan,424510240.0
31.0,5.498,0.927,268,0,nan,nan,0.000,3138.8853,3.088,98723304.0,nan,424510240.0
33.0,5.852,0.987,281,0,nan,nan,0.000,3138.8853,3.100,98723304.0,nan,424510240.0
35.0,6.207,1.047,309,0,nan,nan,0.000,3138.8853,3.036,98723304.0,nan,424510240.0
37.0,6.562,1.107,314,0,nan,nan,0.000,3138.8853,3.106,98723304.0,nan,424510240.0
39.0,6.917,1.167,339,0,nan,nan,0.000,3138.8853,3.088,98723304.0,nan,424510240.0
41.0,7.271,1.226,350,0,nan,nan,0.000,3138.8853,3.145,98723304.0,nan,424510240.0
43.0,7.626,1.286,373,0,nan,nan,0.000,3138.8853,3.169,98723304.0,nan,424510240.0
45.0,7.981,1.346,391,0,nan,nan,0.000,3138.8853,3.214,98723304.0,nan,424510240.0
47.0,8.335,1.406,408,0,nan,nan,0.000,3138.8853,3.283,98723304.0,nan,424510240.0
49.0,8.690,1.466,412,0,nan,nan,0.000,3138.8853,3.433,98723304.0,nan,424510240.0
51.0,9.045,1.526,397,0,nan,nan,0.000,3138.8853,3.566,98723304.0,nan,424510240.0
53.0,9.399,1.585,388,0,nan,nan,0.000,3138.8853,3.838,98723304.0,nan,424510240.0
55.0,9.754,1.645,358,0,nan,nan,0.000,3138.8853,4.072,98723304.0,nan,424510240.0
57.0,10.109,1.705,359,0,nan,nan,0.000,3138.8853,4.278,98723304.0,nan,424510240.0
59.0,10.463,1.765,331,0,nan,nan,0.000,3138.8853,4.637,98723304.0,nan,424510240.0
61.0,10.818,1.825,339,0,nan,nan,0.000,3138.8853,4.836,98723304.0,nan,424510240.0
63.0,11.173,1.885,323,0,nan,nan,0.000,3138.8853,5.294,98723304.0,nan,424510240.0
65.0,11.528,1.944,319,0,nan,nan,0.000,3138.8853,5.724,98723304.0,nan,424510240.0
67.0,11.882,2.004,323,0,nan,nan,0.000,3138.8853,6.245,98723304.0,nan,424510240.0
69.0,12.237,2.064,308,0,nan,nan,0.000,3138.8853,7.165,98723304.0,nan,424510240.0
71.0,12.592,2.124,308,0,nan,nan,0.000,3138.8853,8.768,98723304.0,nan,424510240.0
73.0,12.946,2.184,235,0,nan,nan,0.000,3138.8853,21.564,98723304.0,nan,424510240.0
75.0,13.301,2.244,185,0,nan,nan,0.000,3138.8853,nan,98723304.0,nan,424510240.0
77.0,13.656,2.303,144,0,nan,nan,0.000,3138.8853,nan,98723304.0,nan,424510240.0
79.0,14.010,2.363,112,0,nan,nan,0.000,3138.8853,nan,98723304.0,nan,424510240.0
81.0,14.365,2.423,87,0,nan,nan,0.000,3138.8853,nan,98723304.0,nan,424510240.0
83.0,14.720,2.483,68,0,nan,nan,0.000,3138.8853,nan,98723304.0,nan,424510240.0
85.0,15.074,2.543,48,0,nan,nan,0.000,3138.8853,nan,98723304.0,nan,424510240.0
87.0,15.429,2.603,33,0,nan,nan,0.000,3138.8853,nan,98723304.0,nan,424510240.0
89.0,15.784,2.662,26,0,nan,nan,0.000,3138.8853,nan,98723304.0,nan,424510240.0
91.0,16.139,2.722,15,0,nan,nan,0.000,3138.8853,nan,98723304.0,nan,424510240.0
93.0,16.493,2.782,6,0,nan,nan,0.000,3138.8853,nan,98723304.0,nan,424510240.0
95.0,16.848,2.842,0,0,nan,nan,0.000,3138.8853,nan,98723304.0,nan,424510240.0
