dat_prof/radprof/CO_natv/NGC5732.smob1.rprof.txt
# %ECSV 0.9
# ---
# datatype:
# - {name: radius, unit: arcsec, datatype: float64, description: Adopting RA=220.16249999999997
#     deg DEC=38.6377 deg PA=43.2 INC=58.4}
# - {name: r_kpc, unit: kpc, datatype: float64, format: 10.3f, description: Adopting
#     distance of 53.9958 Mpc}
# - {name: r_r25, unit: '', datatype: float64, format: 10.3f, description: Adopting
#     R25=36.9081 arcsec}
# - {name: npix, datatype: int64}
# - {name: ngood, datatype: int64, description: Requiring fill fraction of 0.1 npix}
# - {name: wtmean, unit: K km / s, datatype: float64, format: 10.3f, description: Replaced
#     blanks with 1 times ../NGC5732.co.de20_smo.emom0max.fits}
# - {name: rms, unit: K km / s, datatype: float32}
# - {name: annsum, unit: K km pix / s, datatype: float32, format: 10.3f}
# - {name: cumsum, unit: K km pix / s, datatype: float32}
# - {name: detlim, unit: K km / s, datatype: float64, format: 10.3f}
# - {name: cumlum, unit: K km pc2 / s, datatype: float32}
# - {name: sigmol, unit: solMass / pc2, datatype: float64, format: 10.3f}
# - {name: cummass, unit: solMass, datatype: float32}
# delimiter: ','
# schema: astropy-2.0
radius,r_kpc,r_r25,npix,ngood,wtmean,rms,annsum,cumsum,detlim,cumlum,sigmol,cummass
1.0,0.262,0.027,7,7,11.468,2.0526474,80.273,80.272675,18.386,5500946.5,25.838,23654070.0
3.0,0.785,0.081,19,19,9.249,3.5865664,175.726,255.99823,10.842,17543112.0,20.839,75435384.0
5.0,1.309,0.135,33,22,7.310,3.8553848,241.235,497.23288,7.958,34074504.0,16.471,146520370.0
7.0,1.832,0.190,47,41,6.935,3.0683339,325.923,823.15594,6.546,56409444.0,15.624,242560620.0
9.0,2.356,0.244,58,41,5.336,2.6080596,309.498,1132.6538,5.699,77618790.0,12.023,333760830.0
11.0,2.880,0.298,75,58,4.819,1.9892093,361.399,1494.053,4.990,102384850.0,10.857,440254880.0
13.0,3.403,0.352,79,54,4.200,1.5951214,331.761,1825.8138,4.858,125119840.0,9.462,538015360.0
15.0,3.927,0.406,105,48,3.294,0.7761387,345.839,2171.6523,4.196,148819550.0,7.421,639924100.0
17.0,4.450,0.461,111,26,3.034,0.5803282,336.819,2508.4714,4.113,171901180.0,6.837,739175100.0
19.0,4.974,0.515,122,24,3.017,0.6794936,368.057,2876.5286,3.954,197123490.0,6.797,847631040.0
21.0,5.497,0.569,142,20,3.007,0.45835653,426.933,3303.4617,3.721,226380480.0,6.774,973436100.0
23.0,6.021,0.623,148,22,3.045,0.47096595,450.646,3754.1072,3.686,257262430.0,6.861,1106228500.0
25.0,6.544,0.677,168,12,nan,nan,0.000,3754.1072,3.532,257262430.0,nan,1106228500.0
27.0,7.068,0.732,180,12,nan,nan,0.000,3754.1072,3.462,257262430.0,nan,1106228500.0
29.0,7.592,0.786,185,16,nan,nan,0.000,3754.1072,3.486,257262430.0,nan,1106228500.0
31.0,8.115,0.840,209,13,nan,nan,0.000,3754.1072,3.352,257262430.0,nan,1106228500.0
33.0,8.639,0.894,212,9,nan,nan,0.000,3754.1072,3.408,257262430.0,nan,1106228500.0
35.0,9.162,0.948,234,6,nan,nan,0.000,3754.1072,3.321,257262430.0,nan,1106228500.0
37.0,9.686,1.002,239,2,nan,nan,0.000,3754.1072,3.384,257262430.0,nan,1106228500.0
39.0,10.209,1.057,259,0,nan,nan,0.000,3754.1072,3.337,257262430.0,nan,1106228500.0
41.0,10.733,1.111,271,0,nan,nan,0.000,3754.1072,3.370,257262430.0,nan,1106228500.0
43.0,11.256,1.165,288,2,nan,nan,0.000,3754.1072,3.397,257262430.0,nan,1106228500.0
45.0,11.780,1.219,289,1,nan,nan,0.000,3754.1072,3.491,257262430.0,nan,1106228500.0
47.0,12.304,1.273,315,0,nan,nan,0.000,3754.1072,3.493,257262430.0,nan,1106228500.0
49.0,12.827,1.328,322,0,nan,nan,0.000,3754.1072,3.588,257262430.0,nan,1106228500.0
51.0,13.351,1.382,331,0,nan,nan,0.000,3754.1072,3.782,257262430.0,nan,1106228500.0
53.0,13.874,1.436,358,0,nan,nan,0.000,3754.1072,3.889,257262430.0,nan,1106228500.0
55.0,14.398,1.490,350,0,nan,nan,0.000,3754.1072,4.054,257262430.0,nan,1106228500.0
57.0,14.921,1.544,382,0,nan,nan,0.000,3754.1072,4.157,257262430.0,nan,1106228500.0
59.0,15.445,1.599,392,0,nan,nan,0.000,3754.1072,4.259,257262430.0,nan,1106228500.0
61.0,15.969,1.653,399,0,nan,nan,0.000,3754.1072,4.359,257262430.0,nan,1106228500.0
63.0,16.492,1.707,321,0,nan,nan,0.000,3754.1072,4.579,257262430.0,nan,1106228500.0
65.0,17.016,1.761,289,0,nan,nan,0.000,3754.1072,4.592,257262430.0,nan,1106228500.0
67.0,17.539,1.815,233,0,nan,nan,0.000,3754.1072,4.844,257262430.0,nan,1106228500.0
69.0,18.063,1.870,199,0,nan,nan,0.000,3754.1072,4.943,257262430.0,nan,1106228500.0
71.0,18.586,1.924,178,0,nan,nan,0.000,3754.1072,5.141,257262430.0,nan,1106228500.0
73.0,19.110,1.978,167,0,nan,nan,0.000,3754.1072,5.269,257262430.0,nan,1106228500.0
75.0,19.633,2.032,157,0,nan,nan,0.000,3754.1072,5.542,257262430.0,nan,1106228500.0
77.0,20.157,2.086,149,0,nan,nan,0.000,3754.1072,5.743,257262430.0,nan,1106228500.0
79.0,20.681,2.140,136,0,nan,nan,0.000,3754.1072,6.162,257262430.0,nan,1106228500.0
81.0,21.204,2.195,140,0,nan,nan,0.000,3754.1072,6.137,257262430.0,nan,1106228500.0
83.0,21.728,2.249,120,0,nan,nan,0.000,3754.1072,6.873,257262430.0,nan,1106228500.0
85.0,22.251,2.303,130,0,nan,nan,0.000,3754.1072,6.781,257262430.0,nan,1106228500.0
87.0,22.775,2.357,108,0,nan,nan,0.000,3754.1072,7.884,257262430.0,nan,1106228500.0
89.0,23.298,2.411,115,0,nan,nan,0.000,3754.1072,7.909,257262430.0,nan,1106228500.0
91.0,23.822,2.466,98,0,nan,nan,0.000,3754.1072,9.748,257262430.0,nan,1106228500.0
93.0,24.345,2.520,106,0,nan,nan,0.000,3754.1072,11.479,257262430.0,nan,1106228500.0
95.0,24.869,2.574,86,0,nan,nan,0.000,3754.1072,15.504,257262430.0,nan,1106228500.0
97.0,25.393,2.628,92,0,nan,nan,0.000,3754.1072,23.659,257262430.0,nan,1106228500.0
99.0,25.916,2.682,79,0,nan,nan,0.000,3754.1072,nan,257262430.0,nan,1106228500.0
101.0,26.440,2.737,79,0,nan,nan,0.000,3754.1072,nan,257262430.0,nan,1106228500.0
103.0,26.963,2.791,71,0,nan,nan,0.000,3754.1072,nan,257262430.0,nan,1106228500.0
105.0,27.487,2.845,65,0,nan,nan,0.000,3754.1072,nan,257262430.0,nan,1106228500.0
107.0,28.010,2.899,65,0,nan,nan,0.000,3754.1072,nan,257262430.0,nan,1106228500.0
109.0,28.534,2.953,55,0,nan,nan,0.000,3754.1072,nan,257262430.0,nan,1106228500.0
111.0,29.057,3.007,55,0,nan,nan,0.000,3754.1072,nan,257262430.0,nan,1106228500.0
113.0,29.581,3.062,47,0,nan,nan,0.000,3754.1072,nan,257262430.0,nan,1106228500.0
115.0,30.105,3.116,45,0,nan,nan,0.000,3754.1072,nan,257262430.0,nan,1106228500.0
117.0,30.628,3.170,37,0,nan,nan,0.000,3754.1072,nan,257262430.0,nan,1106228500.0
119.0,31.152,3.224,36,0,nan,nan,0.000,3754.1072,nan,257262430.0,nan,1106228500.0
121.0,31.675,3.278,28,0,nan,nan,0.000,3754.1072,nan,257262430.0,nan,1106228500.0
123.0,32.199,3.333,27,0,nan,nan,0.000,3754.1072,nan,257262430.0,nan,1106228500.0
125.0,32.722,3.387,19,0,nan,nan,0.000,3754.1072,nan,257262430.0,nan,1106228500.0
127.0,33.246,3.441,18,0,nan,nan,0.000,3754.1072,nan,257262430.0,nan,1106228500.0
129.0,33.769,3.495,10,0,nan,nan,0.000,3754.1072,nan,257262430.0,nan,1106228500.0
131.0,34.293,3.549,8,0,nan,nan,0.000,3754.1072,nan,257262430.0,nan,1106228500.0
133.0,34.817,3.604,2,0,nan,nan,0.000,3754.1072,nan,257262430.0,nan,1106228500.0
135.0,35.340,3.658,1,0,nan,nan,0.000,3754.1072,nan,257262430.0,nan,1106228500.0
