dat_prof/radprof/CO_natv/NGC5480.smob0.rprof.txt
# %ECSV 0.9
# ---
# datatype:
# - {name: radius, unit: arcsec, datatype: float64, description: Adopting RA=211.58999999999997
#     deg DEC=50.7251 deg PA=178.0 INC=41.5}
# - {name: r_kpc, unit: kpc, datatype: float64, format: 10.3f, description: Adopting
#     distance of 26.9586 Mpc}
# - {name: r_r25, unit: '', datatype: float64, format: 10.3f, description: Adopting
#     R25=50.248200000000004 arcsec}
# - {name: npix, datatype: int64}
# - {name: ngood, datatype: int64, description: Requiring fill fraction of 0.2 npix}
# - {name: wtmean, unit: K km / s, datatype: float64, format: 10.3f, description: Replaced
#     blanks with 0 times ../NGC5480.co.de20_smo.emom0max.fits}
# - {name: rms, unit: K km / s, datatype: float32}
# - {name: annsum, unit: K km pix / s, datatype: float32, format: 10.3f}
# - {name: cumsum, unit: K km pix / s, datatype: float32}
# - {name: detlim, unit: K km / s, datatype: float64, format: 10.3f}
# - {name: cumlum, unit: K km pc2 / s, datatype: float32}
# - {name: sigmol, unit: solMass / pc2, datatype: float64, format: 10.3f}
# - {name: cummass, unit: solMass, datatype: float32}
# delimiter: ','
# schema: astropy-2.0
radius,r_kpc,r_r25,npix,ngood,wtmean,rms,annsum,cumsum,detlim,cumlum,sigmol,cummass
1.0,0.131,0.020,10,10,47.221,6.257128,472.214,472.21362,14.673,8066459.0,152.077,34685776.0
3.0,0.392,0.060,24,24,31.211,10.54593,749.072,1221.2852,9.385,20862268.0,100.516,89707760.0
5.0,0.653,0.100,52,52,22.771,11.3752775,1184.104,2405.3896,6.378,41089410.0,73.335,176684460.0
7.0,0.915,0.139,62,62,13.474,8.133392,835.365,3240.7546,5.776,55359300.0,43.392,238045010.0
9.0,1.176,0.179,88,88,11.885,5.6788917,1045.904,4286.6587,4.764,73225660.0,38.277,314870370.0
11.0,1.438,0.219,97,97,9.899,5.5302033,960.244,5246.903,4.432,89628776.0,31.881,385403740.0
13.0,1.699,0.259,130,130,8.834,6.348239,1148.410,6395.313,3.845,109246180.0,28.450,469758600.0
15.0,1.960,0.299,132,132,6.998,6.0539956,923.700,7319.0127,3.848,125025016.0,22.536,537607600.0
17.0,2.222,0.338,169,169,5.539,5.196027,936.153,8255.165,3.439,141016580.0,17.840,606371300.0
19.0,2.483,0.378,171,171,5.369,4.9669867,918.043,9173.209,3.472,156698820.0,17.290,673804900.0
21.0,2.745,0.418,205,205,4.094,4.648961,839.247,10012.456,3.217,171035020.0,13.184,735450600.0
23.0,3.006,0.458,211,211,3.257,3.6671798,687.330,10699.786,3.236,182776140.0,10.491,785937500.0
25.0,3.267,0.498,242,237,1.500,3.7885163,363.042,11062.828,3.073,188977710.0,4.831,812604200.0
27.0,3.529,0.537,246,234,0.788,4.022894,193.898,11256.726,3.125,192289920.0,2.538,826846700.0
29.0,3.790,0.577,277,258,-0.117,3.9876077,-32.417,11224.309,3.005,191736160.0,-0.377,824465540.0
31.0,4.052,0.617,285,240,-0.292,2.8632927,-83.172,11141.138,3.050,190315420.0,-0.940,818356350.0
33.0,4.313,0.657,320,234,0.213,2.8770483,68.301,11209.438,2.952,191482140.0,0.687,823373250.0
35.0,4.574,0.697,323,167,0.347,2.862238,111.979,11321.418,3.040,193395000.0,1.117,831598600.0
37.0,4.836,0.736,352,113,-0.043,2.4960454,-15.053,11306.365,2.996,193137870.0,-0.138,830492860.0
39.0,5.097,0.776,364,70,nan,nan,0.000,11306.365,3.066,193137870.0,nan,830492860.0
41.0,5.359,0.816,392,58,nan,nan,0.000,11306.365,3.051,193137870.0,nan,830492860.0
43.0,5.620,0.856,394,41,nan,nan,0.000,11306.365,3.189,193137870.0,nan,830492860.0
45.0,5.881,0.896,438,22,nan,nan,0.000,11306.365,3.132,193137870.0,nan,830492860.0
47.0,6.143,0.935,432,19,nan,nan,0.000,11306.365,3.325,193137870.0,nan,830492860.0
49.0,6.404,0.975,462,13,nan,nan,0.000,11306.365,3.353,193137870.0,nan,830492860.0
51.0,6.666,1.015,400,3,nan,nan,0.000,11306.365,3.802,193137870.0,nan,830492860.0
53.0,6.927,1.055,391,0,nan,nan,0.000,11306.365,3.991,193137870.0,nan,830492860.0
55.0,7.188,1.095,356,0,nan,nan,0.000,11306.365,4.556,193137870.0,nan,830492860.0
57.0,7.450,1.134,372,0,nan,nan,0.000,11306.365,4.616,193137870.0,nan,830492860.0
59.0,7.711,1.174,342,0,nan,nan,0.000,11306.365,5.510,193137870.0,nan,830492860.0
61.0,7.973,1.214,356,0,nan,nan,0.000,11306.365,5.677,193137870.0,nan,830492860.0
63.0,8.234,1.254,332,0,nan,nan,0.000,11306.365,7.367,193137870.0,nan,830492860.0
65.0,8.495,1.294,349,0,nan,nan,0.000,11306.365,8.688,193137870.0,nan,830492860.0
67.0,8.757,1.333,268,0,nan,nan,0.000,11306.365,nan,193137870.0,nan,830492860.0
69.0,9.018,1.373,213,0,nan,nan,0.000,11306.365,nan,193137870.0,nan,830492860.0
71.0,9.280,1.413,168,0,nan,nan,0.000,11306.365,nan,193137870.0,nan,830492860.0
73.0,9.541,1.453,132,0,nan,nan,0.000,11306.365,nan,193137870.0,nan,830492860.0
75.0,9.802,1.493,103,0,nan,nan,0.000,11306.365,nan,193137870.0,nan,830492860.0
77.0,10.064,1.532,73,0,nan,nan,0.000,11306.365,nan,193137870.0,nan,830492860.0
79.0,10.325,1.572,46,0,nan,nan,0.000,11306.365,nan,193137870.0,nan,830492860.0
81.0,10.587,1.612,19,0,nan,nan,0.000,11306.365,nan,193137870.0,nan,830492860.0
83.0,10.848,1.652,3,0,nan,nan,0.000,11306.365,nan,193137870.0,nan,830492860.0
