dat_prof/radprof/CO_natv/NGC5908.smob0.rprof.txt
# %ECSV 0.9
# ---
# datatype:
# - {name: radius, unit: arcsec, datatype: float64, description: Adopting RA=229.1805
#     deg DEC=55.4094 deg PA=153.0 INC=77.0}
# - {name: r_kpc, unit: kpc, datatype: float64, format: 10.3f, description: Adopting
#     distance of 47.1345 Mpc}
# - {name: r_r25, unit: '', datatype: float64, format: 10.3f, description: Adopting
#     R25=101.1861 arcsec}
# - {name: npix, datatype: int64}
# - {name: ngood, datatype: int64, description: Requiring fill fraction of 0.2 npix}
# - {name: wtmean, unit: K km / s, datatype: float64, format: 10.3f, description: Replaced
#     blanks with 0 times ../NGC5908.co.de20_smo.emom0max.fits}
# - {name: rms, unit: K km / s, datatype: float32}
# - {name: annsum, unit: K km pix / s, datatype: float32, format: 10.3f}
# - {name: cumsum, unit: K km pix / s, datatype: float32}
# - {name: detlim, unit: K km / s, datatype: float64, format: 10.3f}
# - {name: cumlum, unit: K km pc2 / s, datatype: float32}
# - {name: sigmol, unit: solMass / pc2, datatype: float64, format: 10.3f}
# - {name: cummass, unit: solMass, datatype: float32}
# delimiter: ','
# schema: astropy-2.0
radius,r_kpc,r_r25,npix,ngood,wtmean,rms,annsum,cumsum,detlim,cumlum,sigmol,cummass
1.0,0.229,0.010,3,3,54.150,1.5748876,162.449,162.44864,29.156,8482886.0,52.378,36476412.0
3.0,0.686,0.030,7,7,53.918,2.7602768,377.424,539.87274,18.496,28191550.0,52.154,121223670.0
5.0,1.143,0.049,14,14,55.043,3.639018,770.597,1310.4701,12.887,68431280.0,53.242,294254530.0
7.0,1.600,0.069,20,20,53.753,4.320192,1075.050,2385.5205,10.699,124569210.0,51.994,535647600.0
9.0,2.057,0.089,24,24,55.501,7.696277,1332.025,3717.5457,9.742,194126060.0,53.686,834742140.0
11.0,2.514,0.109,30,30,58.569,12.038927,1757.082,5474.628,8.546,285878940.0,56.654,1229279500.0
13.0,2.971,0.128,37,37,60.349,17.454115,2232.913,7707.5405,7.640,402479140.0,58.375,1730660400.0
15.0,3.428,0.148,41,41,62.817,22.170883,2575.508,10283.049,7.170,536969300.0,60.762,2308968000.0
17.0,3.885,0.168,51,51,62.963,24.15766,3211.095,13494.144,6.396,704649000.0,60.903,3029991000.0
19.0,4.342,0.188,56,56,58.256,24.76321,3262.335,16756.479,6.071,875004540.0,56.351,3762519800.0
21.0,4.799,0.208,59,59,51.160,22.558651,3018.447,19774.926,5.860,1032624450.0,49.487,4440285000.0
23.0,5.256,0.227,63,63,42.360,21.875402,2668.708,22443.635,5.654,1171981400.0,40.975,5039520300.0
25.0,5.713,0.247,72,72,38.108,21.319418,2743.790,25187.424,5.289,1315259000.0,36.862,5655614000.0
27.0,6.170,0.267,77,77,35.776,22.21521,2754.740,27942.164,5.080,1459108500.0,34.606,6274167000.0
29.0,6.627,0.287,81,81,31.968,21.968493,2589.403,30531.566,4.947,1594324200.0,30.922,6855594500.0
31.0,7.084,0.306,89,89,26.481,19.965347,2356.784,32888.35,4.737,1717392900.0,25.614,7384790000.0
33.0,7.541,0.326,93,93,19.480,17.172619,1811.603,34699.953,4.648,1811992700.0,18.842,7791569000.0
35.0,7.998,0.346,92,92,13.582,13.63599,1249.536,35949.49,4.674,1877242000.0,13.138,8072141000.0
37.0,8.455,0.366,109,109,10.347,11.308252,1127.783,37077.273,4.313,1936133600.0,10.008,8325375000.0
39.0,8.912,0.385,114,114,7.105,9.55832,809.996,37887.27,4.268,1978430700.0,6.873,8507252000.0
41.0,9.369,0.405,112,112,4.564,8.152204,511.224,38398.492,4.263,2005126300.0,4.415,8622043000.0
43.0,9.826,0.425,117,117,3.140,8.410652,367.357,38765.848,4.102,2024309100.0,3.037,8704529000.0
45.0,10.283,0.445,126,126,3.446,9.899882,434.181,39200.03,3.968,2046981600.0,3.333,8802021000.0
47.0,10.740,0.464,138,138,2.703,9.630933,373.022,39573.05,3.851,2066460300.0,2.615,8885779000.0
49.0,11.197,0.484,140,139,1.953,7.864402,273.434,39846.484,3.907,2080738700.0,1.889,8947176000.0
51.0,11.654,0.504,148,134,0.414,5.9910383,61.339,39907.824,3.888,2083941900.0,0.401,8960950000.0
53.0,12.111,0.524,146,130,-0.165,5.624778,-24.148,39883.676,4.061,2082680800.0,-0.160,8955528000.0
55.0,12.568,0.544,151,122,-0.050,5.5059066,-7.587,39876.09,4.169,2082284700.0,-0.049,8953824000.0
57.0,13.025,0.563,166,114,-0.594,4.500945,-98.526,39777.562,4.117,2077139700.0,-0.574,8931701000.0
59.0,13.482,0.583,173,88,-1.153,3.1699696,-199.490,39578.074,4.140,2066722700.0,-1.115,8886908000.0
61.0,13.939,0.603,166,60,-0.864,2.363285,-143.448,39434.625,4.349,2059231900.0,-0.836,8854697000.0
63.0,14.396,0.623,180,38,-0.478,1.6416464,-86.015,39348.61,4.133,2054740200.0,-0.462,8835383000.0
65.0,14.853,0.642,161,21,nan,nan,0.000,39348.61,4.417,2054740200.0,nan,8835383000.0
67.0,15.310,0.662,155,19,nan,nan,0.000,39348.61,4.278,2054740200.0,nan,8835383000.0
69.0,15.768,0.682,148,16,nan,nan,0.000,39348.61,4.229,2054740200.0,nan,8835383000.0
71.0,16.225,0.702,146,9,nan,nan,0.000,39348.61,4.359,2054740200.0,nan,8835383000.0
73.0,16.682,0.721,145,3,nan,nan,0.000,39348.61,4.335,2054740200.0,nan,8835383000.0
75.0,17.139,0.741,129,2,nan,nan,0.000,39348.61,4.595,2054740200.0,nan,8835383000.0
77.0,17.596,0.761,146,2,nan,nan,0.000,39348.61,4.281,2054740200.0,nan,8835383000.0
79.0,18.053,0.781,132,1,nan,nan,0.000,39348.61,4.478,2054740200.0,nan,8835383000.0
81.0,18.510,0.801,131,0,nan,nan,0.000,39348.61,4.484,2054740200.0,nan,8835383000.0
83.0,18.967,0.820,133,0,nan,nan,0.000,39348.61,4.397,2054740200.0,nan,8835383000.0
85.0,19.424,0.840,131,0,nan,nan,0.000,39348.61,4.552,2054740200.0,nan,8835383000.0
87.0,19.881,0.860,123,0,nan,nan,0.000,39348.61,4.605,2054740200.0,nan,8835383000.0
89.0,20.338,0.880,131,0,nan,nan,0.000,39348.61,4.535,2054740200.0,nan,8835383000.0
91.0,20.795,0.899,135,0,nan,nan,0.000,39348.61,4.461,2054740200.0,nan,8835383000.0
93.0,21.252,0.919,123,0,nan,nan,0.000,39348.61,4.704,2054740200.0,nan,8835383000.0
95.0,21.709,0.939,125,0,nan,nan,0.000,39348.61,4.633,2054740200.0,nan,8835383000.0
97.0,22.166,0.959,127,0,nan,nan,0.000,39348.61,4.637,2054740200.0,nan,8835383000.0
99.0,22.623,0.978,126,0,nan,nan,0.000,39348.61,4.651,2054740200.0,nan,8835383000.0
101.0,23.080,0.998,123,0,nan,nan,0.000,39348.61,4.740,2054740200.0,nan,8835383000.0
103.0,23.537,1.018,126,0,nan,nan,0.000,39348.61,4.722,2054740200.0,nan,8835383000.0
105.0,23.994,1.038,125,0,nan,nan,0.000,39348.61,4.762,2054740200.0,nan,8835383000.0
107.0,24.451,1.057,121,0,nan,nan,0.000,39348.61,4.752,2054740200.0,nan,8835383000.0
109.0,24.908,1.077,125,0,nan,nan,0.000,39348.61,4.763,2054740200.0,nan,8835383000.0
111.0,25.365,1.097,123,0,nan,nan,0.000,39348.61,4.883,2054740200.0,nan,8835383000.0
113.0,25.822,1.117,121,0,nan,nan,0.000,39348.61,4.832,2054740200.0,nan,8835383000.0
115.0,26.279,1.137,122,0,nan,nan,0.000,39348.61,4.928,2054740200.0,nan,8835383000.0
117.0,26.736,1.156,125,0,nan,nan,0.000,39348.61,4.942,2054740200.0,nan,8835383000.0
119.0,27.193,1.176,119,0,nan,nan,0.000,39348.61,4.944,2054740200.0,nan,8835383000.0
121.0,27.650,1.196,121,0,nan,nan,0.000,39348.61,4.988,2054740200.0,nan,8835383000.0
123.0,28.107,1.216,124,0,nan,nan,0.000,39348.61,5.040,2054740200.0,nan,8835383000.0
125.0,28.564,1.235,121,0,nan,nan,0.000,39348.61,5.039,2054740200.0,nan,8835383000.0
127.0,29.021,1.255,115,0,nan,nan,0.000,39348.61,5.130,2054740200.0,nan,8835383000.0
129.0,29.478,1.275,126,0,nan,nan,0.000,39348.61,5.100,2054740200.0,nan,8835383000.0
131.0,29.935,1.295,120,0,nan,nan,0.000,39348.61,5.195,2054740200.0,nan,8835383000.0
133.0,30.392,1.314,117,0,nan,nan,0.000,39348.61,5.145,2054740200.0,nan,8835383000.0
135.0,30.849,1.334,118,0,nan,nan,0.000,39348.61,5.291,2054740200.0,nan,8835383000.0
137.0,31.306,1.354,122,0,nan,nan,0.000,39348.61,5.261,2054740200.0,nan,8835383000.0
139.0,31.764,1.374,114,0,nan,nan,0.000,39348.61,5.249,2054740200.0,nan,8835383000.0
141.0,32.221,1.393,109,0,nan,nan,0.000,39348.61,5.410,2054740200.0,nan,8835383000.0
143.0,32.678,1.413,116,0,nan,nan,0.000,39348.61,5.390,2054740200.0,nan,8835383000.0
145.0,33.135,1.433,107,0,nan,nan,0.000,39348.61,5.429,2054740200.0,nan,8835383000.0
147.0,33.592,1.453,112,0,nan,nan,0.000,39348.61,5.379,2054740200.0,nan,8835383000.0
149.0,34.049,1.473,103,0,nan,nan,0.000,39348.61,5.604,2054740200.0,nan,8835383000.0
151.0,34.506,1.492,108,0,nan,nan,0.000,39348.61,5.464,2054740200.0,nan,8835383000.0
153.0,34.963,1.512,103,0,nan,nan,0.000,39348.61,5.646,2054740200.0,nan,8835383000.0
155.0,35.420,1.532,102,0,nan,nan,0.000,39348.61,5.656,2054740200.0,nan,8835383000.0
157.0,35.877,1.552,102,0,nan,nan,0.000,39348.61,5.659,2054740200.0,nan,8835383000.0
159.0,36.334,1.571,102,0,nan,nan,0.000,39348.61,5.698,2054740200.0,nan,8835383000.0
161.0,36.791,1.591,99,0,nan,nan,0.000,39348.61,5.783,2054740200.0,nan,8835383000.0
163.0,37.248,1.611,94,0,nan,nan,0.000,39348.61,5.896,2054740200.0,nan,8835383000.0
165.0,37.705,1.631,98,0,nan,nan,0.000,39348.61,5.845,2054740200.0,nan,8835383000.0
167.0,38.162,1.650,91,0,nan,nan,0.000,39348.61,6.074,2054740200.0,nan,8835383000.0
169.0,38.619,1.670,94,0,nan,nan,0.000,39348.61,6.030,2054740200.0,nan,8835383000.0
171.0,39.076,1.690,92,0,nan,nan,0.000,39348.61,6.073,2054740200.0,nan,8835383000.0
173.0,39.533,1.710,91,0,nan,nan,0.000,39348.61,6.172,2054740200.0,nan,8835383000.0
175.0,39.990,1.729,85,0,nan,nan,0.000,39348.61,6.392,2054740200.0,nan,8835383000.0
177.0,40.447,1.749,90,0,nan,nan,0.000,39348.61,6.173,2054740200.0,nan,8835383000.0
179.0,40.904,1.769,87,0,nan,nan,0.000,39348.61,6.392,2054740200.0,nan,8835383000.0
181.0,41.361,1.789,83,0,nan,nan,0.000,39348.61,6.526,2054740200.0,nan,8835383000.0
183.0,41.818,1.809,83,0,nan,nan,0.000,39348.61,6.591,2054740200.0,nan,8835383000.0
185.0,42.275,1.828,85,0,nan,nan,0.000,39348.61,6.546,2054740200.0,nan,8835383000.0
187.0,42.732,1.848,79,0,nan,nan,0.000,39348.61,6.857,2054740200.0,nan,8835383000.0
189.0,43.189,1.868,80,0,nan,nan,0.000,39348.61,6.734,2054740200.0,nan,8835383000.0
191.0,43.646,1.888,81,0,nan,nan,0.000,39348.61,6.831,2054740200.0,nan,8835383000.0
193.0,44.103,1.907,78,0,nan,nan,0.000,39348.61,7.030,2054740200.0,nan,8835383000.0
195.0,44.560,1.927,75,0,nan,nan,0.000,39348.61,7.163,2054740200.0,nan,8835383000.0
197.0,45.017,1.947,76,0,nan,nan,0.000,39348.61,7.197,2054740200.0,nan,8835383000.0
199.0,45.474,1.967,75,0,nan,nan,0.000,39348.61,7.319,2054740200.0,nan,8835383000.0
201.0,45.931,1.986,71,0,nan,nan,0.000,39348.61,7.474,2054740200.0,nan,8835383000.0
203.0,46.388,2.006,74,0,nan,nan,0.000,39348.61,7.461,2054740200.0,nan,8835383000.0
205.0,46.845,2.026,70,0,nan,nan,0.000,39348.61,7.772,2054740200.0,nan,8835383000.0
207.0,47.303,2.046,69,0,nan,nan,0.000,39348.61,7.831,2054740200.0,nan,8835383000.0
209.0,47.760,2.066,69,0,nan,nan,0.000,39348.61,7.896,2054740200.0,nan,8835383000.0
211.0,48.217,2.085,67,0,nan,nan,0.000,39348.61,8.140,2054740200.0,nan,8835383000.0
213.0,48.674,2.105,66,0,nan,nan,0.000,39348.61,8.193,2054740200.0,nan,8835383000.0
215.0,49.131,2.125,65,0,nan,nan,0.000,39348.61,8.409,2054740200.0,nan,8835383000.0
217.0,49.588,2.145,64,0,nan,nan,0.000,39348.61,8.675,2054740200.0,nan,8835383000.0
219.0,50.045,2.164,64,0,nan,nan,0.000,39348.61,8.700,2054740200.0,nan,8835383000.0
221.0,50.502,2.184,61,0,nan,nan,0.000,39348.61,8.949,2054740200.0,nan,8835383000.0
223.0,50.959,2.204,61,0,nan,nan,0.000,39348.61,9.265,2054740200.0,nan,8835383000.0
225.0,51.416,2.224,62,0,nan,nan,0.000,39348.61,9.336,2054740200.0,nan,8835383000.0
227.0,51.873,2.243,57,0,nan,nan,0.000,39348.61,9.676,2054740200.0,nan,8835383000.0
229.0,52.330,2.263,60,0,nan,nan,0.000,39348.61,9.828,2054740200.0,nan,8835383000.0
231.0,52.787,2.283,57,0,nan,nan,0.000,39348.61,10.356,2054740200.0,nan,8835383000.0
233.0,53.244,2.303,54,0,nan,nan,0.000,39348.61,10.814,2054740200.0,nan,8835383000.0
235.0,53.701,2.322,55,0,nan,nan,0.000,39348.61,10.937,2054740200.0,nan,8835383000.0
237.0,54.158,2.342,52,0,nan,nan,0.000,39348.61,11.490,2054740200.0,nan,8835383000.0
239.0,54.615,2.362,52,0,nan,nan,0.000,39348.61,12.085,2054740200.0,nan,8835383000.0
241.0,55.072,2.382,51,0,nan,nan,0.000,39348.61,12.394,2054740200.0,nan,8835383000.0
243.0,55.529,2.402,49,0,nan,nan,0.000,39348.61,13.349,2054740200.0,nan,8835383000.0
245.0,55.986,2.421,50,0,nan,nan,0.000,39348.61,13.981,2054740200.0,nan,8835383000.0
247.0,56.443,2.441,47,0,nan,nan,0.000,39348.61,15.014,2054740200.0,nan,8835383000.0
249.0,56.900,2.461,46,0,nan,nan,0.000,39348.61,17.477,2054740200.0,nan,8835383000.0
251.0,57.357,2.481,47,0,nan,nan,0.000,39348.61,28.087,2054740200.0,nan,8835383000.0
253.0,57.814,2.500,45,0,nan,nan,0.000,39348.61,37.583,2054740200.0,nan,8835383000.0
255.0,58.271,2.520,43,0,nan,nan,0.000,39348.61,nan,2054740200.0,nan,8835383000.0
257.0,58.728,2.540,43,0,nan,nan,0.000,39348.61,nan,2054740200.0,nan,8835383000.0
259.0,59.185,2.560,42,0,nan,nan,0.000,39348.61,nan,2054740200.0,nan,8835383000.0
261.0,59.642,2.579,40,0,nan,nan,0.000,39348.61,nan,2054740200.0,nan,8835383000.0
263.0,60.099,2.599,40,0,nan,nan,0.000,39348.61,nan,2054740200.0,nan,8835383000.0
265.0,60.556,2.619,39,0,nan,nan,0.000,39348.61,nan,2054740200.0,nan,8835383000.0
267.0,61.013,2.639,38,0,nan,nan,0.000,39348.61,nan,2054740200.0,nan,8835383000.0
269.0,61.470,2.658,36,0,nan,nan,0.000,39348.61,nan,2054740200.0,nan,8835383000.0
271.0,61.927,2.678,36,0,nan,nan,0.000,39348.61,nan,2054740200.0,nan,8835383000.0
273.0,62.384,2.698,35,0,nan,nan,0.000,39348.61,nan,2054740200.0,nan,8835383000.0
275.0,62.841,2.718,33,0,nan,nan,0.000,39348.61,nan,2054740200.0,nan,8835383000.0
277.0,63.299,2.738,33,0,nan,nan,0.000,39348.61,nan,2054740200.0,nan,8835383000.0
279.0,63.756,2.757,32,0,nan,nan,0.000,39348.61,nan,2054740200.0,nan,8835383000.0
281.0,64.213,2.777,30,0,nan,nan,0.000,39348.61,nan,2054740200.0,nan,8835383000.0
283.0,64.670,2.797,31,0,nan,nan,0.000,39348.61,nan,2054740200.0,nan,8835383000.0
285.0,65.127,2.817,28,0,nan,nan,0.000,39348.61,nan,2054740200.0,nan,8835383000.0
287.0,65.584,2.836,27,0,nan,nan,0.000,39348.61,nan,2054740200.0,nan,8835383000.0
289.0,66.041,2.856,28,0,nan,nan,0.000,39348.61,nan,2054740200.0,nan,8835383000.0
291.0,66.498,2.876,24,0,nan,nan,0.000,39348.61,nan,2054740200.0,nan,8835383000.0
293.0,66.955,2.896,25,0,nan,nan,0.000,39348.61,nan,2054740200.0,nan,8835383000.0
295.0,67.412,2.915,24,0,nan,nan,0.000,39348.61,nan,2054740200.0,nan,8835383000.0
297.0,67.869,2.935,22,0,nan,nan,0.000,39348.61,nan,2054740200.0,nan,8835383000.0
299.0,68.326,2.955,22,0,nan,nan,0.000,39348.61,nan,2054740200.0,nan,8835383000.0
301.0,68.783,2.975,20,0,nan,nan,0.000,39348.61,nan,2054740200.0,nan,8835383000.0
303.0,69.240,2.994,19,0,nan,nan,0.000,39348.61,nan,2054740200.0,nan,8835383000.0
305.0,69.697,3.014,19,0,nan,nan,0.000,39348.61,nan,2054740200.0,nan,8835383000.0
307.0,70.154,3.034,17,0,nan,nan,0.000,39348.61,nan,2054740200.0,nan,8835383000.0
309.0,70.611,3.054,16,0,nan,nan,0.000,39348.61,nan,2054740200.0,nan,8835383000.0
311.0,71.068,3.074,16,0,nan,nan,0.000,39348.61,nan,2054740200.0,nan,8835383000.0
313.0,71.525,3.093,14,0,nan,nan,0.000,39348.61,nan,2054740200.0,nan,8835383000.0
315.0,71.982,3.113,13,0,nan,nan,0.000,39348.61,nan,2054740200.0,nan,8835383000.0
317.0,72.439,3.133,13,0,nan,nan,0.000,39348.61,nan,2054740200.0,nan,8835383000.0
319.0,72.896,3.153,12,0,nan,nan,0.000,39348.61,nan,2054740200.0,nan,8835383000.0
321.0,73.353,3.172,10,0,nan,nan,0.000,39348.61,nan,2054740200.0,nan,8835383000.0
323.0,73.810,3.192,10,0,nan,nan,0.000,39348.61,nan,2054740200.0,nan,8835383000.0
325.0,74.267,3.212,9,0,nan,nan,0.000,39348.61,nan,2054740200.0,nan,8835383000.0
327.0,74.724,3.232,8,0,nan,nan,0.000,39348.61,nan,2054740200.0,nan,8835383000.0
329.0,75.181,3.251,7,0,nan,nan,0.000,39348.61,nan,2054740200.0,nan,8835383000.0
331.0,75.638,3.271,6,0,nan,nan,0.000,39348.61,nan,2054740200.0,nan,8835383000.0
333.0,76.095,3.291,5,0,nan,nan,0.000,39348.61,nan,2054740200.0,nan,8835383000.0
335.0,76.552,3.311,4,0,nan,nan,0.000,39348.61,nan,2054740200.0,nan,8835383000.0
337.0,77.009,3.330,3,0,nan,nan,0.000,39348.61,nan,2054740200.0,nan,8835383000.0
339.0,77.466,3.350,2,0,nan,nan,0.000,39348.61,nan,2054740200.0,nan,8835383000.0
341.0,77.923,3.370,1,0,nan,nan,0.000,39348.61,nan,2054740200.0,nan,8835383000.0
