dat_prof/radprof/CO_natv/NGC5784.smob1.rprof.txt
# %ECSV 0.9
# ---
# datatype:
# - {name: radius, unit: arcsec, datatype: float64, description: Adopting RA=223.569
#     deg DEC=42.5578 deg PA=255.0 INC=45.0}
# - {name: r_kpc, unit: kpc, datatype: float64, format: 10.3f, description: Adopting
#     distance of 79.4165 Mpc}
# - {name: r_r25, unit: '', datatype: float64, format: 10.3f, description: Adopting
#     R25=44.4756 arcsec}
# - {name: npix, datatype: int64}
# - {name: ngood, datatype: int64, description: Requiring fill fraction of 0.1 npix}
# - {name: wtmean, unit: K km / s, datatype: float64, format: 10.3f, description: Replaced
#     blanks with 1 times ../NGC5784.co.de20_smo.emom0max.fits}
# - {name: rms, unit: K km / s, datatype: float32}
# - {name: annsum, unit: K km pix / s, datatype: float32, format: 10.3f}
# - {name: cumsum, unit: K km pix / s, datatype: float32}
# - {name: detlim, unit: K km / s, datatype: float64, format: 10.3f}
# - {name: cumlum, unit: K km pc2 / s, datatype: float32}
# - {name: sigmol, unit: solMass / pc2, datatype: float64, format: 10.3f}
# - {name: cummass, unit: solMass, datatype: float32}
# delimiter: ','
# schema: astropy-2.0
radius,r_kpc,r_r25,npix,ngood,wtmean,rms,annsum,cumsum,detlim,cumlum,sigmol,cummass
1.0,0.385,0.022,9,9,23.422,4.7020893,210.794,210.79431,16.578,31248568.0,71.215,134368850.0
3.0,1.155,0.067,28,28,15.850,5.808826,443.805,654.59973,9.470,97039160.0,48.193,417268400.0
5.0,1.925,0.112,43,43,12.507,4.0970483,537.804,1192.4033,7.425,176764240.0,38.028,760086300.0
7.0,2.695,0.157,63,63,12.196,3.2258193,768.355,1960.758,5.739,290666660.0,37.083,1249866600.0
9.0,3.465,0.202,79,76,8.789,3.5635333,694.370,2655.1277,4.722,393601400.0,26.725,1692486100.0
11.0,4.235,0.247,98,76,5.284,2.5241663,517.807,3172.934,3.869,470362050.0,16.066,2022556900.0
13.0,5.005,0.292,110,46,3.297,1.3840184,362.638,3535.5728,3.321,524120320.0,10.024,2253717500.0
15.0,5.775,0.337,138,50,2.735,0.8769918,377.419,3912.9912,2.729,580069570.0,8.316,2494299100.0
17.0,6.545,0.382,150,52,2.733,1.131636,409.954,4322.946,2.550,640842050.0,8.310,2755620900.0
19.0,7.315,0.427,170,46,2.465,0.84849805,419.044,4741.99,2.346,702962050.0,7.495,3022737000.0
21.0,8.085,0.472,188,33,2.368,0.5461625,445.203,5187.193,2.252,768959740.0,7.200,3306527000.0
23.0,8.856,0.517,203,18,nan,nan,0.000,5187.193,2.204,768959740.0,nan,3306527000.0
25.0,9.626,0.562,224,17,nan,nan,0.000,5187.193,2.136,768959740.0,nan,3306527000.0
27.0,10.396,0.607,241,10,nan,nan,0.000,5187.193,2.103,768959740.0,nan,3306527000.0
29.0,11.166,0.652,254,6,nan,nan,0.000,5187.193,2.092,768959740.0,nan,3306527000.0
31.0,11.936,0.697,274,2,nan,nan,0.000,5187.193,2.063,768959740.0,nan,3306527000.0
33.0,12.706,0.742,300,0,nan,nan,0.000,5187.193,2.024,768959740.0,nan,3306527000.0
35.0,13.476,0.787,307,0,nan,nan,0.000,5187.193,2.061,768959740.0,nan,3306527000.0
37.0,14.246,0.832,327,0,nan,nan,0.000,5187.193,2.054,768959740.0,nan,3306527000.0
39.0,15.016,0.877,347,0,nan,nan,0.000,5187.193,2.064,768959740.0,nan,3306527000.0
41.0,15.786,0.922,362,0,nan,nan,0.000,5187.193,2.087,768959740.0,nan,3306527000.0
43.0,16.556,0.967,386,0,nan,nan,0.000,5187.193,2.096,768959740.0,nan,3306527000.0
45.0,17.326,1.012,399,0,nan,nan,0.000,5187.193,2.147,768959740.0,nan,3306527000.0
47.0,18.096,1.057,413,0,nan,nan,0.000,5187.193,2.201,768959740.0,nan,3306527000.0
49.0,18.866,1.102,433,0,nan,nan,0.000,5187.193,2.258,768959740.0,nan,3306527000.0
51.0,19.636,1.147,430,0,nan,nan,0.000,5187.193,2.345,768959740.0,nan,3306527000.0
53.0,20.406,1.192,406,0,nan,nan,0.000,5187.193,2.549,768959740.0,nan,3306527000.0
55.0,21.176,1.237,378,0,nan,nan,0.000,5187.193,2.739,768959740.0,nan,3306527000.0
57.0,21.946,1.282,360,0,nan,nan,0.000,5187.193,2.934,768959740.0,nan,3306527000.0
59.0,22.716,1.327,353,0,nan,nan,0.000,5187.193,3.079,768959740.0,nan,3306527000.0
61.0,23.486,1.372,353,0,nan,nan,0.000,5187.193,3.338,768959740.0,nan,3306527000.0
63.0,24.256,1.417,341,0,nan,nan,0.000,5187.193,3.583,768959740.0,nan,3306527000.0
65.0,25.026,1.461,331,0,nan,nan,0.000,5187.193,4.007,768959740.0,nan,3306527000.0
67.0,25.796,1.506,329,0,nan,nan,0.000,5187.193,4.455,768959740.0,nan,3306527000.0
69.0,26.567,1.551,315,0,nan,nan,0.000,5187.193,5.327,768959740.0,nan,3306527000.0
71.0,27.337,1.596,232,0,nan,nan,0.000,5187.193,8.625,768959740.0,nan,3306527000.0
73.0,28.107,1.641,189,0,nan,nan,0.000,5187.193,32.776,768959740.0,nan,3306527000.0
75.0,28.877,1.686,149,0,nan,nan,0.000,5187.193,nan,768959740.0,nan,3306527000.0
77.0,29.647,1.731,124,0,nan,nan,0.000,5187.193,nan,768959740.0,nan,3306527000.0
79.0,30.417,1.776,91,0,nan,nan,0.000,5187.193,nan,768959740.0,nan,3306527000.0
81.0,31.187,1.821,71,0,nan,nan,0.000,5187.193,nan,768959740.0,nan,3306527000.0
83.0,31.957,1.866,61,0,nan,nan,0.000,5187.193,nan,768959740.0,nan,3306527000.0
85.0,32.727,1.911,48,0,nan,nan,0.000,5187.193,nan,768959740.0,nan,3306527000.0
87.0,33.497,1.956,39,0,nan,nan,0.000,5187.193,nan,768959740.0,nan,3306527000.0
89.0,34.267,2.001,27,0,nan,nan,0.000,5187.193,nan,768959740.0,nan,3306527000.0
91.0,35.037,2.046,18,0,nan,nan,0.000,5187.193,nan,768959740.0,nan,3306527000.0
93.0,35.807,2.091,7,0,nan,nan,0.000,5187.193,nan,768959740.0,nan,3306527000.0
95.0,36.577,2.136,3,0,nan,nan,0.000,5187.193,nan,768959740.0,nan,3306527000.0
97.0,37.347,2.181,0,0,nan,nan,0.000,5187.193,nan,768959740.0,nan,3306527000.0
