dat_prof/radprof/CO_natv/NGC5056.smob1.rprof.txt
# %ECSV 0.9
# ---
# datatype:
# - {name: radius, unit: arcsec, datatype: float64, description: Adopting RA=199.05149999999998
#     deg DEC=30.9502 deg PA=178.0 INC=61.4}
# - {name: r_kpc, unit: kpc, datatype: float64, format: 10.3f, description: Adopting
#     distance of 81.1428 Mpc}
# - {name: r_r25, unit: '', datatype: float64, format: 10.3f, description: Adopting
#     R25=48.6543 arcsec}
# - {name: npix, datatype: int64}
# - {name: ngood, datatype: int64, description: Requiring fill fraction of 0.1 npix}
# - {name: wtmean, unit: K km / s, datatype: float64, format: 10.3f, description: Replaced
#     blanks with 1 times ../NGC5056.co.de20_smo.emom0max.fits}
# - {name: rms, unit: K km / s, datatype: float32}
# - {name: annsum, unit: K km pix / s, datatype: float32, format: 10.3f}
# - {name: cumsum, unit: K km pix / s, datatype: float32}
# - {name: detlim, unit: K km / s, datatype: float64, format: 10.3f}
# - {name: cumlum, unit: K km pc2 / s, datatype: float32}
# - {name: sigmol, unit: solMass / pc2, datatype: float64, format: 10.3f}
# - {name: cummass, unit: solMass, datatype: float32}
# delimiter: ','
# schema: astropy-2.0
radius,r_kpc,r_r25,npix,ngood,wtmean,rms,annsum,cumsum,detlim,cumlum,sigmol,cummass
1.0,0.393,0.021,6,6,31.207,3.972573,187.242,187.24176,16.303,28976936.0,64.236,124600830.0
3.0,1.180,0.062,18,18,22.287,6.467968,401.169,588.4108,9.480,91060580.0,45.875,391560480.0
5.0,1.967,0.103,30,28,13.556,6.098967,406.673,995.08344,7.241,153995920.0,27.903,662182460.0
7.0,2.754,0.144,44,41,9.354,4.431028,411.588,1406.671,5.769,217691900.0,19.255,936075200.0
9.0,3.541,0.185,55,52,7.256,3.0341287,399.106,1805.777,4.847,279456260.0,14.937,1201662000.0
11.0,4.327,0.226,64,62,6.478,2.59624,414.573,2220.3503,4.381,343614300.0,13.334,1477541600.0
13.0,5.114,0.267,76,72,5.430,2.128844,412.663,2633.013,3.904,407476640.0,11.176,1752149600.0
15.0,5.901,0.308,90,78,4.024,1.8178339,362.122,2995.1353,3.473,463517540.0,8.282,1993125500.0
17.0,6.688,0.349,105,84,3.534,1.5992966,371.112,3366.2468,3.138,520949570.0,7.275,2240083200.0
19.0,7.474,0.391,115,75,3.130,1.2175367,359.894,3726.1404,2.978,576645570.0,6.442,2479576000.0
21.0,8.261,0.432,128,81,2.943,1.1736802,376.668,4102.8086,2.827,634937540.0,6.057,2730231600.0
23.0,9.048,0.473,137,65,2.702,1.1390154,370.129,4472.937,2.752,692217400.0,5.561,2976535000.0
25.0,9.835,0.514,148,48,2.336,0.73499125,345.765,4818.7017,2.674,745726850.0,4.809,3206625500.0
27.0,10.622,0.555,160,36,2.184,0.50444514,349.468,5168.1694,2.614,799809340.0,4.496,3439180300.0
29.0,11.408,0.596,177,26,2.172,0.43538857,384.434,5552.603,2.532,859303040.0,4.471,3695003100.0
31.0,12.195,0.637,192,18,nan,nan,0.000,5552.603,2.482,859303040.0,nan,3695003100.0
33.0,12.982,0.678,196,11,nan,nan,0.000,5552.603,2.511,859303040.0,nan,3695003100.0
35.0,13.769,0.719,210,13,nan,nan,0.000,5552.603,2.477,859303040.0,nan,3695003100.0
37.0,14.555,0.760,216,15,nan,nan,0.000,5552.603,2.520,859303040.0,nan,3695003100.0
39.0,15.342,0.802,236,5,nan,nan,0.000,5552.603,2.465,859303040.0,nan,3695003100.0
41.0,16.129,0.843,251,1,nan,nan,0.000,5552.603,2.459,859303040.0,nan,3695003100.0
43.0,16.916,0.884,256,0,nan,nan,0.000,5552.603,2.519,859303040.0,nan,3695003100.0
45.0,17.703,0.925,276,0,nan,nan,0.000,5552.603,2.507,859303040.0,nan,3695003100.0
47.0,18.489,0.966,283,0,nan,nan,0.000,5552.603,2.572,859303040.0,nan,3695003100.0
49.0,19.276,1.007,296,0,nan,nan,0.000,5552.603,2.599,859303040.0,nan,3695003100.0
51.0,20.063,1.048,276,0,nan,nan,0.000,5552.603,2.722,859303040.0,nan,3695003100.0
53.0,20.850,1.089,256,0,nan,nan,0.000,5552.603,2.808,859303040.0,nan,3695003100.0
55.0,21.637,1.130,252,0,nan,nan,0.000,5552.603,2.860,859303040.0,nan,3695003100.0
57.0,22.423,1.172,232,0,nan,nan,0.000,5552.603,2.987,859303040.0,nan,3695003100.0
59.0,23.210,1.213,234,0,nan,nan,0.000,5552.603,3.019,859303040.0,nan,3695003100.0
61.0,23.997,1.254,226,0,nan,nan,0.000,5552.603,3.104,859303040.0,nan,3695003100.0
63.0,24.784,1.295,228,0,nan,nan,0.000,5552.603,3.123,859303040.0,nan,3695003100.0
65.0,25.570,1.336,218,0,nan,nan,0.000,5552.603,3.238,859303040.0,nan,3695003100.0
67.0,26.357,1.377,219,0,nan,nan,0.000,5552.603,3.312,859303040.0,nan,3695003100.0
69.0,27.144,1.418,222,0,nan,nan,0.000,5552.603,3.353,859303040.0,nan,3695003100.0
71.0,27.931,1.459,213,0,nan,nan,0.000,5552.603,3.474,859303040.0,nan,3695003100.0
73.0,28.718,1.500,219,0,nan,nan,0.000,5552.603,3.515,859303040.0,nan,3695003100.0
75.0,29.504,1.541,210,0,nan,nan,0.000,5552.603,3.660,859303040.0,nan,3695003100.0
77.0,30.291,1.583,213,0,nan,nan,0.000,5552.603,3.729,859303040.0,nan,3695003100.0
79.0,31.078,1.624,211,0,nan,nan,0.000,5552.603,3.869,859303040.0,nan,3695003100.0
81.0,31.865,1.665,203,0,nan,nan,0.000,5552.603,4.030,859303040.0,nan,3695003100.0
83.0,32.651,1.706,213,0,nan,nan,0.000,5552.603,4.112,859303040.0,nan,3695003100.0
85.0,33.438,1.747,202,0,nan,nan,0.000,5552.603,4.298,859303040.0,nan,3695003100.0
87.0,34.225,1.788,206,0,nan,nan,0.000,5552.603,4.488,859303040.0,nan,3695003100.0
89.0,35.012,1.829,204,0,nan,nan,0.000,5552.603,4.632,859303040.0,nan,3695003100.0
91.0,35.799,1.870,205,0,nan,nan,0.000,5552.603,4.780,859303040.0,nan,3695003100.0
93.0,36.585,1.911,207,0,nan,nan,0.000,5552.603,5.003,859303040.0,nan,3695003100.0
95.0,37.372,1.953,205,0,nan,nan,0.000,5552.603,5.351,859303040.0,nan,3695003100.0
97.0,38.159,1.994,200,0,nan,nan,0.000,5552.603,5.765,859303040.0,nan,3695003100.0
99.0,38.946,2.035,207,0,nan,nan,0.000,5552.603,6.078,859303040.0,nan,3695003100.0
101.0,39.733,2.076,203,0,nan,nan,0.000,5552.603,6.732,859303040.0,nan,3695003100.0
103.0,40.519,2.117,204,0,nan,nan,0.000,5552.603,7.532,859303040.0,nan,3695003100.0
105.0,41.306,2.158,204,0,nan,nan,0.000,5552.603,10.420,859303040.0,nan,3695003100.0
107.0,42.093,2.199,164,0,nan,nan,0.000,5552.603,18.410,859303040.0,nan,3695003100.0
109.0,42.880,2.240,144,0,nan,nan,0.000,5552.603,34.214,859303040.0,nan,3695003100.0
111.0,43.666,2.281,93,0,nan,nan,0.000,5552.603,nan,859303040.0,nan,3695003100.0
113.0,44.453,2.323,65,0,nan,nan,0.000,5552.603,nan,859303040.0,nan,3695003100.0
115.0,45.240,2.364,41,0,nan,nan,0.000,5552.603,nan,859303040.0,nan,3695003100.0
117.0,46.027,2.405,24,0,nan,nan,0.000,5552.603,nan,859303040.0,nan,3695003100.0
119.0,46.814,2.446,11,0,nan,nan,0.000,5552.603,nan,859303040.0,nan,3695003100.0
121.0,47.600,2.487,4,0,nan,nan,0.000,5552.603,nan,859303040.0,nan,3695003100.0
123.0,48.387,2.528,0,0,nan,nan,0.000,5552.603,nan,859303040.0,nan,3695003100.0
