dat_prof/radprof/CO_natv/NGC6168.smob0.rprof.txt
# %ECSV 0.9
# ---
# datatype:
# - {name: radius, unit: arcsec, datatype: float64, description: Adopting RA=247.83749999999998
#     deg DEC=20.1855 deg PA=111.1 INC=76.6}
# - {name: r_kpc, unit: kpc, datatype: float64, format: 10.3f, description: Adopting
#     distance of 36.0924 Mpc}
# - {name: r_r25, unit: '', datatype: float64, format: 10.3f, description: Adopting
#     R25=49.4448 arcsec}
# - {name: npix, datatype: int64}
# - {name: ngood, datatype: int64, description: Requiring fill fraction of 0.2 npix}
# - {name: wtmean, unit: K km / s, datatype: float64, format: 10.3f, description: Replaced
#     blanks with 0 times ../NGC6168.co.de20_smo.emom0max.fits}
# - {name: rms, unit: K km / s, datatype: float32}
# - {name: annsum, unit: K km pix / s, datatype: float32, format: 10.3f}
# - {name: cumsum, unit: K km pix / s, datatype: float32}
# - {name: detlim, unit: K km / s, datatype: float64, format: 10.3f}
# - {name: cumlum, unit: K km pc2 / s, datatype: float32}
# - {name: sigmol, unit: solMass / pc2, datatype: float64, format: 10.3f}
# - {name: cummass, unit: solMass, datatype: float32}
# delimiter: ','
# schema: astropy-2.0
radius,r_kpc,r_r25,npix,ngood,wtmean,rms,annsum,cumsum,detlim,cumlum,sigmol,cummass
1.0,0.175,0.020,3,3,7.819,1.2215302,23.456,23.45562,25.548,718171.5,7.791,3088137.5
3.0,0.525,0.061,10,10,8.182,2.6292508,81.818,105.27346,14.000,3223295.8,8.153,13860172.0
5.0,0.875,0.101,13,13,8.156,2.6495426,106.034,211.30759,12.308,6469881.5,8.128,27820492.0
7.0,1.225,0.142,20,20,7.406,2.5764644,148.112,359.41986,9.950,11004830.0,7.380,47320772.0
9.0,1.575,0.182,27,27,5.950,2.6867373,160.643,520.06305,8.596,15923453.0,5.929,68470850.0
11.0,1.925,0.222,33,33,5.951,2.3022144,196.367,716.4297,7.815,21935868.0,5.930,94324240.0
13.0,2.275,0.263,37,37,5.654,2.68716,209.188,925.6174,7.438,28340842.0,5.634,121865624.0
15.0,2.625,0.303,45,45,5.622,2.734943,252.981,1178.5985,6.777,36086696.0,5.602,155172800.0
17.0,2.975,0.344,46,46,5.209,2.6614356,239.627,1418.2258,6.752,43423680.0,5.191,186721840.0
19.0,3.325,0.384,55,55,5.167,3.908859,284.210,1702.4355,6.250,52125704.0,5.149,224140540.0
21.0,3.675,0.425,63,63,4.839,4.451753,304.878,2007.3131,5.898,61460540.0,4.822,264280340.0
23.0,4.025,0.465,69,67,4.135,3.7138283,285.286,2292.5989,5.713,70195510.0,4.120,301840700.0
25.0,4.375,0.506,76,60,3.632,3.8720136,276.002,2568.6006,5.531,78646216.0,3.619,338178750.0
27.0,4.724,0.546,76,57,2.864,4.0890555,217.660,2786.261,5.604,85310610.0,2.854,366835620.0
29.0,5.074,0.587,81,60,2.510,4.244056,203.288,2989.5486,5.506,91534936.0,2.501,393600260.0
31.0,5.424,0.627,87,62,2.325,3.9651685,202.313,3191.8616,5.374,97729416.0,2.317,420236500.0
33.0,5.774,0.667,99,68,1.522,3.0409043,150.707,3342.5684,5.198,102343800.0,1.517,440078370.0
35.0,6.124,0.708,101,65,0.717,2.4741545,72.416,3414.9846,5.249,104561064.0,0.714,449612600.0
37.0,6.474,0.748,112,63,0.128,2.2108533,14.300,3429.2847,5.101,104998910.0,0.127,451495330.0
39.0,6.824,0.789,118,56,-0.130,1.7600149,-15.295,3413.9893,5.110,104530590.0,-0.129,449481570.0
41.0,7.174,0.829,118,48,-0.239,1.8329146,-28.173,3385.816,5.242,103667970.0,-0.238,445772300.0
43.0,7.524,0.870,116,39,-0.271,1.9049243,-31.390,3354.4255,5.360,102706850.0,-0.270,441639460.0
45.0,7.874,0.910,136,38,-0.183,1.2486013,-24.905,3329.521,5.217,101944310.0,-0.182,438360580.0
47.0,8.224,0.951,135,25,nan,nan,0.000,3329.521,5.431,101944310.0,nan,438360580.0
49.0,8.574,0.991,145,18,nan,nan,0.000,3329.521,5.364,101944310.0,nan,438360580.0
51.0,8.924,1.031,146,13,nan,nan,0.000,3329.521,5.489,101944310.0,nan,438360580.0
53.0,9.274,1.072,140,11,nan,nan,0.000,3329.521,5.661,101944310.0,nan,438360580.0
55.0,9.624,1.112,134,11,nan,nan,0.000,3329.521,5.697,101944310.0,nan,438360580.0
57.0,9.974,1.153,139,10,nan,nan,0.000,3329.521,5.745,101944310.0,nan,438360580.0
59.0,10.324,1.193,133,7,nan,nan,0.000,3329.521,5.773,101944310.0,nan,438360580.0
61.0,10.674,1.234,125,8,nan,nan,0.000,3329.521,5.960,101944310.0,nan,438360580.0
63.0,11.024,1.274,123,7,nan,nan,0.000,3329.521,5.847,101944310.0,nan,438360580.0
65.0,11.374,1.315,114,9,nan,nan,0.000,3329.521,6.067,101944310.0,nan,438360580.0
67.0,11.724,1.355,117,7,nan,nan,0.000,3329.521,5.859,101944310.0,nan,438360580.0
69.0,12.074,1.395,116,8,nan,nan,0.000,3329.521,6.053,101944310.0,nan,438360580.0
71.0,12.424,1.436,113,6,nan,nan,0.000,3329.521,6.134,101944310.0,nan,438360580.0
73.0,12.774,1.476,116,8,nan,nan,0.000,3329.521,5.997,101944310.0,nan,438360580.0
75.0,13.124,1.517,112,6,nan,nan,0.000,3329.521,6.140,101944310.0,nan,438360580.0
77.0,13.474,1.557,107,8,nan,nan,0.000,3329.521,6.260,101944310.0,nan,438360580.0
79.0,13.823,1.598,108,6,nan,nan,0.000,3329.521,6.342,101944310.0,nan,438360580.0
81.0,14.173,1.638,109,6,nan,nan,0.000,3329.521,6.297,101944310.0,nan,438360580.0
83.0,14.523,1.679,113,8,nan,nan,0.000,3329.521,6.140,101944310.0,nan,438360580.0
85.0,14.873,1.719,107,5,nan,nan,0.000,3329.521,6.365,101944310.0,nan,438360580.0
87.0,15.223,1.760,108,7,nan,nan,0.000,3329.521,6.388,101944310.0,nan,438360580.0
89.0,15.573,1.800,105,6,nan,nan,0.000,3329.521,6.374,101944310.0,nan,438360580.0
91.0,15.923,1.840,112,6,nan,nan,0.000,3329.521,6.394,101944310.0,nan,438360580.0
93.0,16.273,1.881,106,6,nan,nan,0.000,3329.521,6.523,101944310.0,nan,438360580.0
95.0,16.623,1.921,104,5,nan,nan,0.000,3329.521,6.530,101944310.0,nan,438360580.0
97.0,16.973,1.962,106,6,nan,nan,0.000,3329.521,6.638,101944310.0,nan,438360580.0
99.0,17.323,2.002,103,6,nan,nan,0.000,3329.521,6.629,101944310.0,nan,438360580.0
101.0,17.673,2.043,110,5,nan,nan,0.000,3329.521,6.479,101944310.0,nan,438360580.0
103.0,18.023,2.083,104,5,nan,nan,0.000,3329.521,6.778,101944310.0,nan,438360580.0
105.0,18.373,2.124,105,4,nan,nan,0.000,3329.521,6.685,101944310.0,nan,438360580.0
107.0,18.723,2.164,106,5,nan,nan,0.000,3329.521,6.877,101944310.0,nan,438360580.0
109.0,19.073,2.204,109,4,nan,nan,0.000,3329.521,6.644,101944310.0,nan,438360580.0
111.0,19.423,2.245,101,3,nan,nan,0.000,3329.521,7.029,101944310.0,nan,438360580.0
113.0,19.773,2.285,105,1,nan,nan,0.000,3329.521,6.811,101944310.0,nan,438360580.0
115.0,20.123,2.326,100,0,nan,nan,0.000,3329.521,7.216,101944310.0,nan,438360580.0
117.0,20.473,2.366,106,0,nan,nan,0.000,3329.521,6.923,101944310.0,nan,438360580.0
119.0,20.823,2.407,104,0,nan,nan,0.000,3329.521,7.139,101944310.0,nan,438360580.0
121.0,21.173,2.447,104,0,nan,nan,0.000,3329.521,7.074,101944310.0,nan,438360580.0
123.0,21.523,2.488,103,0,nan,nan,0.000,3329.521,7.335,101944310.0,nan,438360580.0
125.0,21.873,2.528,105,0,nan,nan,0.000,3329.521,7.184,101944310.0,nan,438360580.0
127.0,22.223,2.569,100,0,nan,nan,0.000,3329.521,7.408,101944310.0,nan,438360580.0
129.0,22.573,2.609,107,0,nan,nan,0.000,3329.521,7.249,101944310.0,nan,438360580.0
131.0,22.922,2.649,98,0,nan,nan,0.000,3329.521,7.685,101944310.0,nan,438360580.0
133.0,23.272,2.690,106,0,nan,nan,0.000,3329.521,7.450,101944310.0,nan,438360580.0
135.0,23.622,2.730,101,0,nan,nan,0.000,3329.521,7.726,101944310.0,nan,438360580.0
137.0,23.972,2.771,106,0,nan,nan,0.000,3329.521,7.528,101944310.0,nan,438360580.0
139.0,24.322,2.811,101,0,nan,nan,0.000,3329.521,7.936,101944310.0,nan,438360580.0
141.0,24.672,2.852,104,0,nan,nan,0.000,3329.521,7.672,101944310.0,nan,438360580.0
143.0,25.022,2.892,99,0,nan,nan,0.000,3329.521,7.995,101944310.0,nan,438360580.0
145.0,25.372,2.933,100,0,nan,nan,0.000,3329.521,7.968,101944310.0,nan,438360580.0
147.0,25.722,2.973,94,0,nan,nan,0.000,3329.521,8.161,101944310.0,nan,438360580.0
149.0,26.072,3.013,94,0,nan,nan,0.000,3329.521,8.148,101944310.0,nan,438360580.0
151.0,26.422,3.054,92,0,nan,nan,0.000,3329.521,8.337,101944310.0,nan,438360580.0
153.0,26.772,3.094,90,0,nan,nan,0.000,3329.521,8.286,101944310.0,nan,438360580.0
155.0,27.122,3.135,87,0,nan,nan,0.000,3329.521,8.631,101944310.0,nan,438360580.0
157.0,27.472,3.175,89,0,nan,nan,0.000,3329.521,8.450,101944310.0,nan,438360580.0
159.0,27.822,3.216,81,0,nan,nan,0.000,3329.521,8.967,101944310.0,nan,438360580.0
161.0,28.172,3.256,87,0,nan,nan,0.000,3329.521,8.491,101944310.0,nan,438360580.0
163.0,28.522,3.297,77,0,nan,nan,0.000,3329.521,9.382,101944310.0,nan,438360580.0
165.0,28.872,3.337,83,0,nan,nan,0.000,3329.521,8.718,101944310.0,nan,438360580.0
167.0,29.222,3.378,75,0,nan,nan,0.000,3329.521,9.591,101944310.0,nan,438360580.0
169.0,29.572,3.418,80,0,nan,nan,0.000,3329.521,9.143,101944310.0,nan,438360580.0
171.0,29.922,3.458,73,0,nan,nan,0.000,3329.521,9.631,101944310.0,nan,438360580.0
173.0,30.272,3.499,74,0,nan,nan,0.000,3329.521,9.537,101944310.0,nan,438360580.0
175.0,30.622,3.539,70,0,nan,nan,0.000,3329.521,10.102,101944310.0,nan,438360580.0
177.0,30.972,3.580,71,0,nan,nan,0.000,3329.521,9.896,101944310.0,nan,438360580.0
179.0,31.322,3.620,68,0,nan,nan,0.000,3329.521,10.212,101944310.0,nan,438360580.0
181.0,31.672,3.661,68,0,nan,nan,0.000,3329.521,10.277,101944310.0,nan,438360580.0
183.0,32.022,3.701,63,0,nan,nan,0.000,3329.521,10.899,101944310.0,nan,438360580.0
185.0,32.371,3.742,65,0,nan,nan,0.000,3329.521,10.843,101944310.0,nan,438360580.0
187.0,32.721,3.782,61,0,nan,nan,0.000,3329.521,11.187,101944310.0,nan,438360580.0
189.0,33.071,3.822,63,0,nan,nan,0.000,3329.521,11.302,101944310.0,nan,438360580.0
191.0,33.421,3.863,56,0,nan,nan,0.000,3329.521,11.810,101944310.0,nan,438360580.0
193.0,33.771,3.903,61,0,nan,nan,0.000,3329.521,11.806,101944310.0,nan,438360580.0
195.0,34.121,3.944,54,0,nan,nan,0.000,3329.521,12.386,101944310.0,nan,438360580.0
197.0,34.471,3.984,59,0,nan,nan,0.000,3329.521,12.288,101944310.0,nan,438360580.0
199.0,34.821,4.025,52,0,nan,nan,0.000,3329.521,13.408,101944310.0,nan,438360580.0
201.0,35.171,4.065,55,0,nan,nan,0.000,3329.521,12.833,101944310.0,nan,438360580.0
203.0,35.521,4.106,49,0,nan,nan,0.000,3329.521,14.421,101944310.0,nan,438360580.0
205.0,35.871,4.146,52,0,nan,nan,0.000,3329.521,13.921,101944310.0,nan,438360580.0
207.0,36.221,4.186,48,0,nan,nan,0.000,3329.521,15.908,101944310.0,nan,438360580.0
209.0,36.571,4.227,48,0,nan,nan,0.000,3329.521,15.732,101944310.0,nan,438360580.0
211.0,36.921,4.267,45,0,nan,nan,0.000,3329.521,18.256,101944310.0,nan,438360580.0
213.0,37.271,4.308,46,0,nan,nan,0.000,3329.521,18.382,101944310.0,nan,438360580.0
215.0,37.621,4.348,41,0,nan,nan,0.000,3329.521,24.102,101944310.0,nan,438360580.0
217.0,37.971,4.389,44,0,nan,nan,0.000,3329.521,29.080,101944310.0,nan,438360580.0
219.0,38.321,4.429,39,0,nan,nan,0.000,3329.521,50.806,101944310.0,nan,438360580.0
221.0,38.671,4.470,40,0,nan,nan,0.000,3329.521,nan,101944310.0,nan,438360580.0
223.0,39.021,4.510,38,0,nan,nan,0.000,3329.521,nan,101944310.0,nan,438360580.0
225.0,39.371,4.551,37,0,nan,nan,0.000,3329.521,nan,101944310.0,nan,438360580.0
227.0,39.721,4.591,34,0,nan,nan,0.000,3329.521,nan,101944310.0,nan,438360580.0
229.0,40.071,4.631,35,0,nan,nan,0.000,3329.521,nan,101944310.0,nan,438360580.0
231.0,40.421,4.672,32,0,nan,nan,0.000,3329.521,nan,101944310.0,nan,438360580.0
233.0,40.771,4.712,33,0,nan,nan,0.000,3329.521,nan,101944310.0,nan,438360580.0
235.0,41.121,4.753,28,0,nan,nan,0.000,3329.521,nan,101944310.0,nan,438360580.0
237.0,41.470,4.793,32,0,nan,nan,0.000,3329.521,nan,101944310.0,nan,438360580.0
239.0,41.820,4.834,25,0,nan,nan,0.000,3329.521,nan,101944310.0,nan,438360580.0
241.0,42.170,4.874,28,0,nan,nan,0.000,3329.521,nan,101944310.0,nan,438360580.0
243.0,42.520,4.915,24,0,nan,nan,0.000,3329.521,nan,101944310.0,nan,438360580.0
245.0,42.870,4.955,25,0,nan,nan,0.000,3329.521,nan,101944310.0,nan,438360580.0
247.0,43.220,4.995,22,0,nan,nan,0.000,3329.521,nan,101944310.0,nan,438360580.0
249.0,43.570,5.036,21,0,nan,nan,0.000,3329.521,nan,101944310.0,nan,438360580.0
251.0,43.920,5.076,20,0,nan,nan,0.000,3329.521,nan,101944310.0,nan,438360580.0
253.0,44.270,5.117,20,0,nan,nan,0.000,3329.521,nan,101944310.0,nan,438360580.0
255.0,44.620,5.157,16,0,nan,nan,0.000,3329.521,nan,101944310.0,nan,438360580.0
257.0,44.970,5.198,17,0,nan,nan,0.000,3329.521,nan,101944310.0,nan,438360580.0
259.0,45.320,5.238,15,0,nan,nan,0.000,3329.521,nan,101944310.0,nan,438360580.0
261.0,45.670,5.279,14,0,nan,nan,0.000,3329.521,nan,101944310.0,nan,438360580.0
263.0,46.020,5.319,12,0,nan,nan,0.000,3329.521,nan,101944310.0,nan,438360580.0
265.0,46.370,5.360,12,0,nan,nan,0.000,3329.521,nan,101944310.0,nan,438360580.0
267.0,46.720,5.400,9,0,nan,nan,0.000,3329.521,nan,101944310.0,nan,438360580.0
269.0,47.070,5.440,10,0,nan,nan,0.000,3329.521,nan,101944310.0,nan,438360580.0
271.0,47.420,5.481,7,0,nan,nan,0.000,3329.521,nan,101944310.0,nan,438360580.0
273.0,47.770,5.521,6,0,nan,nan,0.000,3329.521,nan,101944310.0,nan,438360580.0
275.0,48.120,5.562,5,0,nan,nan,0.000,3329.521,nan,101944310.0,nan,438360580.0
277.0,48.470,5.602,4,0,nan,nan,0.000,3329.521,nan,101944310.0,nan,438360580.0
279.0,48.820,5.643,3,0,nan,nan,0.000,3329.521,nan,101944310.0,nan,438360580.0
281.0,49.170,5.683,1,0,nan,nan,0.000,3329.521,nan,101944310.0,nan,438360580.0
283.0,49.520,5.724,1,0,nan,nan,0.000,3329.521,nan,101944310.0,nan,438360580.0
285.0,49.870,5.764,0,0,nan,nan,0.000,3329.521,nan,101944310.0,nan,438360580.0
