dat_prof/radprof/CO_natv/NGC6168.smob1.rprof.txt
# %ECSV 0.9
# ---
# datatype:
# - {name: radius, unit: arcsec, datatype: float64, description: Adopting RA=247.83749999999998
#     deg DEC=20.1855 deg PA=111.1 INC=76.6}
# - {name: r_kpc, unit: kpc, datatype: float64, format: 10.3f, description: Adopting
#     distance of 36.0924 Mpc}
# - {name: r_r25, unit: '', datatype: float64, format: 10.3f, description: Adopting
#     R25=49.4448 arcsec}
# - {name: npix, datatype: int64}
# - {name: ngood, datatype: int64, description: Requiring fill fraction of 0.1 npix}
# - {name: wtmean, unit: K km / s, datatype: float64, format: 10.3f, description: Replaced
#     blanks with 1 times ../NGC6168.co.de20_smo.emom0max.fits}
# - {name: rms, unit: K km / s, datatype: float32}
# - {name: annsum, unit: K km pix / s, datatype: float32, format: 10.3f}
# - {name: cumsum, unit: K km pix / s, datatype: float32}
# - {name: detlim, unit: K km / s, datatype: float64, format: 10.3f}
# - {name: cumlum, unit: K km pc2 / s, datatype: float32}
# - {name: sigmol, unit: solMass / pc2, datatype: float64, format: 10.3f}
# - {name: cummass, unit: solMass, datatype: float32}
# delimiter: ','
# schema: astropy-2.0
radius,r_kpc,r_r25,npix,ngood,wtmean,rms,annsum,cumsum,detlim,cumlum,sigmol,cummass
1.0,0.175,0.020,3,3,7.819,1.2215302,23.456,23.45562,25.548,718171.5,7.791,3088137.5
3.0,0.525,0.061,10,10,8.182,2.6292508,81.818,105.27346,14.000,3223295.8,8.153,13860172.0
5.0,0.875,0.101,13,13,8.156,2.6495426,106.034,211.30759,12.308,6469881.5,8.128,27820492.0
7.0,1.225,0.142,20,20,7.406,2.5764644,148.112,359.41986,9.950,11004830.0,7.380,47320772.0
9.0,1.575,0.182,27,22,6.115,2.4599035,165.093,524.51294,8.596,16059701.0,6.093,69056720.0
11.0,1.925,0.222,33,30,6.034,2.173962,199.117,723.6296,7.815,22156316.0,6.013,95272160.0
13.0,2.275,0.263,37,34,5.870,2.333927,217.205,940.8341,7.438,28806752.0,5.850,123869040.0
15.0,2.625,0.303,45,37,5.908,2.3245049,265.877,1206.7108,6.777,36947450.0,5.888,158874030.0
17.0,2.975,0.344,46,38,5.524,2.222059,254.092,1460.8026,6.752,44727310.0,5.504,192327460.0
19.0,3.325,0.384,55,39,5.947,2.9915168,327.076,1787.879,6.250,54741840.0,5.926,235389920.0
21.0,3.675,0.425,63,41,5.918,3.3114502,372.825,2160.7036,5.898,66157100.0,5.897,284475550.0
23.0,4.025,0.465,69,42,5.150,2.715181,355.339,2516.0422,5.713,77036970.0,5.132,331258980.0
25.0,4.375,0.506,76,36,5.116,2.5846164,388.809,2904.8518,5.531,88941660.0,5.098,382449180.0
27.0,4.724,0.546,76,33,4.823,2.598285,366.544,3271.396,5.604,100164620.0,4.806,430707900.0
29.0,5.074,0.587,81,33,4.697,2.6867697,380.432,3651.8281,5.506,111812820.0,4.680,480795140.0
31.0,5.424,0.627,87,30,4.639,2.3702571,403.569,4055.397,5.374,124169410.0,4.623,533928480.0
33.0,5.774,0.667,99,30,4.081,1.3018115,404.026,4459.423,5.198,136540000.0,4.067,587122050.0
35.0,6.124,0.708,101,18,3.847,0.823961,388.545,4847.9673,5.249,148436580.0,3.834,638277300.0
37.0,6.474,0.748,112,13,3.827,0.6194303,428.579,5276.547,5.101,161558960.0,3.813,694703550.0
39.0,6.824,0.789,118,7,nan,nan,0.000,5276.547,5.110,161558960.0,nan,694703550.0
41.0,7.174,0.829,118,8,nan,nan,0.000,5276.547,5.242,161558960.0,nan,694703550.0
43.0,7.524,0.870,116,7,nan,nan,0.000,5276.547,5.360,161558960.0,nan,694703550.0
45.0,7.874,0.910,136,2,nan,nan,0.000,5276.547,5.217,161558960.0,nan,694703550.0
47.0,8.224,0.951,135,4,nan,nan,0.000,5276.547,5.431,161558960.0,nan,694703550.0
49.0,8.574,0.991,145,0,nan,nan,0.000,5276.547,5.364,161558960.0,nan,694703550.0
51.0,8.924,1.031,146,0,nan,nan,0.000,5276.547,5.489,161558960.0,nan,694703550.0
53.0,9.274,1.072,140,2,nan,nan,0.000,5276.547,5.661,161558960.0,nan,694703550.0
55.0,9.624,1.112,134,0,nan,nan,0.000,5276.547,5.697,161558960.0,nan,694703550.0
57.0,9.974,1.153,139,0,nan,nan,0.000,5276.547,5.745,161558960.0,nan,694703550.0
59.0,10.324,1.193,133,2,nan,nan,0.000,5276.547,5.773,161558960.0,nan,694703550.0
61.0,10.674,1.234,125,3,nan,nan,0.000,5276.547,5.960,161558960.0,nan,694703550.0
63.0,11.024,1.274,123,5,nan,nan,0.000,5276.547,5.847,161558960.0,nan,694703550.0
65.0,11.374,1.315,114,2,nan,nan,0.000,5276.547,6.067,161558960.0,nan,694703550.0
67.0,11.724,1.355,117,2,nan,nan,0.000,5276.547,5.859,161558960.0,nan,694703550.0
69.0,12.074,1.395,116,1,nan,nan,0.000,5276.547,6.053,161558960.0,nan,694703550.0
71.0,12.424,1.436,113,2,nan,nan,0.000,5276.547,6.134,161558960.0,nan,694703550.0
73.0,12.774,1.476,116,1,nan,nan,0.000,5276.547,5.997,161558960.0,nan,694703550.0
75.0,13.124,1.517,112,2,nan,nan,0.000,5276.547,6.140,161558960.0,nan,694703550.0
77.0,13.474,1.557,107,4,nan,nan,0.000,5276.547,6.260,161558960.0,nan,694703550.0
79.0,13.823,1.598,108,2,nan,nan,0.000,5276.547,6.342,161558960.0,nan,694703550.0
81.0,14.173,1.638,109,2,nan,nan,0.000,5276.547,6.297,161558960.0,nan,694703550.0
83.0,14.523,1.679,113,3,nan,nan,0.000,5276.547,6.140,161558960.0,nan,694703550.0
85.0,14.873,1.719,107,1,nan,nan,0.000,5276.547,6.365,161558960.0,nan,694703550.0
87.0,15.223,1.760,108,2,nan,nan,0.000,5276.547,6.388,161558960.0,nan,694703550.0
89.0,15.573,1.800,105,2,nan,nan,0.000,5276.547,6.374,161558960.0,nan,694703550.0
91.0,15.923,1.840,112,0,nan,nan,0.000,5276.547,6.394,161558960.0,nan,694703550.0
93.0,16.273,1.881,106,1,nan,nan,0.000,5276.547,6.523,161558960.0,nan,694703550.0
95.0,16.623,1.921,104,0,nan,nan,0.000,5276.547,6.530,161558960.0,nan,694703550.0
97.0,16.973,1.962,106,0,nan,nan,0.000,5276.547,6.638,161558960.0,nan,694703550.0
99.0,17.323,2.002,103,1,nan,nan,0.000,5276.547,6.629,161558960.0,nan,694703550.0
101.0,17.673,2.043,110,1,nan,nan,0.000,5276.547,6.479,161558960.0,nan,694703550.0
103.0,18.023,2.083,104,2,nan,nan,0.000,5276.547,6.778,161558960.0,nan,694703550.0
105.0,18.373,2.124,105,0,nan,nan,0.000,5276.547,6.685,161558960.0,nan,694703550.0
107.0,18.723,2.164,106,1,nan,nan,0.000,5276.547,6.877,161558960.0,nan,694703550.0
109.0,19.073,2.204,109,0,nan,nan,0.000,5276.547,6.644,161558960.0,nan,694703550.0
111.0,19.423,2.245,101,0,nan,nan,0.000,5276.547,7.029,161558960.0,nan,694703550.0
113.0,19.773,2.285,105,0,nan,nan,0.000,5276.547,6.811,161558960.0,nan,694703550.0
115.0,20.123,2.326,100,0,nan,nan,0.000,5276.547,7.216,161558960.0,nan,694703550.0
117.0,20.473,2.366,106,0,nan,nan,0.000,5276.547,6.923,161558960.0,nan,694703550.0
119.0,20.823,2.407,104,0,nan,nan,0.000,5276.547,7.139,161558960.0,nan,694703550.0
121.0,21.173,2.447,104,0,nan,nan,0.000,5276.547,7.074,161558960.0,nan,694703550.0
123.0,21.523,2.488,103,0,nan,nan,0.000,5276.547,7.335,161558960.0,nan,694703550.0
125.0,21.873,2.528,105,0,nan,nan,0.000,5276.547,7.184,161558960.0,nan,694703550.0
127.0,22.223,2.569,100,0,nan,nan,0.000,5276.547,7.408,161558960.0,nan,694703550.0
129.0,22.573,2.609,107,0,nan,nan,0.000,5276.547,7.249,161558960.0,nan,694703550.0
131.0,22.922,2.649,98,0,nan,nan,0.000,5276.547,7.685,161558960.0,nan,694703550.0
133.0,23.272,2.690,106,0,nan,nan,0.000,5276.547,7.450,161558960.0,nan,694703550.0
135.0,23.622,2.730,101,0,nan,nan,0.000,5276.547,7.726,161558960.0,nan,694703550.0
137.0,23.972,2.771,106,0,nan,nan,0.000,5276.547,7.528,161558960.0,nan,694703550.0
139.0,24.322,2.811,101,0,nan,nan,0.000,5276.547,7.936,161558960.0,nan,694703550.0
141.0,24.672,2.852,104,0,nan,nan,0.000,5276.547,7.672,161558960.0,nan,694703550.0
143.0,25.022,2.892,99,0,nan,nan,0.000,5276.547,7.995,161558960.0,nan,694703550.0
145.0,25.372,2.933,100,0,nan,nan,0.000,5276.547,7.968,161558960.0,nan,694703550.0
147.0,25.722,2.973,94,0,nan,nan,0.000,5276.547,8.161,161558960.0,nan,694703550.0
149.0,26.072,3.013,94,0,nan,nan,0.000,5276.547,8.148,161558960.0,nan,694703550.0
151.0,26.422,3.054,92,0,nan,nan,0.000,5276.547,8.337,161558960.0,nan,694703550.0
153.0,26.772,3.094,90,0,nan,nan,0.000,5276.547,8.286,161558960.0,nan,694703550.0
155.0,27.122,3.135,87,0,nan,nan,0.000,5276.547,8.631,161558960.0,nan,694703550.0
157.0,27.472,3.175,89,0,nan,nan,0.000,5276.547,8.450,161558960.0,nan,694703550.0
159.0,27.822,3.216,81,0,nan,nan,0.000,5276.547,8.967,161558960.0,nan,694703550.0
161.0,28.172,3.256,87,0,nan,nan,0.000,5276.547,8.491,161558960.0,nan,694703550.0
163.0,28.522,3.297,77,0,nan,nan,0.000,5276.547,9.382,161558960.0,nan,694703550.0
165.0,28.872,3.337,83,0,nan,nan,0.000,5276.547,8.718,161558960.0,nan,694703550.0
167.0,29.222,3.378,75,0,nan,nan,0.000,5276.547,9.591,161558960.0,nan,694703550.0
169.0,29.572,3.418,80,0,nan,nan,0.000,5276.547,9.143,161558960.0,nan,694703550.0
171.0,29.922,3.458,73,0,nan,nan,0.000,5276.547,9.631,161558960.0,nan,694703550.0
173.0,30.272,3.499,74,0,nan,nan,0.000,5276.547,9.537,161558960.0,nan,694703550.0
175.0,30.622,3.539,70,0,nan,nan,0.000,5276.547,10.102,161558960.0,nan,694703550.0
177.0,30.972,3.580,71,0,nan,nan,0.000,5276.547,9.896,161558960.0,nan,694703550.0
179.0,31.322,3.620,68,0,nan,nan,0.000,5276.547,10.212,161558960.0,nan,694703550.0
181.0,31.672,3.661,68,0,nan,nan,0.000,5276.547,10.277,161558960.0,nan,694703550.0
183.0,32.022,3.701,63,0,nan,nan,0.000,5276.547,10.899,161558960.0,nan,694703550.0
185.0,32.371,3.742,65,0,nan,nan,0.000,5276.547,10.843,161558960.0,nan,694703550.0
187.0,32.721,3.782,61,0,nan,nan,0.000,5276.547,11.187,161558960.0,nan,694703550.0
189.0,33.071,3.822,63,0,nan,nan,0.000,5276.547,11.302,161558960.0,nan,694703550.0
191.0,33.421,3.863,56,0,nan,nan,0.000,5276.547,11.810,161558960.0,nan,694703550.0
193.0,33.771,3.903,61,0,nan,nan,0.000,5276.547,11.806,161558960.0,nan,694703550.0
195.0,34.121,3.944,54,0,nan,nan,0.000,5276.547,12.386,161558960.0,nan,694703550.0
197.0,34.471,3.984,59,0,nan,nan,0.000,5276.547,12.288,161558960.0,nan,694703550.0
199.0,34.821,4.025,52,0,nan,nan,0.000,5276.547,13.408,161558960.0,nan,694703550.0
201.0,35.171,4.065,55,0,nan,nan,0.000,5276.547,12.833,161558960.0,nan,694703550.0
203.0,35.521,4.106,49,0,nan,nan,0.000,5276.547,14.421,161558960.0,nan,694703550.0
205.0,35.871,4.146,52,0,nan,nan,0.000,5276.547,13.921,161558960.0,nan,694703550.0
207.0,36.221,4.186,48,0,nan,nan,0.000,5276.547,15.908,161558960.0,nan,694703550.0
209.0,36.571,4.227,48,0,nan,nan,0.000,5276.547,15.732,161558960.0,nan,694703550.0
211.0,36.921,4.267,45,0,nan,nan,0.000,5276.547,18.256,161558960.0,nan,694703550.0
213.0,37.271,4.308,46,0,nan,nan,0.000,5276.547,18.382,161558960.0,nan,694703550.0
215.0,37.621,4.348,41,0,nan,nan,0.000,5276.547,24.102,161558960.0,nan,694703550.0
217.0,37.971,4.389,44,0,nan,nan,0.000,5276.547,29.080,161558960.0,nan,694703550.0
219.0,38.321,4.429,39,0,nan,nan,0.000,5276.547,50.806,161558960.0,nan,694703550.0
221.0,38.671,4.470,40,0,nan,nan,0.000,5276.547,nan,161558960.0,nan,694703550.0
223.0,39.021,4.510,38,0,nan,nan,0.000,5276.547,nan,161558960.0,nan,694703550.0
225.0,39.371,4.551,37,0,nan,nan,0.000,5276.547,nan,161558960.0,nan,694703550.0
227.0,39.721,4.591,34,0,nan,nan,0.000,5276.547,nan,161558960.0,nan,694703550.0
229.0,40.071,4.631,35,0,nan,nan,0.000,5276.547,nan,161558960.0,nan,694703550.0
231.0,40.421,4.672,32,0,nan,nan,0.000,5276.547,nan,161558960.0,nan,694703550.0
233.0,40.771,4.712,33,0,nan,nan,0.000,5276.547,nan,161558960.0,nan,694703550.0
235.0,41.121,4.753,28,0,nan,nan,0.000,5276.547,nan,161558960.0,nan,694703550.0
237.0,41.470,4.793,32,0,nan,nan,0.000,5276.547,nan,161558960.0,nan,694703550.0
239.0,41.820,4.834,25,0,nan,nan,0.000,5276.547,nan,161558960.0,nan,694703550.0
241.0,42.170,4.874,28,0,nan,nan,0.000,5276.547,nan,161558960.0,nan,694703550.0
243.0,42.520,4.915,24,0,nan,nan,0.000,5276.547,nan,161558960.0,nan,694703550.0
245.0,42.870,4.955,25,0,nan,nan,0.000,5276.547,nan,161558960.0,nan,694703550.0
247.0,43.220,4.995,22,0,nan,nan,0.000,5276.547,nan,161558960.0,nan,694703550.0
249.0,43.570,5.036,21,0,nan,nan,0.000,5276.547,nan,161558960.0,nan,694703550.0
251.0,43.920,5.076,20,0,nan,nan,0.000,5276.547,nan,161558960.0,nan,694703550.0
253.0,44.270,5.117,20,0,nan,nan,0.000,5276.547,nan,161558960.0,nan,694703550.0
255.0,44.620,5.157,16,0,nan,nan,0.000,5276.547,nan,161558960.0,nan,694703550.0
257.0,44.970,5.198,17,0,nan,nan,0.000,5276.547,nan,161558960.0,nan,694703550.0
259.0,45.320,5.238,15,0,nan,nan,0.000,5276.547,nan,161558960.0,nan,694703550.0
261.0,45.670,5.279,14,0,nan,nan,0.000,5276.547,nan,161558960.0,nan,694703550.0
263.0,46.020,5.319,12,0,nan,nan,0.000,5276.547,nan,161558960.0,nan,694703550.0
265.0,46.370,5.360,12,0,nan,nan,0.000,5276.547,nan,161558960.0,nan,694703550.0
267.0,46.720,5.400,9,0,nan,nan,0.000,5276.547,nan,161558960.0,nan,694703550.0
269.0,47.070,5.440,10,0,nan,nan,0.000,5276.547,nan,161558960.0,nan,694703550.0
271.0,47.420,5.481,7,0,nan,nan,0.000,5276.547,nan,161558960.0,nan,694703550.0
273.0,47.770,5.521,6,0,nan,nan,0.000,5276.547,nan,161558960.0,nan,694703550.0
275.0,48.120,5.562,5,0,nan,nan,0.000,5276.547,nan,161558960.0,nan,694703550.0
277.0,48.470,5.602,4,0,nan,nan,0.000,5276.547,nan,161558960.0,nan,694703550.0
279.0,48.820,5.643,3,0,nan,nan,0.000,5276.547,nan,161558960.0,nan,694703550.0
281.0,49.170,5.683,1,0,nan,nan,0.000,5276.547,nan,161558960.0,nan,694703550.0
283.0,49.520,5.724,1,0,nan,nan,0.000,5276.547,nan,161558960.0,nan,694703550.0
285.0,49.870,5.764,0,0,nan,nan,0.000,5276.547,nan,161558960.0,nan,694703550.0
