dat_prof/radprof/CO_natv/NGC6394.smob0.rprof.txt
# %ECSV 0.9
# ---
# datatype:
# - {name: radius, unit: arcsec, datatype: float64, description: Adopting RA=262.59
#     deg DEC=59.6399 deg PA=232.4 INC=60.0}
# - {name: r_kpc, unit: kpc, datatype: float64, format: 10.3f, description: Adopting
#     distance of 124.279 Mpc}
# - {name: r_r25, unit: '', datatype: float64, format: 10.3f, description: Adopting
#     R25=34.4445 arcsec}
# - {name: npix, datatype: int64}
# - {name: ngood, datatype: int64, description: Requiring fill fraction of 0.2 npix}
# - {name: wtmean, unit: K km / s, datatype: float64, format: 10.3f, description: Replaced
#     blanks with 0 times ../NGC6394.co.de20_smo.emom0max.fits}
# - {name: rms, unit: K km / s, datatype: float32}
# - {name: annsum, unit: K km pix / s, datatype: float32, format: 10.3f}
# - {name: cumsum, unit: K km pix / s, datatype: float32}
# - {name: detlim, unit: K km / s, datatype: float64, format: 10.3f}
# - {name: cumlum, unit: K km pc2 / s, datatype: float32}
# - {name: sigmol, unit: solMass / pc2, datatype: float64, format: 10.3f}
# - {name: cummass, unit: solMass, datatype: float32}
# delimiter: ','
# schema: astropy-2.0
radius,r_kpc,r_r25,npix,ngood,wtmean,rms,annsum,cumsum,detlim,cumlum,sigmol,cummass
1.0,0.603,0.029,6,6,19.193,2.5149083,115.156,115.156105,17.796,41805384.0,41.264,179763150.0
3.0,1.808,0.087,18,18,16.077,4.8349543,289.378,404.5339,10.466,146858860.0,34.565,631493100.0
5.0,3.013,0.145,32,32,9.958,5.31753,318.657,723.191,7.858,262541660.0,21.410,1128929200.0
7.0,4.218,0.203,45,45,7.998,5.3344755,359.895,1083.0859,6.544,393195170.0,17.195,1690739300.0
9.0,5.423,0.261,55,55,8.576,4.8871474,471.694,1554.7803,5.921,564435460.0,18.439,2427072500.0
11.0,6.628,0.319,71,71,7.537,5.319324,535.121,2089.901,5.112,758701500.0,16.204,3262416600.0
13.0,7.833,0.377,83,83,8.004,6.256177,664.316,2754.2173,4.598,999869760.0,17.208,4299440000.0
15.0,9.038,0.435,93,93,6.537,5.992226,607.919,3362.1362,4.211,1220564000.0,14.054,5248425500.0
17.0,10.243,0.494,107,106,3.867,5.086184,413.718,3775.8545,3.750,1370757100.0,8.313,5894256000.0
19.0,11.448,0.552,117,111,1.686,3.6928656,197.286,3973.1409,3.534,1442378400.0,3.625,6202227000.0
21.0,12.653,0.610,133,98,1.177,2.8349924,156.604,4129.745,3.272,1499230800.0,2.532,6446693000.0
23.0,13.858,0.668,141,79,0.950,2.0894752,133.946,4263.6914,3.177,1547857700.0,2.042,6655788000.0
25.0,15.063,0.726,162,78,0.522,1.6747873,84.521,4348.2124,2.958,1578541400.0,1.122,6787728400.0
27.0,16.268,0.784,174,78,0.387,1.261587,67.264,4415.4766,2.868,1602960500.0,0.831,6892730400.0
29.0,17.473,0.842,171,58,0.428,1.0267595,73.223,4488.6997,2.899,1629542900.0,0.921,7007035000.0
31.0,18.678,0.900,201,50,0.306,0.9922966,61.437,4550.137,2.743,1651846700.0,0.657,7102941000.0
33.0,19.883,0.958,208,40,nan,nan,0.000,4550.137,2.748,1651846700.0,nan,7102941000.0
35.0,21.088,1.016,220,37,nan,nan,0.000,4550.137,2.740,1651846700.0,nan,7102941000.0
37.0,22.293,1.074,226,33,nan,nan,0.000,4550.137,2.767,1651846700.0,nan,7102941000.0
39.0,23.498,1.132,256,29,nan,nan,0.000,4550.137,2.679,1651846700.0,nan,7102941000.0
41.0,24.703,1.190,248,23,nan,nan,0.000,4550.137,2.813,1651846700.0,nan,7102941000.0
43.0,25.908,1.248,274,15,nan,nan,0.000,4550.137,2.725,1651846700.0,nan,7102941000.0
45.0,27.113,1.306,286,13,nan,nan,0.000,4550.137,2.799,1651846700.0,nan,7102941000.0
47.0,28.319,1.365,289,14,nan,nan,0.000,4550.137,2.846,1651846700.0,nan,7102941000.0
49.0,29.524,1.423,307,12,nan,nan,0.000,4550.137,2.896,1651846700.0,nan,7102941000.0
51.0,30.729,1.481,322,6,nan,nan,0.000,4550.137,2.969,1651846700.0,nan,7102941000.0
53.0,31.934,1.539,340,2,nan,nan,0.000,4550.137,3.076,1651846700.0,nan,7102941000.0
55.0,33.139,1.597,344,0,nan,nan,0.000,4550.137,3.183,1651846700.0,nan,7102941000.0
57.0,34.344,1.655,356,0,nan,nan,0.000,4550.137,3.287,1651846700.0,nan,7102941000.0
59.0,35.549,1.713,357,0,nan,nan,0.000,4550.137,3.418,1651846700.0,nan,7102941000.0
61.0,36.754,1.771,358,0,nan,nan,0.000,4550.137,3.367,1651846700.0,nan,7102941000.0
63.0,37.959,1.829,331,0,nan,nan,0.000,4550.137,3.620,1651846700.0,nan,7102941000.0
65.0,39.164,1.887,320,0,nan,nan,0.000,4550.137,3.519,1651846700.0,nan,7102941000.0
67.0,40.369,1.945,305,0,nan,nan,0.000,4550.137,3.775,1651846700.0,nan,7102941000.0
69.0,41.574,2.003,288,0,nan,nan,0.000,4550.137,3.788,1651846700.0,nan,7102941000.0
71.0,42.779,2.061,257,0,nan,nan,0.000,4550.137,3.901,1651846700.0,nan,7102941000.0
73.0,43.984,2.119,204,0,nan,nan,0.000,4550.137,4.017,1651846700.0,nan,7102941000.0
75.0,45.189,2.177,181,0,nan,nan,0.000,4550.137,4.160,1651846700.0,nan,7102941000.0
77.0,46.394,2.235,166,0,nan,nan,0.000,4550.137,4.340,1651846700.0,nan,7102941000.0
79.0,47.599,2.294,169,0,nan,nan,0.000,4550.137,4.307,1651846700.0,nan,7102941000.0
81.0,48.804,2.352,146,0,nan,nan,0.000,4550.137,4.728,1651846700.0,nan,7102941000.0
83.0,50.009,2.410,158,0,nan,nan,0.000,4550.137,4.569,1651846700.0,nan,7102941000.0
85.0,51.214,2.468,130,0,nan,nan,0.000,4550.137,5.134,1651846700.0,nan,7102941000.0
87.0,52.419,2.526,139,0,nan,nan,0.000,4550.137,5.086,1651846700.0,nan,7102941000.0
89.0,53.624,2.584,126,0,nan,nan,0.000,4550.137,5.462,1651846700.0,nan,7102941000.0
91.0,54.829,2.642,122,0,nan,nan,0.000,4550.137,5.736,1651846700.0,nan,7102941000.0
93.0,56.035,2.700,114,0,nan,nan,0.000,4550.137,6.131,1651846700.0,nan,7102941000.0
95.0,57.240,2.758,110,0,nan,nan,0.000,4550.137,6.558,1651846700.0,nan,7102941000.0
97.0,58.445,2.816,105,0,nan,nan,0.000,4550.137,7.384,1651846700.0,nan,7102941000.0
99.0,59.650,2.874,95,0,nan,nan,0.000,4550.137,8.094,1651846700.0,nan,7102941000.0
101.0,60.855,2.932,101,0,nan,nan,0.000,4550.137,11.422,1651846700.0,nan,7102941000.0
103.0,62.060,2.990,84,0,nan,nan,0.000,4550.137,13.703,1651846700.0,nan,7102941000.0
105.0,63.265,3.048,91,0,nan,nan,0.000,4550.137,38.376,1651846700.0,nan,7102941000.0
107.0,64.470,3.106,77,0,nan,nan,0.000,4550.137,nan,1651846700.0,nan,7102941000.0
109.0,65.675,3.165,76,0,nan,nan,0.000,4550.137,nan,1651846700.0,nan,7102941000.0
111.0,66.880,3.223,71,0,nan,nan,0.000,4550.137,nan,1651846700.0,nan,7102941000.0
113.0,68.085,3.281,65,0,nan,nan,0.000,4550.137,nan,1651846700.0,nan,7102941000.0
115.0,69.290,3.339,63,0,nan,nan,0.000,4550.137,nan,1651846700.0,nan,7102941000.0
117.0,70.495,3.397,57,0,nan,nan,0.000,4550.137,nan,1651846700.0,nan,7102941000.0
119.0,71.700,3.455,52,0,nan,nan,0.000,4550.137,nan,1651846700.0,nan,7102941000.0
121.0,72.905,3.513,48,0,nan,nan,0.000,4550.137,nan,1651846700.0,nan,7102941000.0
123.0,74.110,3.571,44,0,nan,nan,0.000,4550.137,nan,1651846700.0,nan,7102941000.0
125.0,75.315,3.629,40,0,nan,nan,0.000,4550.137,nan,1651846700.0,nan,7102941000.0
127.0,76.520,3.687,36,0,nan,nan,0.000,4550.137,nan,1651846700.0,nan,7102941000.0
129.0,77.725,3.745,31,0,nan,nan,0.000,4550.137,nan,1651846700.0,nan,7102941000.0
131.0,78.930,3.803,26,0,nan,nan,0.000,4550.137,nan,1651846700.0,nan,7102941000.0
133.0,80.135,3.861,24,0,nan,nan,0.000,4550.137,nan,1651846700.0,nan,7102941000.0
135.0,81.340,3.919,17,0,nan,nan,0.000,4550.137,nan,1651846700.0,nan,7102941000.0
137.0,82.545,3.977,15,0,nan,nan,0.000,4550.137,nan,1651846700.0,nan,7102941000.0
139.0,83.751,4.035,11,0,nan,nan,0.000,4550.137,nan,1651846700.0,nan,7102941000.0
141.0,84.956,4.094,5,0,nan,nan,0.000,4550.137,nan,1651846700.0,nan,7102941000.0
143.0,86.161,4.152,5,0,nan,nan,0.000,4550.137,nan,1651846700.0,nan,7102941000.0
145.0,87.366,4.210,1,0,nan,nan,0.000,4550.137,nan,1651846700.0,nan,7102941000.0
147.0,88.571,4.268,0,0,nan,nan,0.000,4550.137,nan,1651846700.0,nan,7102941000.0
