dat_prof/radprof/CO_natv/NGC6186.smob1.rprof.txt
# %ECSV 0.9
# ---
# datatype:
# - {name: radius, unit: arcsec, datatype: float64, description: Adopting RA=248.60699999999994
#     deg DEC=21.5409 deg PA=69.6 INC=71.2}
# - {name: r_kpc, unit: kpc, datatype: float64, format: 10.3f, description: Adopting
#     distance of 42.3751 Mpc}
# - {name: r_r25, unit: '', datatype: float64, format: 10.3f, description: Adopting
#     R25=47.1108 arcsec}
# - {name: npix, datatype: int64}
# - {name: ngood, datatype: int64, description: Requiring fill fraction of 0.1 npix}
# - {name: wtmean, unit: K km / s, datatype: float64, format: 10.3f, description: Replaced
#     blanks with 1 times ../NGC6186.co.de20_smo.emom0max.fits}
# - {name: rms, unit: K km / s, datatype: float32}
# - {name: annsum, unit: K km pix / s, datatype: float32, format: 10.3f}
# - {name: cumsum, unit: K km pix / s, datatype: float32}
# - {name: detlim, unit: K km / s, datatype: float64, format: 10.3f}
# - {name: cumlum, unit: K km pc2 / s, datatype: float32}
# - {name: sigmol, unit: solMass / pc2, datatype: float64, format: 10.3f}
# - {name: cummass, unit: solMass, datatype: float32}
# delimiter: ','
# schema: astropy-2.0
radius,r_kpc,r_r25,npix,ngood,wtmean,rms,annsum,cumsum,detlim,cumlum,sigmol,cummass
1.0,0.205,0.021,2,2,98.739,19.081297,197.478,197.47816,43.387,8334706.5,136.827,35839240.0
3.0,0.616,0.064,14,14,92.502,54.880207,1295.032,1492.5103,16.570,62992456.0,128.184,270867600.0
5.0,1.027,0.106,19,17,76.892,60.63099,1460.956,2953.4658,14.102,124653130.0,106.553,536008480.0
7.0,1.438,0.149,28,21,67.526,57.52405,1890.718,4844.1836,11.333,204452210.0,93.573,879144500.0
9.0,1.849,0.191,37,27,45.097,44.442863,1668.577,6512.7607,9.618,274875700.0,62.492,1181965600.0
11.0,2.260,0.233,46,34,35.748,40.51238,1644.401,8157.161,8.398,344278800.0,49.537,1480398800.0
13.0,2.671,0.276,54,37,22.142,28.768019,1195.690,9352.851,7.448,394743700.0,30.684,1697398000.0
15.0,3.082,0.318,61,42,19.050,24.763184,1162.059,10514.91,6.835,443789250.0,26.399,1908293900.0
17.0,3.492,0.361,69,37,13.775,16.836048,950.453,11465.363,6.237,483903800.0,19.088,2080786400.0
19.0,3.903,0.403,77,42,11.459,12.45672,882.311,12347.674,5.955,521142370.0,15.879,2240912400.0
21.0,4.314,0.446,84,47,9.130,10.036428,766.896,13114.57,5.585,553509760.0,12.651,2380092200.0
23.0,4.725,0.488,92,51,8.671,9.413092,797.694,13912.264,5.388,587176960.0,12.015,2524861000.0
25.0,5.136,0.531,97,39,6.973,7.70147,676.404,14588.668,5.172,615725100.0,9.663,2647618000.0
27.0,5.547,0.573,106,42,6.272,6.377309,664.791,15253.459,5.018,643783100.0,8.691,2768267500.0
29.0,5.958,0.616,122,55,6.442,6.041963,785.931,16039.39,4.664,676953860.0,8.927,2910901800.0
31.0,6.369,0.658,127,58,5.878,4.282974,746.569,16785.959,4.631,708463360.0,8.146,3046392600.0
33.0,6.780,0.700,135,54,5.761,3.7738204,777.696,17563.656,4.536,741286600.0,7.983,3187532500.0
35.0,7.190,0.743,145,49,5.331,3.2988985,773.047,18336.703,4.491,773913600.0,7.388,3327828700.0
37.0,7.601,0.785,150,45,4.989,2.8440063,748.337,19085.04,4.471,805497660.0,6.913,3463640000.0
39.0,8.012,0.828,160,43,4.588,2.0957866,734.141,19819.18,4.464,836482560.0,6.358,3596875300.0
41.0,8.423,0.870,166,42,4.596,1.8265902,762.944,20582.125,4.493,868683200.0,6.369,3735338000.0
43.0,8.834,0.913,172,26,4.344,1.1777807,747.235,21329.36,4.565,900220800.0,6.020,3870949600.0
45.0,9.245,0.955,182,16,nan,nan,0.000,21329.36,4.570,900220800.0,nan,3870949600.0
47.0,9.656,0.998,185,14,nan,nan,0.000,21329.36,4.703,900220800.0,nan,3870949600.0
49.0,10.067,1.040,200,7,nan,nan,0.000,21329.36,4.716,900220800.0,nan,3870949600.0
51.0,10.477,1.083,192,8,nan,nan,0.000,21329.36,4.955,900220800.0,nan,3870949600.0
53.0,10.888,1.125,202,10,nan,nan,0.000,21329.36,4.836,900220800.0,nan,3870949600.0
55.0,11.299,1.167,190,5,nan,nan,0.000,21329.36,5.082,900220800.0,nan,3870949600.0
57.0,11.710,1.210,193,5,nan,nan,0.000,21329.36,4.965,900220800.0,nan,3870949600.0
59.0,12.121,1.252,172,3,nan,nan,0.000,21329.36,5.229,900220800.0,nan,3870949600.0
61.0,12.532,1.295,176,0,nan,nan,0.000,21329.36,5.138,900220800.0,nan,3870949600.0
63.0,12.943,1.337,164,0,nan,nan,0.000,21329.36,5.345,900220800.0,nan,3870949600.0
65.0,13.354,1.380,166,0,nan,nan,0.000,21329.36,5.272,900220800.0,nan,3870949600.0
67.0,13.764,1.422,156,0,nan,nan,0.000,21329.36,5.509,900220800.0,nan,3870949600.0
69.0,14.175,1.465,161,0,nan,nan,0.000,21329.36,5.385,900220800.0,nan,3870949600.0
71.0,14.586,1.507,157,0,nan,nan,0.000,21329.36,5.514,900220800.0,nan,3870949600.0
73.0,14.997,1.550,158,0,nan,nan,0.000,21329.36,5.418,900220800.0,nan,3870949600.0
75.0,15.408,1.592,147,0,nan,nan,0.000,21329.36,5.751,900220800.0,nan,3870949600.0
77.0,15.819,1.634,155,0,nan,nan,0.000,21329.36,5.613,900220800.0,nan,3870949600.0
79.0,16.230,1.677,143,0,nan,nan,0.000,21329.36,5.872,900220800.0,nan,3870949600.0
81.0,16.641,1.719,156,0,nan,nan,0.000,21329.36,5.742,900220800.0,nan,3870949600.0
83.0,17.052,1.762,153,0,nan,nan,0.000,21329.36,5.894,900220800.0,nan,3870949600.0
85.0,17.462,1.804,149,0,nan,nan,0.000,21329.36,5.963,900220800.0,nan,3870949600.0
87.0,17.873,1.847,149,0,nan,nan,0.000,21329.36,6.010,900220800.0,nan,3870949600.0
89.0,18.284,1.889,147,0,nan,nan,0.000,21329.36,6.101,900220800.0,nan,3870949600.0
91.0,18.695,1.932,146,0,nan,nan,0.000,21329.36,6.237,900220800.0,nan,3870949600.0
93.0,19.106,1.974,148,0,nan,nan,0.000,21329.36,6.242,900220800.0,nan,3870949600.0
95.0,19.517,2.017,144,0,nan,nan,0.000,21329.36,6.345,900220800.0,nan,3870949600.0
97.0,19.928,2.059,151,0,nan,nan,0.000,21329.36,6.345,900220800.0,nan,3870949600.0
99.0,20.339,2.101,142,0,nan,nan,0.000,21329.36,6.605,900220800.0,nan,3870949600.0
101.0,20.749,2.144,145,0,nan,nan,0.000,21329.36,6.548,900220800.0,nan,3870949600.0
103.0,21.160,2.186,148,0,nan,nan,0.000,21329.36,6.755,900220800.0,nan,3870949600.0
105.0,21.571,2.229,143,0,nan,nan,0.000,21329.36,6.805,900220800.0,nan,3870949600.0
107.0,21.982,2.271,145,0,nan,nan,0.000,21329.36,6.983,900220800.0,nan,3870949600.0
109.0,22.393,2.314,142,0,nan,nan,0.000,21329.36,7.035,900220800.0,nan,3870949600.0
111.0,22.804,2.356,142,0,nan,nan,0.000,21329.36,7.121,900220800.0,nan,3870949600.0
113.0,23.215,2.399,137,0,nan,nan,0.000,21329.36,7.309,900220800.0,nan,3870949600.0
115.0,23.626,2.441,132,0,nan,nan,0.000,21329.36,7.391,900220800.0,nan,3870949600.0
117.0,24.037,2.484,125,0,nan,nan,0.000,21329.36,7.625,900220800.0,nan,3870949600.0
119.0,24.447,2.526,121,0,nan,nan,0.000,21329.36,7.711,900220800.0,nan,3870949600.0
121.0,24.858,2.568,111,0,nan,nan,0.000,21329.36,8.043,900220800.0,nan,3870949600.0
123.0,25.269,2.611,114,0,nan,nan,0.000,21329.36,8.015,900220800.0,nan,3870949600.0
125.0,25.680,2.653,103,0,nan,nan,0.000,21329.36,8.425,900220800.0,nan,3870949600.0
127.0,26.091,2.696,106,0,nan,nan,0.000,21329.36,8.404,900220800.0,nan,3870949600.0
129.0,26.502,2.738,95,0,nan,nan,0.000,21329.36,8.931,900220800.0,nan,3870949600.0
131.0,26.913,2.781,96,0,nan,nan,0.000,21329.36,8.961,900220800.0,nan,3870949600.0
133.0,27.324,2.823,88,0,nan,nan,0.000,21329.36,9.372,900220800.0,nan,3870949600.0
135.0,27.734,2.866,89,0,nan,nan,0.000,21329.36,9.581,900220800.0,nan,3870949600.0
137.0,28.145,2.908,86,0,nan,nan,0.000,21329.36,9.915,900220800.0,nan,3870949600.0
139.0,28.556,2.950,83,0,nan,nan,0.000,21329.36,10.127,900220800.0,nan,3870949600.0
141.0,28.967,2.993,78,0,nan,nan,0.000,21329.36,10.978,900220800.0,nan,3870949600.0
143.0,29.378,3.035,73,0,nan,nan,0.000,21329.36,11.559,900220800.0,nan,3870949600.0
145.0,29.789,3.078,75,0,nan,nan,0.000,21329.36,12.133,900220800.0,nan,3870949600.0
147.0,30.200,3.120,67,0,nan,nan,0.000,21329.36,12.527,900220800.0,nan,3870949600.0
149.0,30.611,3.163,70,0,nan,nan,0.000,21329.36,13.792,900220800.0,nan,3870949600.0
151.0,31.021,3.205,63,0,nan,nan,0.000,21329.36,15.183,900220800.0,nan,3870949600.0
153.0,31.432,3.248,63,0,nan,nan,0.000,21329.36,19.712,900220800.0,nan,3870949600.0
155.0,31.843,3.290,58,0,nan,nan,0.000,21329.36,22.438,900220800.0,nan,3870949600.0
157.0,32.254,3.333,57,0,nan,nan,0.000,21329.36,26.540,900220800.0,nan,3870949600.0
159.0,32.665,3.375,53,0,nan,nan,0.000,21329.36,88.683,900220800.0,nan,3870949600.0
161.0,33.076,3.417,51,0,nan,nan,0.000,21329.36,nan,900220800.0,nan,3870949600.0
163.0,33.487,3.460,47,0,nan,nan,0.000,21329.36,nan,900220800.0,nan,3870949600.0
165.0,33.898,3.502,47,0,nan,nan,0.000,21329.36,nan,900220800.0,nan,3870949600.0
167.0,34.309,3.545,42,0,nan,nan,0.000,21329.36,nan,900220800.0,nan,3870949600.0
169.0,34.719,3.587,40,0,nan,nan,0.000,21329.36,nan,900220800.0,nan,3870949600.0
171.0,35.130,3.630,38,0,nan,nan,0.000,21329.36,nan,900220800.0,nan,3870949600.0
173.0,35.541,3.672,36,0,nan,nan,0.000,21329.36,nan,900220800.0,nan,3870949600.0
175.0,35.952,3.715,33,0,nan,nan,0.000,21329.36,nan,900220800.0,nan,3870949600.0
177.0,36.363,3.757,31,0,nan,nan,0.000,21329.36,nan,900220800.0,nan,3870949600.0
179.0,36.774,3.800,27,0,nan,nan,0.000,21329.36,nan,900220800.0,nan,3870949600.0
181.0,37.185,3.842,26,0,nan,nan,0.000,21329.36,nan,900220800.0,nan,3870949600.0
183.0,37.596,3.884,23,0,nan,nan,0.000,21329.36,nan,900220800.0,nan,3870949600.0
185.0,38.006,3.927,20,0,nan,nan,0.000,21329.36,nan,900220800.0,nan,3870949600.0
187.0,38.417,3.969,17,0,nan,nan,0.000,21329.36,nan,900220800.0,nan,3870949600.0
189.0,38.828,4.012,17,0,nan,nan,0.000,21329.36,nan,900220800.0,nan,3870949600.0
191.0,39.239,4.054,13,0,nan,nan,0.000,21329.36,nan,900220800.0,nan,3870949600.0
193.0,39.650,4.097,11,0,nan,nan,0.000,21329.36,nan,900220800.0,nan,3870949600.0
195.0,40.061,4.139,8,0,nan,nan,0.000,21329.36,nan,900220800.0,nan,3870949600.0
197.0,40.472,4.182,6,0,nan,nan,0.000,21329.36,nan,900220800.0,nan,3870949600.0
199.0,40.883,4.224,5,0,nan,nan,0.000,21329.36,nan,900220800.0,nan,3870949600.0
201.0,41.293,4.267,3,0,nan,nan,0.000,21329.36,nan,900220800.0,nan,3870949600.0
203.0,41.704,4.309,3,0,nan,nan,0.000,21329.36,nan,900220800.0,nan,3870949600.0
205.0,42.115,4.351,1,0,nan,nan,0.000,21329.36,nan,900220800.0,nan,3870949600.0
