dat_prof/radprof/CO_natv/NGC6186.smob0.rprof.txt
# %ECSV 0.9
# ---
# datatype:
# - {name: radius, unit: arcsec, datatype: float64, description: Adopting RA=248.60699999999994
#     deg DEC=21.5409 deg PA=69.6 INC=71.2}
# - {name: r_kpc, unit: kpc, datatype: float64, format: 10.3f, description: Adopting
#     distance of 42.3751 Mpc}
# - {name: r_r25, unit: '', datatype: float64, format: 10.3f, description: Adopting
#     R25=47.1108 arcsec}
# - {name: npix, datatype: int64}
# - {name: ngood, datatype: int64, description: Requiring fill fraction of 0.2 npix}
# - {name: wtmean, unit: K km / s, datatype: float64, format: 10.3f, description: Replaced
#     blanks with 0 times ../NGC6186.co.de20_smo.emom0max.fits}
# - {name: rms, unit: K km / s, datatype: float32}
# - {name: annsum, unit: K km pix / s, datatype: float32, format: 10.3f}
# - {name: cumsum, unit: K km pix / s, datatype: float32}
# - {name: detlim, unit: K km / s, datatype: float64, format: 10.3f}
# - {name: cumlum, unit: K km pc2 / s, datatype: float32}
# - {name: sigmol, unit: solMass / pc2, datatype: float64, format: 10.3f}
# - {name: cummass, unit: solMass, datatype: float32}
# delimiter: ','
# schema: astropy-2.0
radius,r_kpc,r_r25,npix,ngood,wtmean,rms,annsum,cumsum,detlim,cumlum,sigmol,cummass
1.0,0.205,0.021,2,2,98.739,19.081297,197.478,197.47816,43.387,8334706.5,136.827,35839240.0
3.0,0.616,0.064,14,14,92.502,54.880207,1295.032,1492.5103,16.570,62992456.0,128.184,270867600.0
5.0,1.027,0.106,19,19,76.809,60.732365,1459.366,2951.8762,14.102,124586030.0,106.437,535719970.0
7.0,1.438,0.149,28,28,66.401,58.80573,1859.237,4811.1133,11.333,203056460.0,92.015,873142850.0
9.0,1.849,0.191,37,37,43.456,46.052685,1607.864,6418.9775,9.618,270917500.0,60.219,1164945300.0
11.0,2.260,0.233,46,46,34.253,41.78256,1575.616,7994.5933,8.398,337417500.0,47.465,1450895400.0
13.0,2.671,0.276,54,54,20.685,29.837193,1117.005,9111.598,7.448,384561470.0,28.664,1653614500.0
15.0,3.082,0.318,61,61,17.494,25.880281,1067.120,10178.718,6.835,429600030.0,24.242,1847280300.0
17.0,3.492,0.361,69,69,11.514,18.459257,794.474,10973.191,6.237,463131360.0,15.956,1991465000.0
19.0,3.903,0.403,77,77,9.032,14.364075,695.491,11668.683,5.955,492485060.0,12.517,2117685900.0
21.0,4.314,0.446,84,84,7.195,11.493536,604.398,12273.081,5.585,517994100.0,9.971,2227374800.0
23.0,4.725,0.488,92,92,6.585,10.946089,605.865,12878.945,5.388,543565060.0,9.126,2337330000.0
25.0,5.136,0.531,97,97,4.623,9.0725765,448.468,13327.413,5.172,562492900.0,6.407,2418719700.0
27.0,5.547,0.573,106,104,3.596,7.9503417,381.169,13708.582,5.018,578580500.0,4.983,2487896000.0
29.0,5.958,0.616,122,108,4.246,7.4156117,518.033,14226.614,4.664,600444350.0,5.884,2581910800.0
31.0,6.369,0.658,127,108,3.837,5.705139,487.294,14713.909,4.631,621011000.0,5.317,2670347500.0
33.0,6.780,0.700,135,107,3.303,5.5012507,445.850,15159.759,4.536,639828400.0,4.577,2751262200.0
35.0,7.190,0.743,145,111,2.634,4.973485,381.880,15541.639,4.491,655945900.0,3.650,2820567600.0
37.0,7.601,0.785,150,109,2.069,4.5337963,310.354,15851.993,4.471,669044700.0,2.867,2876892200.0
39.0,8.012,0.828,160,112,1.482,3.6993282,237.046,16089.039,4.464,679049340.0,2.053,2919912200.0
41.0,8.423,0.870,166,110,1.076,3.785852,178.684,16267.723,4.493,686590800.0,1.492,2952340500.0
43.0,8.834,0.913,172,102,0.274,3.0683584,47.058,16314.781,4.565,688576960.0,0.379,2960881200.0
45.0,9.245,0.955,182,89,-0.022,2.8682296,-3.979,16310.802,4.570,688408960.0,-0.030,2960158700.0
47.0,9.656,0.998,185,81,-0.156,2.3020422,-28.886,16281.915,4.703,687189800.0,-0.216,2954916400.0
49.0,10.067,1.040,200,69,-0.195,1.512821,-39.090,16242.825,4.716,685540000.0,-0.271,2947822000.0
51.0,10.477,1.083,192,59,-0.157,1.7328562,-30.054,16212.771,4.955,684271550.0,-0.217,2942367700.0
53.0,10.888,1.125,202,54,-0.085,1.9045389,-17.268,16195.503,4.836,683542700.0,-0.118,2939233800.0
55.0,11.299,1.167,190,36,nan,nan,0.000,16195.503,5.082,683542700.0,nan,2939233800.0
57.0,11.710,1.210,193,34,nan,nan,0.000,16195.503,4.965,683542700.0,nan,2939233800.0
59.0,12.121,1.252,172,20,nan,nan,0.000,16195.503,5.229,683542700.0,nan,2939233800.0
61.0,12.532,1.295,176,18,nan,nan,0.000,16195.503,5.138,683542700.0,nan,2939233800.0
63.0,12.943,1.337,164,9,nan,nan,0.000,16195.503,5.345,683542700.0,nan,2939233800.0
65.0,13.354,1.380,166,2,nan,nan,0.000,16195.503,5.272,683542700.0,nan,2939233800.0
67.0,13.764,1.422,156,0,nan,nan,0.000,16195.503,5.509,683542700.0,nan,2939233800.0
69.0,14.175,1.465,161,0,nan,nan,0.000,16195.503,5.385,683542700.0,nan,2939233800.0
71.0,14.586,1.507,157,0,nan,nan,0.000,16195.503,5.514,683542700.0,nan,2939233800.0
73.0,14.997,1.550,158,0,nan,nan,0.000,16195.503,5.418,683542700.0,nan,2939233800.0
75.0,15.408,1.592,147,0,nan,nan,0.000,16195.503,5.751,683542700.0,nan,2939233800.0
77.0,15.819,1.634,155,0,nan,nan,0.000,16195.503,5.613,683542700.0,nan,2939233800.0
79.0,16.230,1.677,143,0,nan,nan,0.000,16195.503,5.872,683542700.0,nan,2939233800.0
81.0,16.641,1.719,156,0,nan,nan,0.000,16195.503,5.742,683542700.0,nan,2939233800.0
83.0,17.052,1.762,153,0,nan,nan,0.000,16195.503,5.894,683542700.0,nan,2939233800.0
85.0,17.462,1.804,149,0,nan,nan,0.000,16195.503,5.963,683542700.0,nan,2939233800.0
87.0,17.873,1.847,149,0,nan,nan,0.000,16195.503,6.010,683542700.0,nan,2939233800.0
89.0,18.284,1.889,147,0,nan,nan,0.000,16195.503,6.101,683542700.0,nan,2939233800.0
91.0,18.695,1.932,146,0,nan,nan,0.000,16195.503,6.237,683542700.0,nan,2939233800.0
93.0,19.106,1.974,148,0,nan,nan,0.000,16195.503,6.242,683542700.0,nan,2939233800.0
95.0,19.517,2.017,144,0,nan,nan,0.000,16195.503,6.345,683542700.0,nan,2939233800.0
97.0,19.928,2.059,151,0,nan,nan,0.000,16195.503,6.345,683542700.0,nan,2939233800.0
99.0,20.339,2.101,142,0,nan,nan,0.000,16195.503,6.605,683542700.0,nan,2939233800.0
101.0,20.749,2.144,145,0,nan,nan,0.000,16195.503,6.548,683542700.0,nan,2939233800.0
103.0,21.160,2.186,148,0,nan,nan,0.000,16195.503,6.755,683542700.0,nan,2939233800.0
105.0,21.571,2.229,143,0,nan,nan,0.000,16195.503,6.805,683542700.0,nan,2939233800.0
107.0,21.982,2.271,145,0,nan,nan,0.000,16195.503,6.983,683542700.0,nan,2939233800.0
109.0,22.393,2.314,142,0,nan,nan,0.000,16195.503,7.035,683542700.0,nan,2939233800.0
111.0,22.804,2.356,142,0,nan,nan,0.000,16195.503,7.121,683542700.0,nan,2939233800.0
113.0,23.215,2.399,137,0,nan,nan,0.000,16195.503,7.309,683542700.0,nan,2939233800.0
115.0,23.626,2.441,132,0,nan,nan,0.000,16195.503,7.391,683542700.0,nan,2939233800.0
117.0,24.037,2.484,125,0,nan,nan,0.000,16195.503,7.625,683542700.0,nan,2939233800.0
119.0,24.447,2.526,121,0,nan,nan,0.000,16195.503,7.711,683542700.0,nan,2939233800.0
121.0,24.858,2.568,111,0,nan,nan,0.000,16195.503,8.043,683542700.0,nan,2939233800.0
123.0,25.269,2.611,114,0,nan,nan,0.000,16195.503,8.015,683542700.0,nan,2939233800.0
125.0,25.680,2.653,103,0,nan,nan,0.000,16195.503,8.425,683542700.0,nan,2939233800.0
127.0,26.091,2.696,106,0,nan,nan,0.000,16195.503,8.404,683542700.0,nan,2939233800.0
129.0,26.502,2.738,95,0,nan,nan,0.000,16195.503,8.931,683542700.0,nan,2939233800.0
131.0,26.913,2.781,96,0,nan,nan,0.000,16195.503,8.961,683542700.0,nan,2939233800.0
133.0,27.324,2.823,88,0,nan,nan,0.000,16195.503,9.372,683542700.0,nan,2939233800.0
135.0,27.734,2.866,89,0,nan,nan,0.000,16195.503,9.581,683542700.0,nan,2939233800.0
137.0,28.145,2.908,86,0,nan,nan,0.000,16195.503,9.915,683542700.0,nan,2939233800.0
139.0,28.556,2.950,83,0,nan,nan,0.000,16195.503,10.127,683542700.0,nan,2939233800.0
141.0,28.967,2.993,78,0,nan,nan,0.000,16195.503,10.978,683542700.0,nan,2939233800.0
143.0,29.378,3.035,73,0,nan,nan,0.000,16195.503,11.559,683542700.0,nan,2939233800.0
145.0,29.789,3.078,75,0,nan,nan,0.000,16195.503,12.133,683542700.0,nan,2939233800.0
147.0,30.200,3.120,67,0,nan,nan,0.000,16195.503,12.527,683542700.0,nan,2939233800.0
149.0,30.611,3.163,70,0,nan,nan,0.000,16195.503,13.792,683542700.0,nan,2939233800.0
151.0,31.021,3.205,63,0,nan,nan,0.000,16195.503,15.183,683542700.0,nan,2939233800.0
153.0,31.432,3.248,63,0,nan,nan,0.000,16195.503,19.712,683542700.0,nan,2939233800.0
155.0,31.843,3.290,58,0,nan,nan,0.000,16195.503,22.438,683542700.0,nan,2939233800.0
157.0,32.254,3.333,57,0,nan,nan,0.000,16195.503,26.540,683542700.0,nan,2939233800.0
159.0,32.665,3.375,53,0,nan,nan,0.000,16195.503,88.683,683542700.0,nan,2939233800.0
161.0,33.076,3.417,51,0,nan,nan,0.000,16195.503,nan,683542700.0,nan,2939233800.0
163.0,33.487,3.460,47,0,nan,nan,0.000,16195.503,nan,683542700.0,nan,2939233800.0
165.0,33.898,3.502,47,0,nan,nan,0.000,16195.503,nan,683542700.0,nan,2939233800.0
167.0,34.309,3.545,42,0,nan,nan,0.000,16195.503,nan,683542700.0,nan,2939233800.0
169.0,34.719,3.587,40,0,nan,nan,0.000,16195.503,nan,683542700.0,nan,2939233800.0
171.0,35.130,3.630,38,0,nan,nan,0.000,16195.503,nan,683542700.0,nan,2939233800.0
173.0,35.541,3.672,36,0,nan,nan,0.000,16195.503,nan,683542700.0,nan,2939233800.0
175.0,35.952,3.715,33,0,nan,nan,0.000,16195.503,nan,683542700.0,nan,2939233800.0
177.0,36.363,3.757,31,0,nan,nan,0.000,16195.503,nan,683542700.0,nan,2939233800.0
179.0,36.774,3.800,27,0,nan,nan,0.000,16195.503,nan,683542700.0,nan,2939233800.0
181.0,37.185,3.842,26,0,nan,nan,0.000,16195.503,nan,683542700.0,nan,2939233800.0
183.0,37.596,3.884,23,0,nan,nan,0.000,16195.503,nan,683542700.0,nan,2939233800.0
185.0,38.006,3.927,20,0,nan,nan,0.000,16195.503,nan,683542700.0,nan,2939233800.0
187.0,38.417,3.969,17,0,nan,nan,0.000,16195.503,nan,683542700.0,nan,2939233800.0
189.0,38.828,4.012,17,0,nan,nan,0.000,16195.503,nan,683542700.0,nan,2939233800.0
191.0,39.239,4.054,13,0,nan,nan,0.000,16195.503,nan,683542700.0,nan,2939233800.0
193.0,39.650,4.097,11,0,nan,nan,0.000,16195.503,nan,683542700.0,nan,2939233800.0
195.0,40.061,4.139,8,0,nan,nan,0.000,16195.503,nan,683542700.0,nan,2939233800.0
197.0,40.472,4.182,6,0,nan,nan,0.000,16195.503,nan,683542700.0,nan,2939233800.0
199.0,40.883,4.224,5,0,nan,nan,0.000,16195.503,nan,683542700.0,nan,2939233800.0
201.0,41.293,4.267,3,0,nan,nan,0.000,16195.503,nan,683542700.0,nan,2939233800.0
203.0,41.704,4.309,3,0,nan,nan,0.000,16195.503,nan,683542700.0,nan,2939233800.0
205.0,42.115,4.351,1,0,nan,nan,0.000,16195.503,nan,683542700.0,nan,2939233800.0
