dat_prof/radprof/CO_natv/UGC04029.smob0.rprof.txt
# %ECSV 0.9
# ---
# datatype:
# - {name: radius, unit: arcsec, datatype: float64, description: Adopting RA=117.07919999999999
#     deg DEC=34.3322 deg PA=58.5 INC=77.6}
# - {name: r_kpc, unit: kpc, datatype: float64, format: 10.3f, description: Adopting
#     distance of 63.495 Mpc}
# - {name: r_r25, unit: '', datatype: float64, format: 10.3f, description: Adopting
#     R25=54.0906 arcsec}
# - {name: npix, datatype: int64}
# - {name: ngood, datatype: int64, description: Requiring fill fraction of 0.2 npix}
# - {name: wtmean, unit: K km / s, datatype: float64, format: 10.3f, description: Replaced
#     blanks with 0 times ../UGC04029.co.de20_smo.emom0max.fits}
# - {name: rms, unit: K km / s, datatype: float32}
# - {name: annsum, unit: K km pix / s, datatype: float32, format: 10.3f}
# - {name: cumsum, unit: K km pix / s, datatype: float32}
# - {name: detlim, unit: K km / s, datatype: float64, format: 10.3f}
# - {name: cumlum, unit: K km pc2 / s, datatype: float32}
# - {name: sigmol, unit: solMass / pc2, datatype: float64, format: 10.3f}
# - {name: cummass, unit: solMass, datatype: float32}
# delimiter: ','
# schema: astropy-2.0
radius,r_kpc,r_r25,npix,ngood,wtmean,rms,annsum,cumsum,detlim,cumlum,sigmol,cummass
1.0,0.308,0.018,3,3,69.868,1.9407446,209.604,209.60365,25.566,19862212.0,64.513,85407510.0
3.0,0.923,0.055,9,9,54.019,10.703727,486.171,695.775,14.867,65932210.0,49.879,283508500.0
5.0,1.539,0.092,13,13,35.761,15.229874,464.894,1160.6693,12.270,109985970.0,33.020,472939680.0
7.0,2.155,0.129,17,17,28.900,15.63573,491.308,1651.9768,10.564,156542670.0,26.686,673133500.0
9.0,2.770,0.166,23,23,18.019,12.457524,414.430,2066.407,8.846,195814400.0,16.638,842002000.0
11.0,3.386,0.203,31,31,14.440,10.560752,447.630,2514.0366,7.518,238232160.0,13.333,1024398340.0
13.0,4.002,0.240,34,34,10.316,6.824737,350.728,2864.7651,6.976,271467460.0,9.525,1167310100.0
15.0,4.617,0.277,44,44,9.279,5.332135,408.290,3273.0554,6.068,310157380.0,8.568,1333676800.0
17.0,5.233,0.314,46,46,8.178,4.886065,376.205,3649.26,5.721,345806850.0,7.552,1486969500.0
19.0,5.849,0.351,51,51,6.447,5.4719787,328.804,3978.0645,5.306,376964600.0,5.953,1620947800.0
21.0,6.464,0.388,55,55,5.247,5.737946,288.597,4266.6616,5.132,404312320.0,4.845,1738543100.0
23.0,7.080,0.425,60,60,4.422,5.7831435,265.324,4531.9863,4.861,429454720.0,4.083,1846655400.0
25.0,7.696,0.462,71,71,4.243,5.504858,301.280,4833.266,4.460,458004220.0,3.918,1969418200.0
27.0,8.311,0.499,71,71,3.865,4.541347,274.398,5107.6646,4.494,484006430.0,3.569,2081227800.0
29.0,8.927,0.536,77,77,2.660,4.042754,204.854,5312.5186,4.359,503418560.0,2.457,2164700000.0
31.0,9.543,0.573,86,84,2.006,3.7187827,172.514,5485.032,4.178,519766100.0,1.852,2234994400.0
33.0,10.158,0.610,87,75,1.480,2.994584,128.729,5613.761,4.210,531964580.0,1.366,2287447800.0
35.0,10.774,0.647,100,71,0.901,2.27332,90.143,5703.904,3.992,540506560.0,0.832,2324178400.0
37.0,11.390,0.684,96,58,0.326,2.059539,31.343,5735.246,4.176,543476600.0,0.301,2336949500.0
39.0,12.005,0.721,109,58,0.231,1.9213965,25.130,5760.376,3.973,545857900.0,0.213,2347189200.0
41.0,12.621,0.758,100,44,-0.178,1.682799,-17.792,5742.5835,4.269,544171900.0,-0.164,2339939300.0
43.0,13.237,0.795,122,50,-0.009,1.7653154,-1.150,5741.4336,3.954,544062900.0,-0.009,2339470600.0
45.0,13.852,0.832,121,46,-0.180,1.4305811,-21.768,5719.665,4.140,542000100.0,-0.166,2330600700.0
47.0,14.468,0.869,130,43,-0.146,1.3025901,-19.017,5700.6484,4.101,540198100.0,-0.135,2322851800.0
49.0,15.084,0.906,134,39,-0.191,1.0039648,-25.533,5675.115,4.174,537778560.0,-0.176,2312448000.0
51.0,15.699,0.943,137,34,-0.074,0.79781455,-10.201,5664.914,4.375,536811870.0,-0.069,2308291000.0
53.0,16.315,0.980,148,37,-0.007,0.74923533,-1.077,5663.837,4.307,536709800.0,-0.007,2307852300.0
55.0,16.931,1.017,143,25,nan,nan,0.000,5663.837,4.623,536709800.0,nan,2307852300.0
57.0,17.546,1.054,153,31,0.173,0.7932224,26.506,5690.3433,4.436,539221570.0,0.160,2318653000.0
59.0,18.162,1.091,148,23,nan,nan,0.000,5690.3433,4.553,539221570.0,nan,2318653000.0
61.0,18.778,1.128,135,20,nan,nan,0.000,5690.3433,4.650,539221570.0,nan,2318653000.0
63.0,19.393,1.165,130,20,nan,nan,0.000,5690.3433,4.505,539221570.0,nan,2318653000.0
65.0,20.009,1.202,125,16,nan,nan,0.000,5690.3433,4.702,539221570.0,nan,2318653000.0
67.0,20.625,1.239,129,18,nan,nan,0.000,5690.3433,4.547,539221570.0,nan,2318653000.0
69.0,21.240,1.276,121,13,nan,nan,0.000,5690.3433,4.781,539221570.0,nan,2318653000.0
71.0,21.856,1.313,120,13,nan,nan,0.000,5690.3433,4.615,539221570.0,nan,2318653000.0
73.0,22.472,1.350,113,9,nan,nan,0.000,5690.3433,4.842,539221570.0,nan,2318653000.0
75.0,23.087,1.387,114,8,nan,nan,0.000,5690.3433,4.766,539221570.0,nan,2318653000.0
77.0,23.703,1.424,116,8,nan,nan,0.000,5690.3433,4.728,539221570.0,nan,2318653000.0
79.0,24.319,1.461,108,5,nan,nan,0.000,5690.3433,4.965,539221570.0,nan,2318653000.0
81.0,24.934,1.497,117,6,nan,nan,0.000,5690.3433,4.707,539221570.0,nan,2318653000.0
83.0,25.550,1.534,107,3,nan,nan,0.000,5690.3433,4.976,539221570.0,nan,2318653000.0
85.0,26.166,1.571,113,5,nan,nan,0.000,5690.3433,4.837,539221570.0,nan,2318653000.0
87.0,26.781,1.608,115,5,nan,nan,0.000,5690.3433,4.814,539221570.0,nan,2318653000.0
89.0,27.397,1.645,110,2,nan,nan,0.000,5690.3433,4.961,539221570.0,nan,2318653000.0
91.0,28.013,1.682,111,4,nan,nan,0.000,5690.3433,4.928,539221570.0,nan,2318653000.0
93.0,28.628,1.719,107,1,nan,nan,0.000,5690.3433,5.095,539221570.0,nan,2318653000.0
95.0,29.244,1.756,112,3,nan,nan,0.000,5690.3433,4.900,539221570.0,nan,2318653000.0
97.0,29.860,1.793,103,0,nan,nan,0.000,5690.3433,5.175,539221570.0,nan,2318653000.0
99.0,30.475,1.830,113,0,nan,nan,0.000,5690.3433,4.902,539221570.0,nan,2318653000.0
101.0,31.091,1.867,105,0,nan,nan,0.000,5690.3433,5.136,539221570.0,nan,2318653000.0
103.0,31.707,1.904,105,0,nan,nan,0.000,5690.3433,5.137,539221570.0,nan,2318653000.0
105.0,32.322,1.941,106,0,nan,nan,0.000,5690.3433,5.132,539221570.0,nan,2318653000.0
107.0,32.938,1.978,102,0,nan,nan,0.000,5690.3433,5.235,539221570.0,nan,2318653000.0
109.0,33.554,2.015,104,0,nan,nan,0.000,5690.3433,5.088,539221570.0,nan,2318653000.0
111.0,34.169,2.052,98,0,nan,nan,0.000,5690.3433,5.377,539221570.0,nan,2318653000.0
113.0,34.785,2.089,100,0,nan,nan,0.000,5690.3433,5.196,539221570.0,nan,2318653000.0
115.0,35.401,2.126,96,0,nan,nan,0.000,5690.3433,5.299,539221570.0,nan,2318653000.0
117.0,36.016,2.163,94,0,nan,nan,0.000,5690.3433,5.409,539221570.0,nan,2318653000.0
119.0,36.632,2.200,94,0,nan,nan,0.000,5690.3433,5.307,539221570.0,nan,2318653000.0
121.0,37.248,2.237,89,0,nan,nan,0.000,5690.3433,5.538,539221570.0,nan,2318653000.0
123.0,37.863,2.274,91,0,nan,nan,0.000,5690.3433,5.385,539221570.0,nan,2318653000.0
125.0,38.479,2.311,86,0,nan,nan,0.000,5690.3433,5.621,539221570.0,nan,2318653000.0
127.0,39.095,2.348,91,0,nan,nan,0.000,5690.3433,5.420,539221570.0,nan,2318653000.0
129.0,39.710,2.385,85,0,nan,nan,0.000,5690.3433,5.587,539221570.0,nan,2318653000.0
131.0,40.326,2.422,86,0,nan,nan,0.000,5690.3433,5.612,539221570.0,nan,2318653000.0
133.0,40.942,2.459,84,0,nan,nan,0.000,5690.3433,5.622,539221570.0,nan,2318653000.0
135.0,41.557,2.496,81,0,nan,nan,0.000,5690.3433,5.836,539221570.0,nan,2318653000.0
137.0,42.173,2.533,83,0,nan,nan,0.000,5690.3433,5.659,539221570.0,nan,2318653000.0
139.0,42.789,2.570,80,0,nan,nan,0.000,5690.3433,5.845,539221570.0,nan,2318653000.0
141.0,43.404,2.607,80,0,nan,nan,0.000,5690.3433,5.821,539221570.0,nan,2318653000.0
143.0,44.020,2.644,80,0,nan,nan,0.000,5690.3433,5.830,539221570.0,nan,2318653000.0
145.0,44.636,2.681,76,0,nan,nan,0.000,5690.3433,6.055,539221570.0,nan,2318653000.0
147.0,45.251,2.718,78,0,nan,nan,0.000,5690.3433,5.912,539221570.0,nan,2318653000.0
149.0,45.867,2.755,71,0,nan,nan,0.000,5690.3433,6.310,539221570.0,nan,2318653000.0
151.0,46.483,2.792,79,0,nan,nan,0.000,5690.3433,5.915,539221570.0,nan,2318653000.0
153.0,47.098,2.829,69,0,nan,nan,0.000,5690.3433,6.403,539221570.0,nan,2318653000.0
155.0,47.714,2.866,75,0,nan,nan,0.000,5690.3433,6.149,539221570.0,nan,2318653000.0
157.0,48.330,2.903,73,0,nan,nan,0.000,5690.3433,6.230,539221570.0,nan,2318653000.0
159.0,48.945,2.940,67,0,nan,nan,0.000,5690.3433,6.527,539221570.0,nan,2318653000.0
161.0,49.561,2.976,72,0,nan,nan,0.000,5690.3433,6.366,539221570.0,nan,2318653000.0
163.0,50.177,3.013,65,0,nan,nan,0.000,5690.3433,6.627,539221570.0,nan,2318653000.0
165.0,50.792,3.050,69,0,nan,nan,0.000,5690.3433,6.515,539221570.0,nan,2318653000.0
167.0,51.408,3.087,64,0,nan,nan,0.000,5690.3433,6.787,539221570.0,nan,2318653000.0
169.0,52.024,3.124,66,0,nan,nan,0.000,5690.3433,6.682,539221570.0,nan,2318653000.0
171.0,52.639,3.161,67,0,nan,nan,0.000,5690.3433,6.839,539221570.0,nan,2318653000.0
173.0,53.255,3.198,60,0,nan,nan,0.000,5690.3433,7.025,539221570.0,nan,2318653000.0
175.0,53.871,3.235,67,0,nan,nan,0.000,5690.3433,6.840,539221570.0,nan,2318653000.0
177.0,54.486,3.272,58,0,nan,nan,0.000,5690.3433,7.181,539221570.0,nan,2318653000.0
179.0,55.102,3.309,64,0,nan,nan,0.000,5690.3433,7.136,539221570.0,nan,2318653000.0
181.0,55.718,3.346,57,0,nan,nan,0.000,5690.3433,7.450,539221570.0,nan,2318653000.0
183.0,56.333,3.383,60,0,nan,nan,0.000,5690.3433,7.388,539221570.0,nan,2318653000.0
185.0,56.949,3.420,59,0,nan,nan,0.000,5690.3433,7.529,539221570.0,nan,2318653000.0
187.0,57.565,3.457,55,0,nan,nan,0.000,5690.3433,7.740,539221570.0,nan,2318653000.0
189.0,58.180,3.494,58,0,nan,nan,0.000,5690.3433,7.715,539221570.0,nan,2318653000.0
191.0,58.796,3.531,52,0,nan,nan,0.000,5690.3433,8.095,539221570.0,nan,2318653000.0
193.0,59.412,3.568,58,0,nan,nan,0.000,5690.3433,7.888,539221570.0,nan,2318653000.0
195.0,60.027,3.605,51,0,nan,nan,0.000,5690.3433,8.389,539221570.0,nan,2318653000.0
197.0,60.643,3.642,55,0,nan,nan,0.000,5690.3433,8.225,539221570.0,nan,2318653000.0
199.0,61.259,3.679,51,0,nan,nan,0.000,5690.3433,8.687,539221570.0,nan,2318653000.0
201.0,61.874,3.716,51,0,nan,nan,0.000,5690.3433,8.538,539221570.0,nan,2318653000.0
203.0,62.490,3.753,50,0,nan,nan,0.000,5690.3433,9.130,539221570.0,nan,2318653000.0
205.0,63.106,3.790,47,0,nan,nan,0.000,5690.3433,9.097,539221570.0,nan,2318653000.0
207.0,63.721,3.827,50,0,nan,nan,0.000,5690.3433,9.412,539221570.0,nan,2318653000.0
209.0,64.337,3.864,46,0,nan,nan,0.000,5690.3433,9.488,539221570.0,nan,2318653000.0
211.0,64.953,3.901,49,0,nan,nan,0.000,5690.3433,9.783,539221570.0,nan,2318653000.0
213.0,65.568,3.938,46,0,nan,nan,0.000,5690.3433,10.103,539221570.0,nan,2318653000.0
215.0,66.184,3.975,43,0,nan,nan,0.000,5690.3433,10.817,539221570.0,nan,2318653000.0
217.0,66.800,4.012,44,0,nan,nan,0.000,5690.3433,10.723,539221570.0,nan,2318653000.0
219.0,67.415,4.049,43,0,nan,nan,0.000,5690.3433,11.182,539221570.0,nan,2318653000.0
221.0,68.031,4.086,43,0,nan,nan,0.000,5690.3433,11.841,539221570.0,nan,2318653000.0
223.0,68.647,4.123,40,0,nan,nan,0.000,5690.3433,12.839,539221570.0,nan,2318653000.0
225.0,69.262,4.160,41,0,nan,nan,0.000,5690.3433,13.532,539221570.0,nan,2318653000.0
227.0,69.878,4.197,38,0,nan,nan,0.000,5690.3433,14.009,539221570.0,nan,2318653000.0
229.0,70.494,4.234,41,0,nan,nan,0.000,5690.3433,16.632,539221570.0,nan,2318653000.0
231.0,71.109,4.271,36,0,nan,nan,0.000,5690.3433,20.547,539221570.0,nan,2318653000.0
233.0,71.725,4.308,38,0,nan,nan,0.000,5690.3433,24.678,539221570.0,nan,2318653000.0
235.0,72.341,4.345,37,0,nan,nan,0.000,5690.3433,38.039,539221570.0,nan,2318653000.0
237.0,72.956,4.382,35,0,nan,nan,0.000,5690.3433,nan,539221570.0,nan,2318653000.0
239.0,73.572,4.419,35,0,nan,nan,0.000,5690.3433,nan,539221570.0,nan,2318653000.0
241.0,74.188,4.455,32,0,nan,nan,0.000,5690.3433,nan,539221570.0,nan,2318653000.0
243.0,74.803,4.492,34,0,nan,nan,0.000,5690.3433,nan,539221570.0,nan,2318653000.0
245.0,75.419,4.529,30,0,nan,nan,0.000,5690.3433,nan,539221570.0,nan,2318653000.0
247.0,76.035,4.566,34,0,nan,nan,0.000,5690.3433,nan,539221570.0,nan,2318653000.0
249.0,76.650,4.603,29,0,nan,nan,0.000,5690.3433,nan,539221570.0,nan,2318653000.0
251.0,77.266,4.640,30,0,nan,nan,0.000,5690.3433,nan,539221570.0,nan,2318653000.0
253.0,77.882,4.677,27,0,nan,nan,0.000,5690.3433,nan,539221570.0,nan,2318653000.0
255.0,78.497,4.714,29,0,nan,nan,0.000,5690.3433,nan,539221570.0,nan,2318653000.0
257.0,79.113,4.751,26,0,nan,nan,0.000,5690.3433,nan,539221570.0,nan,2318653000.0
259.0,79.729,4.788,26,0,nan,nan,0.000,5690.3433,nan,539221570.0,nan,2318653000.0
261.0,80.344,4.825,25,0,nan,nan,0.000,5690.3433,nan,539221570.0,nan,2318653000.0
263.0,80.960,4.862,24,0,nan,nan,0.000,5690.3433,nan,539221570.0,nan,2318653000.0
265.0,81.576,4.899,25,0,nan,nan,0.000,5690.3433,nan,539221570.0,nan,2318653000.0
267.0,82.191,4.936,21,0,nan,nan,0.000,5690.3433,nan,539221570.0,nan,2318653000.0
269.0,82.807,4.973,23,0,nan,nan,0.000,5690.3433,nan,539221570.0,nan,2318653000.0
271.0,83.423,5.010,21,0,nan,nan,0.000,5690.3433,nan,539221570.0,nan,2318653000.0
273.0,84.038,5.047,21,0,nan,nan,0.000,5690.3433,nan,539221570.0,nan,2318653000.0
275.0,84.654,5.084,18,0,nan,nan,0.000,5690.3433,nan,539221570.0,nan,2318653000.0
277.0,85.270,5.121,19,0,nan,nan,0.000,5690.3433,nan,539221570.0,nan,2318653000.0
279.0,85.885,5.158,17,0,nan,nan,0.000,5690.3433,nan,539221570.0,nan,2318653000.0
281.0,86.501,5.195,17,0,nan,nan,0.000,5690.3433,nan,539221570.0,nan,2318653000.0
283.0,87.117,5.232,17,0,nan,nan,0.000,5690.3433,nan,539221570.0,nan,2318653000.0
285.0,87.732,5.269,15,0,nan,nan,0.000,5690.3433,nan,539221570.0,nan,2318653000.0
287.0,88.348,5.306,14,0,nan,nan,0.000,5690.3433,nan,539221570.0,nan,2318653000.0
289.0,88.964,5.343,14,0,nan,nan,0.000,5690.3433,nan,539221570.0,nan,2318653000.0
291.0,89.579,5.380,13,0,nan,nan,0.000,5690.3433,nan,539221570.0,nan,2318653000.0
293.0,90.195,5.417,11,0,nan,nan,0.000,5690.3433,nan,539221570.0,nan,2318653000.0
295.0,90.811,5.454,12,0,nan,nan,0.000,5690.3433,nan,539221570.0,nan,2318653000.0
297.0,91.426,5.491,9,0,nan,nan,0.000,5690.3433,nan,539221570.0,nan,2318653000.0
299.0,92.042,5.528,10,0,nan,nan,0.000,5690.3433,nan,539221570.0,nan,2318653000.0
301.0,92.658,5.565,8,0,nan,nan,0.000,5690.3433,nan,539221570.0,nan,2318653000.0
303.0,93.273,5.602,9,0,nan,nan,0.000,5690.3433,nan,539221570.0,nan,2318653000.0
305.0,93.889,5.639,6,0,nan,nan,0.000,5690.3433,nan,539221570.0,nan,2318653000.0
307.0,94.505,5.676,7,0,nan,nan,0.000,5690.3433,nan,539221570.0,nan,2318653000.0
309.0,95.120,5.713,4,0,nan,nan,0.000,5690.3433,nan,539221570.0,nan,2318653000.0
311.0,95.736,5.750,5,0,nan,nan,0.000,5690.3433,nan,539221570.0,nan,2318653000.0
313.0,96.352,5.787,3,0,nan,nan,0.000,5690.3433,nan,539221570.0,nan,2318653000.0
315.0,96.967,5.824,4,0,nan,nan,0.000,5690.3433,nan,539221570.0,nan,2318653000.0
317.0,97.583,5.861,1,0,nan,nan,0.000,5690.3433,nan,539221570.0,nan,2318653000.0
319.0,98.199,5.898,2,0,nan,nan,0.000,5690.3433,nan,539221570.0,nan,2318653000.0
321.0,98.814,5.934,1,0,nan,nan,0.000,5690.3433,nan,539221570.0,nan,2318653000.0
323.0,99.430,5.971,0,0,nan,nan,0.000,5690.3433,nan,539221570.0,nan,2318653000.0
