dat_prof/radprof/CO_natv/UGC04132.smob0.rprof.txt
# %ECSV 0.9
# ---
# datatype:
# - {name: radius, unit: arcsec, datatype: float64, description: Adopting RA=119.80425
#     deg DEC=32.9149 deg PA=212.6 INC=72.0}
# - {name: r_kpc, unit: kpc, datatype: float64, format: 10.3f, description: Adopting
#     distance of 75.3503 Mpc}
# - {name: r_r25, unit: '', datatype: float64, format: 10.3f, description: Adopting
#     R25=36.993 arcsec}
# - {name: npix, datatype: int64}
# - {name: ngood, datatype: int64, description: Requiring fill fraction of 0.2 npix}
# - {name: wtmean, unit: K km / s, datatype: float64, format: 10.3f, description: Replaced
#     blanks with 0 times ../UGC04132.co.de20_smo.emom0max.fits}
# - {name: rms, unit: K km / s, datatype: float32}
# - {name: annsum, unit: K km pix / s, datatype: float32, format: 10.3f}
# - {name: cumsum, unit: K km pix / s, datatype: float32}
# - {name: detlim, unit: K km / s, datatype: float64, format: 10.3f}
# - {name: cumlum, unit: K km pc2 / s, datatype: float32}
# - {name: sigmol, unit: solMass / pc2, datatype: float64, format: 10.3f}
# - {name: cummass, unit: solMass, datatype: float32}
# delimiter: ','
# schema: astropy-2.0
radius,r_kpc,r_r25,npix,ngood,wtmean,rms,annsum,cumsum,detlim,cumlum,sigmol,cummass
1.0,0.365,0.027,4,4,97.144,3.0781446,388.576,388.57568,28.807,51855560.0,129.082,222978910.0
3.0,1.096,0.081,12,12,84.672,9.089134,1016.058,1404.6339,16.674,187448880.0,112.509,806030200.0
5.0,1.827,0.135,19,19,71.189,12.535577,1352.584,2757.2183,13.177,367951700.0,94.594,1582192400.0
7.0,2.557,0.189,26,26,58.084,14.586868,1510.178,4267.397,10.958,569485600.0,77.180,2448788000.0
9.0,3.288,0.243,36,36,47.002,11.89787,1692.077,5959.474,8.850,795293900.0,62.455,3419764000.0
11.0,4.018,0.297,42,42,41.266,11.85902,1733.179,7692.6533,7.970,1026587200.0,54.833,4414325000.0
13.0,4.749,0.351,50,50,31.926,10.856028,1596.315,9288.969,7.034,1239616100.0,42.423,5330349600.0
15.0,5.480,0.405,56,56,25.924,10.115699,1451.733,10740.701,6.493,1433350300.0,34.447,6163406300.0
17.0,6.210,0.460,64,64,21.390,8.503562,1368.960,12109.661,5.949,1616038400.0,28.422,6948965400.0
19.0,6.941,0.514,80,80,17.116,6.839234,1369.308,13478.97,5.135,1798773100.0,22.744,7734724600.0
21.0,7.671,0.568,79,79,14.591,6.183804,1152.698,14631.668,5.116,1952601100.0,19.388,8396185000.0
23.0,8.402,0.622,91,91,11.398,6.573225,1037.243,15668.911,4.631,2091021600.0,15.146,8991393000.0
25.0,9.133,0.676,99,99,9.888,6.522706,978.895,16647.807,4.469,2221655600.0,13.139,9553119000.0
27.0,9.863,0.730,104,104,6.886,5.085624,716.148,17363.955,4.319,2317225700.0,9.150,9964071000.0
29.0,10.594,0.784,117,117,4.410,3.896761,515.926,17879.88,4.068,2386076200.0,5.859,10260128000.0
31.0,11.325,0.838,117,117,2.632,3.2506034,308.000,18187.88,4.092,2427179000.0,3.498,10436870000.0
33.0,12.055,0.892,130,130,0.924,3.29502,120.139,18308.02,3.868,2443211500.0,1.228,10505810000.0
35.0,12.786,0.946,132,132,-0.032,2.9168105,-4.168,18303.852,3.847,2442655200.0,-0.042,10503418000.0
37.0,13.516,1.000,144,115,-0.407,2.2532213,-58.573,18245.28,3.740,2434838800.0,-0.541,10469807000.0
39.0,14.247,1.054,155,99,-0.317,2.2166593,-49.138,18196.14,3.667,2428281300.0,-0.421,10441610000.0
41.0,14.978,1.108,157,90,-0.205,1.9968325,-32.154,18163.986,3.704,2423990300.0,-0.272,10423159000.0
43.0,15.708,1.162,166,84,-0.042,1.8431569,-7.034,18156.953,3.675,2423051500.0,-0.056,10419122000.0
45.0,16.439,1.216,176,70,0.175,1.8006986,30.858,18187.81,3.712,2427169500.0,0.233,10436829000.0
47.0,17.170,1.271,182,61,0.321,1.9297303,58.341,18246.152,3.744,2434955300.0,0.426,10470308000.0
49.0,17.900,1.325,186,42,0.341,1.521375,63.430,18309.582,3.868,2443420000.0,0.453,10506706000.0
51.0,18.631,1.379,200,42,0.268,1.3055937,53.567,18363.15,3.857,2450568700.0,0.356,10537446000.0
53.0,19.361,1.433,205,34,nan,nan,0.000,18363.15,4.028,2450568700.0,nan,10537446000.0
55.0,20.092,1.487,213,29,nan,nan,0.000,18363.15,4.030,2450568700.0,nan,10537446000.0
57.0,20.823,1.541,216,20,nan,nan,0.000,18363.15,4.194,2450568700.0,nan,10537446000.0
59.0,21.553,1.595,218,19,nan,nan,0.000,18363.15,4.172,2450568700.0,nan,10537446000.0
61.0,22.284,1.649,198,18,nan,nan,0.000,18363.15,4.179,2450568700.0,nan,10537446000.0
63.0,23.014,1.703,190,18,nan,nan,0.000,18363.15,4.250,2450568700.0,nan,10537446000.0
65.0,23.745,1.757,185,17,nan,nan,0.000,18363.15,4.234,2450568700.0,nan,10537446000.0
67.0,24.476,1.811,175,15,nan,nan,0.000,18363.15,4.412,2450568700.0,nan,10537446000.0
69.0,25.206,1.865,179,18,nan,nan,0.000,18363.15,4.334,2450568700.0,nan,10537446000.0
71.0,25.937,1.919,168,16,nan,nan,0.000,18363.15,4.476,2450568700.0,nan,10537446000.0
73.0,26.668,1.973,175,12,nan,nan,0.000,18363.15,4.438,2450568700.0,nan,10537446000.0
75.0,27.398,2.027,160,12,nan,nan,0.000,18363.15,4.643,2450568700.0,nan,10537446000.0
77.0,28.129,2.081,171,13,nan,nan,0.000,18363.15,4.488,2450568700.0,nan,10537446000.0
79.0,28.859,2.136,165,9,nan,nan,0.000,18363.15,4.529,2450568700.0,nan,10537446000.0
81.0,29.590,2.190,162,4,nan,nan,0.000,18363.15,4.739,2450568700.0,nan,10537446000.0
83.0,30.321,2.244,157,4,nan,nan,0.000,18363.15,4.726,2450568700.0,nan,10537446000.0
85.0,31.051,2.298,159,4,nan,nan,0.000,18363.15,4.837,2450568700.0,nan,10537446000.0
87.0,31.782,2.352,156,1,nan,nan,0.000,18363.15,4.738,2450568700.0,nan,10537446000.0
89.0,32.512,2.406,147,0,nan,nan,0.000,18363.15,4.827,2450568700.0,nan,10537446000.0
91.0,33.243,2.460,145,0,nan,nan,0.000,18363.15,4.854,2450568700.0,nan,10537446000.0
93.0,33.974,2.514,125,0,nan,nan,0.000,18363.15,5.168,2450568700.0,nan,10537446000.0
95.0,34.704,2.568,133,0,nan,nan,0.000,18363.15,4.964,2450568700.0,nan,10537446000.0
97.0,35.435,2.622,127,0,nan,nan,0.000,18363.15,5.107,2450568700.0,nan,10537446000.0
99.0,36.166,2.676,123,0,nan,nan,0.000,18363.15,5.173,2450568700.0,nan,10537446000.0
101.0,36.896,2.730,123,0,nan,nan,0.000,18363.15,5.206,2450568700.0,nan,10537446000.0
103.0,37.627,2.784,118,0,nan,nan,0.000,18363.15,5.280,2450568700.0,nan,10537446000.0
105.0,38.357,2.838,117,0,nan,nan,0.000,18363.15,5.314,2450568700.0,nan,10537446000.0
107.0,39.088,2.892,109,0,nan,nan,0.000,18363.15,5.457,2450568700.0,nan,10537446000.0
109.0,39.819,2.947,109,0,nan,nan,0.000,18363.15,5.584,2450568700.0,nan,10537446000.0
111.0,40.549,3.001,102,0,nan,nan,0.000,18363.15,5.685,2450568700.0,nan,10537446000.0
113.0,41.280,3.055,114,0,nan,nan,0.000,18363.15,5.491,2450568700.0,nan,10537446000.0
115.0,42.010,3.109,97,0,nan,nan,0.000,18363.15,5.840,2450568700.0,nan,10537446000.0
117.0,42.741,3.163,99,0,nan,nan,0.000,18363.15,6.010,2450568700.0,nan,10537446000.0
119.0,43.472,3.217,96,0,nan,nan,0.000,18363.15,5.977,2450568700.0,nan,10537446000.0
121.0,44.202,3.271,95,0,nan,nan,0.000,18363.15,6.053,2450568700.0,nan,10537446000.0
123.0,44.933,3.325,95,0,nan,nan,0.000,18363.15,6.124,2450568700.0,nan,10537446000.0
125.0,45.664,3.379,89,0,nan,nan,0.000,18363.15,6.403,2450568700.0,nan,10537446000.0
127.0,46.394,3.433,87,0,nan,nan,0.000,18363.15,6.572,2450568700.0,nan,10537446000.0
129.0,47.125,3.487,88,0,nan,nan,0.000,18363.15,6.505,2450568700.0,nan,10537446000.0
131.0,47.855,3.541,84,0,nan,nan,0.000,18363.15,6.718,2450568700.0,nan,10537446000.0
133.0,48.586,3.595,81,0,nan,nan,0.000,18363.15,6.924,2450568700.0,nan,10537446000.0
135.0,49.317,3.649,82,0,nan,nan,0.000,18363.15,7.089,2450568700.0,nan,10537446000.0
137.0,50.047,3.703,76,0,nan,nan,0.000,18363.15,7.344,2450568700.0,nan,10537446000.0
139.0,50.778,3.757,81,0,nan,nan,0.000,18363.15,7.272,2450568700.0,nan,10537446000.0
141.0,51.509,3.812,74,0,nan,nan,0.000,18363.15,7.738,2450568700.0,nan,10537446000.0
143.0,52.239,3.866,69,0,nan,nan,0.000,18363.15,8.092,2450568700.0,nan,10537446000.0
145.0,52.970,3.920,70,0,nan,nan,0.000,18363.15,8.294,2450568700.0,nan,10537446000.0
147.0,53.700,3.974,71,0,nan,nan,0.000,18363.15,8.383,2450568700.0,nan,10537446000.0
149.0,54.431,4.028,69,0,nan,nan,0.000,18363.15,8.729,2450568700.0,nan,10537446000.0
151.0,55.162,4.082,63,0,nan,nan,0.000,18363.15,9.676,2450568700.0,nan,10537446000.0
153.0,55.892,4.136,58,0,nan,nan,0.000,18363.15,10.352,2450568700.0,nan,10537446000.0
155.0,56.623,4.190,65,0,nan,nan,0.000,18363.15,10.122,2450568700.0,nan,10537446000.0
157.0,57.353,4.244,62,0,nan,nan,0.000,18363.15,11.607,2450568700.0,nan,10537446000.0
159.0,58.084,4.298,56,0,nan,nan,0.000,18363.15,12.706,2450568700.0,nan,10537446000.0
161.0,58.815,4.352,53,0,nan,nan,0.000,18363.15,15.726,2450568700.0,nan,10537446000.0
163.0,59.545,4.406,54,0,nan,nan,0.000,18363.15,31.684,2450568700.0,nan,10537446000.0
165.0,60.276,4.460,55,0,nan,nan,0.000,18363.15,nan,2450568700.0,nan,10537446000.0
167.0,61.007,4.514,52,0,nan,nan,0.000,18363.15,nan,2450568700.0,nan,10537446000.0
169.0,61.737,4.568,45,0,nan,nan,0.000,18363.15,nan,2450568700.0,nan,10537446000.0
171.0,62.468,4.622,46,0,nan,nan,0.000,18363.15,nan,2450568700.0,nan,10537446000.0
173.0,63.198,4.677,48,0,nan,nan,0.000,18363.15,nan,2450568700.0,nan,10537446000.0
175.0,63.929,4.731,45,0,nan,nan,0.000,18363.15,nan,2450568700.0,nan,10537446000.0
177.0,64.660,4.785,40,0,nan,nan,0.000,18363.15,nan,2450568700.0,nan,10537446000.0
179.0,65.390,4.839,37,0,nan,nan,0.000,18363.15,nan,2450568700.0,nan,10537446000.0
181.0,66.121,4.893,40,0,nan,nan,0.000,18363.15,nan,2450568700.0,nan,10537446000.0
183.0,66.851,4.947,39,0,nan,nan,0.000,18363.15,nan,2450568700.0,nan,10537446000.0
185.0,67.582,5.001,34,0,nan,nan,0.000,18363.15,nan,2450568700.0,nan,10537446000.0
187.0,68.313,5.055,30,0,nan,nan,0.000,18363.15,nan,2450568700.0,nan,10537446000.0
189.0,69.043,5.109,32,0,nan,nan,0.000,18363.15,nan,2450568700.0,nan,10537446000.0
191.0,69.774,5.163,34,0,nan,nan,0.000,18363.15,nan,2450568700.0,nan,10537446000.0
193.0,70.505,5.217,26,0,nan,nan,0.000,18363.15,nan,2450568700.0,nan,10537446000.0
195.0,71.235,5.271,23,0,nan,nan,0.000,18363.15,nan,2450568700.0,nan,10537446000.0
197.0,71.966,5.325,24,0,nan,nan,0.000,18363.15,nan,2450568700.0,nan,10537446000.0
199.0,72.696,5.379,28,0,nan,nan,0.000,18363.15,nan,2450568700.0,nan,10537446000.0
201.0,73.427,5.433,20,0,nan,nan,0.000,18363.15,nan,2450568700.0,nan,10537446000.0
203.0,74.158,5.488,17,0,nan,nan,0.000,18363.15,nan,2450568700.0,nan,10537446000.0
205.0,74.888,5.542,16,0,nan,nan,0.000,18363.15,nan,2450568700.0,nan,10537446000.0
207.0,75.619,5.596,21,0,nan,nan,0.000,18363.15,nan,2450568700.0,nan,10537446000.0
209.0,76.349,5.650,13,0,nan,nan,0.000,18363.15,nan,2450568700.0,nan,10537446000.0
211.0,77.080,5.704,11,0,nan,nan,0.000,18363.15,nan,2450568700.0,nan,10537446000.0
213.0,77.811,5.758,10,0,nan,nan,0.000,18363.15,nan,2450568700.0,nan,10537446000.0
215.0,78.541,5.812,11,0,nan,nan,0.000,18363.15,nan,2450568700.0,nan,10537446000.0
217.0,79.272,5.866,9,0,nan,nan,0.000,18363.15,nan,2450568700.0,nan,10537446000.0
219.0,80.003,5.920,5,0,nan,nan,0.000,18363.15,nan,2450568700.0,nan,10537446000.0
221.0,80.733,5.974,4,0,nan,nan,0.000,18363.15,nan,2450568700.0,nan,10537446000.0
223.0,81.464,6.028,3,0,nan,nan,0.000,18363.15,nan,2450568700.0,nan,10537446000.0
225.0,82.194,6.082,1,0,nan,nan,0.000,18363.15,nan,2450568700.0,nan,10537446000.0
