dat_prof/radprof/CO_natv/UGC05111.smob0.rprof.txt
# %ECSV 0.9
# ---
# datatype:
# - {name: radius, unit: arcsec, datatype: float64, description: Adopting RA=144.21855
#     deg DEC=66.7884 deg PA=118.3 INC=72.9}
# - {name: r_kpc, unit: kpc, datatype: float64, format: 10.3f, description: Adopting
#     distance of 98.1712 Mpc}
# - {name: r_r25, unit: '', datatype: float64, format: 10.3f, description: Adopting
#     R25=44.7837 arcsec}
# - {name: npix, datatype: int64}
# - {name: ngood, datatype: int64, description: Requiring fill fraction of 0.2 npix}
# - {name: wtmean, unit: K km / s, datatype: float64, format: 10.3f, description: Replaced
#     blanks with 0 times ../UGC05111.co.de20_smo.emom0max.fits}
# - {name: rms, unit: K km / s, datatype: float32}
# - {name: annsum, unit: K km pix / s, datatype: float32, format: 10.3f}
# - {name: cumsum, unit: K km pix / s, datatype: float32}
# - {name: detlim, unit: K km / s, datatype: float64, format: 10.3f}
# - {name: cumlum, unit: K km pc2 / s, datatype: float32}
# - {name: sigmol, unit: solMass / pc2, datatype: float64, format: 10.3f}
# - {name: cummass, unit: solMass, datatype: float32}
# delimiter: ','
# schema: astropy-2.0
radius,r_kpc,r_r25,npix,ngood,wtmean,rms,annsum,cumsum,detlim,cumlum,sigmol,cummass
1.0,0.476,0.022,4,4,36.228,1.0841242,144.912,144.91203,24.241,32826334.0,45.806,141153250.0
3.0,1.428,0.067,10,10,33.318,2.247412,333.176,478.08752,15.171,108299224.0,42.126,465686700.0
5.0,2.380,0.112,18,18,31.541,2.8090267,567.729,1045.817,10.743,236904690.0,39.879,1018690200.0
7.0,3.332,0.156,26,26,29.603,2.3690686,769.682,1815.499,8.591,411257630.0,37.429,1768407900.0
9.0,4.284,0.201,35,35,27.466,3.5246532,961.314,2776.8132,7.110,629020200.0,34.727,2704787200.0
11.0,5.235,0.246,40,40,24.595,4.3477917,983.814,3760.6274,6.526,851879700.0,31.098,3663082800.0
13.0,6.187,0.290,51,51,21.870,5.203569,1115.369,4875.9966,5.640,1104539600.0,27.652,4749521000.0
15.0,7.139,0.335,51,51,19.284,5.501556,983.510,5859.507,5.519,1327330300.0,24.383,5707520500.0
17.0,8.091,0.380,66,66,15.599,5.5948057,1029.521,6889.028,4.833,1560543500.0,19.723,6710337500.0
19.0,9.043,0.424,66,66,11.353,4.841476,749.291,7638.319,4.694,1730277400.0,14.354,7440193000.0
21.0,9.995,0.469,83,83,8.492,4.232221,704.849,8343.168,4.131,1889943900.0,10.737,8126759400.0
23.0,10.947,0.514,86,86,5.440,4.1270876,467.853,8811.021,3.969,1995924900.0,6.878,8582477300.0
25.0,11.899,0.558,91,91,3.467,3.2200437,315.540,9126.562,3.865,2067402900.0,4.384,8889832000.0
27.0,12.851,0.603,99,99,2.183,3.0644846,216.147,9342.709,3.693,2116366000.0,2.761,9100374000.0
29.0,13.802,0.648,103,103,1.593,3.7542746,164.051,9506.759,3.607,2153527600.0,2.014,9260169000.0
31.0,14.754,0.692,113,113,0.590,3.609489,66.704,9573.464,3.465,2168638000.0,0.746,9325144000.0
33.0,15.706,0.737,123,123,-0.318,3.0776367,-39.140,9534.324,3.332,2159771600.0,-0.402,9287018000.0
35.0,16.658,0.782,128,123,-0.753,2.3641894,-96.377,9437.947,3.290,2137939800.0,-0.952,9193141000.0
37.0,17.610,0.826,141,116,-0.446,2.002025,-62.901,9375.046,3.205,2123691000.0,-0.564,9131871000.0
39.0,18.562,0.871,148,103,-0.383,1.7243398,-56.630,9318.416,3.212,2110863000.0,-0.484,9076711000.0
41.0,19.514,0.916,145,72,-0.315,1.3595204,-45.656,9272.76,3.345,2100520600.0,-0.398,9032239000.0
43.0,20.466,0.960,163,46,-0.041,1.0926244,-6.680,9266.08,3.252,2099007500.0,-0.052,9025733000.0
45.0,21.418,1.005,164,20,nan,nan,0.000,9266.08,3.338,2099007500.0,nan,9025733000.0
47.0,22.370,1.049,172,13,nan,nan,0.000,9266.08,3.412,2099007500.0,nan,9025733000.0
49.0,23.321,1.094,180,13,nan,nan,0.000,9266.08,3.469,2099007500.0,nan,9025733000.0
51.0,24.273,1.139,195,10,nan,nan,0.000,9266.08,3.474,2099007500.0,nan,9025733000.0
53.0,25.225,1.183,197,10,nan,nan,0.000,9266.08,3.591,2099007500.0,nan,9025733000.0
55.0,26.177,1.228,182,14,nan,nan,0.000,9266.08,3.664,2099007500.0,nan,9025733000.0
57.0,27.129,1.273,170,10,nan,nan,0.000,9266.08,3.702,2099007500.0,nan,9025733000.0
59.0,28.081,1.317,159,10,nan,nan,0.000,9266.08,3.836,2099007500.0,nan,9025733000.0
61.0,29.033,1.362,157,10,nan,nan,0.000,9266.08,3.765,2099007500.0,nan,9025733000.0
63.0,29.985,1.407,154,10,nan,nan,0.000,9266.08,3.837,2099007500.0,nan,9025733000.0
65.0,30.937,1.451,159,10,nan,nan,0.000,9266.08,3.773,2099007500.0,nan,9025733000.0
67.0,31.888,1.496,148,9,nan,nan,0.000,9266.08,3.944,2099007500.0,nan,9025733000.0
69.0,32.840,1.541,150,10,nan,nan,0.000,9266.08,3.876,2099007500.0,nan,9025733000.0
71.0,33.792,1.585,146,9,nan,nan,0.000,9266.08,3.964,2099007500.0,nan,9025733000.0
73.0,34.744,1.630,143,10,nan,nan,0.000,9266.08,3.999,2099007500.0,nan,9025733000.0
75.0,35.696,1.675,139,7,nan,nan,0.000,9266.08,4.083,2099007500.0,nan,9025733000.0
77.0,36.648,1.719,147,9,nan,nan,0.000,9266.08,3.993,2099007500.0,nan,9025733000.0
79.0,37.600,1.764,137,6,nan,nan,0.000,9266.08,4.188,2099007500.0,nan,9025733000.0
81.0,38.552,1.809,140,7,nan,nan,0.000,9266.08,4.154,2099007500.0,nan,9025733000.0
83.0,39.504,1.853,140,7,nan,nan,0.000,9266.08,4.174,2099007500.0,nan,9025733000.0
85.0,40.456,1.898,140,8,nan,nan,0.000,9266.08,4.222,2099007500.0,nan,9025733000.0
87.0,41.407,1.943,140,5,nan,nan,0.000,9266.08,4.274,2099007500.0,nan,9025733000.0
89.0,42.359,1.987,136,5,nan,nan,0.000,9266.08,4.308,2099007500.0,nan,9025733000.0
91.0,43.311,2.032,137,4,nan,nan,0.000,9266.08,4.414,2099007500.0,nan,9025733000.0
93.0,44.263,2.077,135,4,nan,nan,0.000,9266.08,4.435,2099007500.0,nan,9025733000.0
95.0,45.215,2.121,138,2,nan,nan,0.000,9266.08,4.337,2099007500.0,nan,9025733000.0
97.0,46.167,2.166,124,0,nan,nan,0.000,9266.08,4.686,2099007500.0,nan,9025733000.0
99.0,47.119,2.211,126,0,nan,nan,0.000,9266.08,4.503,2099007500.0,nan,9025733000.0
101.0,48.071,2.255,119,0,nan,nan,0.000,9266.08,4.604,2099007500.0,nan,9025733000.0
103.0,49.023,2.300,117,0,nan,nan,0.000,9266.08,4.696,2099007500.0,nan,9025733000.0
105.0,49.974,2.345,109,0,nan,nan,0.000,9266.08,4.816,2099007500.0,nan,9025733000.0
107.0,50.926,2.389,114,0,nan,nan,0.000,9266.08,4.720,2099007500.0,nan,9025733000.0
109.0,51.878,2.434,105,0,nan,nan,0.000,9266.08,4.940,2099007500.0,nan,9025733000.0
111.0,52.830,2.479,105,0,nan,nan,0.000,9266.08,4.877,2099007500.0,nan,9025733000.0
113.0,53.782,2.523,105,0,nan,nan,0.000,9266.08,4.975,2099007500.0,nan,9025733000.0
115.0,54.734,2.568,95,0,nan,nan,0.000,9266.08,5.209,2099007500.0,nan,9025733000.0
117.0,55.686,2.613,99,0,nan,nan,0.000,9266.08,5.133,2099007500.0,nan,9025733000.0
119.0,56.638,2.657,95,0,nan,nan,0.000,9266.08,5.241,2099007500.0,nan,9025733000.0
121.0,57.590,2.702,89,0,nan,nan,0.000,9266.08,5.444,2099007500.0,nan,9025733000.0
123.0,58.542,2.747,89,0,nan,nan,0.000,9266.08,5.515,2099007500.0,nan,9025733000.0
125.0,59.493,2.791,88,0,nan,nan,0.000,9266.08,5.503,2099007500.0,nan,9025733000.0
127.0,60.445,2.836,85,0,nan,nan,0.000,9266.08,5.733,2099007500.0,nan,9025733000.0
129.0,61.397,2.881,86,0,nan,nan,0.000,9266.08,5.680,2099007500.0,nan,9025733000.0
131.0,62.349,2.925,77,0,nan,nan,0.000,9266.08,6.059,2099007500.0,nan,9025733000.0
133.0,63.301,2.970,82,0,nan,nan,0.000,9266.08,5.919,2099007500.0,nan,9025733000.0
135.0,64.253,3.014,75,0,nan,nan,0.000,9266.08,6.299,2099007500.0,nan,9025733000.0
137.0,65.205,3.059,75,0,nan,nan,0.000,9266.08,6.325,2099007500.0,nan,9025733000.0
139.0,66.157,3.104,76,0,nan,nan,0.000,9266.08,6.381,2099007500.0,nan,9025733000.0
141.0,67.109,3.148,68,0,nan,nan,0.000,9266.08,6.881,2099007500.0,nan,9025733000.0
143.0,68.060,3.193,70,0,nan,nan,0.000,9266.08,6.793,2099007500.0,nan,9025733000.0
145.0,69.012,3.238,72,0,nan,nan,0.000,9266.08,6.955,2099007500.0,nan,9025733000.0
147.0,69.964,3.282,58,0,nan,nan,0.000,9266.08,7.777,2099007500.0,nan,9025733000.0
149.0,70.916,3.327,67,0,nan,nan,0.000,9266.08,7.475,2099007500.0,nan,9025733000.0
151.0,71.868,3.372,64,0,nan,nan,0.000,9266.08,7.781,2099007500.0,nan,9025733000.0
153.0,72.820,3.416,55,0,nan,nan,0.000,9266.08,8.640,2099007500.0,nan,9025733000.0
155.0,73.772,3.461,62,0,nan,nan,0.000,9266.08,8.646,2099007500.0,nan,9025733000.0
157.0,74.724,3.506,56,0,nan,nan,0.000,9266.08,9.168,2099007500.0,nan,9025733000.0
159.0,75.676,3.550,55,0,nan,nan,0.000,9266.08,10.068,2099007500.0,nan,9025733000.0
161.0,76.628,3.595,53,0,nan,nan,0.000,9266.08,10.700,2099007500.0,nan,9025733000.0
163.0,77.579,3.640,52,0,nan,nan,0.000,9266.08,13.204,2099007500.0,nan,9025733000.0
165.0,78.531,3.684,47,0,nan,nan,0.000,9266.08,17.957,2099007500.0,nan,9025733000.0
167.0,79.483,3.729,50,0,nan,nan,0.000,9266.08,34.578,2099007500.0,nan,9025733000.0
169.0,80.435,3.774,44,0,nan,nan,0.000,9266.08,nan,2099007500.0,nan,9025733000.0
171.0,81.387,3.818,45,0,nan,nan,0.000,9266.08,nan,2099007500.0,nan,9025733000.0
173.0,82.339,3.863,41,0,nan,nan,0.000,9266.08,nan,2099007500.0,nan,9025733000.0
175.0,83.291,3.908,43,0,nan,nan,0.000,9266.08,nan,2099007500.0,nan,9025733000.0
177.0,84.243,3.952,39,0,nan,nan,0.000,9266.08,nan,2099007500.0,nan,9025733000.0
179.0,85.195,3.997,36,0,nan,nan,0.000,9266.08,nan,2099007500.0,nan,9025733000.0
181.0,86.146,4.042,36,0,nan,nan,0.000,9266.08,nan,2099007500.0,nan,9025733000.0
183.0,87.098,4.086,35,0,nan,nan,0.000,9266.08,nan,2099007500.0,nan,9025733000.0
185.0,88.050,4.131,32,0,nan,nan,0.000,9266.08,nan,2099007500.0,nan,9025733000.0
187.0,89.002,4.176,31,0,nan,nan,0.000,9266.08,nan,2099007500.0,nan,9025733000.0
189.0,89.954,4.220,27,0,nan,nan,0.000,9266.08,nan,2099007500.0,nan,9025733000.0
191.0,90.906,4.265,28,0,nan,nan,0.000,9266.08,nan,2099007500.0,nan,9025733000.0
193.0,91.858,4.310,27,0,nan,nan,0.000,9266.08,nan,2099007500.0,nan,9025733000.0
195.0,92.810,4.354,24,0,nan,nan,0.000,9266.08,nan,2099007500.0,nan,9025733000.0
197.0,93.762,4.399,21,0,nan,nan,0.000,9266.08,nan,2099007500.0,nan,9025733000.0
199.0,94.714,4.444,21,0,nan,nan,0.000,9266.08,nan,2099007500.0,nan,9025733000.0
201.0,95.665,4.488,20,0,nan,nan,0.000,9266.08,nan,2099007500.0,nan,9025733000.0
203.0,96.617,4.533,17,0,nan,nan,0.000,9266.08,nan,2099007500.0,nan,9025733000.0
205.0,97.569,4.578,15,0,nan,nan,0.000,9266.08,nan,2099007500.0,nan,9025733000.0
207.0,98.521,4.622,14,0,nan,nan,0.000,9266.08,nan,2099007500.0,nan,9025733000.0
209.0,99.473,4.667,13,0,nan,nan,0.000,9266.08,nan,2099007500.0,nan,9025733000.0
211.0,100.425,4.712,11,0,nan,nan,0.000,9266.08,nan,2099007500.0,nan,9025733000.0
213.0,101.377,4.756,9,0,nan,nan,0.000,9266.08,nan,2099007500.0,nan,9025733000.0
215.0,102.329,4.801,7,0,nan,nan,0.000,9266.08,nan,2099007500.0,nan,9025733000.0
217.0,103.281,4.846,6,0,nan,nan,0.000,9266.08,nan,2099007500.0,nan,9025733000.0
219.0,104.232,4.890,5,0,nan,nan,0.000,9266.08,nan,2099007500.0,nan,9025733000.0
221.0,105.184,4.935,2,0,nan,nan,0.000,9266.08,nan,2099007500.0,nan,9025733000.0
223.0,106.136,4.979,1,0,nan,nan,0.000,9266.08,nan,2099007500.0,nan,9025733000.0
