dat_prof/radprof/CO_natv/UGC09537.smob1.rprof.txt
# %ECSV 0.9
# ---
# datatype:
# - {name: radius, unit: arcsec, datatype: float64, description: Adopting RA=222.11099999999996
#     deg DEC=34.998 deg PA=135.7 INC=72.0}
# - {name: r_kpc, unit: kpc, datatype: float64, format: 10.3f, description: Adopting
#     distance of 130.068 Mpc}
# - {name: r_r25, unit: '', datatype: float64, format: 10.3f, description: Adopting
#     R25=67.0071 arcsec}
# - {name: npix, datatype: int64}
# - {name: ngood, datatype: int64, description: Requiring fill fraction of 0.1 npix}
# - {name: wtmean, unit: K km / s, datatype: float64, format: 10.3f, description: Replaced
#     blanks with 1 times ../UGC09537.co.de20_smo.emom0max.fits}
# - {name: rms, unit: K km / s, datatype: float32}
# - {name: annsum, unit: K km pix / s, datatype: float32, format: 10.3f}
# - {name: cumsum, unit: K km pix / s, datatype: float32}
# - {name: detlim, unit: K km / s, datatype: float64, format: 10.3f}
# - {name: cumlum, unit: K km pc2 / s, datatype: float32}
# - {name: sigmol, unit: solMass / pc2, datatype: float64, format: 10.3f}
# - {name: cummass, unit: solMass, datatype: float32}
# delimiter: ','
# schema: astropy-2.0
radius,r_kpc,r_r25,npix,ngood,wtmean,rms,annsum,cumsum,detlim,cumlum,sigmol,cummass
1.0,0.631,0.015,3,3,16.215,1.0759616,48.645,48.644688,25.964,19343100.0,21.546,83175336.0
3.0,1.892,0.045,13,13,14.165,3.3355894,184.139,232.78394,12.590,92564330.0,18.821,398026620.0
5.0,3.153,0.075,19,19,12.305,4.033315,233.796,466.58032,10.132,185531250.0,16.351,797784400.0
7.0,4.414,0.104,27,27,10.366,3.8546202,279.881,746.46106,8.468,296823170.0,13.774,1276339700.0
9.0,5.675,0.134,38,37,11.089,4.981066,421.387,1167.8477,6.919,464383550.0,14.735,1996849400.0
11.0,6.936,0.164,41,37,11.225,5.392339,460.223,1628.0709,6.454,647387000.0,14.915,2783764200.0
13.0,8.198,0.194,49,44,9.941,5.0978374,487.127,2115.1982,5.765,841088600.0,13.210,3616681000.0
15.0,9.459,0.224,56,47,7.143,4.429736,400.000,2515.1985,5.222,1000144830.0,9.491,4300623000.0
17.0,10.720,0.254,65,45,5.667,3.443233,368.341,2883.5398,4.701,1146612400.0,7.530,4930433500.0
19.0,11.981,0.284,76,46,4.969,2.6367319,377.676,3261.216,4.223,1296791700.0,6.603,5576204300.0
21.0,13.242,0.313,84,41,3.943,1.9178754,331.172,3592.388,3.953,1428479100.0,5.239,6142460400.0
23.0,14.504,0.343,91,42,3.449,1.4310566,313.822,3906.2102,3.695,1553267500.0,4.582,6679050000.0
25.0,15.765,0.373,96,39,3.516,2.0107934,337.543,4243.7534,3.519,1687488400.0,4.672,7256200000.0
27.0,17.026,0.403,106,39,3.435,2.052397,364.114,4607.867,3.303,1832274800.0,4.564,7878782000.0
29.0,18.287,0.433,114,50,3.307,1.6624515,377.027,4984.894,3.191,1982196000.0,4.395,8523443000.0
31.0,19.548,0.463,113,39,2.821,0.87070584,318.798,5303.692,3.219,2108962800.0,3.749,9068541000.0
33.0,20.809,0.492,124,25,2.710,0.73274475,336.041,5639.733,3.090,2242586400.0,3.601,9643122000.0
35.0,22.071,0.522,146,25,2.760,0.9019819,402.930,6042.662,2.863,2402807300.0,3.667,10332072000.0
37.0,23.332,0.552,144,27,3.029,1.5348368,436.210,6478.872,2.940,2576262100.0,4.025,11077928000.0
39.0,24.593,0.582,149,21,3.029,1.504839,451.259,6930.132,2.950,2755701200.0,4.024,11849516000.0
41.0,25.854,0.612,165,22,3.231,2.124926,533.059,7463.1904,2.876,2967667000.0,4.293,12760968000.0
43.0,27.115,0.642,164,19,3.388,2.4679017,555.567,8018.7573,2.988,3188583000.0,4.501,13710907000.0
45.0,28.376,0.672,171,20,3.318,1.92957,567.454,8586.211,3.035,3414225400.0,4.409,14681170000.0
47.0,29.638,0.701,179,5,nan,nan,0.000,8586.211,3.071,3414225400.0,nan,14681170000.0
49.0,30.899,0.731,192,6,nan,nan,0.000,8586.211,3.061,3414225400.0,nan,14681170000.0
51.0,32.160,0.761,193,7,nan,nan,0.000,8586.211,3.159,3414225400.0,nan,14681170000.0
53.0,33.421,0.791,215,11,nan,nan,0.000,8586.211,3.117,3414225400.0,nan,14681170000.0
55.0,34.682,0.821,217,10,nan,nan,0.000,8586.211,3.266,3414225400.0,nan,14681170000.0
57.0,35.943,0.851,220,6,nan,nan,0.000,8586.211,3.340,3414225400.0,nan,14681170000.0
59.0,37.205,0.881,230,2,nan,nan,0.000,8586.211,3.336,3414225400.0,nan,14681170000.0
61.0,38.466,0.910,231,1,nan,nan,0.000,8586.211,3.523,3414225400.0,nan,14681170000.0
63.0,39.727,0.940,241,0,nan,nan,0.000,8586.211,3.471,3414225400.0,nan,14681170000.0
65.0,40.988,0.970,251,0,nan,nan,0.000,8586.211,3.522,3414225400.0,nan,14681170000.0
67.0,42.249,1.000,263,0,nan,nan,0.000,8586.211,3.423,3414225400.0,nan,14681170000.0
69.0,43.511,1.030,232,0,nan,nan,0.000,8586.211,3.507,3414225400.0,nan,14681170000.0
71.0,44.772,1.060,204,0,nan,nan,0.000,8586.211,3.515,3414225400.0,nan,14681170000.0
73.0,46.033,1.089,177,0,nan,nan,0.000,8586.211,3.542,3414225400.0,nan,14681170000.0
75.0,47.294,1.119,158,0,nan,nan,0.000,8586.211,3.708,3414225400.0,nan,14681170000.0
77.0,48.555,1.149,153,0,nan,nan,0.000,8586.211,3.729,3414225400.0,nan,14681170000.0
79.0,49.816,1.179,138,0,nan,nan,0.000,8586.211,3.855,3414225400.0,nan,14681170000.0
81.0,51.078,1.209,144,0,nan,nan,0.000,8586.211,3.798,3414225400.0,nan,14681170000.0
83.0,52.339,1.239,145,0,nan,nan,0.000,8586.211,3.693,3414225400.0,nan,14681170000.0
85.0,53.600,1.269,137,0,nan,nan,0.000,8586.211,3.754,3414225400.0,nan,14681170000.0
87.0,54.861,1.298,137,0,nan,nan,0.000,8586.211,3.827,3414225400.0,nan,14681170000.0
89.0,56.122,1.328,127,0,nan,nan,0.000,8586.211,3.916,3414225400.0,nan,14681170000.0
91.0,57.383,1.358,129,0,nan,nan,0.000,8586.211,3.949,3414225400.0,nan,14681170000.0
93.0,58.645,1.388,117,0,nan,nan,0.000,8586.211,4.074,3414225400.0,nan,14681170000.0
95.0,59.906,1.418,114,0,nan,nan,0.000,8586.211,4.226,3414225400.0,nan,14681170000.0
97.0,61.167,1.448,119,0,nan,nan,0.000,8586.211,4.085,3414225400.0,nan,14681170000.0
99.0,62.428,1.477,119,0,nan,nan,0.000,8586.211,4.037,3414225400.0,nan,14681170000.0
101.0,63.689,1.507,118,0,nan,nan,0.000,8586.211,4.111,3414225400.0,nan,14681170000.0
103.0,64.951,1.537,111,0,nan,nan,0.000,8586.211,4.210,3414225400.0,nan,14681170000.0
105.0,66.212,1.567,110,0,nan,nan,0.000,8586.211,4.266,3414225400.0,nan,14681170000.0
107.0,67.473,1.597,104,0,nan,nan,0.000,8586.211,4.420,3414225400.0,nan,14681170000.0
109.0,68.734,1.627,101,0,nan,nan,0.000,8586.211,4.505,3414225400.0,nan,14681170000.0
111.0,69.995,1.657,95,0,nan,nan,0.000,8586.211,4.719,3414225400.0,nan,14681170000.0
113.0,71.256,1.686,97,0,nan,nan,0.000,8586.211,4.630,3414225400.0,nan,14681170000.0
115.0,72.518,1.716,104,0,nan,nan,0.000,8586.211,4.478,3414225400.0,nan,14681170000.0
117.0,73.779,1.746,99,0,nan,nan,0.000,8586.211,4.601,3414225400.0,nan,14681170000.0
119.0,75.040,1.776,95,0,nan,nan,0.000,8586.211,4.739,3414225400.0,nan,14681170000.0
121.0,76.301,1.806,94,0,nan,nan,0.000,8586.211,4.807,3414225400.0,nan,14681170000.0
123.0,77.562,1.836,89,0,nan,nan,0.000,8586.211,4.984,3414225400.0,nan,14681170000.0
125.0,78.823,1.865,84,0,nan,nan,0.000,8586.211,5.204,3414225400.0,nan,14681170000.0
127.0,80.085,1.895,78,0,nan,nan,0.000,8586.211,5.481,3414225400.0,nan,14681170000.0
129.0,81.346,1.925,82,0,nan,nan,0.000,8586.211,5.347,3414225400.0,nan,14681170000.0
131.0,82.607,1.955,88,0,nan,nan,0.000,8586.211,5.201,3414225400.0,nan,14681170000.0
133.0,83.868,1.985,85,0,nan,nan,0.000,8586.211,5.350,3414225400.0,nan,14681170000.0
135.0,85.129,2.015,82,0,nan,nan,0.000,8586.211,5.538,3414225400.0,nan,14681170000.0
137.0,86.390,2.045,78,0,nan,nan,0.000,8586.211,5.777,3414225400.0,nan,14681170000.0
139.0,87.652,2.074,74,0,nan,nan,0.000,8586.211,6.055,3414225400.0,nan,14681170000.0
141.0,88.913,2.104,70,0,nan,nan,0.000,8586.211,6.333,3414225400.0,nan,14681170000.0
143.0,90.174,2.134,65,0,nan,nan,0.000,8586.211,6.725,3414225400.0,nan,14681170000.0
145.0,91.435,2.164,69,0,nan,nan,0.000,8586.211,6.676,3414225400.0,nan,14681170000.0
147.0,92.696,2.194,73,0,nan,nan,0.000,8586.211,6.470,3414225400.0,nan,14681170000.0
149.0,93.958,2.224,73,0,nan,nan,0.000,8586.211,6.751,3414225400.0,nan,14681170000.0
151.0,95.219,2.253,67,0,nan,nan,0.000,8586.211,7.075,3414225400.0,nan,14681170000.0
153.0,96.480,2.283,65,0,nan,nan,0.000,8586.211,7.572,3414225400.0,nan,14681170000.0
155.0,97.741,2.313,61,0,nan,nan,0.000,8586.211,8.149,3414225400.0,nan,14681170000.0
157.0,99.002,2.343,54,0,nan,nan,0.000,8586.211,9.477,3414225400.0,nan,14681170000.0
159.0,100.263,2.373,50,0,nan,nan,0.000,8586.211,10.956,3414225400.0,nan,14681170000.0
161.0,101.525,2.403,55,0,nan,nan,0.000,8586.211,11.258,3414225400.0,nan,14681170000.0
163.0,102.786,2.433,60,0,nan,nan,0.000,8586.211,12.694,3414225400.0,nan,14681170000.0
165.0,104.047,2.462,58,0,nan,nan,0.000,8586.211,19.096,3414225400.0,nan,14681170000.0
167.0,105.308,2.492,56,0,nan,nan,0.000,8586.211,nan,3414225400.0,nan,14681170000.0
169.0,106.569,2.522,53,0,nan,nan,0.000,8586.211,nan,3414225400.0,nan,14681170000.0
171.0,107.830,2.552,48,0,nan,nan,0.000,8586.211,nan,3414225400.0,nan,14681170000.0
173.0,109.092,2.582,43,0,nan,nan,0.000,8586.211,nan,3414225400.0,nan,14681170000.0
175.0,110.353,2.612,36,0,nan,nan,0.000,8586.211,nan,3414225400.0,nan,14681170000.0
177.0,111.614,2.642,43,0,nan,nan,0.000,8586.211,nan,3414225400.0,nan,14681170000.0
179.0,112.875,2.671,48,0,nan,nan,0.000,8586.211,nan,3414225400.0,nan,14681170000.0
181.0,114.136,2.701,45,0,nan,nan,0.000,8586.211,nan,3414225400.0,nan,14681170000.0
183.0,115.398,2.731,42,0,nan,nan,0.000,8586.211,nan,3414225400.0,nan,14681170000.0
185.0,116.659,2.761,39,0,nan,nan,0.000,8586.211,nan,3414225400.0,nan,14681170000.0
187.0,117.920,2.791,36,0,nan,nan,0.000,8586.211,nan,3414225400.0,nan,14681170000.0
189.0,119.181,2.821,31,0,nan,nan,0.000,8586.211,nan,3414225400.0,nan,14681170000.0
191.0,120.442,2.850,24,0,nan,nan,0.000,8586.211,nan,3414225400.0,nan,14681170000.0
193.0,121.703,2.880,29,0,nan,nan,0.000,8586.211,nan,3414225400.0,nan,14681170000.0
195.0,122.965,2.910,34,0,nan,nan,0.000,8586.211,nan,3414225400.0,nan,14681170000.0
197.0,124.226,2.940,32,0,nan,nan,0.000,8586.211,nan,3414225400.0,nan,14681170000.0
199.0,125.487,2.970,30,0,nan,nan,0.000,8586.211,nan,3414225400.0,nan,14681170000.0
201.0,126.748,3.000,28,0,nan,nan,0.000,8586.211,nan,3414225400.0,nan,14681170000.0
203.0,128.009,3.030,22,0,nan,nan,0.000,8586.211,nan,3414225400.0,nan,14681170000.0
205.0,129.270,3.059,18,0,nan,nan,0.000,8586.211,nan,3414225400.0,nan,14681170000.0
207.0,130.532,3.089,14,0,nan,nan,0.000,8586.211,nan,3414225400.0,nan,14681170000.0
209.0,131.793,3.119,18,0,nan,nan,0.000,8586.211,nan,3414225400.0,nan,14681170000.0
211.0,133.054,3.149,20,0,nan,nan,0.000,8586.211,nan,3414225400.0,nan,14681170000.0
213.0,134.315,3.179,18,0,nan,nan,0.000,8586.211,nan,3414225400.0,nan,14681170000.0
215.0,135.576,3.209,16,0,nan,nan,0.000,8586.211,nan,3414225400.0,nan,14681170000.0
217.0,136.837,3.238,14,0,nan,nan,0.000,8586.211,nan,3414225400.0,nan,14681170000.0
219.0,138.099,3.268,12,0,nan,nan,0.000,8586.211,nan,3414225400.0,nan,14681170000.0
221.0,139.360,3.298,6,0,nan,nan,0.000,8586.211,nan,3414225400.0,nan,14681170000.0
223.0,140.621,3.328,4,0,nan,nan,0.000,8586.211,nan,3414225400.0,nan,14681170000.0
225.0,141.882,3.358,8,0,nan,nan,0.000,8586.211,nan,3414225400.0,nan,14681170000.0
227.0,143.143,3.388,6,0,nan,nan,0.000,8586.211,nan,3414225400.0,nan,14681170000.0
229.0,144.405,3.418,4,0,nan,nan,0.000,8586.211,nan,3414225400.0,nan,14681170000.0
231.0,145.666,3.447,2,0,nan,nan,0.000,8586.211,nan,3414225400.0,nan,14681170000.0
233.0,146.927,3.477,1,0,nan,nan,0.000,8586.211,nan,3414225400.0,nan,14681170000.0
235.0,148.188,3.507,0,0,nan,nan,0.000,8586.211,nan,3414225400.0,nan,14681170000.0
