dat_prof/radprof/CO_natv/UGC09873.smob0.rprof.txt
# %ECSV 0.9
# ---
# datatype:
# - {name: radius, unit: arcsec, datatype: float64, description: Adopting RA=232.46099999999998
#     deg DEC=42.629 deg PA=129.0 INC=75.3}
# - {name: r_kpc, unit: kpc, datatype: float64, format: 10.3f, description: Adopting
#     distance of 91.5153 Mpc}
# - {name: r_r25, unit: '', datatype: float64, format: 10.3f, description: Adopting
#     R25=39.9135 arcsec}
# - {name: npix, datatype: int64}
# - {name: ngood, datatype: int64, description: Requiring fill fraction of 0.2 npix}
# - {name: wtmean, unit: K km / s, datatype: float64, format: 10.3f, description: Replaced
#     blanks with 0 times ../UGC09873.co.de20_smo.emom0max.fits}
# - {name: rms, unit: K km / s, datatype: float32}
# - {name: annsum, unit: K km pix / s, datatype: float32, format: 10.3f}
# - {name: cumsum, unit: K km pix / s, datatype: float32}
# - {name: detlim, unit: K km / s, datatype: float64, format: 10.3f}
# - {name: cumlum, unit: K km pc2 / s, datatype: float32}
# - {name: sigmol, unit: solMass / pc2, datatype: float64, format: 10.3f}
# - {name: cummass, unit: solMass, datatype: float32}
# delimiter: ','
# schema: astropy-2.0
radius,r_kpc,r_r25,npix,ngood,wtmean,rms,annsum,cumsum,detlim,cumlum,sigmol,cummass
1.0,0.444,0.025,2,2,28.472,1.0627409,56.944,56.94375,24.570,11209421.0,31.067,48200510.0
3.0,1.331,0.075,10,10,21.786,5.0750937,217.860,274.80423,11.204,54095428.0,23.772,232610350.0
5.0,2.218,0.125,18,18,11.844,6.2967014,213.191,487.99518,8.366,96062230.0,12.924,413067620.0
7.0,3.106,0.175,19,19,8.991,6.73528,170.837,658.83246,8.084,129691690.0,9.811,557674300.0
9.0,3.993,0.225,32,32,5.725,5.3894434,183.210,842.0425,6.157,165756720.0,6.247,712753900.0
11.0,4.880,0.276,32,29,4.232,3.8734746,135.425,977.46704,6.142,192415150.0,4.618,827385200.0
13.0,5.768,0.326,45,35,2.541,2.665588,114.325,1091.7916,5.187,214920030.0,2.772,924156160.0
15.0,6.655,0.376,46,32,1.722,2.5465002,79.201,1170.9926,5.170,230510800.0,1.879,991196500.0
17.0,7.543,0.426,57,31,1.236,1.7815943,70.476,1241.4686,4.667,244384060.0,1.349,1050851500.0
19.0,8.430,0.476,57,25,0.515,1.3852507,29.376,1270.845,4.710,250166830.0,0.562,1075717400.0
21.0,9.317,0.526,67,29,0.478,1.3619814,32.025,1302.8699,4.378,256470960.0,0.522,1102825200.0
23.0,10.205,0.576,75,26,0.285,1.1155896,21.377,1324.247,4.207,260679040.0,0.311,1120919900.0
25.0,11.092,0.626,80,25,0.107,1.1061374,8.575,1332.8219,4.118,262367040.0,0.117,1128178300.0
27.0,11.979,0.676,87,25,-0.007,1.1832888,-0.636,1332.1855,4.002,262241760.0,-0.008,1127639700.0
29.0,12.867,0.727,90,20,0.003,1.2917866,0.271,1332.457,4.032,262295200.0,0.003,1127869400.0
31.0,13.754,0.777,101,26,-0.142,1.3553623,-14.329,1318.1284,3.829,259474610.0,-0.155,1115740800.0
33.0,14.641,0.827,100,22,0.021,0.71655744,2.145,1320.2736,3.967,259896880.0,0.023,1117556600.0
35.0,15.529,0.877,118,20,nan,nan,0.000,1320.2736,3.703,259896880.0,nan,1117556600.0
37.0,16.416,0.927,114,16,nan,nan,0.000,1320.2736,3.893,259896880.0,nan,1117556600.0
39.0,17.303,0.977,128,16,nan,nan,0.000,1320.2736,3.746,259896880.0,nan,1117556600.0
41.0,18.191,1.027,122,14,nan,nan,0.000,1320.2736,3.942,259896880.0,nan,1117556600.0
43.0,19.078,1.077,144,13,nan,nan,0.000,1320.2736,3.743,259896880.0,nan,1117556600.0
45.0,19.966,1.127,139,13,nan,nan,0.000,1320.2736,3.925,259896880.0,nan,1117556600.0
47.0,20.853,1.178,157,6,nan,nan,0.000,1320.2736,3.844,259896880.0,nan,1117556600.0
49.0,21.740,1.228,155,9,nan,nan,0.000,1320.2736,4.020,259896880.0,nan,1117556600.0
51.0,22.628,1.278,161,9,nan,nan,0.000,1320.2736,4.047,259896880.0,nan,1117556600.0
53.0,23.515,1.328,174,5,nan,nan,0.000,1320.2736,4.165,259896880.0,nan,1117556600.0
55.0,24.402,1.378,172,7,nan,nan,0.000,1320.2736,4.258,259896880.0,nan,1117556600.0
57.0,25.290,1.428,182,5,nan,nan,0.000,1320.2736,4.309,259896880.0,nan,1117556600.0
59.0,26.177,1.478,184,7,nan,nan,0.000,1320.2736,4.404,259896880.0,nan,1117556600.0
61.0,27.064,1.528,197,4,nan,nan,0.000,1320.2736,4.301,259896880.0,nan,1117556600.0
63.0,27.952,1.578,193,6,nan,nan,0.000,1320.2736,4.469,259896880.0,nan,1117556600.0
65.0,28.839,1.629,189,5,nan,nan,0.000,1320.2736,4.316,259896880.0,nan,1117556600.0
67.0,29.726,1.679,163,4,nan,nan,0.000,1320.2736,4.607,259896880.0,nan,1117556600.0
69.0,30.614,1.729,174,4,nan,nan,0.000,1320.2736,4.324,259896880.0,nan,1117556600.0
71.0,31.501,1.779,153,3,nan,nan,0.000,1320.2736,4.617,259896880.0,nan,1117556600.0
73.0,32.389,1.829,162,2,nan,nan,0.000,1320.2736,4.521,259896880.0,nan,1117556600.0
75.0,33.276,1.879,150,3,nan,nan,0.000,1320.2736,4.625,259896880.0,nan,1117556600.0
77.0,34.163,1.929,153,2,nan,nan,0.000,1320.2736,4.593,259896880.0,nan,1117556600.0
79.0,35.051,1.979,140,0,nan,nan,0.000,1320.2736,4.617,259896880.0,nan,1117556600.0
81.0,35.938,2.029,134,0,nan,nan,0.000,1320.2736,4.732,259896880.0,nan,1117556600.0
83.0,36.825,2.079,132,0,nan,nan,0.000,1320.2736,4.620,259896880.0,nan,1117556600.0
85.0,37.713,2.130,122,0,nan,nan,0.000,1320.2736,4.855,259896880.0,nan,1117556600.0
87.0,38.600,2.180,130,0,nan,nan,0.000,1320.2736,4.624,259896880.0,nan,1117556600.0
89.0,39.487,2.230,113,0,nan,nan,0.000,1320.2736,4.941,259896880.0,nan,1117556600.0
91.0,40.375,2.280,122,0,nan,nan,0.000,1320.2736,4.761,259896880.0,nan,1117556600.0
93.0,41.262,2.330,111,0,nan,nan,0.000,1320.2736,4.962,259896880.0,nan,1117556600.0
95.0,42.149,2.380,115,0,nan,nan,0.000,1320.2736,4.858,259896880.0,nan,1117556600.0
97.0,43.037,2.430,113,0,nan,nan,0.000,1320.2736,4.895,259896880.0,nan,1117556600.0
99.0,43.924,2.480,102,0,nan,nan,0.000,1320.2736,5.135,259896880.0,nan,1117556600.0
101.0,44.812,2.530,113,0,nan,nan,0.000,1320.2736,4.892,259896880.0,nan,1117556600.0
103.0,45.699,2.581,97,0,nan,nan,0.000,1320.2736,5.232,259896880.0,nan,1117556600.0
105.0,46.586,2.631,107,0,nan,nan,0.000,1320.2736,5.030,259896880.0,nan,1117556600.0
107.0,47.474,2.681,93,0,nan,nan,0.000,1320.2736,5.327,259896880.0,nan,1117556600.0
109.0,48.361,2.731,105,0,nan,nan,0.000,1320.2736,5.087,259896880.0,nan,1117556600.0
111.0,49.248,2.781,96,0,nan,nan,0.000,1320.2736,5.327,259896880.0,nan,1117556600.0
113.0,50.136,2.831,98,0,nan,nan,0.000,1320.2736,5.258,259896880.0,nan,1117556600.0
115.0,51.023,2.881,96,0,nan,nan,0.000,1320.2736,5.307,259896880.0,nan,1117556600.0
117.0,51.910,2.931,91,0,nan,nan,0.000,1320.2736,5.460,259896880.0,nan,1117556600.0
119.0,52.798,2.981,94,0,nan,nan,0.000,1320.2736,5.359,259896880.0,nan,1117556600.0
121.0,53.685,3.032,86,0,nan,nan,0.000,1320.2736,5.666,259896880.0,nan,1117556600.0
123.0,54.572,3.082,93,0,nan,nan,0.000,1320.2736,5.452,259896880.0,nan,1117556600.0
125.0,55.460,3.132,82,0,nan,nan,0.000,1320.2736,5.789,259896880.0,nan,1117556600.0
127.0,56.347,3.182,89,0,nan,nan,0.000,1320.2736,5.564,259896880.0,nan,1117556600.0
129.0,57.235,3.232,84,0,nan,nan,0.000,1320.2736,5.794,259896880.0,nan,1117556600.0
131.0,58.122,3.282,81,0,nan,nan,0.000,1320.2736,5.893,259896880.0,nan,1117556600.0
133.0,59.009,3.332,83,0,nan,nan,0.000,1320.2736,5.867,259896880.0,nan,1117556600.0
135.0,59.897,3.382,79,0,nan,nan,0.000,1320.2736,5.992,259896880.0,nan,1117556600.0
137.0,60.784,3.432,82,0,nan,nan,0.000,1320.2736,5.969,259896880.0,nan,1117556600.0
139.0,61.671,3.483,75,0,nan,nan,0.000,1320.2736,6.245,259896880.0,nan,1117556600.0
141.0,62.559,3.533,79,0,nan,nan,0.000,1320.2736,6.108,259896880.0,nan,1117556600.0
143.0,63.446,3.583,75,0,nan,nan,0.000,1320.2736,6.344,259896880.0,nan,1117556600.0
145.0,64.333,3.633,75,0,nan,nan,0.000,1320.2736,6.337,259896880.0,nan,1117556600.0
147.0,65.221,3.683,73,0,nan,nan,0.000,1320.2736,6.481,259896880.0,nan,1117556600.0
149.0,66.108,3.733,72,0,nan,nan,0.000,1320.2736,6.550,259896880.0,nan,1117556600.0
151.0,66.995,3.783,71,0,nan,nan,0.000,1320.2736,6.692,259896880.0,nan,1117556600.0
153.0,67.883,3.833,67,0,nan,nan,0.000,1320.2736,6.879,259896880.0,nan,1117556600.0
155.0,68.770,3.883,70,0,nan,nan,0.000,1320.2736,6.818,259896880.0,nan,1117556600.0
157.0,69.658,3.934,64,0,nan,nan,0.000,1320.2736,7.203,259896880.0,nan,1117556600.0
159.0,70.545,3.984,69,0,nan,nan,0.000,1320.2736,6.990,259896880.0,nan,1117556600.0
161.0,71.432,4.034,63,0,nan,nan,0.000,1320.2736,7.416,259896880.0,nan,1117556600.0
163.0,72.320,4.084,66,0,nan,nan,0.000,1320.2736,7.312,259896880.0,nan,1117556600.0
165.0,73.207,4.134,62,0,nan,nan,0.000,1320.2736,7.639,259896880.0,nan,1117556600.0
167.0,74.094,4.184,61,0,nan,nan,0.000,1320.2736,7.740,259896880.0,nan,1117556600.0
169.0,74.982,4.234,61,0,nan,nan,0.000,1320.2736,7.948,259896880.0,nan,1117556600.0
171.0,75.869,4.284,57,0,nan,nan,0.000,1320.2736,8.348,259896880.0,nan,1117556600.0
173.0,76.756,4.334,59,0,nan,nan,0.000,1320.2736,8.236,259896880.0,nan,1117556600.0
175.0,77.644,4.384,56,0,nan,nan,0.000,1320.2736,8.769,259896880.0,nan,1117556600.0
177.0,78.531,4.435,56,0,nan,nan,0.000,1320.2736,8.935,259896880.0,nan,1117556600.0
179.0,79.418,4.485,55,0,nan,nan,0.000,1320.2736,8.974,259896880.0,nan,1117556600.0
181.0,80.306,4.535,52,0,nan,nan,0.000,1320.2736,9.613,259896880.0,nan,1117556600.0
183.0,81.193,4.585,54,0,nan,nan,0.000,1320.2736,9.741,259896880.0,nan,1117556600.0
185.0,82.081,4.635,49,0,nan,nan,0.000,1320.2736,10.318,259896880.0,nan,1117556600.0
187.0,82.968,4.685,49,0,nan,nan,0.000,1320.2736,10.984,259896880.0,nan,1117556600.0
189.0,83.855,4.735,51,0,nan,nan,0.000,1320.2736,11.266,259896880.0,nan,1117556600.0
191.0,84.743,4.785,46,0,nan,nan,0.000,1320.2736,12.556,259896880.0,nan,1117556600.0
193.0,85.630,4.835,46,0,nan,nan,0.000,1320.2736,13.451,259896880.0,nan,1117556600.0
195.0,86.517,4.886,46,0,nan,nan,0.000,1320.2736,14.531,259896880.0,nan,1117556600.0
197.0,87.405,4.936,43,0,nan,nan,0.000,1320.2736,20.177,259896880.0,nan,1117556600.0
199.0,88.292,4.986,44,0,nan,nan,0.000,1320.2736,27.591,259896880.0,nan,1117556600.0
201.0,89.179,5.036,42,0,nan,nan,0.000,1320.2736,nan,259896880.0,nan,1117556600.0
203.0,90.067,5.086,42,0,nan,nan,0.000,1320.2736,nan,259896880.0,nan,1117556600.0
205.0,90.954,5.136,40,0,nan,nan,0.000,1320.2736,nan,259896880.0,nan,1117556600.0
207.0,91.841,5.186,39,0,nan,nan,0.000,1320.2736,nan,259896880.0,nan,1117556600.0
209.0,92.729,5.236,37,0,nan,nan,0.000,1320.2736,nan,259896880.0,nan,1117556600.0
211.0,93.616,5.286,37,0,nan,nan,0.000,1320.2736,nan,259896880.0,nan,1117556600.0
213.0,94.504,5.337,37,0,nan,nan,0.000,1320.2736,nan,259896880.0,nan,1117556600.0
215.0,95.391,5.387,34,0,nan,nan,0.000,1320.2736,nan,259896880.0,nan,1117556600.0
217.0,96.278,5.437,33,0,nan,nan,0.000,1320.2736,nan,259896880.0,nan,1117556600.0
219.0,97.166,5.487,33,0,nan,nan,0.000,1320.2736,nan,259896880.0,nan,1117556600.0
221.0,98.053,5.537,31,0,nan,nan,0.000,1320.2736,nan,259896880.0,nan,1117556600.0
223.0,98.940,5.587,30,0,nan,nan,0.000,1320.2736,nan,259896880.0,nan,1117556600.0
225.0,99.828,5.637,30,0,nan,nan,0.000,1320.2736,nan,259896880.0,nan,1117556600.0
227.0,100.715,5.687,28,0,nan,nan,0.000,1320.2736,nan,259896880.0,nan,1117556600.0
229.0,101.602,5.737,27,0,nan,nan,0.000,1320.2736,nan,259896880.0,nan,1117556600.0
231.0,102.490,5.788,26,0,nan,nan,0.000,1320.2736,nan,259896880.0,nan,1117556600.0
233.0,103.377,5.838,25,0,nan,nan,0.000,1320.2736,nan,259896880.0,nan,1117556600.0
235.0,104.264,5.888,24,0,nan,nan,0.000,1320.2736,nan,259896880.0,nan,1117556600.0
237.0,105.152,5.938,23,0,nan,nan,0.000,1320.2736,nan,259896880.0,nan,1117556600.0
239.0,106.039,5.988,22,0,nan,nan,0.000,1320.2736,nan,259896880.0,nan,1117556600.0
241.0,106.927,6.038,20,0,nan,nan,0.000,1320.2736,nan,259896880.0,nan,1117556600.0
243.0,107.814,6.088,19,0,nan,nan,0.000,1320.2736,nan,259896880.0,nan,1117556600.0
245.0,108.701,6.138,19,0,nan,nan,0.000,1320.2736,nan,259896880.0,nan,1117556600.0
247.0,109.589,6.188,17,0,nan,nan,0.000,1320.2736,nan,259896880.0,nan,1117556600.0
249.0,110.476,6.238,17,0,nan,nan,0.000,1320.2736,nan,259896880.0,nan,1117556600.0
251.0,111.363,6.289,15,0,nan,nan,0.000,1320.2736,nan,259896880.0,nan,1117556600.0
253.0,112.251,6.339,13,0,nan,nan,0.000,1320.2736,nan,259896880.0,nan,1117556600.0
255.0,113.138,6.389,14,0,nan,nan,0.000,1320.2736,nan,259896880.0,nan,1117556600.0
257.0,114.025,6.439,12,0,nan,nan,0.000,1320.2736,nan,259896880.0,nan,1117556600.0
259.0,114.913,6.489,10,0,nan,nan,0.000,1320.2736,nan,259896880.0,nan,1117556600.0
261.0,115.800,6.539,11,0,nan,nan,0.000,1320.2736,nan,259896880.0,nan,1117556600.0
263.0,116.687,6.589,8,0,nan,nan,0.000,1320.2736,nan,259896880.0,nan,1117556600.0
265.0,117.575,6.639,8,0,nan,nan,0.000,1320.2736,nan,259896880.0,nan,1117556600.0
267.0,118.462,6.689,8,0,nan,nan,0.000,1320.2736,nan,259896880.0,nan,1117556600.0
269.0,119.350,6.740,5,0,nan,nan,0.000,1320.2736,nan,259896880.0,nan,1117556600.0
271.0,120.237,6.790,5,0,nan,nan,0.000,1320.2736,nan,259896880.0,nan,1117556600.0
273.0,121.124,6.840,4,0,nan,nan,0.000,1320.2736,nan,259896880.0,nan,1117556600.0
275.0,122.012,6.890,2,0,nan,nan,0.000,1320.2736,nan,259896880.0,nan,1117556600.0
277.0,122.899,6.940,2,0,nan,nan,0.000,1320.2736,nan,259896880.0,nan,1117556600.0
279.0,123.786,6.990,1,0,nan,nan,0.000,1320.2736,nan,259896880.0,nan,1117556600.0
281.0,124.674,7.040,0,0,nan,nan,0.000,1320.2736,nan,259896880.0,nan,1117556600.0
