dat_prof/radprof/CO_natv/UGC09919.smob0.rprof.txt
# %ECSV 0.9
# ---
# datatype:
# - {name: radius, unit: arcsec, datatype: float64, description: Adopting RA=233.91449999999998
#     deg DEC=12.6063 deg PA=349.2 INC=77.9}
# - {name: r_kpc, unit: kpc, datatype: float64, format: 10.3f, description: Adopting
#     distance of 47.1307 Mpc}
# - {name: r_r25, unit: '', datatype: float64, format: 10.3f, description: Adopting
#     R25=44.271300000000004 arcsec}
# - {name: npix, datatype: int64}
# - {name: ngood, datatype: int64, description: Requiring fill fraction of 0.2 npix}
# - {name: wtmean, unit: K km / s, datatype: float64, format: 10.3f, description: Replaced
#     blanks with 0 times ../UGC09919.co.de20_smo.emom0max.fits}
# - {name: rms, unit: K km / s, datatype: float32}
# - {name: annsum, unit: K km pix / s, datatype: float32, format: 10.3f}
# - {name: cumsum, unit: K km pix / s, datatype: float32}
# - {name: detlim, unit: K km / s, datatype: float64, format: 10.3f}
# - {name: cumlum, unit: K km pc2 / s, datatype: float32}
# - {name: sigmol, unit: solMass / pc2, datatype: float64, format: 10.3f}
# - {name: cummass, unit: solMass, datatype: float32}
# delimiter: ','
# schema: astropy-2.0
radius,r_kpc,r_r25,npix,ngood,wtmean,rms,annsum,cumsum,detlim,cumlum,sigmol,cummass
1.0,0.228,0.023,3,3,3.152,1.1943675,9.457,9.456514,22.745,493728.97,2.841,2123034.8
3.0,0.685,0.068,7,7,1.108,1.9277738,7.757,17.213028,14.906,898700.1,0.999,3864410.8
5.0,1.142,0.113,13,13,3.727,1.6437896,48.454,65.66676,11.084,3428492.0,3.360,14742516.0
7.0,1.599,0.158,19,19,4.202,3.6406744,79.829,145.49576,9.096,7596400.5,3.787,32664524.0
9.0,2.056,0.203,22,22,4.774,3.8766422,105.029,250.52516,8.584,13080034.0,4.303,56244148.0
11.0,2.513,0.248,34,34,5.030,3.8113313,171.007,421.5326,6.864,22008410.0,4.534,94636170.0
13.0,2.970,0.294,32,32,3.388,3.183202,108.410,529.94257,7.181,27668546.0,3.054,118974750.0
15.0,3.427,0.339,39,39,3.878,4.0444145,151.258,681.20074,6.477,35565804.0,3.496,152932960.0
17.0,3.884,0.384,45,45,2.960,2.5675752,133.196,814.39703,6.112,42520044.0,2.668,182836200.0
19.0,4.341,0.429,50,50,2.815,3.158933,140.750,955.14685,5.840,49868656.0,2.537,214435230.0
21.0,4.798,0.474,52,44,0.966,2.3711596,50.242,1005.3885,5.778,52491796.0,0.871,225714740.0
23.0,5.255,0.520,64,43,1.409,2.297112,90.162,1095.5505,5.285,57199200.0,1.270,245956580.0
25.0,5.712,0.565,65,38,0.385,2.0487173,25.028,1120.5781,5.310,58505900.0,0.347,251575380.0
27.0,6.169,0.610,68,33,0.652,1.4599259,44.362,1164.9397,5.263,60822040.0,0.588,261534780.0
29.0,6.626,0.655,83,35,0.291,1.5683926,24.130,1189.0695,4.865,62081864.0,0.262,266952030.0
31.0,7.083,0.700,77,28,0.307,1.3354683,23.636,1212.7059,5.129,63315936.0,0.277,272258530.0
33.0,7.540,0.745,89,28,0.241,1.3034011,21.487,1234.1931,4.849,64437790.0,0.218,277082530.0
35.0,7.997,0.791,91,23,0.101,0.8835906,9.193,1243.3862,4.930,64917770.0,0.091,279146400.0
37.0,8.454,0.836,97,16,nan,nan,0.000,1243.3862,4.864,64917770.0,nan,279146400.0
39.0,8.911,0.881,102,20,nan,nan,0.000,1243.3862,4.888,64917770.0,nan,279146400.0
41.0,9.368,0.926,109,14,nan,nan,0.000,1243.3862,4.843,64917770.0,nan,279146400.0
43.0,9.825,0.971,116,12,nan,nan,0.000,1243.3862,4.846,64917770.0,nan,279146400.0
45.0,10.282,1.016,114,6,nan,nan,0.000,1243.3862,5.073,64917770.0,nan,279146400.0
47.0,10.739,1.062,128,8,nan,nan,0.000,1243.3862,4.928,64917770.0,nan,279146400.0
49.0,11.196,1.107,126,6,nan,nan,0.000,1243.3862,5.196,64917770.0,nan,279146400.0
51.0,11.653,1.152,129,3,nan,nan,0.000,1243.3862,5.176,64917770.0,nan,279146400.0
53.0,12.110,1.197,115,1,nan,nan,0.000,1243.3862,5.301,64917770.0,nan,279146400.0
55.0,12.567,1.242,109,1,nan,nan,0.000,1243.3862,5.374,64917770.0,nan,279146400.0
57.0,13.024,1.288,103,0,nan,nan,0.000,1243.3862,5.539,64917770.0,nan,279146400.0
59.0,13.481,1.333,100,0,nan,nan,0.000,1243.3862,5.482,64917770.0,nan,279146400.0
61.0,13.938,1.378,107,0,nan,nan,0.000,1243.3862,5.406,64917770.0,nan,279146400.0
63.0,14.395,1.423,93,0,nan,nan,0.000,1243.3862,5.727,64917770.0,nan,279146400.0
65.0,14.852,1.468,106,0,nan,nan,0.000,1243.3862,5.428,64917770.0,nan,279146400.0
67.0,15.309,1.513,95,0,nan,nan,0.000,1243.3862,5.665,64917770.0,nan,279146400.0
69.0,15.766,1.559,98,0,nan,nan,0.000,1243.3862,5.527,64917770.0,nan,279146400.0
71.0,16.223,1.604,91,0,nan,nan,0.000,1243.3862,5.839,64917770.0,nan,279146400.0
73.0,16.680,1.649,95,0,nan,nan,0.000,1243.3862,5.635,64917770.0,nan,279146400.0
75.0,17.137,1.694,91,0,nan,nan,0.000,1243.3862,5.866,64917770.0,nan,279146400.0
77.0,17.594,1.739,91,0,nan,nan,0.000,1243.3862,5.743,64917770.0,nan,279146400.0
79.0,18.051,1.784,99,0,nan,nan,0.000,1243.3862,5.724,64917770.0,nan,279146400.0
81.0,18.508,1.830,89,0,nan,nan,0.000,1243.3862,5.835,64917770.0,nan,279146400.0
83.0,18.965,1.875,95,0,nan,nan,0.000,1243.3862,5.831,64917770.0,nan,279146400.0
85.0,19.422,1.920,90,0,nan,nan,0.000,1243.3862,5.950,64917770.0,nan,279146400.0
87.0,19.879,1.965,93,0,nan,nan,0.000,1243.3862,5.824,64917770.0,nan,279146400.0
89.0,20.336,2.010,91,0,nan,nan,0.000,1243.3862,6.002,64917770.0,nan,279146400.0
91.0,20.793,2.056,88,0,nan,nan,0.000,1243.3862,6.022,64917770.0,nan,279146400.0
93.0,21.250,2.101,89,0,nan,nan,0.000,1243.3862,6.050,64917770.0,nan,279146400.0
95.0,21.707,2.146,91,0,nan,nan,0.000,1243.3862,5.961,64917770.0,nan,279146400.0
97.0,22.164,2.191,90,0,nan,nan,0.000,1243.3862,6.089,64917770.0,nan,279146400.0
99.0,22.621,2.236,91,0,nan,nan,0.000,1243.3862,6.037,64917770.0,nan,279146400.0
101.0,23.078,2.281,88,0,nan,nan,0.000,1243.3862,6.203,64917770.0,nan,279146400.0
103.0,23.535,2.327,89,0,nan,nan,0.000,1243.3862,6.185,64917770.0,nan,279146400.0
105.0,23.992,2.372,88,0,nan,nan,0.000,1243.3862,6.255,64917770.0,nan,279146400.0
107.0,24.449,2.417,89,0,nan,nan,0.000,1243.3862,6.185,64917770.0,nan,279146400.0
109.0,24.906,2.462,89,0,nan,nan,0.000,1243.3862,6.314,64917770.0,nan,279146400.0
111.0,25.363,2.507,91,0,nan,nan,0.000,1243.3862,6.138,64917770.0,nan,279146400.0
113.0,25.820,2.552,88,0,nan,nan,0.000,1243.3862,6.414,64917770.0,nan,279146400.0
115.0,26.277,2.598,87,0,nan,nan,0.000,1243.3862,6.392,64917770.0,nan,279146400.0
117.0,26.734,2.643,87,0,nan,nan,0.000,1243.3862,6.528,64917770.0,nan,279146400.0
119.0,27.191,2.688,88,0,nan,nan,0.000,1243.3862,6.448,64917770.0,nan,279146400.0
121.0,27.648,2.733,87,0,nan,nan,0.000,1243.3862,6.535,64917770.0,nan,279146400.0
123.0,28.105,2.778,91,0,nan,nan,0.000,1243.3862,6.385,64917770.0,nan,279146400.0
125.0,28.562,2.823,89,0,nan,nan,0.000,1243.3862,6.546,64917770.0,nan,279146400.0
127.0,29.019,2.869,89,0,nan,nan,0.000,1243.3862,6.604,64917770.0,nan,279146400.0
129.0,29.476,2.914,85,0,nan,nan,0.000,1243.3862,6.816,64917770.0,nan,279146400.0
131.0,29.933,2.959,86,0,nan,nan,0.000,1243.3862,6.830,64917770.0,nan,279146400.0
133.0,30.390,3.004,89,0,nan,nan,0.000,1243.3862,6.687,64917770.0,nan,279146400.0
135.0,30.847,3.049,87,0,nan,nan,0.000,1243.3862,6.878,64917770.0,nan,279146400.0
137.0,31.304,3.095,91,0,nan,nan,0.000,1243.3862,6.728,64917770.0,nan,279146400.0
139.0,31.761,3.140,84,0,nan,nan,0.000,1243.3862,7.045,64917770.0,nan,279146400.0
141.0,32.218,3.185,89,0,nan,nan,0.000,1243.3862,6.958,64917770.0,nan,279146400.0
143.0,32.675,3.230,85,0,nan,nan,0.000,1243.3862,7.075,64917770.0,nan,279146400.0
145.0,33.132,3.275,88,0,nan,nan,0.000,1243.3862,7.161,64917770.0,nan,279146400.0
147.0,33.589,3.320,89,0,nan,nan,0.000,1243.3862,7.149,64917770.0,nan,279146400.0
149.0,34.046,3.366,84,0,nan,nan,0.000,1243.3862,7.331,64917770.0,nan,279146400.0
151.0,34.503,3.411,89,0,nan,nan,0.000,1243.3862,7.186,64917770.0,nan,279146400.0
153.0,34.960,3.456,87,0,nan,nan,0.000,1243.3862,7.328,64917770.0,nan,279146400.0
155.0,35.417,3.501,87,0,nan,nan,0.000,1243.3862,7.510,64917770.0,nan,279146400.0
157.0,35.874,3.546,84,0,nan,nan,0.000,1243.3862,7.586,64917770.0,nan,279146400.0
159.0,36.331,3.591,88,0,nan,nan,0.000,1243.3862,7.551,64917770.0,nan,279146400.0
161.0,36.788,3.637,86,0,nan,nan,0.000,1243.3862,7.637,64917770.0,nan,279146400.0
163.0,37.245,3.682,85,0,nan,nan,0.000,1243.3862,7.874,64917770.0,nan,279146400.0
165.0,37.702,3.727,90,0,nan,nan,0.000,1243.3862,7.638,64917770.0,nan,279146400.0
167.0,38.159,3.772,84,0,nan,nan,0.000,1243.3862,7.993,64917770.0,nan,279146400.0
169.0,38.616,3.817,89,0,nan,nan,0.000,1243.3862,7.805,64917770.0,nan,279146400.0
171.0,39.073,3.863,87,0,nan,nan,0.000,1243.3862,8.097,64917770.0,nan,279146400.0
173.0,39.530,3.908,87,0,nan,nan,0.000,1243.3862,8.222,64917770.0,nan,279146400.0
175.0,39.987,3.953,85,0,nan,nan,0.000,1243.3862,8.306,64917770.0,nan,279146400.0
177.0,40.444,3.998,83,0,nan,nan,0.000,1243.3862,8.648,64917770.0,nan,279146400.0
179.0,40.901,4.043,89,0,nan,nan,0.000,1243.3862,8.333,64917770.0,nan,279146400.0
181.0,41.358,4.088,88,0,nan,nan,0.000,1243.3862,8.354,64917770.0,nan,279146400.0
183.0,41.815,4.134,89,0,nan,nan,0.000,1243.3862,8.648,64917770.0,nan,279146400.0
185.0,42.272,4.179,85,0,nan,nan,0.000,1243.3862,8.837,64917770.0,nan,279146400.0
187.0,42.729,4.224,85,0,nan,nan,0.000,1243.3862,9.148,64917770.0,nan,279146400.0
189.0,43.186,4.269,83,0,nan,nan,0.000,1243.3862,9.136,64917770.0,nan,279146400.0
191.0,43.643,4.314,83,0,nan,nan,0.000,1243.3862,9.444,64917770.0,nan,279146400.0
193.0,44.100,4.359,79,0,nan,nan,0.000,1243.3862,9.183,64917770.0,nan,279146400.0
195.0,44.557,4.405,82,0,nan,nan,0.000,1243.3862,9.416,64917770.0,nan,279146400.0
197.0,45.014,4.450,80,0,nan,nan,0.000,1243.3862,9.579,64917770.0,nan,279146400.0
199.0,45.471,4.495,73,0,nan,nan,0.000,1243.3862,10.077,64917770.0,nan,279146400.0
201.0,45.928,4.540,77,0,nan,nan,0.000,1243.3862,10.018,64917770.0,nan,279146400.0
203.0,46.385,4.585,73,0,nan,nan,0.000,1243.3862,10.497,64917770.0,nan,279146400.0
205.0,46.842,4.631,73,0,nan,nan,0.000,1243.3862,10.498,64917770.0,nan,279146400.0
207.0,47.299,4.676,73,0,nan,nan,0.000,1243.3862,10.496,64917770.0,nan,279146400.0
209.0,47.756,4.721,72,0,nan,nan,0.000,1243.3862,10.859,64917770.0,nan,279146400.0
211.0,48.213,4.766,72,0,nan,nan,0.000,1243.3862,11.050,64917770.0,nan,279146400.0
213.0,48.670,4.811,63,0,nan,nan,0.000,1243.3862,12.206,64917770.0,nan,279146400.0
215.0,49.127,4.856,71,0,nan,nan,0.000,1243.3862,11.531,64917770.0,nan,279146400.0
217.0,49.584,4.902,63,0,nan,nan,0.000,1243.3862,12.395,64917770.0,nan,279146400.0
219.0,50.041,4.947,63,0,nan,nan,0.000,1243.3862,12.682,64917770.0,nan,279146400.0
221.0,50.498,4.992,61,0,nan,nan,0.000,1243.3862,12.968,64917770.0,nan,279146400.0
223.0,50.955,5.037,61,0,nan,nan,0.000,1243.3862,13.773,64917770.0,nan,279146400.0
225.0,51.412,5.082,57,0,nan,nan,0.000,1243.3862,15.410,64917770.0,nan,279146400.0
227.0,51.869,5.127,55,0,nan,nan,0.000,1243.3862,15.803,64917770.0,nan,279146400.0
229.0,52.326,5.173,53,0,nan,nan,0.000,1243.3862,16.012,64917770.0,nan,279146400.0
231.0,52.783,5.218,47,0,nan,nan,0.000,1243.3862,16.939,64917770.0,nan,279146400.0
233.0,53.240,5.263,47,0,nan,nan,0.000,1243.3862,17.576,64917770.0,nan,279146400.0
235.0,53.697,5.308,45,0,nan,nan,0.000,1243.3862,17.518,64917770.0,nan,279146400.0
237.0,54.154,5.353,45,0,nan,nan,0.000,1243.3862,17.409,64917770.0,nan,279146400.0
239.0,54.611,5.399,43,0,nan,nan,0.000,1243.3862,19.110,64917770.0,nan,279146400.0
241.0,55.068,5.444,39,0,nan,nan,0.000,1243.3862,19.871,64917770.0,nan,279146400.0
243.0,55.525,5.489,37,0,nan,nan,0.000,1243.3862,21.586,64917770.0,nan,279146400.0
245.0,55.982,5.534,34,0,nan,nan,0.000,1243.3862,23.849,64917770.0,nan,279146400.0
247.0,56.439,5.579,34,0,nan,nan,0.000,1243.3862,24.059,64917770.0,nan,279146400.0
249.0,56.896,5.624,32,0,nan,nan,0.000,1243.3862,24.370,64917770.0,nan,279146400.0
251.0,57.353,5.670,32,0,nan,nan,0.000,1243.3862,25.855,64917770.0,nan,279146400.0
253.0,57.810,5.715,27,0,nan,nan,0.000,1243.3862,31.928,64917770.0,nan,279146400.0
255.0,58.267,5.760,26,0,nan,nan,0.000,1243.3862,nan,64917770.0,nan,279146400.0
257.0,58.723,5.805,23,0,nan,nan,0.000,1243.3862,nan,64917770.0,nan,279146400.0
259.0,59.180,5.850,22,0,nan,nan,0.000,1243.3862,nan,64917770.0,nan,279146400.0
261.0,59.637,5.895,20,0,nan,nan,0.000,1243.3862,nan,64917770.0,nan,279146400.0
263.0,60.094,5.941,18,0,nan,nan,0.000,1243.3862,nan,64917770.0,nan,279146400.0
265.0,60.551,5.986,20,0,nan,nan,0.000,1243.3862,nan,64917770.0,nan,279146400.0
267.0,61.008,6.031,14,0,nan,nan,0.000,1243.3862,nan,64917770.0,nan,279146400.0
269.0,61.465,6.076,14,0,nan,nan,0.000,1243.3862,nan,64917770.0,nan,279146400.0
271.0,61.922,6.121,12,0,nan,nan,0.000,1243.3862,nan,64917770.0,nan,279146400.0
273.0,62.379,6.167,12,0,nan,nan,0.000,1243.3862,nan,64917770.0,nan,279146400.0
275.0,62.836,6.212,10,0,nan,nan,0.000,1243.3862,nan,64917770.0,nan,279146400.0
277.0,63.293,6.257,10,0,nan,nan,0.000,1243.3862,nan,64917770.0,nan,279146400.0
279.0,63.750,6.302,9,0,nan,nan,0.000,1243.3862,nan,64917770.0,nan,279146400.0
281.0,64.207,6.347,8,0,nan,nan,0.000,1243.3862,nan,64917770.0,nan,279146400.0
283.0,64.664,6.392,8,0,nan,nan,0.000,1243.3862,nan,64917770.0,nan,279146400.0
285.0,65.121,6.438,7,0,nan,nan,0.000,1243.3862,nan,64917770.0,nan,279146400.0
287.0,65.578,6.483,6,0,nan,nan,0.000,1243.3862,nan,64917770.0,nan,279146400.0
289.0,66.035,6.528,4,0,nan,nan,0.000,1243.3862,nan,64917770.0,nan,279146400.0
291.0,66.492,6.573,4,0,nan,nan,0.000,1243.3862,nan,64917770.0,nan,279146400.0
293.0,66.949,6.618,3,0,nan,nan,0.000,1243.3862,nan,64917770.0,nan,279146400.0
295.0,67.406,6.663,2,0,nan,nan,0.000,1243.3862,nan,64917770.0,nan,279146400.0
297.0,67.863,6.709,1,0,nan,nan,0.000,1243.3862,nan,64917770.0,nan,279146400.0
299.0,68.320,6.754,0,0,nan,nan,0.000,1243.3862,nan,64917770.0,nan,279146400.0
