dat_prof/radprof/CO_natv/UGC04280.smob0.rprof.txt
# %ECSV 0.9
# ---
# datatype:
# - {name: radius, unit: arcsec, datatype: float64, description: Adopting RA=123.63884999999998
#     deg DEC=54.7995 deg PA=183.7 INC=71.5}
# - {name: r_kpc, unit: kpc, datatype: float64, format: 10.3f, description: Adopting
#     distance of 50.8695 Mpc}
# - {name: r_r25, unit: '', datatype: float64, format: 10.3f, description: Adopting
#     R25=39.638999999999996 arcsec}
# - {name: npix, datatype: int64}
# - {name: ngood, datatype: int64, description: Requiring fill fraction of 0.2 npix}
# - {name: wtmean, unit: K km / s, datatype: float64, format: 10.3f, description: Replaced
#     blanks with 0 times ../UGC04280.co.de20_smo.emom0max.fits}
# - {name: rms, unit: K km / s, datatype: float32}
# - {name: annsum, unit: K km pix / s, datatype: float32, format: 10.3f}
# - {name: cumsum, unit: K km pix / s, datatype: float32}
# - {name: detlim, unit: K km / s, datatype: float64, format: 10.3f}
# - {name: cumlum, unit: K km pc2 / s, datatype: float32}
# - {name: sigmol, unit: solMass / pc2, datatype: float64, format: 10.3f}
# - {name: cummass, unit: solMass, datatype: float32}
# delimiter: ','
# schema: astropy-2.0
radius,r_kpc,r_r25,npix,ngood,wtmean,rms,annsum,cumsum,detlim,cumlum,sigmol,cummass
1.0,0.247,0.025,4,4,32.252,5.158068,129.009,129.00888,25.649,7846650.0,44.005,33740596.0
3.0,0.740,0.076,13,13,23.183,7.3567433,301.377,430.3861,14.039,26177184.0,31.631,112561896.0
5.0,1.233,0.126,20,20,13.114,6.339656,262.275,692.66064,10.924,42129390.0,17.892,181156400.0
7.0,1.726,0.177,27,27,9.128,6.906837,246.464,939.1248,9.136,57119976.0,12.455,245615900.0
9.0,2.220,0.227,36,36,5.562,4.277019,200.219,1139.3442,7.789,69297830.0,7.588,297980700.0
11.0,2.713,0.278,45,37,4.349,4.055387,195.728,1335.072,6.718,81202500.0,5.934,349170750.0
13.0,3.206,0.328,52,39,2.478,3.3749547,128.871,1463.9427,6.232,89040744.0,3.381,382875230.0
15.0,3.699,0.378,56,32,0.778,2.2798219,43.541,1507.4843,5.889,91689050.0,1.061,394262900.0
17.0,4.193,0.429,67,34,1.036,2.3606703,69.402,1576.8862,5.451,95910260.0,1.413,412414100.0
19.0,4.686,0.479,81,33,0.434,1.9318411,35.187,1612.0732,4.952,98050420.0,0.593,421616800.0
21.0,5.179,0.530,80,27,0.629,1.5127354,50.291,1662.3638,4.928,101109220.0,0.858,434769660.0
23.0,5.672,0.580,90,31,0.336,1.3210292,30.252,1692.6163,4.690,102949256.0,0.459,442681820.0
25.0,6.166,0.631,105,33,0.237,1.357959,24.860,1717.4758,4.342,104461270.0,0.323,449183500.0
27.0,6.659,0.681,105,23,0.058,0.88277996,6.091,1723.5665,4.423,104831730.0,0.079,450776450.0
29.0,7.152,0.732,115,29,0.255,1.3091923,29.346,1752.9122,4.304,106616610.0,0.348,458451420.0
31.0,7.645,0.782,130,31,0.045,0.93576384,5.838,1758.7502,4.099,106971690.0,0.061,459978270.0
33.0,8.139,0.833,128,23,nan,nan,0.000,1758.7502,4.233,106971690.0,nan,459978270.0
35.0,8.632,0.883,137,22,nan,nan,0.000,1758.7502,4.177,106971690.0,nan,459978270.0
37.0,9.125,0.933,148,22,nan,nan,0.000,1758.7502,4.090,106971690.0,nan,459978270.0
39.0,9.618,0.984,156,11,nan,nan,0.000,1758.7502,4.142,106971690.0,nan,459978270.0
41.0,10.112,1.034,166,10,nan,nan,0.000,1758.7502,4.110,106971690.0,nan,459978270.0
43.0,10.605,1.085,172,9,nan,nan,0.000,1758.7502,4.164,106971690.0,nan,459978270.0
45.0,11.098,1.135,178,3,nan,nan,0.000,1758.7502,4.204,106971690.0,nan,459978270.0
47.0,11.591,1.186,188,7,nan,nan,0.000,1758.7502,4.232,106971690.0,nan,459978270.0
49.0,12.084,1.236,188,5,nan,nan,0.000,1758.7502,4.452,106971690.0,nan,459978270.0
51.0,12.578,1.287,195,0,nan,nan,0.000,1758.7502,4.378,106971690.0,nan,459978270.0
53.0,13.071,1.337,175,0,nan,nan,0.000,1758.7502,4.458,106971690.0,nan,459978270.0
55.0,13.564,1.388,160,0,nan,nan,0.000,1758.7502,4.717,106971690.0,nan,459978270.0
57.0,14.057,1.438,152,0,nan,nan,0.000,1758.7502,4.792,106971690.0,nan,459978270.0
59.0,14.551,1.488,162,0,nan,nan,0.000,1758.7502,4.582,106971690.0,nan,459978270.0
61.0,15.044,1.539,149,0,nan,nan,0.000,1758.7502,4.877,106971690.0,nan,459978270.0
63.0,15.537,1.589,146,0,nan,nan,0.000,1758.7502,4.919,106971690.0,nan,459978270.0
65.0,16.030,1.640,153,0,nan,nan,0.000,1758.7502,4.785,106971690.0,nan,459978270.0
67.0,16.524,1.690,140,0,nan,nan,0.000,1758.7502,5.044,106971690.0,nan,459978270.0
69.0,17.017,1.741,145,0,nan,nan,0.000,1758.7502,5.035,106971690.0,nan,459978270.0
71.0,17.510,1.791,145,0,nan,nan,0.000,1758.7502,4.977,106971690.0,nan,459978270.0
73.0,18.003,1.842,144,0,nan,nan,0.000,1758.7502,5.108,106971690.0,nan,459978270.0
75.0,18.497,1.892,139,0,nan,nan,0.000,1758.7502,5.162,106971690.0,nan,459978270.0
77.0,18.990,1.943,133,0,nan,nan,0.000,1758.7502,5.430,106971690.0,nan,459978270.0
79.0,19.483,1.993,143,0,nan,nan,0.000,1758.7502,5.141,106971690.0,nan,459978270.0
81.0,19.976,2.043,143,0,nan,nan,0.000,1758.7502,5.220,106971690.0,nan,459978270.0
83.0,20.470,2.094,132,0,nan,nan,0.000,1758.7502,5.582,106971690.0,nan,459978270.0
85.0,20.963,2.144,133,0,nan,nan,0.000,1758.7502,5.567,106971690.0,nan,459978270.0
87.0,21.456,2.195,150,0,nan,nan,0.000,1758.7502,5.178,106971690.0,nan,459978270.0
89.0,21.949,2.245,130,0,nan,nan,0.000,1758.7502,5.789,106971690.0,nan,459978270.0
91.0,22.443,2.296,133,0,nan,nan,0.000,1758.7502,5.715,106971690.0,nan,459978270.0
93.0,22.936,2.346,146,0,nan,nan,0.000,1758.7502,5.448,106971690.0,nan,459978270.0
95.0,23.429,2.397,131,0,nan,nan,0.000,1758.7502,5.910,106971690.0,nan,459978270.0
97.0,23.922,2.447,130,0,nan,nan,0.000,1758.7502,5.974,106971690.0,nan,459978270.0
99.0,24.416,2.498,143,0,nan,nan,0.000,1758.7502,5.723,106971690.0,nan,459978270.0
101.0,24.909,2.548,134,0,nan,nan,0.000,1758.7502,6.038,106971690.0,nan,459978270.0
103.0,25.402,2.598,133,0,nan,nan,0.000,1758.7502,6.143,106971690.0,nan,459978270.0
105.0,25.895,2.649,136,0,nan,nan,0.000,1758.7502,6.130,106971690.0,nan,459978270.0
107.0,26.389,2.699,132,0,nan,nan,0.000,1758.7502,6.361,106971690.0,nan,459978270.0
109.0,26.882,2.750,134,0,nan,nan,0.000,1758.7502,6.357,106971690.0,nan,459978270.0
111.0,27.375,2.800,126,0,nan,nan,0.000,1758.7502,6.749,106971690.0,nan,459978270.0
113.0,27.868,2.851,138,0,nan,nan,0.000,1758.7502,6.444,106971690.0,nan,459978270.0
115.0,28.362,2.901,140,0,nan,nan,0.000,1758.7502,6.523,106971690.0,nan,459978270.0
117.0,28.855,2.952,126,0,nan,nan,0.000,1758.7502,7.134,106971690.0,nan,459978270.0
119.0,29.348,3.002,124,0,nan,nan,0.000,1758.7502,7.257,106971690.0,nan,459978270.0
121.0,29.841,3.053,148,0,nan,nan,0.000,1758.7502,6.633,106971690.0,nan,459978270.0
123.0,30.335,3.103,127,0,nan,nan,0.000,1758.7502,7.504,106971690.0,nan,459978270.0
125.0,30.828,3.153,128,0,nan,nan,0.000,1758.7502,7.581,106971690.0,nan,459978270.0
127.0,31.321,3.204,142,0,nan,nan,0.000,1758.7502,7.237,106971690.0,nan,459978270.0
129.0,31.814,3.254,124,0,nan,nan,0.000,1758.7502,8.097,106971690.0,nan,459978270.0
131.0,32.308,3.305,131,0,nan,nan,0.000,1758.7502,8.067,106971690.0,nan,459978270.0
133.0,32.801,3.355,138,0,nan,nan,0.000,1758.7502,8.001,106971690.0,nan,459978270.0
135.0,33.294,3.406,130,0,nan,nan,0.000,1758.7502,8.568,106971690.0,nan,459978270.0
137.0,33.787,3.456,131,0,nan,nan,0.000,1758.7502,8.664,106971690.0,nan,459978270.0
139.0,34.280,3.507,130,0,nan,nan,0.000,1758.7502,9.160,106971690.0,nan,459978270.0
141.0,34.774,3.557,132,0,nan,nan,0.000,1758.7502,9.419,106971690.0,nan,459978270.0
143.0,35.267,3.608,133,0,nan,nan,0.000,1758.7502,9.476,106971690.0,nan,459978270.0
145.0,35.760,3.658,122,0,nan,nan,0.000,1758.7502,10.226,106971690.0,nan,459978270.0
147.0,36.253,3.708,136,0,nan,nan,0.000,1758.7502,10.649,106971690.0,nan,459978270.0
149.0,36.747,3.759,138,0,nan,nan,0.000,1758.7502,11.127,106971690.0,nan,459978270.0
151.0,37.240,3.809,121,0,nan,nan,0.000,1758.7502,12.273,106971690.0,nan,459978270.0
153.0,37.733,3.860,127,0,nan,nan,0.000,1758.7502,12.486,106971690.0,nan,459978270.0
155.0,38.226,3.910,144,0,nan,nan,0.000,1758.7502,15.028,106971690.0,nan,459978270.0
157.0,38.720,3.961,92,0,nan,nan,0.000,1758.7502,15.839,106971690.0,nan,459978270.0
159.0,39.213,4.011,64,0,nan,nan,0.000,1758.7502,28.680,106971690.0,nan,459978270.0
161.0,39.706,4.062,53,0,nan,nan,0.000,1758.7502,nan,106971690.0,nan,459978270.0
163.0,40.199,4.112,42,0,nan,nan,0.000,1758.7502,nan,106971690.0,nan,459978270.0
165.0,40.693,4.163,36,0,nan,nan,0.000,1758.7502,nan,106971690.0,nan,459978270.0
167.0,41.186,4.213,27,0,nan,nan,0.000,1758.7502,nan,106971690.0,nan,459978270.0
169.0,41.679,4.263,20,0,nan,nan,0.000,1758.7502,nan,106971690.0,nan,459978270.0
171.0,42.172,4.314,14,0,nan,nan,0.000,1758.7502,nan,106971690.0,nan,459978270.0
173.0,42.666,4.364,7,0,nan,nan,0.000,1758.7502,nan,106971690.0,nan,459978270.0
175.0,43.159,4.415,2,0,nan,nan,0.000,1758.7502,nan,106971690.0,nan,459978270.0
