dat_prof/radprof/CO_natv/UGC09537.smob0.rprof.txt
# %ECSV 0.9
# ---
# datatype:
# - {name: radius, unit: arcsec, datatype: float64, description: Adopting RA=222.11099999999996
#     deg DEC=34.998 deg PA=135.7 INC=72.0}
# - {name: r_kpc, unit: kpc, datatype: float64, format: 10.3f, description: Adopting
#     distance of 130.068 Mpc}
# - {name: r_r25, unit: '', datatype: float64, format: 10.3f, description: Adopting
#     R25=67.0071 arcsec}
# - {name: npix, datatype: int64}
# - {name: ngood, datatype: int64, description: Requiring fill fraction of 0.2 npix}
# - {name: wtmean, unit: K km / s, datatype: float64, format: 10.3f, description: Replaced
#     blanks with 0 times ../UGC09537.co.de20_smo.emom0max.fits}
# - {name: rms, unit: K km / s, datatype: float32}
# - {name: annsum, unit: K km pix / s, datatype: float32, format: 10.3f}
# - {name: cumsum, unit: K km pix / s, datatype: float32}
# - {name: detlim, unit: K km / s, datatype: float64, format: 10.3f}
# - {name: cumlum, unit: K km pc2 / s, datatype: float32}
# - {name: sigmol, unit: solMass / pc2, datatype: float64, format: 10.3f}
# - {name: cummass, unit: solMass, datatype: float32}
# delimiter: ','
# schema: astropy-2.0
radius,r_kpc,r_r25,npix,ngood,wtmean,rms,annsum,cumsum,detlim,cumlum,sigmol,cummass
1.0,0.631,0.015,3,3,16.215,1.0759616,48.645,48.644688,25.964,19343100.0,21.546,83175336.0
3.0,1.892,0.045,13,13,14.165,3.3355894,184.139,232.78394,12.590,92564330.0,18.821,398026620.0
5.0,3.153,0.075,19,19,12.305,4.033315,233.796,466.58032,10.132,185531250.0,16.351,797784400.0
7.0,4.414,0.104,27,27,10.366,3.8546202,279.881,746.46106,8.468,296823170.0,13.774,1276339700.0
9.0,5.675,0.134,38,38,11.087,4.984045,421.315,1167.7758,6.919,464354980.0,14.732,1996726500.0
11.0,6.936,0.164,41,41,11.173,5.4725666,458.083,1625.8586,6.454,646507260.0,14.846,2779981300.0
13.0,8.198,0.194,49,49,9.887,5.1779685,484.443,2110.3018,5.765,839141500.0,13.137,3608308700.0
15.0,9.459,0.224,56,56,6.951,4.649038,389.250,2499.5522,5.222,993923260.0,9.236,4273870300.0
17.0,10.720,0.254,65,65,5.152,3.989031,334.879,2834.4314,4.701,1127084800.0,6.846,4846465000.0
19.0,11.981,0.284,76,76,4.134,3.5436115,314.164,3148.5957,4.223,1252009200.0,5.493,5383640000.0
21.0,13.242,0.313,84,84,2.832,2.9260511,237.865,3386.4602,3.953,1346593800.0,3.763,5790353400.0
23.0,14.504,0.343,91,91,2.315,2.4610553,210.658,3597.1184,3.695,1430360000.0,3.076,6150548500.0
25.0,15.765,0.373,96,96,2.343,2.89162,224.886,3822.004,3.519,1519783700.0,3.113,6535070000.0
27.0,17.026,0.403,106,103,1.806,3.2260368,191.458,4013.462,3.303,1595915100.0,2.400,6862435300.0
29.0,18.287,0.433,114,106,1.980,2.7317374,225.718,4239.1797,3.191,1685669600.0,2.631,7248380000.0
31.0,19.548,0.463,113,88,1.310,2.0111709,148.038,4387.218,3.219,1744535600.0,1.741,7501503000.0
33.0,20.809,0.492,124,66,0.794,1.7157975,98.460,4485.678,3.090,1783687400.0,1.055,7669856000.0
35.0,22.071,0.522,146,74,0.705,1.8196933,102.858,4588.5366,2.863,1824588200.0,0.936,7845729300.0
37.0,23.332,0.552,144,64,0.987,2.3887727,142.140,4730.6763,2.940,1881108600.0,1.312,8088767500.0
39.0,24.593,0.582,149,60,0.823,2.3154929,122.665,4853.3413,2.950,1929885200.0,1.094,8298507000.0
41.0,25.854,0.612,165,65,0.871,2.920452,143.762,4997.104,2.876,1987051100.0,1.158,8544320500.0
43.0,27.115,0.642,164,58,0.852,3.3002913,139.659,5136.7627,2.988,2042585100.0,1.132,8783116000.0
45.0,28.376,0.672,171,52,0.704,2.8045416,120.311,5257.0737,3.035,2090425600.0,0.935,8988831000.0
47.0,29.638,0.701,179,32,nan,nan,0.000,5257.0737,3.071,2090425600.0,nan,8988831000.0
49.0,30.899,0.731,192,28,nan,nan,0.000,5257.0737,3.061,2090425600.0,nan,8988831000.0
51.0,32.160,0.761,193,18,nan,nan,0.000,5257.0737,3.159,2090425600.0,nan,8988831000.0
53.0,33.421,0.791,215,16,nan,nan,0.000,5257.0737,3.117,2090425600.0,nan,8988831000.0
55.0,34.682,0.821,217,16,nan,nan,0.000,5257.0737,3.266,2090425600.0,nan,8988831000.0
57.0,35.943,0.851,220,14,nan,nan,0.000,5257.0737,3.340,2090425600.0,nan,8988831000.0
59.0,37.205,0.881,230,9,nan,nan,0.000,5257.0737,3.336,2090425600.0,nan,8988831000.0
61.0,38.466,0.910,231,3,nan,nan,0.000,5257.0737,3.523,2090425600.0,nan,8988831000.0
63.0,39.727,0.940,241,0,nan,nan,0.000,5257.0737,3.471,2090425600.0,nan,8988831000.0
65.0,40.988,0.970,251,0,nan,nan,0.000,5257.0737,3.522,2090425600.0,nan,8988831000.0
67.0,42.249,1.000,263,0,nan,nan,0.000,5257.0737,3.423,2090425600.0,nan,8988831000.0
69.0,43.511,1.030,232,0,nan,nan,0.000,5257.0737,3.507,2090425600.0,nan,8988831000.0
71.0,44.772,1.060,204,0,nan,nan,0.000,5257.0737,3.515,2090425600.0,nan,8988831000.0
73.0,46.033,1.089,177,0,nan,nan,0.000,5257.0737,3.542,2090425600.0,nan,8988831000.0
75.0,47.294,1.119,158,0,nan,nan,0.000,5257.0737,3.708,2090425600.0,nan,8988831000.0
77.0,48.555,1.149,153,0,nan,nan,0.000,5257.0737,3.729,2090425600.0,nan,8988831000.0
79.0,49.816,1.179,138,0,nan,nan,0.000,5257.0737,3.855,2090425600.0,nan,8988831000.0
81.0,51.078,1.209,144,0,nan,nan,0.000,5257.0737,3.798,2090425600.0,nan,8988831000.0
83.0,52.339,1.239,145,0,nan,nan,0.000,5257.0737,3.693,2090425600.0,nan,8988831000.0
85.0,53.600,1.269,137,0,nan,nan,0.000,5257.0737,3.754,2090425600.0,nan,8988831000.0
87.0,54.861,1.298,137,0,nan,nan,0.000,5257.0737,3.827,2090425600.0,nan,8988831000.0
89.0,56.122,1.328,127,0,nan,nan,0.000,5257.0737,3.916,2090425600.0,nan,8988831000.0
91.0,57.383,1.358,129,0,nan,nan,0.000,5257.0737,3.949,2090425600.0,nan,8988831000.0
93.0,58.645,1.388,117,0,nan,nan,0.000,5257.0737,4.074,2090425600.0,nan,8988831000.0
95.0,59.906,1.418,114,0,nan,nan,0.000,5257.0737,4.226,2090425600.0,nan,8988831000.0
97.0,61.167,1.448,119,0,nan,nan,0.000,5257.0737,4.085,2090425600.0,nan,8988831000.0
99.0,62.428,1.477,119,0,nan,nan,0.000,5257.0737,4.037,2090425600.0,nan,8988831000.0
101.0,63.689,1.507,118,0,nan,nan,0.000,5257.0737,4.111,2090425600.0,nan,8988831000.0
103.0,64.951,1.537,111,0,nan,nan,0.000,5257.0737,4.210,2090425600.0,nan,8988831000.0
105.0,66.212,1.567,110,0,nan,nan,0.000,5257.0737,4.266,2090425600.0,nan,8988831000.0
107.0,67.473,1.597,104,0,nan,nan,0.000,5257.0737,4.420,2090425600.0,nan,8988831000.0
109.0,68.734,1.627,101,0,nan,nan,0.000,5257.0737,4.505,2090425600.0,nan,8988831000.0
111.0,69.995,1.657,95,0,nan,nan,0.000,5257.0737,4.719,2090425600.0,nan,8988831000.0
113.0,71.256,1.686,97,0,nan,nan,0.000,5257.0737,4.630,2090425600.0,nan,8988831000.0
115.0,72.518,1.716,104,0,nan,nan,0.000,5257.0737,4.478,2090425600.0,nan,8988831000.0
117.0,73.779,1.746,99,0,nan,nan,0.000,5257.0737,4.601,2090425600.0,nan,8988831000.0
119.0,75.040,1.776,95,0,nan,nan,0.000,5257.0737,4.739,2090425600.0,nan,8988831000.0
121.0,76.301,1.806,94,0,nan,nan,0.000,5257.0737,4.807,2090425600.0,nan,8988831000.0
123.0,77.562,1.836,89,0,nan,nan,0.000,5257.0737,4.984,2090425600.0,nan,8988831000.0
125.0,78.823,1.865,84,0,nan,nan,0.000,5257.0737,5.204,2090425600.0,nan,8988831000.0
127.0,80.085,1.895,78,0,nan,nan,0.000,5257.0737,5.481,2090425600.0,nan,8988831000.0
129.0,81.346,1.925,82,0,nan,nan,0.000,5257.0737,5.347,2090425600.0,nan,8988831000.0
131.0,82.607,1.955,88,0,nan,nan,0.000,5257.0737,5.201,2090425600.0,nan,8988831000.0
133.0,83.868,1.985,85,0,nan,nan,0.000,5257.0737,5.350,2090425600.0,nan,8988831000.0
135.0,85.129,2.015,82,0,nan,nan,0.000,5257.0737,5.538,2090425600.0,nan,8988831000.0
137.0,86.390,2.045,78,0,nan,nan,0.000,5257.0737,5.777,2090425600.0,nan,8988831000.0
139.0,87.652,2.074,74,0,nan,nan,0.000,5257.0737,6.055,2090425600.0,nan,8988831000.0
141.0,88.913,2.104,70,0,nan,nan,0.000,5257.0737,6.333,2090425600.0,nan,8988831000.0
143.0,90.174,2.134,65,0,nan,nan,0.000,5257.0737,6.725,2090425600.0,nan,8988831000.0
145.0,91.435,2.164,69,0,nan,nan,0.000,5257.0737,6.676,2090425600.0,nan,8988831000.0
147.0,92.696,2.194,73,0,nan,nan,0.000,5257.0737,6.470,2090425600.0,nan,8988831000.0
149.0,93.958,2.224,73,0,nan,nan,0.000,5257.0737,6.751,2090425600.0,nan,8988831000.0
151.0,95.219,2.253,67,0,nan,nan,0.000,5257.0737,7.075,2090425600.0,nan,8988831000.0
153.0,96.480,2.283,65,0,nan,nan,0.000,5257.0737,7.572,2090425600.0,nan,8988831000.0
155.0,97.741,2.313,61,0,nan,nan,0.000,5257.0737,8.149,2090425600.0,nan,8988831000.0
157.0,99.002,2.343,54,0,nan,nan,0.000,5257.0737,9.477,2090425600.0,nan,8988831000.0
159.0,100.263,2.373,50,0,nan,nan,0.000,5257.0737,10.956,2090425600.0,nan,8988831000.0
161.0,101.525,2.403,55,0,nan,nan,0.000,5257.0737,11.258,2090425600.0,nan,8988831000.0
163.0,102.786,2.433,60,0,nan,nan,0.000,5257.0737,12.694,2090425600.0,nan,8988831000.0
165.0,104.047,2.462,58,0,nan,nan,0.000,5257.0737,19.096,2090425600.0,nan,8988831000.0
167.0,105.308,2.492,56,0,nan,nan,0.000,5257.0737,nan,2090425600.0,nan,8988831000.0
169.0,106.569,2.522,53,0,nan,nan,0.000,5257.0737,nan,2090425600.0,nan,8988831000.0
171.0,107.830,2.552,48,0,nan,nan,0.000,5257.0737,nan,2090425600.0,nan,8988831000.0
173.0,109.092,2.582,43,0,nan,nan,0.000,5257.0737,nan,2090425600.0,nan,8988831000.0
175.0,110.353,2.612,36,0,nan,nan,0.000,5257.0737,nan,2090425600.0,nan,8988831000.0
177.0,111.614,2.642,43,0,nan,nan,0.000,5257.0737,nan,2090425600.0,nan,8988831000.0
179.0,112.875,2.671,48,0,nan,nan,0.000,5257.0737,nan,2090425600.0,nan,8988831000.0
181.0,114.136,2.701,45,0,nan,nan,0.000,5257.0737,nan,2090425600.0,nan,8988831000.0
183.0,115.398,2.731,42,0,nan,nan,0.000,5257.0737,nan,2090425600.0,nan,8988831000.0
185.0,116.659,2.761,39,0,nan,nan,0.000,5257.0737,nan,2090425600.0,nan,8988831000.0
187.0,117.920,2.791,36,0,nan,nan,0.000,5257.0737,nan,2090425600.0,nan,8988831000.0
189.0,119.181,2.821,31,0,nan,nan,0.000,5257.0737,nan,2090425600.0,nan,8988831000.0
191.0,120.442,2.850,24,0,nan,nan,0.000,5257.0737,nan,2090425600.0,nan,8988831000.0
193.0,121.703,2.880,29,0,nan,nan,0.000,5257.0737,nan,2090425600.0,nan,8988831000.0
195.0,122.965,2.910,34,0,nan,nan,0.000,5257.0737,nan,2090425600.0,nan,8988831000.0
197.0,124.226,2.940,32,0,nan,nan,0.000,5257.0737,nan,2090425600.0,nan,8988831000.0
199.0,125.487,2.970,30,0,nan,nan,0.000,5257.0737,nan,2090425600.0,nan,8988831000.0
201.0,126.748,3.000,28,0,nan,nan,0.000,5257.0737,nan,2090425600.0,nan,8988831000.0
203.0,128.009,3.030,22,0,nan,nan,0.000,5257.0737,nan,2090425600.0,nan,8988831000.0
205.0,129.270,3.059,18,0,nan,nan,0.000,5257.0737,nan,2090425600.0,nan,8988831000.0
207.0,130.532,3.089,14,0,nan,nan,0.000,5257.0737,nan,2090425600.0,nan,8988831000.0
209.0,131.793,3.119,18,0,nan,nan,0.000,5257.0737,nan,2090425600.0,nan,8988831000.0
211.0,133.054,3.149,20,0,nan,nan,0.000,5257.0737,nan,2090425600.0,nan,8988831000.0
213.0,134.315,3.179,18,0,nan,nan,0.000,5257.0737,nan,2090425600.0,nan,8988831000.0
215.0,135.576,3.209,16,0,nan,nan,0.000,5257.0737,nan,2090425600.0,nan,8988831000.0
217.0,136.837,3.238,14,0,nan,nan,0.000,5257.0737,nan,2090425600.0,nan,8988831000.0
219.0,138.099,3.268,12,0,nan,nan,0.000,5257.0737,nan,2090425600.0,nan,8988831000.0
221.0,139.360,3.298,6,0,nan,nan,0.000,5257.0737,nan,2090425600.0,nan,8988831000.0
223.0,140.621,3.328,4,0,nan,nan,0.000,5257.0737,nan,2090425600.0,nan,8988831000.0
225.0,141.882,3.358,8,0,nan,nan,0.000,5257.0737,nan,2090425600.0,nan,8988831000.0
227.0,143.143,3.388,6,0,nan,nan,0.000,5257.0737,nan,2090425600.0,nan,8988831000.0
229.0,144.405,3.418,4,0,nan,nan,0.000,5257.0737,nan,2090425600.0,nan,8988831000.0
231.0,145.666,3.447,2,0,nan,nan,0.000,5257.0737,nan,2090425600.0,nan,8988831000.0
233.0,146.927,3.477,1,0,nan,nan,0.000,5257.0737,nan,2090425600.0,nan,8988831000.0
235.0,148.188,3.507,0,0,nan,nan,0.000,5257.0737,nan,2090425600.0,nan,8988831000.0
