dat_prof/radprof/CO_natv/UGC05359.smob0.rprof.txt
# %ECSV 0.9
# ---
# datatype:
# - {name: radius, unit: arcsec, datatype: float64, description: Adopting RA=149.71529999999996
#     deg DEC=19.215 deg PA=94.5 INC=72.3}
# - {name: r_kpc, unit: kpc, datatype: float64, format: 10.3f, description: Adopting
#     distance of 123.201 Mpc}
# - {name: r_r25, unit: '', datatype: float64, format: 10.3f, description: Adopting
#     R25=46.679100000000005 arcsec}
# - {name: npix, datatype: int64}
# - {name: ngood, datatype: int64, description: Requiring fill fraction of 0.2 npix}
# - {name: wtmean, unit: K km / s, datatype: float64, format: 10.3f, description: Replaced
#     blanks with 0 times ../UGC05359.co.de20_smo.emom0max.fits}
# - {name: rms, unit: K km / s, datatype: float32}
# - {name: annsum, unit: K km pix / s, datatype: float32, format: 10.3f}
# - {name: cumsum, unit: K km pix / s, datatype: float32}
# - {name: detlim, unit: K km / s, datatype: float64, format: 10.3f}
# - {name: cumlum, unit: K km pc2 / s, datatype: float32}
# - {name: sigmol, unit: solMass / pc2, datatype: float64, format: 10.3f}
# - {name: cummass, unit: solMass, datatype: float32}
# delimiter: ','
# schema: astropy-2.0
radius,r_kpc,r_r25,npix,ngood,wtmean,rms,annsum,cumsum,detlim,cumlum,sigmol,cummass
1.0,0.597,0.021,4,4,4.259,0.5608238,17.035,17.035269,16.546,6077531.0,5.568,26133384.0
3.0,1.792,0.064,13,13,4.413,0.703261,57.365,74.400764,9.272,26543342.0,5.769,114136376.0
5.0,2.986,0.107,13,13,5.613,2.1003575,72.966,147.36682,8.761,52574836.0,7.338,226071800.0
7.0,4.181,0.150,31,31,5.776,1.701844,179.041,326.40802,5.643,116449880.0,7.551,500734500.0
9.0,5.376,0.193,34,34,5.879,1.5902672,199.870,526.2782,5.259,187755900.0,7.685,807350400.0
11.0,6.570,0.236,40,40,4.913,1.6922518,196.522,722.80035,4.709,257867470.0,6.423,1108830200.0
13.0,7.765,0.278,54,54,4.342,1.8416412,234.479,957.27893,3.993,341520450.0,5.677,1468538000.0
15.0,8.959,0.321,50,50,3.874,1.6305548,193.676,1150.9545,3.993,410616450.0,5.064,1765650800.0
17.0,10.154,0.364,70,70,3.997,1.4658612,279.794,1430.7483,3.370,510436160.0,5.226,2194875600.0
19.0,11.349,0.407,74,74,3.338,1.5106038,247.041,1677.7897,3.291,598571100.0,4.364,2573855700.0
21.0,12.543,0.450,73,73,2.684,1.2346028,195.927,1873.7166,3.206,668470300.0,3.509,2874422300.0
23.0,13.738,0.493,97,97,1.924,1.9286426,186.670,2060.3865,2.867,735066940.0,2.516,3160788000.0
25.0,14.932,0.536,93,93,1.246,1.7711966,115.885,2176.2715,2.954,776410300.0,1.629,3338564400.0
27.0,16.127,0.578,101,100,0.495,1.4240131,50.045,2226.3164,2.798,794264400.0,0.648,3415337000.0
29.0,17.322,0.621,115,102,0.500,1.5310608,57.546,2283.862,2.678,814794500.0,0.654,3503616500.0
31.0,18.516,0.664,112,86,0.531,1.2334808,59.506,2343.3677,2.715,836023800.0,0.695,3594902500.0
33.0,19.711,0.707,128,84,0.377,1.2052988,48.267,2391.6348,2.570,853243650.0,0.493,3668948000.0
35.0,20.905,0.750,139,77,0.367,1.2109404,51.034,2442.6687,2.506,871450600.0,0.480,3747238000.0
37.0,22.100,0.793,130,50,0.111,0.8421171,14.373,2457.0422,2.704,876578560.0,0.145,3769288000.0
39.0,23.295,0.835,159,76,0.523,1.1241708,83.181,2540.2236,2.450,906254460.0,0.684,3896894500.0
41.0,24.489,0.878,154,58,0.492,0.9604456,75.769,2615.993,2.576,933286100.0,0.643,4013130200.0
43.0,25.684,0.921,158,37,0.260,0.7513251,41.156,2657.1487,2.625,947968830.0,0.341,4076266200.0
45.0,26.878,0.964,186,55,0.312,0.73292136,58.096,2715.2449,2.462,968695360.0,0.408,4165390300.0
47.0,28.073,1.007,167,41,0.404,0.84645134,67.534,2782.7788,2.742,992788860.0,0.529,4268992300.0
49.0,29.267,1.050,192,41,0.162,0.5649307,31.191,2813.9702,2.604,1003916740.0,0.212,4316842000.0
51.0,30.462,1.093,193,46,0.198,0.67879754,38.301,2852.2717,2.641,1017581250.0,0.259,4375599600.0
53.0,31.657,1.135,165,29,nan,nan,0.000,2852.2717,2.938,1017581250.0,nan,4375599600.0
55.0,32.851,1.178,177,39,0.165,0.54794663,29.170,2881.4421,2.692,1027988160.0,0.215,4420349400.0
57.0,34.046,1.221,157,35,0.126,0.4071149,19.772,2901.2144,2.863,1035042100.0,0.165,4450681300.0
59.0,35.240,1.264,142,19,nan,nan,0.000,2901.2144,3.047,1035042100.0,nan,4450681300.0
61.0,36.435,1.307,161,31,nan,nan,0.000,2901.2144,2.797,1035042100.0,nan,4450681300.0
63.0,37.630,1.350,134,16,nan,nan,0.000,2901.2144,3.156,1035042100.0,nan,4450681300.0
65.0,38.824,1.392,154,20,nan,nan,0.000,2901.2144,2.904,1035042100.0,nan,4450681300.0
67.0,40.019,1.435,150,7,nan,nan,0.000,2901.2144,2.921,1035042100.0,nan,4450681300.0
69.0,41.213,1.478,130,6,nan,nan,0.000,2901.2144,3.256,1035042100.0,nan,4450681300.0
71.0,42.408,1.521,152,11,nan,nan,0.000,2901.2144,2.935,1035042100.0,nan,4450681300.0
73.0,43.603,1.564,137,3,nan,nan,0.000,2901.2144,3.139,1035042100.0,nan,4450681300.0
75.0,44.797,1.607,129,11,nan,nan,0.000,2901.2144,3.294,1035042100.0,nan,4450681300.0
77.0,45.992,1.650,149,7,nan,nan,0.000,2901.2144,2.995,1035042100.0,nan,4450681300.0
79.0,47.186,1.692,126,4,nan,nan,0.000,2901.2144,3.398,1035042100.0,nan,4450681300.0
81.0,48.381,1.735,140,11,nan,nan,0.000,2901.2144,3.168,1035042100.0,nan,4450681300.0
83.0,49.576,1.778,149,3,nan,nan,0.000,2901.2144,3.080,1035042100.0,nan,4450681300.0
85.0,50.770,1.821,117,7,nan,nan,0.000,2901.2144,3.579,1035042100.0,nan,4450681300.0
87.0,51.965,1.864,144,6,nan,nan,0.000,2901.2144,3.174,1035042100.0,nan,4450681300.0
89.0,53.159,1.907,138,3,nan,nan,0.000,2901.2144,3.311,1035042100.0,nan,4450681300.0
91.0,54.354,1.949,120,7,nan,nan,0.000,2901.2144,3.660,1035042100.0,nan,4450681300.0
93.0,55.548,1.992,146,0,nan,nan,0.000,2901.2144,3.230,1035042100.0,nan,4450681300.0
95.0,56.743,2.035,123,0,nan,nan,0.000,2901.2144,3.634,1035042100.0,nan,4450681300.0
97.0,57.938,2.078,135,0,nan,nan,0.000,2901.2144,3.449,1035042100.0,nan,4450681300.0
99.0,59.132,2.121,139,0,nan,nan,0.000,2901.2144,3.418,1035042100.0,nan,4450681300.0
101.0,60.327,2.164,120,0,nan,nan,0.000,2901.2144,3.846,1035042100.0,nan,4450681300.0
103.0,61.521,2.207,143,0,nan,nan,0.000,2901.2144,3.450,1035042100.0,nan,4450681300.0
105.0,62.716,2.249,134,0,nan,nan,0.000,2901.2144,3.619,1035042100.0,nan,4450681300.0
107.0,63.911,2.292,115,0,nan,nan,0.000,2901.2144,4.050,1035042100.0,nan,4450681300.0
109.0,65.105,2.335,148,0,nan,nan,0.000,2901.2144,3.478,1035042100.0,nan,4450681300.0
111.0,66.300,2.378,118,0,nan,nan,0.000,2901.2144,4.075,1035042100.0,nan,4450681300.0
113.0,67.494,2.421,132,0,nan,nan,0.000,2901.2144,3.837,1035042100.0,nan,4450681300.0
115.0,68.689,2.464,141,0,nan,nan,0.000,2901.2144,3.743,1035042100.0,nan,4450681300.0
117.0,69.884,2.506,118,0,nan,nan,0.000,2901.2144,4.213,1035042100.0,nan,4450681300.0
119.0,71.078,2.549,137,0,nan,nan,0.000,2901.2144,3.911,1035042100.0,nan,4450681300.0
121.0,72.273,2.592,134,0,nan,nan,0.000,2901.2144,4.068,1035042100.0,nan,4450681300.0
123.0,73.467,2.635,114,0,nan,nan,0.000,2901.2144,4.476,1035042100.0,nan,4450681300.0
125.0,74.662,2.678,144,0,nan,nan,0.000,2901.2144,4.010,1035042100.0,nan,4450681300.0
127.0,75.857,2.721,114,0,nan,nan,0.000,2901.2144,4.556,1035042100.0,nan,4450681300.0
129.0,77.051,2.764,138,0,nan,nan,0.000,2901.2144,4.299,1035042100.0,nan,4450681300.0
131.0,78.246,2.806,139,0,nan,nan,0.000,2901.2144,4.345,1035042100.0,nan,4450681300.0
133.0,79.440,2.849,111,0,nan,nan,0.000,2901.2144,4.792,1035042100.0,nan,4450681300.0
135.0,80.635,2.892,144,0,nan,nan,0.000,2901.2144,4.511,1035042100.0,nan,4450681300.0
137.0,81.829,2.935,128,0,nan,nan,0.000,2901.2144,4.849,1035042100.0,nan,4450681300.0
139.0,83.024,2.978,109,0,nan,nan,0.000,2901.2144,4.961,1035042100.0,nan,4450681300.0
141.0,84.219,3.021,153,0,nan,nan,0.000,2901.2144,4.846,1035042100.0,nan,4450681300.0
143.0,85.413,3.063,112,0,nan,nan,0.000,2901.2144,5.261,1035042100.0,nan,4450681300.0
145.0,86.608,3.106,129,0,nan,nan,0.000,2901.2144,5.183,1035042100.0,nan,4450681300.0
147.0,87.802,3.149,147,0,nan,nan,0.000,2901.2144,5.395,1035042100.0,nan,4450681300.0
149.0,88.997,3.192,106,0,nan,nan,0.000,2901.2144,5.741,1035042100.0,nan,4450681300.0
151.0,90.192,3.235,139,0,nan,nan,0.000,2901.2144,5.615,1035042100.0,nan,4450681300.0
153.0,91.386,3.278,137,0,nan,nan,0.000,2901.2144,6.282,1035042100.0,nan,4450681300.0
155.0,92.581,3.321,104,0,nan,nan,0.000,2901.2144,6.129,1035042100.0,nan,4450681300.0
157.0,93.775,3.363,148,0,nan,nan,0.000,2901.2144,6.845,1035042100.0,nan,4450681300.0
159.0,94.970,3.406,115,0,nan,nan,0.000,2901.2144,6.549,1035042100.0,nan,4450681300.0
161.0,96.165,3.449,129,0,nan,nan,0.000,2901.2144,7.443,1035042100.0,nan,4450681300.0
163.0,97.359,3.492,145,0,nan,nan,0.000,2901.2144,7.703,1035042100.0,nan,4450681300.0
165.0,98.554,3.535,93,0,nan,nan,0.000,2901.2144,9.705,1035042100.0,nan,4450681300.0
167.0,99.748,3.578,74,0,nan,nan,0.000,2901.2144,9.312,1035042100.0,nan,4450681300.0
169.0,100.943,3.620,65,0,nan,nan,0.000,2901.2144,16.422,1035042100.0,nan,4450681300.0
171.0,102.137,3.663,52,0,nan,nan,0.000,2901.2144,49.962,1035042100.0,nan,4450681300.0
173.0,103.332,3.706,46,0,nan,nan,0.000,2901.2144,nan,1035042100.0,nan,4450681300.0
175.0,104.527,3.749,37,0,nan,nan,0.000,2901.2144,nan,1035042100.0,nan,4450681300.0
177.0,105.721,3.792,33,0,nan,nan,0.000,2901.2144,nan,1035042100.0,nan,4450681300.0
179.0,106.916,3.835,26,0,nan,nan,0.000,2901.2144,nan,1035042100.0,nan,4450681300.0
181.0,108.110,3.878,19,0,nan,nan,0.000,2901.2144,nan,1035042100.0,nan,4450681300.0
183.0,109.305,3.920,13,0,nan,nan,0.000,2901.2144,nan,1035042100.0,nan,4450681300.0
185.0,110.500,3.963,9,0,nan,nan,0.000,2901.2144,nan,1035042100.0,nan,4450681300.0
187.0,111.694,4.006,3,0,nan,nan,0.000,2901.2144,nan,1035042100.0,nan,4450681300.0
189.0,112.889,4.049,0,0,nan,nan,0.000,2901.2144,nan,1035042100.0,nan,4450681300.0
