dat_prof/radprof/CO_natv/UGC00809.smob1.rprof.txt
# %ECSV 0.9
# ---
# datatype:
# - {name: radius, unit: arcsec, datatype: float64, description: Adopting RA=18.96615
#     deg DEC=33.8107 deg PA=18.6 INC=78.9}
# - {name: r_kpc, unit: kpc, datatype: float64, format: 10.3f, description: Adopting
#     distance of 60.4365 Mpc}
# - {name: r_r25, unit: '', datatype: float64, format: 10.3f, description: Adopting
#     R25=35.7372 arcsec}
# - {name: npix, datatype: int64}
# - {name: ngood, datatype: int64, description: Requiring fill fraction of 0.1 npix}
# - {name: wtmean, unit: K km / s, datatype: float64, format: 10.3f, description: Replaced
#     blanks with 1 times ../UGC00809.co.de20_smo.emom0max.fits}
# - {name: rms, unit: K km / s, datatype: float32}
# - {name: annsum, unit: K km pix / s, datatype: float32, format: 10.3f}
# - {name: cumsum, unit: K km pix / s, datatype: float32}
# - {name: detlim, unit: K km / s, datatype: float64, format: 10.3f}
# - {name: cumlum, unit: K km pc2 / s, datatype: float32}
# - {name: sigmol, unit: solMass / pc2, datatype: float64, format: 10.3f}
# - {name: cummass, unit: solMass, datatype: float32}
# delimiter: ','
# schema: astropy-2.0
radius,r_kpc,r_r25,npix,ngood,wtmean,rms,annsum,cumsum,detlim,cumlum,sigmol,cummass
1.0,0.293,0.028,2,2,6.573,0.46157843,13.146,13.145863,31.530,1128593.2,5.441,4852951.0
3.0,0.879,0.084,8,8,7.726,1.1781042,61.808,74.95404,15.207,6434924.0,6.396,27670174.0
5.0,1.465,0.140,13,13,8.073,2.881256,104.953,179.90749,11.560,15445344.0,6.683,66414984.0
7.0,2.051,0.196,13,13,7.995,3.166644,103.936,283.84335,11.619,24368404.0,6.619,104784140.0
9.0,2.637,0.252,25,24,7.161,2.629067,179.025,462.86874,8.103,39738020.0,5.928,170873490.0
11.0,3.223,0.308,30,27,6.230,2.049436,186.889,649.75824,7.396,55782780.0,5.157,239865970.0
13.0,3.809,0.364,30,23,5.727,1.9837787,171.801,821.559,7.456,70532150.0,4.741,303288260.0
15.0,4.395,0.420,31,20,4.841,2.097226,150.075,971.63434,7.391,83416360.0,4.008,358690370.0
17.0,4.981,0.476,44,24,4.951,2.254838,217.859,1189.4937,6.102,102119930.0,4.099,439115700.0
19.0,5.567,0.532,48,23,4.193,1.7149091,201.268,1390.7614,5.867,119399080.0,3.471,513416060.0
21.0,6.153,0.588,50,17,4.305,1.8495078,215.239,1605.9999,5.812,137877650.0,3.564,592873900.0
23.0,6.739,0.644,53,19,3.884,1.3838465,205.860,1811.8599,5.660,155551060.0,3.215,668869570.0
25.0,7.325,0.700,61,25,3.827,1.1531492,233.444,2045.304,5.328,175592600.0,3.168,755048260.0
27.0,7.911,0.756,66,25,3.827,1.1987631,252.610,2297.914,5.155,197279580.0,3.169,848302300.0
29.0,8.497,0.811,69,14,3.564,0.7751974,245.943,2543.8574,5.145,218394200.0,2.951,939095200.0
31.0,9.083,0.867,74,16,3.618,0.79193145,267.731,2811.5881,5.023,241379330.0,2.995,1037931140.0
33.0,9.669,0.923,82,12,3.685,0.80395347,302.161,3113.7488,4.869,267320290.0,3.051,1149477200.0
35.0,10.255,0.979,87,8,nan,nan,0.000,3113.7488,4.819,267320290.0,nan,1149477200.0
37.0,10.841,1.035,85,9,3.709,0.6117476,315.274,3429.0227,4.980,294387070.0,3.071,1265864400.0
39.0,11.427,1.091,92,4,nan,nan,0.000,3429.0227,4.862,294387070.0,nan,1265864400.0
41.0,12.013,1.147,106,7,nan,nan,0.000,3429.0227,4.748,294387070.0,nan,1265864400.0
43.0,12.599,1.203,100,8,nan,nan,0.000,3429.0227,4.995,294387070.0,nan,1265864400.0
45.0,13.185,1.259,107,11,4.027,0.8250955,430.848,3859.8706,4.913,331376030.0,3.333,1424917000.0
47.0,13.771,1.315,122,7,nan,nan,0.000,3859.8706,4.883,331376030.0,nan,1424917000.0
49.0,14.357,1.371,119,5,nan,nan,0.000,3859.8706,5.074,331376030.0,nan,1424917000.0
51.0,14.943,1.427,121,5,nan,nan,0.000,3859.8706,5.309,331376030.0,nan,1424917000.0
53.0,15.529,1.483,110,6,nan,nan,0.000,3859.8706,5.353,331376030.0,nan,1424917000.0
55.0,16.115,1.539,110,4,nan,nan,0.000,3859.8706,5.327,331376030.0,nan,1424917000.0
57.0,16.701,1.595,105,6,nan,nan,0.000,3859.8706,5.354,331376030.0,nan,1424917000.0
59.0,17.287,1.651,90,4,nan,nan,0.000,3859.8706,5.549,331376030.0,nan,1424917000.0
61.0,17.873,1.707,96,6,nan,nan,0.000,3859.8706,5.538,331376030.0,nan,1424917000.0
63.0,18.459,1.763,95,5,nan,nan,0.000,3859.8706,5.516,331376030.0,nan,1424917000.0
65.0,19.045,1.819,94,6,nan,nan,0.000,3859.8706,5.517,331376030.0,nan,1424917000.0
67.0,19.631,1.875,91,5,nan,nan,0.000,3859.8706,5.583,331376030.0,nan,1424917000.0
69.0,20.217,1.931,95,5,nan,nan,0.000,3859.8706,5.516,331376030.0,nan,1424917000.0
71.0,20.803,1.987,86,1,nan,nan,0.000,3859.8706,5.738,331376030.0,nan,1424917000.0
73.0,21.389,2.043,92,2,nan,nan,0.000,3859.8706,5.636,331376030.0,nan,1424917000.0
75.0,21.975,2.099,89,2,nan,nan,0.000,3859.8706,5.644,331376030.0,nan,1424917000.0
77.0,22.561,2.155,86,1,nan,nan,0.000,3859.8706,5.784,331376030.0,nan,1424917000.0
79.0,23.147,2.211,89,0,nan,nan,0.000,3859.8706,5.782,331376030.0,nan,1424917000.0
81.0,23.733,2.267,90,0,nan,nan,0.000,3859.8706,5.635,331376030.0,nan,1424917000.0
83.0,24.319,2.323,83,0,nan,nan,0.000,3859.8706,5.942,331376030.0,nan,1424917000.0
85.0,24.905,2.378,89,0,nan,nan,0.000,3859.8706,5.713,331376030.0,nan,1424917000.0
87.0,25.491,2.434,86,0,nan,nan,0.000,3859.8706,5.822,331376030.0,nan,1424917000.0
89.0,26.077,2.490,81,0,nan,nan,0.000,3859.8706,6.095,331376030.0,nan,1424917000.0
91.0,26.663,2.546,88,0,nan,nan,0.000,3859.8706,5.767,331376030.0,nan,1424917000.0
93.0,27.249,2.602,86,2,nan,nan,0.000,3859.8706,5.891,331376030.0,nan,1424917000.0
95.0,27.835,2.658,85,0,nan,nan,0.000,3859.8706,5.888,331376030.0,nan,1424917000.0
97.0,28.421,2.714,85,0,nan,nan,0.000,3859.8706,6.028,331376030.0,nan,1424917000.0
99.0,29.007,2.770,86,0,nan,nan,0.000,3859.8706,5.932,331376030.0,nan,1424917000.0
101.0,29.593,2.826,83,0,nan,nan,0.000,3859.8706,6.041,331376030.0,nan,1424917000.0
103.0,30.179,2.882,86,0,nan,nan,0.000,3859.8706,5.982,331376030.0,nan,1424917000.0
105.0,30.765,2.938,84,0,nan,nan,0.000,3859.8706,6.131,331376030.0,nan,1424917000.0
107.0,31.351,2.994,80,0,nan,nan,0.000,3859.8706,6.292,331376030.0,nan,1424917000.0
109.0,31.937,3.050,84,0,nan,nan,0.000,3859.8706,6.074,331376030.0,nan,1424917000.0
111.0,32.523,3.106,84,0,nan,nan,0.000,3859.8706,6.204,331376030.0,nan,1424917000.0
113.0,33.109,3.162,86,0,nan,nan,0.000,3859.8706,6.070,331376030.0,nan,1424917000.0
115.0,33.696,3.218,84,0,nan,nan,0.000,3859.8706,6.199,331376030.0,nan,1424917000.0
117.0,34.282,3.274,81,0,nan,nan,0.000,3859.8706,6.395,331376030.0,nan,1424917000.0
119.0,34.868,3.330,83,0,nan,nan,0.000,3859.8706,6.280,331376030.0,nan,1424917000.0
121.0,35.454,3.386,86,0,nan,nan,0.000,3859.8706,6.181,331376030.0,nan,1424917000.0
123.0,36.040,3.442,80,0,nan,nan,0.000,3859.8706,6.437,331376030.0,nan,1424917000.0
125.0,36.626,3.498,82,0,nan,nan,0.000,3859.8706,6.548,331376030.0,nan,1424917000.0
127.0,37.212,3.554,83,0,nan,nan,0.000,3859.8706,6.364,331376030.0,nan,1424917000.0
129.0,37.798,3.610,83,0,nan,nan,0.000,3859.8706,6.528,331376030.0,nan,1424917000.0
131.0,38.384,3.666,83,0,nan,nan,0.000,3859.8706,6.413,331376030.0,nan,1424917000.0
133.0,38.970,3.722,83,0,nan,nan,0.000,3859.8706,6.561,331376030.0,nan,1424917000.0
135.0,39.556,3.778,81,0,nan,nan,0.000,3859.8706,6.769,331376030.0,nan,1424917000.0
137.0,40.142,3.834,82,0,nan,nan,0.000,3859.8706,6.577,331376030.0,nan,1424917000.0
139.0,40.728,3.890,84,0,nan,nan,0.000,3859.8706,6.570,331376030.0,nan,1424917000.0
141.0,41.314,3.945,83,0,nan,nan,0.000,3859.8706,6.647,331376030.0,nan,1424917000.0
143.0,41.900,4.001,79,0,nan,nan,0.000,3859.8706,7.016,331376030.0,nan,1424917000.0
145.0,42.486,4.057,83,0,nan,nan,0.000,3859.8706,6.705,331376030.0,nan,1424917000.0
147.0,43.072,4.113,83,0,nan,nan,0.000,3859.8706,6.833,331376030.0,nan,1424917000.0
149.0,43.658,4.169,83,0,nan,nan,0.000,3859.8706,6.881,331376030.0,nan,1424917000.0
151.0,44.244,4.225,83,0,nan,nan,0.000,3859.8706,6.860,331376030.0,nan,1424917000.0
153.0,44.830,4.281,80,0,nan,nan,0.000,3859.8706,7.227,331376030.0,nan,1424917000.0
155.0,45.416,4.337,81,0,nan,nan,0.000,3859.8706,6.995,331376030.0,nan,1424917000.0
157.0,46.002,4.393,83,0,nan,nan,0.000,3859.8706,7.096,331376030.0,nan,1424917000.0
159.0,46.588,4.449,82,0,nan,nan,0.000,3859.8706,7.072,331376030.0,nan,1424917000.0
161.0,47.174,4.505,78,0,nan,nan,0.000,3859.8706,7.432,331376030.0,nan,1424917000.0
163.0,47.760,4.561,85,0,nan,nan,0.000,3859.8706,7.219,331376030.0,nan,1424917000.0
165.0,48.346,4.617,80,0,nan,nan,0.000,3859.8706,7.397,331376030.0,nan,1424917000.0
167.0,48.932,4.673,84,0,nan,nan,0.000,3859.8706,7.257,331376030.0,nan,1424917000.0
169.0,49.518,4.729,82,0,nan,nan,0.000,3859.8706,7.451,331376030.0,nan,1424917000.0
171.0,50.104,4.785,79,0,nan,nan,0.000,3859.8706,7.763,331376030.0,nan,1424917000.0
173.0,50.690,4.841,81,0,nan,nan,0.000,3859.8706,7.442,331376030.0,nan,1424917000.0
175.0,51.276,4.897,82,0,nan,nan,0.000,3859.8706,7.784,331376030.0,nan,1424917000.0
177.0,51.862,4.953,82,0,nan,nan,0.000,3859.8706,7.530,331376030.0,nan,1424917000.0
179.0,52.448,5.009,78,0,nan,nan,0.000,3859.8706,7.942,331376030.0,nan,1424917000.0
181.0,53.034,5.065,76,0,nan,nan,0.000,3859.8706,8.185,331376030.0,nan,1424917000.0
183.0,53.620,5.121,81,0,nan,nan,0.000,3859.8706,7.668,331376030.0,nan,1424917000.0
185.0,54.206,5.177,74,0,nan,nan,0.000,3859.8706,8.074,331376030.0,nan,1424917000.0
187.0,54.792,5.233,77,0,nan,nan,0.000,3859.8706,7.938,331376030.0,nan,1424917000.0
189.0,55.378,5.289,67,0,nan,nan,0.000,3859.8706,8.684,331376030.0,nan,1424917000.0
191.0,55.964,5.345,73,0,nan,nan,0.000,3859.8706,8.133,331376030.0,nan,1424917000.0
193.0,56.550,5.401,69,0,nan,nan,0.000,3859.8706,8.506,331376030.0,nan,1424917000.0
195.0,57.136,5.456,71,0,nan,nan,0.000,3859.8706,8.254,331376030.0,nan,1424917000.0
197.0,57.722,5.512,67,0,nan,nan,0.000,3859.8706,8.799,331376030.0,nan,1424917000.0
199.0,58.308,5.568,66,0,nan,nan,0.000,3859.8706,9.011,331376030.0,nan,1424917000.0
201.0,58.894,5.624,65,0,nan,nan,0.000,3859.8706,8.657,331376030.0,nan,1424917000.0
203.0,59.480,5.680,67,0,nan,nan,0.000,3859.8706,8.832,331376030.0,nan,1424917000.0
205.0,60.066,5.736,62,0,nan,nan,0.000,3859.8706,8.996,331376030.0,nan,1424917000.0
207.0,60.652,5.792,59,0,nan,nan,0.000,3859.8706,9.463,331376030.0,nan,1424917000.0
209.0,61.238,5.848,61,0,nan,nan,0.000,3859.8706,9.347,331376030.0,nan,1424917000.0
211.0,61.824,5.904,58,0,nan,nan,0.000,3859.8706,9.636,331376030.0,nan,1424917000.0
213.0,62.410,5.960,61,0,nan,nan,0.000,3859.8706,9.308,331376030.0,nan,1424917000.0
215.0,62.996,6.016,58,0,nan,nan,0.000,3859.8706,9.699,331376030.0,nan,1424917000.0
217.0,63.582,6.072,53,0,nan,nan,0.000,3859.8706,10.473,331376030.0,nan,1424917000.0
219.0,64.168,6.128,56,0,nan,nan,0.000,3859.8706,9.921,331376030.0,nan,1424917000.0
221.0,64.754,6.184,54,0,nan,nan,0.000,3859.8706,10.555,331376030.0,nan,1424917000.0
223.0,65.340,6.240,56,0,nan,nan,0.000,3859.8706,9.899,331376030.0,nan,1424917000.0
225.0,65.926,6.296,49,0,nan,nan,0.000,3859.8706,11.045,331376030.0,nan,1424917000.0
227.0,66.512,6.352,50,0,nan,nan,0.000,3859.8706,11.278,331376030.0,nan,1424917000.0
229.0,67.098,6.408,51,0,nan,nan,0.000,3859.8706,10.736,331376030.0,nan,1424917000.0
231.0,67.684,6.464,51,0,nan,nan,0.000,3859.8706,11.290,331376030.0,nan,1424917000.0
233.0,68.270,6.520,47,0,nan,nan,0.000,3859.8706,11.523,331376030.0,nan,1424917000.0
235.0,68.856,6.576,44,0,nan,nan,0.000,3859.8706,12.857,331376030.0,nan,1424917000.0
237.0,69.442,6.632,46,0,nan,nan,0.000,3859.8706,12.160,331376030.0,nan,1424917000.0
239.0,70.028,6.688,44,0,nan,nan,0.000,3859.8706,12.965,331376030.0,nan,1424917000.0
241.0,70.614,6.744,47,0,nan,nan,0.000,3859.8706,12.469,331376030.0,nan,1424917000.0
243.0,71.200,6.800,40,0,nan,nan,0.000,3859.8706,14.258,331376030.0,nan,1424917000.0
245.0,71.786,6.856,37,0,nan,nan,0.000,3859.8706,15.920,331376030.0,nan,1424917000.0
247.0,72.372,6.912,45,0,nan,nan,0.000,3859.8706,13.938,331376030.0,nan,1424917000.0
249.0,72.958,6.968,39,0,nan,nan,0.000,3859.8706,15.144,331376030.0,nan,1424917000.0
251.0,73.544,7.023,39,0,nan,nan,0.000,3859.8706,17.711,331376030.0,nan,1424917000.0
253.0,74.130,7.079,34,0,nan,nan,0.000,3859.8706,21.074,331376030.0,nan,1424917000.0
255.0,74.716,7.135,38,0,nan,nan,0.000,3859.8706,20.165,331376030.0,nan,1424917000.0
257.0,75.302,7.191,34,0,nan,nan,0.000,3859.8706,24.577,331376030.0,nan,1424917000.0
259.0,75.888,7.247,35,0,nan,nan,0.000,3859.8706,30.288,331376030.0,nan,1424917000.0
261.0,76.474,7.303,34,0,nan,nan,0.000,3859.8706,33.400,331376030.0,nan,1424917000.0
263.0,77.060,7.359,29,0,nan,nan,0.000,3859.8706,43.363,331376030.0,nan,1424917000.0
265.0,77.646,7.415,34,0,nan,nan,0.000,3859.8706,nan,331376030.0,nan,1424917000.0
267.0,78.232,7.471,29,0,nan,nan,0.000,3859.8706,nan,331376030.0,nan,1424917000.0
269.0,78.818,7.527,30,0,nan,nan,0.000,3859.8706,nan,331376030.0,nan,1424917000.0
271.0,79.404,7.583,28,0,nan,nan,0.000,3859.8706,nan,331376030.0,nan,1424917000.0
273.0,79.990,7.639,26,0,nan,nan,0.000,3859.8706,nan,331376030.0,nan,1424917000.0
275.0,80.576,7.695,28,0,nan,nan,0.000,3859.8706,nan,331376030.0,nan,1424917000.0
277.0,81.162,7.751,24,0,nan,nan,0.000,3859.8706,nan,331376030.0,nan,1424917000.0
279.0,81.748,7.807,26,0,nan,nan,0.000,3859.8706,nan,331376030.0,nan,1424917000.0
281.0,82.334,7.863,23,0,nan,nan,0.000,3859.8706,nan,331376030.0,nan,1424917000.0
283.0,82.920,7.919,21,0,nan,nan,0.000,3859.8706,nan,331376030.0,nan,1424917000.0
285.0,83.506,7.975,22,0,nan,nan,0.000,3859.8706,nan,331376030.0,nan,1424917000.0
287.0,84.092,8.031,21,0,nan,nan,0.000,3859.8706,nan,331376030.0,nan,1424917000.0
289.0,84.678,8.087,20,0,nan,nan,0.000,3859.8706,nan,331376030.0,nan,1424917000.0
291.0,85.264,8.143,18,0,nan,nan,0.000,3859.8706,nan,331376030.0,nan,1424917000.0
293.0,85.850,8.199,16,0,nan,nan,0.000,3859.8706,nan,331376030.0,nan,1424917000.0
295.0,86.436,8.255,18,0,nan,nan,0.000,3859.8706,nan,331376030.0,nan,1424917000.0
297.0,87.022,8.311,15,0,nan,nan,0.000,3859.8706,nan,331376030.0,nan,1424917000.0
299.0,87.608,8.367,15,0,nan,nan,0.000,3859.8706,nan,331376030.0,nan,1424917000.0
301.0,88.194,8.423,13,0,nan,nan,0.000,3859.8706,nan,331376030.0,nan,1424917000.0
303.0,88.780,8.479,12,0,nan,nan,0.000,3859.8706,nan,331376030.0,nan,1424917000.0
305.0,89.366,8.535,12,0,nan,nan,0.000,3859.8706,nan,331376030.0,nan,1424917000.0
307.0,89.952,8.590,11,0,nan,nan,0.000,3859.8706,nan,331376030.0,nan,1424917000.0
309.0,90.538,8.646,10,0,nan,nan,0.000,3859.8706,nan,331376030.0,nan,1424917000.0
311.0,91.124,8.702,8,0,nan,nan,0.000,3859.8706,nan,331376030.0,nan,1424917000.0
313.0,91.710,8.758,9,0,nan,nan,0.000,3859.8706,nan,331376030.0,nan,1424917000.0
315.0,92.296,8.814,7,0,nan,nan,0.000,3859.8706,nan,331376030.0,nan,1424917000.0
317.0,92.882,8.870,5,0,nan,nan,0.000,3859.8706,nan,331376030.0,nan,1424917000.0
319.0,93.468,8.926,6,0,nan,nan,0.000,3859.8706,nan,331376030.0,nan,1424917000.0
321.0,94.054,8.982,4,0,nan,nan,0.000,3859.8706,nan,331376030.0,nan,1424917000.0
323.0,94.640,9.038,3,0,nan,nan,0.000,3859.8706,nan,331376030.0,nan,1424917000.0
325.0,95.226,9.094,2,0,nan,nan,0.000,3859.8706,nan,331376030.0,nan,1424917000.0
327.0,95.812,9.150,1,0,nan,nan,0.000,3859.8706,nan,331376030.0,nan,1424917000.0
329.0,96.398,9.206,1,0,nan,nan,0.000,3859.8706,nan,331376030.0,nan,1424917000.0
