dat_prof/radprof/CO_natv/UGC09759.smob1.rprof.txt
# %ECSV 0.9
# ---
# datatype:
# - {name: radius, unit: arcsec, datatype: float64, description: Adopting RA=227.67
#     deg DEC=55.3504 deg PA=49.7 INC=66.8}
# - {name: r_kpc, unit: kpc, datatype: float64, format: 10.3f, description: Adopting
#     distance of 49.2497 Mpc}
# - {name: r_r25, unit: '', datatype: float64, format: 10.3f, description: Adopting
#     R25=40.0056 arcsec}
# - {name: npix, datatype: int64}
# - {name: ngood, datatype: int64, description: Requiring fill fraction of 0.1 npix}
# - {name: wtmean, unit: K km / s, datatype: float64, format: 10.3f, description: Replaced
#     blanks with 1 times ../UGC09759.co.de20_smo.emom0max.fits}
# - {name: rms, unit: K km / s, datatype: float32}
# - {name: annsum, unit: K km pix / s, datatype: float32, format: 10.3f}
# - {name: cumsum, unit: K km pix / s, datatype: float32}
# - {name: detlim, unit: K km / s, datatype: float64, format: 10.3f}
# - {name: cumlum, unit: K km pc2 / s, datatype: float32}
# - {name: sigmol, unit: solMass / pc2, datatype: float64, format: 10.3f}
# - {name: cummass, unit: solMass, datatype: float32}
# delimiter: ','
# schema: astropy-2.0
radius,r_kpc,r_r25,npix,ngood,wtmean,rms,annsum,cumsum,detlim,cumlum,sigmol,cummass
1.0,0.239,0.025,6,6,38.854,12.447519,233.121,233.1214,22.233,13290430.0,65.816,57148852.0
3.0,0.716,0.075,12,12,35.171,26.58587,422.050,655.1711,15.705,37351810.0,59.578,160612780.0
5.0,1.194,0.125,26,22,27.601,30.117214,717.635,1372.806,10.547,78264730.0,46.755,336538340.0
7.0,1.671,0.175,33,22,24.517,30.533144,809.048,2181.8542,9.260,124389190.0,41.530,534873540.0
9.0,2.149,0.225,49,36,19.663,25.070274,963.490,3145.3438,7.340,179318460.0,33.308,771069440.0
11.0,2.626,0.275,56,42,14.434,15.0993185,808.292,3953.636,6.564,225399820.0,24.450,969219260.0
13.0,3.104,0.325,59,46,10.077,7.615929,594.552,4548.188,6.070,259295700.0,17.070,1114971500.0
15.0,3.582,0.375,77,48,6.304,3.4125707,485.394,5033.582,5.032,286968400.0,10.678,1233964200.0
17.0,4.059,0.425,79,32,4.651,2.2215183,367.395,5400.977,4.844,307913860.0,7.878,1324029700.0
19.0,4.537,0.475,97,37,3.793,1.3830849,367.970,5768.9463,4.199,328892060.0,6.426,1414235900.0
21.0,5.014,0.525,105,24,3.249,0.74878335,341.152,6110.098,3.993,348341400.0,5.504,1497868200.0
23.0,5.492,0.575,112,14,3.121,0.798361,349.546,6459.644,3.868,368269280.0,5.287,1583558000.0
25.0,5.969,0.625,129,12,nan,nan,0.000,6459.644,3.596,368269280.0,nan,1583558000.0
27.0,6.447,0.675,128,3,nan,nan,0.000,6459.644,3.605,368269280.0,nan,1583558000.0
29.0,6.924,0.725,145,7,nan,nan,0.000,6459.644,3.466,368269280.0,nan,1583558000.0
31.0,7.402,0.775,154,7,nan,nan,0.000,6459.644,3.421,368269280.0,nan,1583558000.0
33.0,7.879,0.825,161,5,nan,nan,0.000,6459.644,3.422,368269280.0,nan,1583558000.0
35.0,8.357,0.875,175,2,nan,nan,0.000,6459.644,3.358,368269280.0,nan,1583558000.0
37.0,8.834,0.925,181,0,nan,nan,0.000,6459.644,3.378,368269280.0,nan,1583558000.0
39.0,9.312,0.975,196,0,nan,nan,0.000,6459.644,3.326,368269280.0,nan,1583558000.0
41.0,9.790,1.025,201,0,nan,nan,0.000,6459.644,3.389,368269280.0,nan,1583558000.0
43.0,10.267,1.075,217,0,nan,nan,0.000,6459.644,3.371,368269280.0,nan,1583558000.0
45.0,10.745,1.125,222,0,nan,nan,0.000,6459.644,3.464,368269280.0,nan,1583558000.0
47.0,11.222,1.175,232,0,nan,nan,0.000,6459.644,3.503,368269280.0,nan,1583558000.0
49.0,11.700,1.225,234,0,nan,nan,0.000,6459.644,3.606,368269280.0,nan,1583558000.0
51.0,12.177,1.275,258,0,nan,nan,0.000,6459.644,3.646,368269280.0,nan,1583558000.0
53.0,12.655,1.325,263,0,nan,nan,0.000,6459.644,3.719,368269280.0,nan,1583558000.0
55.0,13.132,1.375,274,0,nan,nan,0.000,6459.644,3.848,368269280.0,nan,1583558000.0
57.0,13.610,1.425,295,0,nan,nan,0.000,6459.644,3.854,368269280.0,nan,1583558000.0
59.0,14.087,1.475,281,0,nan,nan,0.000,6459.644,4.019,368269280.0,nan,1583558000.0
61.0,14.565,1.525,280,0,nan,nan,0.000,6459.644,4.114,368269280.0,nan,1583558000.0
63.0,15.042,1.575,273,0,nan,nan,0.000,6459.644,4.170,368269280.0,nan,1583558000.0
65.0,15.520,1.625,279,0,nan,nan,0.000,6459.644,4.134,368269280.0,nan,1583558000.0
67.0,15.998,1.675,245,0,nan,nan,0.000,6459.644,4.232,368269280.0,nan,1583558000.0
69.0,16.475,1.725,212,0,nan,nan,0.000,6459.644,4.226,368269280.0,nan,1583558000.0
71.0,16.953,1.775,203,0,nan,nan,0.000,6459.644,4.398,368269280.0,nan,1583558000.0
73.0,17.430,1.825,197,0,nan,nan,0.000,6459.644,4.407,368269280.0,nan,1583558000.0
75.0,17.908,1.875,186,0,nan,nan,0.000,6459.644,4.603,368269280.0,nan,1583558000.0
77.0,18.385,1.925,170,0,nan,nan,0.000,6459.644,4.651,368269280.0,nan,1583558000.0
79.0,18.863,1.975,160,0,nan,nan,0.000,6459.644,4.727,368269280.0,nan,1583558000.0
81.0,19.340,2.025,160,0,nan,nan,0.000,6459.644,4.685,368269280.0,nan,1583558000.0
83.0,19.818,2.075,152,0,nan,nan,0.000,6459.644,4.762,368269280.0,nan,1583558000.0
85.0,20.295,2.125,147,0,nan,nan,0.000,6459.644,4.882,368269280.0,nan,1583558000.0
87.0,20.773,2.175,136,0,nan,nan,0.000,6459.644,5.070,368269280.0,nan,1583558000.0
89.0,21.250,2.225,133,0,nan,nan,0.000,6459.644,5.167,368269280.0,nan,1583558000.0
91.0,21.728,2.275,130,0,nan,nan,0.000,6459.644,5.276,368269280.0,nan,1583558000.0
93.0,22.206,2.325,120,0,nan,nan,0.000,6459.644,5.493,368269280.0,nan,1583558000.0
95.0,22.683,2.375,124,0,nan,nan,0.000,6459.644,5.460,368269280.0,nan,1583558000.0
97.0,23.161,2.425,118,0,nan,nan,0.000,6459.644,5.668,368269280.0,nan,1583558000.0
99.0,23.638,2.475,121,0,nan,nan,0.000,6459.644,5.664,368269280.0,nan,1583558000.0
101.0,24.116,2.525,110,0,nan,nan,0.000,6459.644,5.935,368269280.0,nan,1583558000.0
103.0,24.593,2.575,105,0,nan,nan,0.000,6459.644,6.200,368269280.0,nan,1583558000.0
105.0,25.071,2.625,103,0,nan,nan,0.000,6459.644,6.403,368269280.0,nan,1583558000.0
107.0,25.548,2.675,97,0,nan,nan,0.000,6459.644,6.651,368269280.0,nan,1583558000.0
109.0,26.026,2.725,94,0,nan,nan,0.000,6459.644,6.923,368269280.0,nan,1583558000.0
111.0,26.503,2.775,98,0,nan,nan,0.000,6459.644,7.213,368269280.0,nan,1583558000.0
113.0,26.981,2.825,95,0,nan,nan,0.000,6459.644,7.348,368269280.0,nan,1583558000.0
115.0,27.458,2.875,90,0,nan,nan,0.000,6459.644,8.006,368269280.0,nan,1583558000.0
117.0,27.936,2.925,85,0,nan,nan,0.000,6459.644,8.859,368269280.0,nan,1583558000.0
119.0,28.414,2.975,80,0,nan,nan,0.000,6459.644,9.199,368269280.0,nan,1583558000.0
121.0,28.891,3.025,76,0,nan,nan,0.000,6459.644,9.758,368269280.0,nan,1583558000.0
123.0,29.369,3.075,75,0,nan,nan,0.000,6459.644,9.862,368269280.0,nan,1583558000.0
125.0,29.846,3.125,72,0,nan,nan,0.000,6459.644,10.520,368269280.0,nan,1583558000.0
127.0,30.324,3.175,73,0,nan,nan,0.000,6459.644,10.799,368269280.0,nan,1583558000.0
129.0,30.801,3.225,70,0,nan,nan,0.000,6459.644,11.430,368269280.0,nan,1583558000.0
131.0,31.279,3.275,68,0,nan,nan,0.000,6459.644,11.915,368269280.0,nan,1583558000.0
133.0,31.756,3.325,63,0,nan,nan,0.000,6459.644,12.892,368269280.0,nan,1583558000.0
135.0,32.234,3.375,58,0,nan,nan,0.000,6459.644,14.675,368269280.0,nan,1583558000.0
137.0,32.711,3.425,55,0,nan,nan,0.000,6459.644,17.295,368269280.0,nan,1583558000.0
139.0,33.189,3.475,53,0,nan,nan,0.000,6459.644,21.872,368269280.0,nan,1583558000.0
141.0,33.666,3.525,51,0,nan,nan,0.000,6459.644,nan,368269280.0,nan,1583558000.0
143.0,34.144,3.574,49,0,nan,nan,0.000,6459.644,nan,368269280.0,nan,1583558000.0
145.0,34.622,3.624,45,0,nan,nan,0.000,6459.644,nan,368269280.0,nan,1583558000.0
147.0,35.099,3.674,44,0,nan,nan,0.000,6459.644,nan,368269280.0,nan,1583558000.0
149.0,35.577,3.724,42,0,nan,nan,0.000,6459.644,nan,368269280.0,nan,1583558000.0
151.0,36.054,3.774,38,0,nan,nan,0.000,6459.644,nan,368269280.0,nan,1583558000.0
153.0,36.532,3.824,36,0,nan,nan,0.000,6459.644,nan,368269280.0,nan,1583558000.0
155.0,37.009,3.874,32,0,nan,nan,0.000,6459.644,nan,368269280.0,nan,1583558000.0
157.0,37.487,3.924,31,0,nan,nan,0.000,6459.644,nan,368269280.0,nan,1583558000.0
159.0,37.964,3.974,29,0,nan,nan,0.000,6459.644,nan,368269280.0,nan,1583558000.0
161.0,38.442,4.024,25,0,nan,nan,0.000,6459.644,nan,368269280.0,nan,1583558000.0
163.0,38.919,4.074,21,0,nan,nan,0.000,6459.644,nan,368269280.0,nan,1583558000.0
165.0,39.397,4.124,20,0,nan,nan,0.000,6459.644,nan,368269280.0,nan,1583558000.0
167.0,39.874,4.174,17,0,nan,nan,0.000,6459.644,nan,368269280.0,nan,1583558000.0
169.0,40.352,4.224,15,0,nan,nan,0.000,6459.644,nan,368269280.0,nan,1583558000.0
171.0,40.830,4.274,15,0,nan,nan,0.000,6459.644,nan,368269280.0,nan,1583558000.0
173.0,41.307,4.324,12,0,nan,nan,0.000,6459.644,nan,368269280.0,nan,1583558000.0
175.0,41.785,4.374,12,0,nan,nan,0.000,6459.644,nan,368269280.0,nan,1583558000.0
177.0,42.262,4.424,10,0,nan,nan,0.000,6459.644,nan,368269280.0,nan,1583558000.0
179.0,42.740,4.474,9,0,nan,nan,0.000,6459.644,nan,368269280.0,nan,1583558000.0
181.0,43.217,4.524,7,0,nan,nan,0.000,6459.644,nan,368269280.0,nan,1583558000.0
183.0,43.695,4.574,6,0,nan,nan,0.000,6459.644,nan,368269280.0,nan,1583558000.0
185.0,44.172,4.624,5,0,nan,nan,0.000,6459.644,nan,368269280.0,nan,1583558000.0
187.0,44.650,4.674,4,0,nan,nan,0.000,6459.644,nan,368269280.0,nan,1583558000.0
189.0,45.127,4.724,2,0,nan,nan,0.000,6459.644,nan,368269280.0,nan,1583558000.0
191.0,45.605,4.774,1,0,nan,nan,0.000,6459.644,nan,368269280.0,nan,1583558000.0
