dat_prof/radprof/CO_natv/UGC04280.smob1.rprof.txt
# %ECSV 0.9
# ---
# datatype:
# - {name: radius, unit: arcsec, datatype: float64, description: Adopting RA=123.63884999999998
#     deg DEC=54.7995 deg PA=183.7 INC=71.5}
# - {name: r_kpc, unit: kpc, datatype: float64, format: 10.3f, description: Adopting
#     distance of 50.8695 Mpc}
# - {name: r_r25, unit: '', datatype: float64, format: 10.3f, description: Adopting
#     R25=39.638999999999996 arcsec}
# - {name: npix, datatype: int64}
# - {name: ngood, datatype: int64, description: Requiring fill fraction of 0.1 npix}
# - {name: wtmean, unit: K km / s, datatype: float64, format: 10.3f, description: Replaced
#     blanks with 1 times ../UGC04280.co.de20_smo.emom0max.fits}
# - {name: rms, unit: K km / s, datatype: float32}
# - {name: annsum, unit: K km pix / s, datatype: float32, format: 10.3f}
# - {name: cumsum, unit: K km pix / s, datatype: float32}
# - {name: detlim, unit: K km / s, datatype: float64, format: 10.3f}
# - {name: cumlum, unit: K km pc2 / s, datatype: float32}
# - {name: sigmol, unit: solMass / pc2, datatype: float64, format: 10.3f}
# - {name: cummass, unit: solMass, datatype: float32}
# delimiter: ','
# schema: astropy-2.0
radius,r_kpc,r_r25,npix,ngood,wtmean,rms,annsum,cumsum,detlim,cumlum,sigmol,cummass
1.0,0.247,0.025,4,4,32.252,5.158068,129.009,129.00888,25.649,7846650.0,44.005,33740596.0
3.0,0.740,0.076,13,13,23.183,7.3567433,301.377,430.3861,14.039,26177184.0,31.631,112561896.0
5.0,1.233,0.126,20,20,13.114,6.339656,262.275,692.66064,10.924,42129390.0,17.892,181156400.0
7.0,1.726,0.177,27,23,9.529,6.411131,257.278,949.9389,9.136,57777716.0,13.001,248444200.0
9.0,2.220,0.227,36,28,6.355,3.091622,228.766,1178.705,7.789,71691850.0,8.670,308274980.0
11.0,2.713,0.278,45,28,5.473,2.7841444,246.280,1424.9852,6.718,86671250.0,7.467,372686370.0
13.0,3.206,0.328,52,23,4.141,1.8508147,215.306,1640.2917,6.232,99766744.0,5.649,428997020.0
15.0,3.699,0.378,56,8,3.335,0.98531866,186.732,1827.0238,5.889,111124264.0,4.550,477834370.0
17.0,4.193,0.429,67,13,3.417,1.1938324,228.925,2055.9485,5.451,125048050.0,4.662,537706600.0
19.0,4.686,0.479,81,10,3.217,0.7011224,260.606,2316.5544,4.952,140898770.0,4.390,605864700.0
21.0,5.179,0.530,80,10,3.106,0.49167085,248.443,2564.9978,4.928,156009730.0,4.237,670841860.0
23.0,5.672,0.580,90,8,nan,nan,0.000,2564.9978,4.690,156009730.0,nan,670841860.0
25.0,6.166,0.631,105,9,nan,nan,0.000,2564.9978,4.342,156009730.0,nan,670841860.0
27.0,6.659,0.681,105,2,nan,nan,0.000,2564.9978,4.423,156009730.0,nan,670841860.0
29.0,7.152,0.732,115,8,nan,nan,0.000,2564.9978,4.304,156009730.0,nan,670841860.0
31.0,7.645,0.782,130,6,nan,nan,0.000,2564.9978,4.099,156009730.0,nan,670841860.0
33.0,8.139,0.833,128,2,nan,nan,0.000,2564.9978,4.233,156009730.0,nan,670841860.0
35.0,8.632,0.883,137,4,nan,nan,0.000,2564.9978,4.177,156009730.0,nan,670841860.0
37.0,9.125,0.933,148,2,nan,nan,0.000,2564.9978,4.090,156009730.0,nan,670841860.0
39.0,9.618,0.984,156,0,nan,nan,0.000,2564.9978,4.142,156009730.0,nan,670841860.0
41.0,10.112,1.034,166,5,nan,nan,0.000,2564.9978,4.110,156009730.0,nan,670841860.0
43.0,10.605,1.085,172,3,nan,nan,0.000,2564.9978,4.164,156009730.0,nan,670841860.0
45.0,11.098,1.135,178,0,nan,nan,0.000,2564.9978,4.204,156009730.0,nan,670841860.0
47.0,11.591,1.186,188,2,nan,nan,0.000,2564.9978,4.232,156009730.0,nan,670841860.0
49.0,12.084,1.236,188,1,nan,nan,0.000,2564.9978,4.452,156009730.0,nan,670841860.0
51.0,12.578,1.287,195,0,nan,nan,0.000,2564.9978,4.378,156009730.0,nan,670841860.0
53.0,13.071,1.337,175,0,nan,nan,0.000,2564.9978,4.458,156009730.0,nan,670841860.0
55.0,13.564,1.388,160,0,nan,nan,0.000,2564.9978,4.717,156009730.0,nan,670841860.0
57.0,14.057,1.438,152,0,nan,nan,0.000,2564.9978,4.792,156009730.0,nan,670841860.0
59.0,14.551,1.488,162,0,nan,nan,0.000,2564.9978,4.582,156009730.0,nan,670841860.0
61.0,15.044,1.539,149,0,nan,nan,0.000,2564.9978,4.877,156009730.0,nan,670841860.0
63.0,15.537,1.589,146,0,nan,nan,0.000,2564.9978,4.919,156009730.0,nan,670841860.0
65.0,16.030,1.640,153,0,nan,nan,0.000,2564.9978,4.785,156009730.0,nan,670841860.0
67.0,16.524,1.690,140,0,nan,nan,0.000,2564.9978,5.044,156009730.0,nan,670841860.0
69.0,17.017,1.741,145,0,nan,nan,0.000,2564.9978,5.035,156009730.0,nan,670841860.0
71.0,17.510,1.791,145,0,nan,nan,0.000,2564.9978,4.977,156009730.0,nan,670841860.0
73.0,18.003,1.842,144,0,nan,nan,0.000,2564.9978,5.108,156009730.0,nan,670841860.0
75.0,18.497,1.892,139,0,nan,nan,0.000,2564.9978,5.162,156009730.0,nan,670841860.0
77.0,18.990,1.943,133,0,nan,nan,0.000,2564.9978,5.430,156009730.0,nan,670841860.0
79.0,19.483,1.993,143,0,nan,nan,0.000,2564.9978,5.141,156009730.0,nan,670841860.0
81.0,19.976,2.043,143,0,nan,nan,0.000,2564.9978,5.220,156009730.0,nan,670841860.0
83.0,20.470,2.094,132,0,nan,nan,0.000,2564.9978,5.582,156009730.0,nan,670841860.0
85.0,20.963,2.144,133,0,nan,nan,0.000,2564.9978,5.567,156009730.0,nan,670841860.0
87.0,21.456,2.195,150,0,nan,nan,0.000,2564.9978,5.178,156009730.0,nan,670841860.0
89.0,21.949,2.245,130,0,nan,nan,0.000,2564.9978,5.789,156009730.0,nan,670841860.0
91.0,22.443,2.296,133,0,nan,nan,0.000,2564.9978,5.715,156009730.0,nan,670841860.0
93.0,22.936,2.346,146,0,nan,nan,0.000,2564.9978,5.448,156009730.0,nan,670841860.0
95.0,23.429,2.397,131,0,nan,nan,0.000,2564.9978,5.910,156009730.0,nan,670841860.0
97.0,23.922,2.447,130,0,nan,nan,0.000,2564.9978,5.974,156009730.0,nan,670841860.0
99.0,24.416,2.498,143,0,nan,nan,0.000,2564.9978,5.723,156009730.0,nan,670841860.0
101.0,24.909,2.548,134,0,nan,nan,0.000,2564.9978,6.038,156009730.0,nan,670841860.0
103.0,25.402,2.598,133,0,nan,nan,0.000,2564.9978,6.143,156009730.0,nan,670841860.0
105.0,25.895,2.649,136,0,nan,nan,0.000,2564.9978,6.130,156009730.0,nan,670841860.0
107.0,26.389,2.699,132,0,nan,nan,0.000,2564.9978,6.361,156009730.0,nan,670841860.0
109.0,26.882,2.750,134,0,nan,nan,0.000,2564.9978,6.357,156009730.0,nan,670841860.0
111.0,27.375,2.800,126,0,nan,nan,0.000,2564.9978,6.749,156009730.0,nan,670841860.0
113.0,27.868,2.851,138,0,nan,nan,0.000,2564.9978,6.444,156009730.0,nan,670841860.0
115.0,28.362,2.901,140,0,nan,nan,0.000,2564.9978,6.523,156009730.0,nan,670841860.0
117.0,28.855,2.952,126,0,nan,nan,0.000,2564.9978,7.134,156009730.0,nan,670841860.0
119.0,29.348,3.002,124,0,nan,nan,0.000,2564.9978,7.257,156009730.0,nan,670841860.0
121.0,29.841,3.053,148,0,nan,nan,0.000,2564.9978,6.633,156009730.0,nan,670841860.0
123.0,30.335,3.103,127,0,nan,nan,0.000,2564.9978,7.504,156009730.0,nan,670841860.0
125.0,30.828,3.153,128,0,nan,nan,0.000,2564.9978,7.581,156009730.0,nan,670841860.0
127.0,31.321,3.204,142,0,nan,nan,0.000,2564.9978,7.237,156009730.0,nan,670841860.0
129.0,31.814,3.254,124,0,nan,nan,0.000,2564.9978,8.097,156009730.0,nan,670841860.0
131.0,32.308,3.305,131,0,nan,nan,0.000,2564.9978,8.067,156009730.0,nan,670841860.0
133.0,32.801,3.355,138,0,nan,nan,0.000,2564.9978,8.001,156009730.0,nan,670841860.0
135.0,33.294,3.406,130,0,nan,nan,0.000,2564.9978,8.568,156009730.0,nan,670841860.0
137.0,33.787,3.456,131,0,nan,nan,0.000,2564.9978,8.664,156009730.0,nan,670841860.0
139.0,34.280,3.507,130,0,nan,nan,0.000,2564.9978,9.160,156009730.0,nan,670841860.0
141.0,34.774,3.557,132,0,nan,nan,0.000,2564.9978,9.419,156009730.0,nan,670841860.0
143.0,35.267,3.608,133,0,nan,nan,0.000,2564.9978,9.476,156009730.0,nan,670841860.0
145.0,35.760,3.658,122,0,nan,nan,0.000,2564.9978,10.226,156009730.0,nan,670841860.0
147.0,36.253,3.708,136,0,nan,nan,0.000,2564.9978,10.649,156009730.0,nan,670841860.0
149.0,36.747,3.759,138,0,nan,nan,0.000,2564.9978,11.127,156009730.0,nan,670841860.0
151.0,37.240,3.809,121,0,nan,nan,0.000,2564.9978,12.273,156009730.0,nan,670841860.0
153.0,37.733,3.860,127,0,nan,nan,0.000,2564.9978,12.486,156009730.0,nan,670841860.0
155.0,38.226,3.910,144,0,nan,nan,0.000,2564.9978,15.028,156009730.0,nan,670841860.0
157.0,38.720,3.961,92,0,nan,nan,0.000,2564.9978,15.839,156009730.0,nan,670841860.0
159.0,39.213,4.011,64,0,nan,nan,0.000,2564.9978,28.680,156009730.0,nan,670841860.0
161.0,39.706,4.062,53,0,nan,nan,0.000,2564.9978,nan,156009730.0,nan,670841860.0
163.0,40.199,4.112,42,0,nan,nan,0.000,2564.9978,nan,156009730.0,nan,670841860.0
165.0,40.693,4.163,36,0,nan,nan,0.000,2564.9978,nan,156009730.0,nan,670841860.0
167.0,41.186,4.213,27,0,nan,nan,0.000,2564.9978,nan,156009730.0,nan,670841860.0
169.0,41.679,4.263,20,0,nan,nan,0.000,2564.9978,nan,156009730.0,nan,670841860.0
171.0,42.172,4.314,14,0,nan,nan,0.000,2564.9978,nan,156009730.0,nan,670841860.0
173.0,42.666,4.364,7,0,nan,nan,0.000,2564.9978,nan,156009730.0,nan,670841860.0
175.0,43.159,4.415,2,0,nan,nan,0.000,2564.9978,nan,156009730.0,nan,670841860.0
