dat_prof/radprof/CO_natv/UGC10205.smob1.rprof.txt
# %ECSV 0.9
# ---
# datatype:
# - {name: radius, unit: arcsec, datatype: float64, description: Adopting RA=241.66799999999998
#     deg DEC=30.099 deg PA=128.6 INC=51.7}
# - {name: r_kpc, unit: kpc, datatype: float64, format: 10.3f, description: Adopting
#     distance of 94.9187 Mpc}
# - {name: r_r25, unit: '', datatype: float64, format: 10.3f, description: Adopting
#     R25=43.3632 arcsec}
# - {name: npix, datatype: int64}
# - {name: ngood, datatype: int64, description: Requiring fill fraction of 0.1 npix}
# - {name: wtmean, unit: K km / s, datatype: float64, format: 10.3f, description: Replaced
#     blanks with 1 times ../UGC10205.co.de20_smo.emom0max.fits}
# - {name: rms, unit: K km / s, datatype: float32}
# - {name: annsum, unit: K km pix / s, datatype: float32, format: 10.3f}
# - {name: cumsum, unit: K km pix / s, datatype: float32}
# - {name: detlim, unit: K km / s, datatype: float64, format: 10.3f}
# - {name: cumlum, unit: K km pc2 / s, datatype: float32}
# - {name: sigmol, unit: solMass / pc2, datatype: float64, format: 10.3f}
# - {name: cummass, unit: solMass, datatype: float32}
# delimiter: ','
# schema: astropy-2.0
radius,r_kpc,r_r25,npix,ngood,wtmean,rms,annsum,cumsum,detlim,cumlum,sigmol,cummass
1.0,0.460,0.023,10,10,21.628,5.030595,216.280,216.28036,17.167,45800516.0,57.640,196942220.0
3.0,1.381,0.069,20,20,18.884,6.6357303,377.673,593.95325,11.617,125778250.0,50.326,540846460.0
5.0,2.301,0.115,38,36,14.123,7.1145673,536.657,1130.6105,8.165,239423230.0,37.637,1029519940.0
7.0,3.221,0.161,58,53,11.991,5.6561675,695.506,1826.1163,6.263,386706720.0,31.958,1662838900.0
9.0,4.142,0.208,71,52,8.250,5.4700074,585.733,2411.8489,5.368,510744130.0,21.986,2196200000.0
11.0,5.062,0.254,83,38,5.659,4.2961082,469.737,2881.5864,4.743,610217900.0,15.083,2623937300.0
13.0,5.982,0.300,99,43,4.573,3.0253634,452.772,3334.3586,4.055,706099000.0,12.188,3036225800.0
15.0,6.903,0.346,120,51,3.862,2.3897898,463.439,3797.7979,3.596,804239000.0,10.292,3458227700.0
17.0,7.823,0.392,133,62,3.829,2.766789,509.267,4307.065,3.259,912083700.0,10.205,3921960200.0
19.0,8.743,0.438,145,60,3.126,1.7851775,453.290,4760.3545,3.002,1008074400.0,8.331,4334720000.0
21.0,9.664,0.484,166,57,2.624,0.73690355,435.541,5195.8955,2.788,1100306600.0,6.992,4731318300.0
23.0,10.584,0.530,183,28,2.505,0.53196275,458.352,5654.2476,2.694,1197369200.0,6.675,5148688000.0
25.0,11.504,0.577,192,42,2.651,0.72909665,509.080,6163.327,2.673,1305174300.0,7.066,5612249600.0
27.0,12.425,0.623,206,31,2.523,0.333045,519.670,6682.997,2.628,1415221900.0,6.723,6085454300.0
29.0,13.345,0.669,226,16,nan,nan,0.000,6682.997,2.563,1415221900.0,nan,6085454300.0
31.0,14.266,0.715,248,14,nan,nan,0.000,6682.997,2.504,1415221900.0,nan,6085454300.0
33.0,15.186,0.761,255,3,nan,nan,0.000,6682.997,2.527,1415221900.0,nan,6085454300.0
35.0,16.106,0.807,268,0,nan,nan,0.000,6682.997,2.522,1415221900.0,nan,6085454300.0
37.0,17.027,0.853,289,0,nan,nan,0.000,6682.997,2.511,1415221900.0,nan,6085454300.0
39.0,17.947,0.899,308,0,nan,nan,0.000,6682.997,2.501,1415221900.0,nan,6085454300.0
41.0,18.867,0.946,312,0,nan,nan,0.000,6682.997,2.567,1415221900.0,nan,6085454300.0
43.0,19.788,0.992,337,0,nan,nan,0.000,6682.997,2.544,1415221900.0,nan,6085454300.0
45.0,20.708,1.038,356,0,nan,nan,0.000,6682.997,2.585,1415221900.0,nan,6085454300.0
47.0,21.628,1.084,365,0,nan,nan,0.000,6682.997,2.657,1415221900.0,nan,6085454300.0
49.0,22.549,1.130,380,0,nan,nan,0.000,6682.997,2.716,1415221900.0,nan,6085454300.0
51.0,23.469,1.176,397,0,nan,nan,0.000,6682.997,2.795,1415221900.0,nan,6085454300.0
53.0,24.389,1.222,414,0,nan,nan,0.000,6682.997,2.980,1415221900.0,nan,6085454300.0
55.0,25.310,1.268,429,0,nan,nan,0.000,6682.997,3.141,1415221900.0,nan,6085454300.0
57.0,26.230,1.314,408,0,nan,nan,0.000,6682.997,3.303,1415221900.0,nan,6085454300.0
59.0,27.151,1.361,430,0,nan,nan,0.000,6682.997,3.321,1415221900.0,nan,6085454300.0
61.0,28.071,1.407,382,0,nan,nan,0.000,6682.997,3.553,1415221900.0,nan,6085454300.0
63.0,28.991,1.453,366,0,nan,nan,0.000,6682.997,3.723,1415221900.0,nan,6085454300.0
65.0,29.912,1.499,295,0,nan,nan,0.000,6682.997,3.930,1415221900.0,nan,6085454300.0
67.0,30.832,1.545,249,0,nan,nan,0.000,6682.997,4.077,1415221900.0,nan,6085454300.0
69.0,31.752,1.591,212,0,nan,nan,0.000,6682.997,4.298,1415221900.0,nan,6085454300.0
71.0,32.673,1.637,181,0,nan,nan,0.000,6682.997,4.620,1415221900.0,nan,6085454300.0
73.0,33.593,1.683,150,0,nan,nan,0.000,6682.997,5.088,1415221900.0,nan,6085454300.0
75.0,34.513,1.730,147,0,nan,nan,0.000,6682.997,5.410,1415221900.0,nan,6085454300.0
77.0,35.434,1.776,139,0,nan,nan,0.000,6682.997,5.947,1415221900.0,nan,6085454300.0
79.0,36.354,1.822,129,0,nan,nan,0.000,6682.997,7.137,1415221900.0,nan,6085454300.0
81.0,37.274,1.868,113,0,nan,nan,0.000,6682.997,10.745,1415221900.0,nan,6085454300.0
83.0,38.195,1.914,109,0,nan,nan,0.000,6682.997,25.061,1415221900.0,nan,6085454300.0
85.0,39.115,1.960,102,0,nan,nan,0.000,6682.997,nan,1415221900.0,nan,6085454300.0
87.0,40.036,2.006,98,0,nan,nan,0.000,6682.997,nan,1415221900.0,nan,6085454300.0
89.0,40.956,2.052,85,0,nan,nan,0.000,6682.997,nan,1415221900.0,nan,6085454300.0
91.0,41.876,2.099,79,0,nan,nan,0.000,6682.997,nan,1415221900.0,nan,6085454300.0
93.0,42.797,2.145,69,0,nan,nan,0.000,6682.997,nan,1415221900.0,nan,6085454300.0
95.0,43.717,2.191,67,0,nan,nan,0.000,6682.997,nan,1415221900.0,nan,6085454300.0
97.0,44.637,2.237,57,0,nan,nan,0.000,6682.997,nan,1415221900.0,nan,6085454300.0
99.0,45.558,2.283,50,0,nan,nan,0.000,6682.997,nan,1415221900.0,nan,6085454300.0
101.0,46.478,2.329,44,0,nan,nan,0.000,6682.997,nan,1415221900.0,nan,6085454300.0
103.0,47.398,2.375,38,0,nan,nan,0.000,6682.997,nan,1415221900.0,nan,6085454300.0
105.0,48.319,2.421,32,0,nan,nan,0.000,6682.997,nan,1415221900.0,nan,6085454300.0
107.0,49.239,2.468,24,0,nan,nan,0.000,6682.997,nan,1415221900.0,nan,6085454300.0
109.0,50.159,2.514,19,0,nan,nan,0.000,6682.997,nan,1415221900.0,nan,6085454300.0
111.0,51.080,2.560,12,0,nan,nan,0.000,6682.997,nan,1415221900.0,nan,6085454300.0
113.0,52.000,2.606,5,0,nan,nan,0.000,6682.997,nan,1415221900.0,nan,6085454300.0
115.0,52.921,2.652,2,0,nan,nan,0.000,6682.997,nan,1415221900.0,nan,6085454300.0
117.0,53.841,2.698,0,0,nan,nan,0.000,6682.997,nan,1415221900.0,nan,6085454300.0
