dat_prof/radprof/CO_natv/UGC10043.smob0.rprof.txt
# %ECSV 0.9
# ---
# datatype:
# - {name: radius, unit: arcsec, datatype: float64, description: Adopting RA=237.1725
#     deg DEC=21.8695 deg PA=341.8 INC=75.2}
# - {name: r_kpc, unit: kpc, datatype: float64, format: 10.3f, description: Adopting
#     distance of 31.0226 Mpc}
# - {name: r_r25, unit: '', datatype: float64, format: 10.3f, description: Adopting
#     R25=65.9358 arcsec}
# - {name: npix, datatype: int64}
# - {name: ngood, datatype: int64, description: Requiring fill fraction of 0.2 npix}
# - {name: wtmean, unit: K km / s, datatype: float64, format: 10.3f, description: Replaced
#     blanks with 0 times ../UGC10043.co.de20_smo.emom0max.fits}
# - {name: rms, unit: K km / s, datatype: float32}
# - {name: annsum, unit: K km pix / s, datatype: float32, format: 10.3f}
# - {name: cumsum, unit: K km pix / s, datatype: float32}
# - {name: detlim, unit: K km / s, datatype: float64, format: 10.3f}
# - {name: cumlum, unit: K km pc2 / s, datatype: float32}
# - {name: sigmol, unit: solMass / pc2, datatype: float64, format: 10.3f}
# - {name: cummass, unit: solMass, datatype: float32}
# delimiter: ','
radius,r_kpc,r_r25,npix,ngood,wtmean,rms,annsum,cumsum,detlim,cumlum,sigmol,cummass
1.0,0.150,0.015,3,3,24.087,6.48558,72.262,72.2619,37.375,1.63462e+06,26.458,7.02885e+06
3.0,0.451,0.045,10,10,26.200,10.0233,261.998,334.26,20.524,7.56119e+06,28.778,3.25131e+07
5.0,0.752,0.076,16,16,24.675,15.1628,394.799,729.059,15.938,1.64918e+07,27.103,7.09148e+07
7.0,1.053,0.106,25,25,22.435,20.7673,560.866,1289.92,12.352,2.9179e+07,24.643,1.2547e+08
9.0,1.354,0.136,23,23,23.633,21.6651,543.558,1833.48,12.488,4.14747e+07,25.959,1.78341e+08
11.0,1.654,0.167,37,37,18.868,18.8275,698.102,2531.58,9.565,5.72662e+07,20.724,2.46245e+08
13.0,1.955,0.197,45,45,14.794,17.5941,665.715,3197.3,8.289,7.23251e+07,16.250,3.10998e+08
15.0,2.256,0.227,50,50,12.387,13.8388,619.329,3816.63,7.706,8.63348e+07,13.606,3.7124e+08
17.0,2.557,0.258,50,50,10.717,12.9441,535.832,4352.46,7.605,9.84557e+07,11.771,4.2336e+08
19.0,2.858,0.288,58,58,7.971,11.7805,462.311,4814.77,6.900,1.08913e+08,8.755,4.68328e+08
21.0,3.158,0.318,69,69,6.631,10.2906,457.529,5272.3,6.325,1.19263e+08,7.283,5.12831e+08
23.0,3.459,0.349,78,78,5.343,8.66064,416.721,5689.02,5.971,1.2869e+08,5.868,5.53366e+08
25.0,3.760,0.379,80,79,4.821,8.22224,385.656,6074.68,5.904,1.37413e+08,5.295,5.90878e+08
27.0,4.061,0.409,84,80,3.050,6.45198,256.187,6330.86,5.847,1.43209e+08,3.350,6.15797e+08
29.0,4.362,0.440,91,76,2.718,6.29011,247.329,6578.19,5.656,1.48803e+08,2.985,6.39854e+08
31.0,4.662,0.470,98,82,2.043,5.58785,200.202,6778.39,5.514,1.53332e+08,2.244,6.59328e+08
33.0,4.963,0.500,117,77,1.321,4.61794,154.536,6932.93,5.148,1.56828e+08,1.451,6.74359e+08
35.0,5.264,0.531,110,58,1.082,3.76472,118.989,7051.92,5.374,1.59519e+08,1.188,6.85933e+08
37.0,5.565,0.561,114,47,0.634,3.60586,72.242,7124.16,5.433,1.61154e+08,0.696,6.9296e+08
39.0,5.866,0.591,122,44,0.763,3.31081,93.078,7217.24,5.317,1.63259e+08,0.838,7.02014e+08
41.0,6.166,0.622,135,38,0.496,2.28803,66.926,7284.17,5.226,1.64773e+08,0.545,7.08524e+08
43.0,6.467,0.652,140,33,0.725,2.46183,101.521,7385.69,5.273,1.67069e+08,0.797,7.18399e+08
45.0,6.768,0.682,141,28,nan,nan,0.000,7385.69,5.391,1.67069e+08,nan,7.18399e+08
47.0,7.069,0.713,146,26,nan,nan,0.000,7385.69,5.474,1.67069e+08,nan,7.18399e+08
49.0,7.370,0.743,164,25,nan,nan,0.000,7385.69,5.399,1.67069e+08,nan,7.18399e+08
51.0,7.670,0.773,161,22,nan,nan,0.000,7385.69,5.708,1.67069e+08,nan,7.18399e+08
53.0,7.971,0.804,154,23,nan,nan,0.000,7385.69,5.671,1.67069e+08,nan,7.18399e+08
55.0,8.272,0.834,144,20,nan,nan,0.000,7385.69,5.738,1.67069e+08,nan,7.18399e+08
57.0,8.573,0.864,113,12,nan,nan,0.000,7385.69,6.262,1.67069e+08,nan,7.18399e+08
59.0,8.874,0.895,141,13,nan,nan,0.000,7385.69,5.778,1.67069e+08,nan,7.18399e+08
61.0,9.175,0.925,131,8,nan,nan,0.000,7385.69,5.967,1.67069e+08,nan,7.18399e+08
63.0,9.475,0.955,125,4,nan,nan,0.000,7385.69,6.156,1.67069e+08,nan,7.18399e+08
65.0,9.776,0.986,125,6,nan,nan,0.000,7385.69,5.951,1.67069e+08,nan,7.18399e+08
67.0,10.077,1.016,115,2,nan,nan,0.000,7385.69,6.172,1.67069e+08,nan,7.18399e+08
69.0,10.378,1.046,124,4,nan,nan,0.000,7385.69,6.191,1.67069e+08,nan,7.18399e+08
71.0,10.679,1.077,119,2,nan,nan,0.000,7385.69,6.244,1.67069e+08,nan,7.18399e+08
73.0,10.979,1.107,116,0,nan,nan,0.000,7385.69,6.378,1.67069e+08,nan,7.18399e+08
75.0,11.280,1.137,117,0,nan,nan,0.000,7385.69,6.199,1.67069e+08,nan,7.18399e+08
77.0,11.581,1.168,113,0,nan,nan,0.000,7385.69,6.521,1.67069e+08,nan,7.18399e+08
79.0,11.882,1.198,124,0,nan,nan,0.000,7385.69,6.250,1.67069e+08,nan,7.18399e+08
81.0,12.183,1.228,114,0,nan,nan,0.000,7385.69,6.365,1.67069e+08,nan,7.18399e+08
83.0,12.483,1.259,106,0,nan,nan,0.000,7385.69,6.852,1.67069e+08,nan,7.18399e+08
85.0,12.784,1.289,121,0,nan,nan,0.000,7385.69,6.395,1.67069e+08,nan,7.18399e+08
87.0,13.085,1.319,111,0,nan,nan,0.000,7385.69,6.614,1.67069e+08,nan,7.18399e+08
89.0,13.386,1.350,115,0,nan,nan,0.000,7385.69,6.614,1.67069e+08,nan,7.18399e+08
91.0,13.687,1.380,115,0,nan,nan,0.000,7385.69,6.610,1.67069e+08,nan,7.18399e+08
93.0,13.987,1.410,110,0,nan,nan,0.000,7385.69,6.928,1.67069e+08,nan,7.18399e+08
95.0,14.288,1.441,111,0,nan,nan,0.000,7385.69,6.784,1.67069e+08,nan,7.18399e+08
97.0,14.589,1.471,116,0,nan,nan,0.000,7385.69,6.726,1.67069e+08,nan,7.18399e+08
99.0,14.890,1.501,110,0,nan,nan,0.000,7385.69,6.970,1.67069e+08,nan,7.18399e+08
101.0,15.191,1.532,112,0,nan,nan,0.000,7385.69,6.915,1.67069e+08,nan,7.18399e+08
103.0,15.491,1.562,110,0,nan,nan,0.000,7385.69,7.109,1.67069e+08,nan,7.18399e+08
105.0,15.792,1.592,110,0,nan,nan,0.000,7385.69,7.070,1.67069e+08,nan,7.18399e+08
107.0,16.093,1.623,112,0,nan,nan,0.000,7385.69,7.136,1.67069e+08,nan,7.18399e+08
109.0,16.394,1.653,106,0,nan,nan,0.000,7385.69,7.419,1.67069e+08,nan,7.18399e+08
111.0,16.695,1.683,117,0,nan,nan,0.000,7385.69,7.072,1.67069e+08,nan,7.18399e+08
113.0,16.995,1.714,107,0,nan,nan,0.000,7385.69,7.425,1.67069e+08,nan,7.18399e+08
115.0,17.296,1.744,108,0,nan,nan,0.000,7385.69,7.455,1.67069e+08,nan,7.18399e+08
117.0,17.597,1.774,112,0,nan,nan,0.000,7385.69,7.393,1.67069e+08,nan,7.18399e+08
119.0,17.898,1.805,107,0,nan,nan,0.000,7385.69,7.745,1.67069e+08,nan,7.18399e+08
121.0,18.199,1.835,117,0,nan,nan,0.000,7385.69,7.421,1.67069e+08,nan,7.18399e+08
123.0,18.499,1.865,109,0,nan,nan,0.000,7385.69,7.722,1.67069e+08,nan,7.18399e+08
125.0,18.800,1.896,105,0,nan,nan,0.000,7385.69,8.107,1.67069e+08,nan,7.18399e+08
127.0,19.101,1.926,110,0,nan,nan,0.000,7385.69,7.733,1.67069e+08,nan,7.18399e+08
129.0,19.402,1.956,106,0,nan,nan,0.000,7385.69,8.210,1.67069e+08,nan,7.18399e+08
131.0,19.703,1.987,112,0,nan,nan,0.000,7385.69,8.021,1.67069e+08,nan,7.18399e+08
133.0,20.003,2.017,114,0,nan,nan,0.000,7385.69,7.966,1.67069e+08,nan,7.18399e+08
135.0,20.304,2.047,103,0,nan,nan,0.000,7385.69,8.685,1.67069e+08,nan,7.18399e+08
137.0,20.605,2.078,112,0,nan,nan,0.000,7385.69,8.149,1.67069e+08,nan,7.18399e+08
139.0,20.906,2.108,104,0,nan,nan,0.000,7385.69,8.796,1.67069e+08,nan,7.18399e+08
141.0,21.207,2.138,106,0,nan,nan,0.000,7385.69,8.622,1.67069e+08,nan,7.18399e+08
143.0,21.507,2.169,109,0,nan,nan,0.000,7385.69,8.588,1.67069e+08,nan,7.18399e+08
145.0,21.808,2.199,98,0,nan,nan,0.000,7385.69,9.199,1.67069e+08,nan,7.18399e+08
147.0,22.109,2.229,101,0,nan,nan,0.000,7385.69,8.785,1.67069e+08,nan,7.18399e+08
149.0,22.410,2.260,93,0,nan,nan,0.000,7385.69,9.203,1.67069e+08,nan,7.18399e+08
151.0,22.711,2.290,89,0,nan,nan,0.000,7385.69,9.734,1.67069e+08,nan,7.18399e+08
153.0,23.011,2.320,94,0,nan,nan,0.000,7385.69,9.271,1.67069e+08,nan,7.18399e+08
155.0,23.312,2.351,87,0,nan,nan,0.000,7385.69,9.769,1.67069e+08,nan,7.18399e+08
157.0,23.613,2.381,86,0,nan,nan,0.000,7385.69,9.795,1.67069e+08,nan,7.18399e+08
159.0,23.914,2.411,82,0,nan,nan,0.000,7385.69,10.041,1.67069e+08,nan,7.18399e+08
161.0,24.215,2.442,75,0,nan,nan,0.000,7385.69,10.671,1.67069e+08,nan,7.18399e+08
163.0,24.515,2.472,84,0,nan,nan,0.000,7385.69,10.066,1.67069e+08,nan,7.18399e+08
165.0,24.816,2.502,73,0,nan,nan,0.000,7385.69,10.922,1.67069e+08,nan,7.18399e+08
167.0,25.117,2.533,73,0,nan,nan,0.000,7385.69,11.090,1.67069e+08,nan,7.18399e+08
169.0,25.418,2.563,74,0,nan,nan,0.000,7385.69,10.956,1.67069e+08,nan,7.18399e+08
171.0,25.719,2.593,67,0,nan,nan,0.000,7385.69,12.054,1.67069e+08,nan,7.18399e+08
173.0,26.020,2.624,69,0,nan,nan,0.000,7385.69,11.700,1.67069e+08,nan,7.18399e+08
175.0,26.320,2.654,65,0,nan,nan,0.000,7385.69,12.188,1.67069e+08,nan,7.18399e+08
177.0,26.621,2.684,60,0,nan,nan,0.000,7385.69,13.240,1.67069e+08,nan,7.18399e+08
179.0,26.922,2.715,66,0,nan,nan,0.000,7385.69,12.611,1.67069e+08,nan,7.18399e+08
181.0,27.223,2.745,56,0,nan,nan,0.000,7385.69,14.671,1.67069e+08,nan,7.18399e+08
183.0,27.524,2.775,58,0,nan,nan,0.000,7385.69,14.220,1.67069e+08,nan,7.18399e+08
185.0,27.824,2.806,57,0,nan,nan,0.000,7385.69,14.710,1.67069e+08,nan,7.18399e+08
187.0,28.125,2.836,47,0,nan,nan,0.000,7385.69,18.291,1.67069e+08,nan,7.18399e+08
189.0,28.426,2.866,58,0,nan,nan,0.000,7385.69,15.690,1.67069e+08,nan,7.18399e+08
191.0,28.727,2.897,47,0,nan,nan,0.000,7385.69,19.838,1.67069e+08,nan,7.18399e+08
193.0,29.028,2.927,46,0,nan,nan,0.000,7385.69,25.499,1.67069e+08,nan,7.18399e+08
195.0,29.328,2.957,51,0,nan,nan,0.000,7385.69,32.615,1.67069e+08,nan,7.18399e+08
197.0,29.629,2.988,39,0,nan,nan,0.000,7385.69,nan,1.67069e+08,nan,7.18399e+08
199.0,29.930,3.018,45,0,nan,nan,0.000,7385.69,nan,1.67069e+08,nan,7.18399e+08
201.0,30.231,3.048,42,0,nan,nan,0.000,7385.69,nan,1.67069e+08,nan,7.18399e+08
203.0,30.532,3.079,34,0,nan,nan,0.000,7385.69,nan,1.67069e+08,nan,7.18399e+08
205.0,30.832,3.109,41,0,nan,nan,0.000,7385.69,nan,1.67069e+08,nan,7.18399e+08
207.0,31.133,3.139,33,0,nan,nan,0.000,7385.69,nan,1.67069e+08,nan,7.18399e+08
209.0,31.434,3.170,34,0,nan,nan,0.000,7385.69,nan,1.67069e+08,nan,7.18399e+08
211.0,31.735,3.200,32,0,nan,nan,0.000,7385.69,nan,1.67069e+08,nan,7.18399e+08
213.0,32.036,3.230,28,0,nan,nan,0.000,7385.69,nan,1.67069e+08,nan,7.18399e+08
215.0,32.336,3.261,30,0,nan,nan,0.000,7385.69,nan,1.67069e+08,nan,7.18399e+08
217.0,32.637,3.291,25,0,nan,nan,0.000,7385.69,nan,1.67069e+08,nan,7.18399e+08
219.0,32.938,3.321,26,0,nan,nan,0.000,7385.69,nan,1.67069e+08,nan,7.18399e+08
221.0,33.239,3.352,23,0,nan,nan,0.000,7385.69,nan,1.67069e+08,nan,7.18399e+08
223.0,33.540,3.382,20,0,nan,nan,0.000,7385.69,nan,1.67069e+08,nan,7.18399e+08
225.0,33.840,3.412,21,0,nan,nan,0.000,7385.69,nan,1.67069e+08,nan,7.18399e+08
227.0,34.141,3.443,18,0,nan,nan,0.000,7385.69,nan,1.67069e+08,nan,7.18399e+08
229.0,34.442,3.473,15,0,nan,nan,0.000,7385.69,nan,1.67069e+08,nan,7.18399e+08
231.0,34.743,3.503,15,0,nan,nan,0.000,7385.69,nan,1.67069e+08,nan,7.18399e+08
233.0,35.044,3.534,13,0,nan,nan,0.000,7385.69,nan,1.67069e+08,nan,7.18399e+08
235.0,35.344,3.564,11,0,nan,nan,0.000,7385.69,nan,1.67069e+08,nan,7.18399e+08
237.0,35.645,3.594,10,0,nan,nan,0.000,7385.69,nan,1.67069e+08,nan,7.18399e+08
239.0,35.946,3.625,7,0,nan,nan,0.000,7385.69,nan,1.67069e+08,nan,7.18399e+08
241.0,36.247,3.655,7,0,nan,nan,0.000,7385.69,nan,1.67069e+08,nan,7.18399e+08
243.0,36.548,3.685,4,0,nan,nan,0.000,7385.69,nan,1.67069e+08,nan,7.18399e+08
245.0,36.848,3.716,3,0,nan,nan,0.000,7385.69,nan,1.67069e+08,nan,7.18399e+08
247.0,37.149,3.746,2,0,nan,nan,0.000,7385.69,nan,1.67069e+08,nan,7.18399e+08
249.0,37.450,3.776,1,0,nan,nan,0.000,7385.69,nan,1.67069e+08,nan,7.18399e+08
