dat_prof/radprof/CO_natv/UGC10123.smob0.rprof.txt
# %ECSV 0.9
# ---
# datatype:
# - {name: radius, unit: arcsec, datatype: float64, description: Adopting RA=239.76149999999996
#     deg DEC=51.3046 deg PA=234.6 INC=70.0}
# - {name: r_kpc, unit: kpc, datatype: float64, format: 10.3f, description: Adopting
#     distance of 53.7583 Mpc}
# - {name: r_r25, unit: '', datatype: float64, format: 10.3f, description: Adopting
#     R25=34.6833 arcsec}
# - {name: npix, datatype: int64}
# - {name: ngood, datatype: int64, description: Requiring fill fraction of 0.2 npix}
# - {name: wtmean, unit: K km / s, datatype: float64, format: 10.3f, description: Replaced
#     blanks with 0 times ../UGC10123.co.de20_smo.emom0max.fits}
# - {name: rms, unit: K km / s, datatype: float32}
# - {name: annsum, unit: K km pix / s, datatype: float32, format: 10.3f}
# - {name: cumsum, unit: K km pix / s, datatype: float32}
# - {name: detlim, unit: K km / s, datatype: float64, format: 10.3f}
# - {name: cumlum, unit: K km pc2 / s, datatype: float32}
# - {name: sigmol, unit: solMass / pc2, datatype: float64, format: 10.3f}
# - {name: cummass, unit: solMass, datatype: float32}
# delimiter: ','
# schema: astropy-2.0
radius,r_kpc,r_r25,npix,ngood,wtmean,rms,annsum,cumsum,detlim,cumlum,sigmol,cummass
1.0,0.261,0.029,3,3,39.992,5.752787,119.975,119.97547,29.696,8149543.0,58.815,35043036.0
3.0,0.782,0.086,13,13,36.518,10.836457,474.732,594.7077,14.280,40396556.0,53.706,173705200.0
5.0,1.303,0.144,24,24,34.497,13.751433,827.920,1422.6279,10.403,96634480.0,50.734,415528300.0
7.0,1.824,0.202,30,30,30.529,14.874921,915.859,2338.487,9.099,158845810.0,44.898,683037000.0
9.0,2.346,0.259,39,39,27.723,14.067008,1081.185,3419.672,7.622,232287180.0,40.771,998834940.0
11.0,2.867,0.317,48,48,23.853,13.959198,1144.950,4564.6226,6.842,310059940.0,35.080,1333257700.0
13.0,3.388,0.375,56,56,21.752,15.557666,1218.089,5782.7114,6.178,392800740.0,31.990,1689043200.0
15.0,3.909,0.432,61,61,16.269,13.935836,992.393,6775.104,5.808,460210750.0,23.926,1978906400.0
17.0,4.431,0.490,76,76,12.253,11.617561,931.236,7706.3403,5.091,523466600.0,18.020,2250906400.0
19.0,4.952,0.548,80,80,9.571,9.8013935,765.716,8472.057,4.899,575479230.0,14.077,2474560800.0
21.0,5.473,0.605,90,90,6.598,7.677524,593.829,9065.886,4.544,615816060.0,9.704,2648009200.0
23.0,5.994,0.663,96,96,3.652,6.1662917,350.570,9416.456,4.356,639629200.0,5.371,2750405600.0
25.0,6.516,0.721,108,108,2.210,4.5283704,238.709,9655.165,4.050,655843900.0,3.251,2820129000.0
27.0,7.037,0.778,117,117,1.290,3.895166,150.964,9806.129,3.890,666098370.0,1.898,2864223200.0
29.0,7.558,0.836,124,116,1.000,3.3613448,123.988,9930.117,3.798,674520500.0,1.471,2900438300.0
31.0,8.079,0.894,134,112,0.802,2.7773187,107.513,10037.63,3.686,681823500.0,1.180,2931841000.0
33.0,8.601,0.951,141,110,1.098,2.901305,154.819,10192.449,3.650,692339840.0,1.615,2977061400.0
35.0,9.122,1.009,156,101,0.603,2.7701283,94.024,10286.473,3.525,698726600.0,0.886,3004524500.0
37.0,9.643,1.067,158,101,0.578,2.7204514,91.260,10377.733,3.599,704925630.0,0.849,3031180300.0
39.0,10.164,1.124,165,96,0.410,2.423021,67.717,10445.45,3.619,709525400.0,0.604,3050959400.0
41.0,10.686,1.182,182,65,0.343,1.9895045,62.451,10507.901,3.526,713767500.0,0.505,3069200400.0
43.0,11.207,1.240,174,42,0.151,1.3401259,26.274,10534.175,3.751,715552200.0,0.222,3076874500.0
45.0,11.728,1.297,201,28,nan,nan,0.000,10534.175,3.591,715552200.0,nan,3076874500.0
47.0,12.249,1.355,204,26,nan,nan,0.000,10534.175,3.761,715552200.0,nan,3076874500.0
49.0,12.771,1.413,208,22,nan,nan,0.000,10534.175,3.833,715552200.0,nan,3076874500.0
51.0,13.292,1.470,214,23,nan,nan,0.000,10534.175,3.937,715552200.0,nan,3076874500.0
53.0,13.813,1.528,232,21,nan,nan,0.000,10534.175,3.936,715552200.0,nan,3076874500.0
55.0,14.335,1.586,232,14,nan,nan,0.000,10534.175,4.174,715552200.0,nan,3076874500.0
57.0,14.856,1.643,237,11,nan,nan,0.000,10534.175,4.044,715552200.0,nan,3076874500.0
59.0,15.377,1.701,228,7,nan,nan,0.000,10534.175,4.188,715552200.0,nan,3076874500.0
61.0,15.898,1.759,231,3,nan,nan,0.000,10534.175,4.237,715552200.0,nan,3076874500.0
63.0,16.420,1.816,211,2,nan,nan,0.000,10534.175,4.261,715552200.0,nan,3076874500.0
65.0,16.941,1.874,209,1,nan,nan,0.000,10534.175,4.260,715552200.0,nan,3076874500.0
67.0,17.462,1.932,199,0,nan,nan,0.000,10534.175,4.456,715552200.0,nan,3076874500.0
69.0,17.983,1.989,198,0,nan,nan,0.000,10534.175,4.350,715552200.0,nan,3076874500.0
71.0,18.505,2.047,187,0,nan,nan,0.000,10534.175,4.504,715552200.0,nan,3076874500.0
73.0,19.026,2.105,190,0,nan,nan,0.000,10534.175,4.586,715552200.0,nan,3076874500.0
75.0,19.547,2.162,189,0,nan,nan,0.000,10534.175,4.592,715552200.0,nan,3076874500.0
77.0,20.068,2.220,179,0,nan,nan,0.000,10534.175,4.636,715552200.0,nan,3076874500.0
79.0,20.590,2.278,159,0,nan,nan,0.000,10534.175,4.786,715552200.0,nan,3076874500.0
81.0,21.111,2.335,151,0,nan,nan,0.000,10534.175,4.809,715552200.0,nan,3076874500.0
83.0,21.632,2.393,153,0,nan,nan,0.000,10534.175,4.722,715552200.0,nan,3076874500.0
85.0,22.153,2.451,130,0,nan,nan,0.000,10534.175,5.140,715552200.0,nan,3076874500.0
87.0,22.675,2.508,144,0,nan,nan,0.000,10534.175,4.816,715552200.0,nan,3076874500.0
89.0,23.196,2.566,128,0,nan,nan,0.000,10534.175,5.166,715552200.0,nan,3076874500.0
91.0,23.717,2.624,132,0,nan,nan,0.000,10534.175,5.019,715552200.0,nan,3076874500.0
93.0,24.238,2.681,125,0,nan,nan,0.000,10534.175,5.262,715552200.0,nan,3076874500.0
95.0,24.760,2.739,125,0,nan,nan,0.000,10534.175,5.215,715552200.0,nan,3076874500.0
97.0,25.281,2.797,110,0,nan,nan,0.000,10534.175,5.485,715552200.0,nan,3076874500.0
99.0,25.802,2.854,118,0,nan,nan,0.000,10534.175,5.439,715552200.0,nan,3076874500.0
101.0,26.323,2.912,110,0,nan,nan,0.000,10534.175,5.616,715552200.0,nan,3076874500.0
103.0,26.845,2.970,108,0,nan,nan,0.000,10534.175,5.662,715552200.0,nan,3076874500.0
105.0,27.366,3.027,107,0,nan,nan,0.000,10534.175,5.783,715552200.0,nan,3076874500.0
107.0,27.887,3.085,104,0,nan,nan,0.000,10534.175,5.869,715552200.0,nan,3076874500.0
109.0,28.408,3.143,99,0,nan,nan,0.000,10534.175,6.131,715552200.0,nan,3076874500.0
111.0,28.930,3.200,97,0,nan,nan,0.000,10534.175,6.185,715552200.0,nan,3076874500.0
113.0,29.451,3.258,95,0,nan,nan,0.000,10534.175,6.331,715552200.0,nan,3076874500.0
115.0,29.972,3.316,91,0,nan,nan,0.000,10534.175,6.515,715552200.0,nan,3076874500.0
117.0,30.493,3.373,90,0,nan,nan,0.000,10534.175,6.684,715552200.0,nan,3076874500.0
119.0,31.015,3.431,83,0,nan,nan,0.000,10534.175,6.992,715552200.0,nan,3076874500.0
121.0,31.536,3.489,89,0,nan,nan,0.000,10534.175,6.865,715552200.0,nan,3076874500.0
123.0,32.057,3.546,77,0,nan,nan,0.000,10534.175,7.523,715552200.0,nan,3076874500.0
125.0,32.578,3.604,85,0,nan,nan,0.000,10534.175,7.323,715552200.0,nan,3076874500.0
127.0,33.100,3.662,74,0,nan,nan,0.000,10534.175,8.115,715552200.0,nan,3076874500.0
129.0,33.621,3.719,81,0,nan,nan,0.000,10534.175,7.892,715552200.0,nan,3076874500.0
131.0,34.142,3.777,69,0,nan,nan,0.000,10534.175,8.901,715552200.0,nan,3076874500.0
133.0,34.663,3.835,75,0,nan,nan,0.000,10534.175,8.675,715552200.0,nan,3076874500.0
135.0,35.185,3.892,66,0,nan,nan,0.000,10534.175,9.915,715552200.0,nan,3076874500.0
137.0,35.706,3.950,69,0,nan,nan,0.000,10534.175,10.257,715552200.0,nan,3076874500.0
139.0,36.227,4.008,62,0,nan,nan,0.000,10534.175,11.418,715552200.0,nan,3076874500.0
141.0,36.748,4.065,65,0,nan,nan,0.000,10534.175,13.497,715552200.0,nan,3076874500.0
143.0,37.270,4.123,58,0,nan,nan,0.000,10534.175,16.590,715552200.0,nan,3076874500.0
145.0,37.791,4.181,58,0,nan,nan,0.000,10534.175,20.536,715552200.0,nan,3076874500.0
147.0,38.312,4.238,56,0,nan,nan,0.000,10534.175,29.441,715552200.0,nan,3076874500.0
149.0,38.834,4.296,54,0,nan,nan,0.000,10534.175,nan,715552200.0,nan,3076874500.0
151.0,39.355,4.354,52,0,nan,nan,0.000,10534.175,nan,715552200.0,nan,3076874500.0
153.0,39.876,4.411,48,0,nan,nan,0.000,10534.175,nan,715552200.0,nan,3076874500.0
155.0,40.397,4.469,48,0,nan,nan,0.000,10534.175,nan,715552200.0,nan,3076874500.0
157.0,40.919,4.527,45,0,nan,nan,0.000,10534.175,nan,715552200.0,nan,3076874500.0
159.0,41.440,4.584,43,0,nan,nan,0.000,10534.175,nan,715552200.0,nan,3076874500.0
161.0,41.961,4.642,42,0,nan,nan,0.000,10534.175,nan,715552200.0,nan,3076874500.0
163.0,42.482,4.700,39,0,nan,nan,0.000,10534.175,nan,715552200.0,nan,3076874500.0
165.0,43.004,4.757,37,0,nan,nan,0.000,10534.175,nan,715552200.0,nan,3076874500.0
167.0,43.525,4.815,35,0,nan,nan,0.000,10534.175,nan,715552200.0,nan,3076874500.0
169.0,44.046,4.873,33,0,nan,nan,0.000,10534.175,nan,715552200.0,nan,3076874500.0
171.0,44.567,4.930,32,0,nan,nan,0.000,10534.175,nan,715552200.0,nan,3076874500.0
173.0,45.089,4.988,27,0,nan,nan,0.000,10534.175,nan,715552200.0,nan,3076874500.0
175.0,45.610,5.046,29,0,nan,nan,0.000,10534.175,nan,715552200.0,nan,3076874500.0
177.0,46.131,5.103,23,0,nan,nan,0.000,10534.175,nan,715552200.0,nan,3076874500.0
179.0,46.652,5.161,24,0,nan,nan,0.000,10534.175,nan,715552200.0,nan,3076874500.0
181.0,47.174,5.219,21,0,nan,nan,0.000,10534.175,nan,715552200.0,nan,3076874500.0
183.0,47.695,5.276,18,0,nan,nan,0.000,10534.175,nan,715552200.0,nan,3076874500.0
185.0,48.216,5.334,18,0,nan,nan,0.000,10534.175,nan,715552200.0,nan,3076874500.0
187.0,48.737,5.392,14,0,nan,nan,0.000,10534.175,nan,715552200.0,nan,3076874500.0
189.0,49.259,5.449,14,0,nan,nan,0.000,10534.175,nan,715552200.0,nan,3076874500.0
191.0,49.780,5.507,10,0,nan,nan,0.000,10534.175,nan,715552200.0,nan,3076874500.0
193.0,50.301,5.565,10,0,nan,nan,0.000,10534.175,nan,715552200.0,nan,3076874500.0
195.0,50.822,5.622,6,0,nan,nan,0.000,10534.175,nan,715552200.0,nan,3076874500.0
197.0,51.344,5.680,5,0,nan,nan,0.000,10534.175,nan,715552200.0,nan,3076874500.0
199.0,51.865,5.738,4,0,nan,nan,0.000,10534.175,nan,715552200.0,nan,3076874500.0
201.0,52.386,5.795,2,0,nan,nan,0.000,10534.175,nan,715552200.0,nan,3076874500.0
203.0,52.907,5.853,1,0,nan,nan,0.000,10534.175,nan,715552200.0,nan,3076874500.0
205.0,53.429,5.911,0,0,nan,nan,0.000,10534.175,nan,715552200.0,nan,3076874500.0
