edge_pydb/dat_prof/rotcur_levy/rf_CO_natv.csv
# %ECSV 0.9
# ---
# datatype:
# - {name: Name, datatype: string, description: Galaxy Name}
# - {name: radius, unit: arcsec, datatype: float64}
# - {name: Vrot, unit: km / s, datatype: float64, description: Rotation curve}
# - {name: e_Vrot, unit: km / s, datatype: float64, description: Error in rotation curve}
# - {name: Vrad, datatype: float64, description: Expansion velocity}
# - {name: e_Vrad, unit: km / s, datatype: float64, description: Error in expansion velocity}
# - {name: dVsys, unit: km / s, datatype: float64, description: Systemic velocity offset}
# - {name: e_dVsys, unit: km / s, datatype: float64, description: Error in systemic velocity offset}
# delimiter: ','
# meta: !!omap
# - {comments: CO_natv Rotation Curves from 2018ApJ...860...92L}
# - {date: '2020-06-22'}
# schema: astropy-2.0
Name,radius,Vrot,e_Vrot,Vrad,e_Vrad,dVsys,e_dVsys
[from data line 212]
NGC4470,11.731179,72.164297,5.316612,9.612158,6.518887,6.519532,3.581097
NGC4470,14.708637,58.632694,9.769731,-14.333689,18.978842,-1.862524,7.039983
NGC4470,17.733319,52.21929,11.900535,-30.879614,17.950406,-7.959931,10.139695
NGC4644,3.726491,90.281042,9.051151,4.81992,5.440133,3.144793,10.710737
NGC4644,7.933308,159.247536,6.140825,5.080881,4.470283,-1.403971,5.956259
NGC4644,11.545811,173.408109,4.079731,5.960033,5.71734,-0.737631,2.815361
NGC4644,14.858026,186.44054,7.201944,-4.381141,5.750316,-1.243301,4.581783
NGC4644,18.057362,198.365327,11.485003,-3.441769,7.982838,2.173601,5.441087
NGC4676A,5.967544,216.430054,17.495466,-7.738248,18.083311,1.600612,25.806715
NGC4711,2.796962,58.199347,4.2717,4.296905,3.54745,1.635153,10.004812
NGC4711,5.958338,98.371058,4.424792,8.808852,5.304111,-0.353316,5.115239
NGC4711,9.433692,122.442287,4.396297,10.943241,5.292473,0.460643,1.843755
NGC4711,12.931507,133.91338,2.436232,6.5255,4.281564,-1.089634,2.97913
NGC4711,16.124838,144.375051,2.909671,5.884104,5.022583,-0.15857,3.784541
NGC4711,19.397343,156.067711,3.438213,0.917423,5.393011,2.225714,5.746095
NGC4961,2.565488,42.125115,4.516229,6.525972,5.377083,4.294687,3.019882
NGC4961,5.494118,70.336076,2.955108,9.661664,2.700728,1.232063,3.202299
NGC4961,8.482425,97.258894,3.799136,1.299138,3.470723,1.174726,5.275684
NGC4961,11.510078,113.074805,9.030604,-5.939336,14.662956,0.935154,15.855085
NGC5000,2.085331,45.315626,5.827719,1.358266,4.29224,-5.134623,13.195606
NGC5000,4.424628,80.262576,10.886191,-0.456094,6.191763,-1.724516,16.066573
NGC5000,7.896461,-56.26415,62.174225,-22.889051,33.585954,51.504355,45.130338
NGC5000,14.750643,178.553825,22.779927,10.765708,15.089916,6.316468,23.998492
NGC5000,17.565082,175.96258,19.806141,14.647877,12.458242,6.57897,22.804978
NGC5000,20.533241,46.452692,70.206475,-104.336866,45.737087,-10.027851,63.876243
NGC5016,2.321383,55.918157,5.473328,0.63948,3.835366,-8.891624,7.192317
NGC5016,5.446046,108.431053,7.61024,0.45573,4.572339,-11.743325,4.222253
NGC5016,8.631152,136.769832,6.661641,-4.081839,5.286279,-1.461522,7.905489
NGC5016,11.650173,157.478264,6.579258,-3.042474,4.974518,1.196447,8.155932
NGC5016,14.850776,181.467915,9.806476,-10.729858,6.60606,-4.143211,6.795112
NGC5016,18.031736,175.196793,12.743622,-7.915306,9.127572,8.981834,13.79604
NGC5056,2.944432,56.183851,11.762616,-19.036779,6.294729,-3.930155,18.934533
NGC5056,6.208327,151.537846,8.807596,-14.146941,7.182119,-1.085179,9.080784
NGC5056,9.442268,165.479643,3.650579,-3.953869,6.602926,-0.871948,1.504213
NGC5056,12.600846,173.285689,3.175013,0.456271,5.140107,0.547075,2.150521
NGC5056,15.872139,176.536678,2.39596,2.058634,5.641802,1.213236,3.666537
NGC5056,19.420557,176.858473,3.061696,-3.329524,7.784589,-2.292038,4.464563
NGC5205,10.59763,-208.185478,125.793049,-181.6438,75.830342,-162.575379,33.333497
NGC5218,2.175152,36.690007,6.080584,-14.653369,4.074527,-10.93501,17.577854
NGC5218,5.130817,98.267951,10.329475,-28.110084,7.876183,-4.842568,9.99429
NGC5218,8.116554,208.552353,14.952592,-1.870109,9.271955,4.835583,14.759199
NGC5218,11.067399,211.107547,16.035159,20.220856,9.239598,3.61417,20.99957
NGC5218,14.239873,225.436176,21.089356,35.241525,20.427652,-15.718472,22.869216
NGC5218,17.720985,245.291177,16.162034,20.117402,9.824734,-11.056257,24.864701
NGC5394,3.427032,21.734233,1.73842,-1.297907,0.865081,4.148453,2.005298
NGC5394,7.289458,30.412297,1.537574,-1.465405,1.248333,2.477776,1.101475
NGC5394,10.650683,39.073372,3.637384,-1.165517,2.095571,0.020125,0.430388
NGC5394,14.455195,14.19383,18.992436,4.026659,14.024451,-10.162,9.963004
NGC5394,18.143251,51.185198,28.310305,44.244165,41.130014,-42.509179,40.113691
NGC5406,15.312731,305.494336,16.17652,-19.999354,14.732035,-3.577232,7.561542
NGC5406,18.382921,293.527837,12.904001,-2.387728,11.01906,-6.175889,9.606357
NGC5406,21.394203,298.399784,7.200627,2.194109,10.271819,-10.311508,4.728886
NGC5406,24.461864,291.476401,7.472439,14.475819,9.692136,-14.578594,8.011556
NGC5406,27.49957,261.716849,7.261332,12.121997,9.987159,-20.130253,11.756388
NGC5406,30.70587,253.072787,11.028018,2.318444,10.875352,-11.430888,12.038601
NGC5406,33.69845,250.556747,11.298673,-1.126313,14.811519,-0.128972,11.480414
NGC5480,2.327472,75.380234,13.427465,-5.517265,5.183301,4.284309,10.156305
NGC5480,4.950315,88.452702,5.336308,4.80529,3.577849,1.03475,1.642721
NGC5480,7.57407,97.935752,4.553253,6.665394,3.788754,1.43824,4.18309
NGC5480,10.14117,101.060519,6.311788,7.16907,3.555186,3.227859,5.592268
NGC5480,12.644793,103.378736,5.936963,7.021901,3.234173,1.148487,6.803639
NGC5480,15.302824,106.635665,5.070067,3.711857,4.384419,-1.742007,8.005964
NGC5520,2.838267,106.933843,11.285762,-4.512,5.293752,-1.160464,18.058526
NGC5520,5.973656,140.989462,5.635668,-4.112077,6.008352,-2.046737,4.629843
NGC5520,9.073876,156.877556,4.089937,-7.530582,6.140554,0.070247,2.950169
NGC5520,12.145129,162.789157,5.316543,-5.878983,6.666774,1.14764,4.521249
NGC5520,15.192316,159.038547,6.881798,-0.641302,8.482179,-0.602535,6.421335
NGC5614,2.249992,145.386134,23.043716,45.472259,17.488271,-14.100263,36.932597
NGC5614,5.794212,175.236664,13.340865,12.729931,9.845042,-4.110609,6.126321
NGC5614,9.631705,154.783725,5.75468,-18.03453,8.49931,-6.187475,10.842258
NGC5614,13.241423,107.622296,6.242295,-31.220015,6.583927,-1.343764,11.568461
NGC5614,16.464422,94.321062,4.946345,-36.146652,11.209378,10.399968,10.992516
NGC5633,2.355333,78.118329,10.055007,9.124615,4.223892,14.89502,11.082548
NGC5633,5.530866,122.613441,5.550831,3.756657,4.46079,17.602173,4.542078
NGC5633,8.708732,147.331837,6.705319,-0.559195,6.121983,12.108112,5.454267
NGC5633,11.558474,171.944308,6.790153,-2.212643,6.501653,2.794739,7.009411
NGC5633,14.313904,185.570502,6.812224,-4.997882,5.874239,0.938892,10.142464
NGC5633,16.976065,192.520132,7.157908,-3.387944,7.256388,0.190855,11.401217
NGC5657,7.105028,84.451308,20.767737,-9.497659,6.920138,8.086623,10.358139
NGC5657,10.527588,90.489334,28.954058,-19.115616,16.871072,20.471412,10.172298
NGC5732,2.800592,65.784574,14.615016,5.756569,4.159826,14.487197,6.841074
NGC5732,6.633373,103.510518,2.369868,2.852742,2.96598,-3.847017,2.976008
NGC5732,10.592406,121.82134,7.275483,-5.666584,4.050287,-7.142375,2.872237
NGC5732,13.946742,125.834852,9.182906,-14.143882,8.165467,-17.48056,7.995115
NGC5784,2.416138,114.287751,48.723911,24.477403,17.422657,-17.660001,48.994709
NGC5784,5.09609,352.254883,29.842959,-1.116751,23.352935,-2.0515,4.588863
NGC5784,7.752758,364.820162,15.430912,-5.151433,22.135297,-0.263961,24.993698
NGC5784,10.577773,367.221305,13.74558,2.435351,20.040141,1.075031,32.315008
NGC5908,4.285149,62.783596,8.055844,2.181644,2.309326,-11.932597,8.80008
NGC5908,7.818419,118.382512,16.0517,-1.43555,3.003688,-12.007778,9.589245
NGC5908,11.173524,177.514549,21.254217,-0.376117,4.504637,-11.670102,10.260447
NGC5908,14.504431,231.811102,17.467862,7.166119,6.38931,-18.750223,10.714324
NGC5908,17.18466,271.676063,11.26761,15.658441,7.216336,-21.132397,8.767409
NGC5908,20.016846,289.714051,9.806065,19.130347,8.007136,-22.22421,5.932436
NGC5908,22.999074,299.584183,12.969395,17.35665,8.468807,-14.615889,5.396018
NGC5908,25.707519,313.936277,11.722124,14.754681,7.515719,-5.577272,5.497636
NGC5908,28.460545,323.122057,8.709332,19.308507,9.469644,-5.11347,5.78932
NGC5908,31.273088,334.935708,7.746073,11.004392,12.06391,-1.855239,7.183594
NGC5908,34.096586,349.077208,8.806297,-0.113281,15.809648,7.12135,10.562278
NGC5908,36.803622,341.802817,13.273516,14.843189,20.718974,-5.670255,15.988197
NGC5908,39.436328,333.474985,21.739033,31.030991,24.326301,-23.550746,16.219408
NGC5908,42.098227,322.719155,25.050875,13.743876,33.697428,-21.788201,16.204479
NGC5908,44.967138,311.60723,23.411648,2.493778,49.570633,-9.654858,16.506182
NGC5908,47.943025,319.110415,21.265458,3.443602,63.148382,-13.526576,11.479488
NGC5930,2.409247,147.216858,18.713753,-3.122228,5.68824,-1.339525,11.522433
NGC5930,5.674283,199.48571,7.259167,-2.433564,6.895684,-7.404783,18.082743
NGC5930,8.988865,248.145864,14.324036,-11.277024,9.866552,0.582277,18.484383
NGC5930,16.602909,231.937248,39.706686,-65.060046,37.223835,-5.235453,30.314916
NGC5934,2.678068,128.479287,12.425561,-20.343894,17.655617,9.219022,21.874825
NGC5934,5.658612,235.178441,10.240984,-10.028682,34.703825,4.43526,19.36546
NGC5934,8.625374,292.832482,9.514348,67.129539,38.437275,-14.929308,17.245228
NGC5934,11.839608,301.245891,12.306036,28.168596,35.508632,0.968047,29.083958
NGC5947,3.272868,89.699882,102.676318,-8.70621,81.297725,56.384745,73.441337
NGC5947,6.885372,197.126929,72.49963,394.711807,156.421153,-233.768929,107.650384
NGC5947,9.846477,181.088647,36.520498,57.059089,81.641572,-29.579507,91.404454
NGC5947,12.863128,219.227585,19.105732,67.298889,20.910606,-40.655501,69.28086
NGC5947,16.209763,126.705145,73.807531,129.849985,54.511149,-129.659912,99.577152
NGC5953,2.13921,161.888358,24.662843,2.917725,9.149144,-2.00138,27.4669
NGC5953,5.033341,202.242375,17.99245,2.296211,8.603089,2.719934,13.270375
NGC5953,7.922502,200.178836,14.424065,0.590825,7.648565,3.536785,21.833015
NGC5953,10.762187,193.541514,15.390746,-4.614,8.744381,2.051888,22.903874
NGC5953,13.298479,192.346057,20.709428,-26.150857,18.064865,-13.798333,23.700943
NGC5980,3.197176,116.856844,7.760494,-17.373495,7.005491,-7.387236,29.163493
NGC5980,6.737229,190.330074,10.980944,-23.238273,10.158541,-2.087082,13.333823
NGC5980,9.669829,205.200403,6.917397,-10.213591,10.396954,0.056486,5.309265
NGC5980,12.338527,208.634245,3.792676,-0.800113,11.066654,-2.723348,1.97799
NGC5980,14.948183,212.762876,3.488634,1.879693,10.914057,-2.576381,1.936325
NGC5980,17.595167,216.228328,3.45479,2.229687,10.156868,-3.497807,2.549064
NGC5980,20.336163,216.845614,3.916433,4.842184,10.2882,-0.082654,3.408452
NGC5980,22.884727,218.177816,3.532242,7.315669,10.773193,2.884215,3.553217
NGC5980,25.42476,216.976071,4.663953,11.451474,10.693312,1.743354,3.806864
NGC5980,27.91856,217.490719,5.681479,14.181342,13.468478,0.835894,5.810807
NGC6004,2.267069,26.387715,5.585328,3.805733,4.354952,-6.692803,5.759742
NGC6004,5.070693,93.697947,13.90349,4.88603,4.859572,1.030707,6.574016
NGC6004,8.887736,131.876264,15.818238,-31.194536,10.021787,22.072725,12.80852
NGC6004,12.165805,146.824696,13.607159,-12.998736,7.152488,1.809823,6.519268
NGC6004,15.118968,160.56881,9.469122,-7.04861,6.184909,-6.648484,10.320539
NGC6004,17.773507,155.018065,9.846552,-6.287478,6.294265,-2.869845,17.603245
NGC6060,3.070858,148.575729,14.098278,14.322646,8.346303,-9.316945,30.39178
NGC6060,6.512567,198.610091,6.706062,12.453712,8.112786,-4.135276,8.625886
NGC6060,9.923052,207.397691,7.892072,5.524177,8.10441,7.986977,5.2855
NGC6060,12.903213,201.372698,11.152747,-4.20414,9.270143,1.639659,6.748758
NGC6060,15.833554,184.119295,7.007516,-7.781406,7.015298,-12.703462,4.63291
NGC6060,18.803233,182.521216,2.963102,4.628544,7.158851,-11.471899,3.746825
NGC6060,21.734079,191.734605,2.864276,4.669022,6.18595,-14.835827,2.858438
NGC6060,24.487997,205.216179,2.710711,2.092863,5.699494,-13.524234,2.895916
NGC6060,27.289879,217.823743,1.990918,2.161701,5.954379,-13.498231,2.72005
NGC6060,30.052149,225.957469,2.853231,-1.291287,6.146531,-10.068972,3.391765
NGC6060,32.826151,233.506466,3.342132,-0.941255,6.50327,-4.019296,4.505979
NGC6060,35.795185,238.937915,4.976919,-0.550148,8.941564,0.3346,5.050345
NGC6155,2.406215,41.097895,4.698879,0.889512,3.396507,0.509211,3.297502
NGC6155,5.660951,72.090085,3.308172,5.796392,3.474997,-3.479275,3.160302
NGC6155,8.907854,99.004059,3.935999,2.090406,3.163723,-3.391824,4.023664
NGC6155,11.982403,113.251704,3.938252,-1.749206,3.688127,-2.594965,6.437388
NGC6155,15.179291,121.436988,4.379075,-0.789672,3.556742,-3.243463,7.089829
NGC6168,4.15959,7.438696,7.983223,-8.445109,7.856347,7.77423,8.482958
NGC6168,7.651725,32.050232,6.60364,-4.357431,9.345277,-2.434851,6.113287
NGC6168,10.968036,52.984381,4.03784,0.170683,7.814632,-1.255854,5.733995
NGC6168,14.418326,67.484112,5.207883,-1.044614,10.296733,1.686266,7.144573
NGC6168,17.61299,54.966148,24.97033,10.725229,15.905084,-15.86628,21.665945
NGC6168,20.95507,14.932176,28.935527,22.816371,22.328198,-64.484473,26.035852
NGC6168,24.200546,131.949515,40.269401,-7.102449,27.575555,22.880332,40.467703
NGC6168,27.784255,148.909658,33.290269,3.120079,25.587867,19.011074,37.136301
NGC6186,3.58291,96.632414,10.166438,0.087884,3.887522,1.941487,13.654339
NGC6186,7.538403,113.051009,4.97097,-2.518746,5.29914,-3.48808,3.74251
NGC6186,10.963886,102.579416,5.798007,5.143137,7.469076,-4.475912,3.120744
NGC6186,14.096173,86.541708,7.357986,6.019728,8.321369,-1.67439,2.59198
NGC6186,17.177717,96.207711,4.713353,-1.07216,5.86447,-1.87927,3.338346
NGC6301,2.720951,112.835501,14.939556,-0.906585,9.186735,-0.081441,16.412142
NGC6301,6.606809,164.672771,9.19163,7.09691,6.903065,-9.880475,6.793561
NGC6301,10.160802,200.613488,6.8705,-9.027613,6.940068,-1.805774,3.765001
NGC6301,12.7318,214.33745,6.173932,-6.860784,6.810824,-3.693911,6.212538
NGC6301,15.489957,230.821543,8.341645,1.437563,7.685382,-0.066811,6.776643
NGC6301,18.375022,237.347156,8.038217,-3.420963,8.721278,5.371586,8.92383
NGC6301,21.157495,246.454436,6.860747,-5.08087,9.140306,8.37354,9.028799
NGC6310,26.257163,102.693138,54.981622,1.273215,19.052321,-120.225095,110.26908
NGC6314,2.759874,173.611574,25.182178,4.58259,12.207862,-15.324973,27.74501
NGC6314,5.863522,244.95261,14.236248,0.250709,17.081478,-6.921374,8.765926
NGC6314,8.468424,257.538375,12.024639,16.395102,27.572377,4.56045,16.686714
NGC6314,10.825459,250.172949,11.614909,24.833868,29.063637,9.959098,22.080944
NGC6361,3.971817,106.748474,12.154195,4.999608,4.074712,4.473349,17.283922
NGC6361,8.429681,159.453555,13.205429,15.552411,5.573851,6.57434,8.563246
NGC6361,12.061595,174.61028,10.576775,24.492394,5.746015,10.641487,4.026478
NGC6361,15.416176,187.674869,5.824827,26.350202,5.746196,11.236743,2.275228
NGC6361,19.146962,201.532951,3.993737,16.518801,7.451652,4.329227,1.606619
NGC6361,22.799185,208.67317,5.368209,7.447078,8.483776,4.761572,1.980762
NGC6361,26.346807,221.816064,4.333935,2.003399,11.36857,0.976294,3.295558
NGC6361,29.761504,231.632999,4.047663,-5.459421,14.977133,-0.488344,4.713493
NGC6361,33.188224,237.240772,7.584612,-13.728471,18.995006,0.977701,6.043161
NGC6394,2.864336,40.744982,11.636102,0.939728,6.90668,11.29563,4.65412
NGC6394,6.376927,124.862768,7.252466,-5.093173,4.688978,8.1509,3.092307
NGC6394,9.878181,197.171237,5.387603,-9.332191,4.325904,4.401883,3.094456
NGC6394,13.190953,251.704155,8.767188,-3.516138,5.825274,-1.690825,4.679344
NGC6394,16.136421,283.221917,10.944127,7.150335,10.699353,-2.832302,6.635311
NGC6478,3.796156,36.786779,6.146318,4.097752,3.752747,19.672574,4.828947
NGC6478,8.106666,118.678874,6.242905,14.808499,4.033676,6.095542,2.265467
NGC6478,11.764009,164.355579,5.385717,9.178269,7.201413,0.806557,2.664838
NGC6478,15.261225,209.613111,11.472238,23.568688,27.751632,-8.210696,14.448021
NGC7738,3.146334,145.268108,17.845705,-1.387267,4.60535,5.082199,22.760961
NGC7738,6.665603,160.393857,2.981636,-6.81171,5.758888,1.934161,2.875809
NGC7738,9.595199,145.412671,10.670347,-30.938008,9.900471,0.473792,4.074224
NGC7738,12.187116,139.861195,11.502824,-34.887129,9.795821,-2.078907,8.267895
NGC7819,2.637817,63.822723,8.950868,-4.559893,4.384095,-15.470947,5.784709
NGC7819,5.667559,107.439516,7.713828,-15.219463,5.98092,-8.080205,5.158184
NGC7819,9.501544,131.967877,21.938932,-22.364424,7.189044,-0.657946,10.035803
NGC7819,14.067624,37.993729,44.097574,-3.320116,24.280775,7.292165,23.010318
UGC00809,4.590421,68.015075,4.735882,-2.426792,3.948535,4.791878,12.676862
UGC00809,8.787476,105.161998,5.350429,-3.39135,14.565081,-0.815856,9.012144
UGC00809,11.729307,117.908237,9.427611,-7.693409,21.082329,-1.025747,7.738841
UGC00809,14.522984,131.576332,13.180838,-5.995778,28.946564,1.039675,11.180493
UGC00809,17.311409,140.164058,17.47817,-18.14844,42.228297,-3.666167,18.337836
