edge_pydb/dat_prof/rotcur_levy/rf_CO_smo6.csv
# %ECSV 0.9
# ---
# datatype:
# - {name: Name, datatype: string, description: Galaxy Name}
# - {name: radius, unit: arcsec, datatype: float64}
# - {name: Vrot, unit: km / s, datatype: float64, description: Rotation curve}
# - {name: e_Vrot, unit: km / s, datatype: float64, description: Error in rotation curve}
# - {name: Vrad, datatype: float64, description: Expansion velocity}
# - {name: e_Vrad, unit: km / s, datatype: float64, description: Error in expansion velocity}
# - {name: dVsys, unit: km / s, datatype: float64, description: Systemic velocity offset}
# - {name: e_dVsys, unit: km / s, datatype: float64, description: Error in systemic velocity offset}
# delimiter: ','
# meta: !!omap
# - {comments: CO_smo6 Rotation Curves from 2018ApJ...860...92L}
# - {date: '2020-06-22'}
# schema: astropy-2.0
Name,radius,Vrot,e_Vrot,Vrad,e_Vrad,dVsys,e_dVsys
[from data line 213]
NGC5016,14.68051,178.976663,10.385214,-9.802577,6.970313,-2.824183,6.393539
NGC5016,18.190336,177.784179,10.989377,-10.73777,9.840314,6.430694,14.770706
NGC5056,2.944432,58.012613,9.609702,-13.689094,5.592816,-2.956712,17.116973
NGC5056,6.897631,151.397066,7.922209,-8.92486,5.554566,0.387367,8.465846
NGC5056,10.860711,167.689667,3.243513,-1.270736,5.448188,-1.346474,1.338394
NGC5056,14.41137,174.334622,2.983864,-0.65326,5.265751,0.358345,2.510912
NGC5056,18.245775,175.519817,2.654566,-4.453705,6.60909,-1.879355,4.097338
NGC5205,11.737475,228.09324,52.932312,-70.214157,69.214798,-65.402586,13.220256
NGC5218,2.175152,34.876297,5.241216,-13.697866,3.425263,-9.79697,16.558035
NGC5218,5.130817,91.840607,9.235522,-27.056453,7.151426,-2.778576,9.39491
NGC5218,8.10502,201.606473,14.193371,-6.749192,8.879241,4.85512,13.766437
NGC5218,11.360085,209.769964,14.706793,20.346955,8.623986,2.367822,20.710599
NGC5218,14.834796,234.659887,19.12749,40.447857,19.776308,-18.084554,24.160319
NGC5218,18.104124,244.119429,15.665941,7.145656,8.574786,-4.593741,23.468774
NGC5394,3.427032,19.647976,1.433667,-1.1502,0.885216,3.411063,2.537078
NGC5394,7.289458,28.982957,1.082966,-1.199995,1.20807,2.143162,2.111827
NGC5394,10.622171,37.124735,2.874406,-1.083764,1.844309,0.038557,2.192569
NGC5394,14.260812,24.611848,10.11601,0.920675,7.28876,-6.271398,4.517613
NGC5394,17.904789,31.005656,17.836344,13.126781,12.911649,-18.323682,12.156104
NGC5394,22.177786,32.823043,10.591778,-4.715184,23.98219,-4.027822,22.484643
NGC5406,2.569295,138.290699,117.982903,-261.813297,134.645368,408.825264,122.332749
NGC5406,8.706035,120.841405,68.718901,-122.568372,68.958814,70.280469,63.099755
NGC5406,12.992663,301.778072,15.337663,-24.915089,14.91028,4.281309,8.024397
NGC5406,15.930924,300.251996,12.793688,-13.246265,14.316391,-4.683273,8.218942
NGC5406,18.968542,293.851446,12.754931,-4.603569,10.82543,-5.736874,4.180267
NGC5406,22.179932,307.584312,7.080941,4.553049,10.320025,-14.503058,6.314291
NGC5406,25.561707,283.38748,7.981838,21.216848,9.166955,-20.924084,9.981507
NGC5406,28.964435,264.740286,7.461067,9.658914,8.773609,-20.964705,9.262486
NGC5406,32.364469,254.458741,17.35688,-3.264242,11.381395,-6.613929,18.871905
NGC5406,35.639987,187.048732,24.973814,-28.944443,58.696171,23.681007,42.644489
NGC5480,2.327472,57.436336,11.10266,-3.485481,4.302882,5.080097,11.769135
NGC5480,5.519297,87.019932,5.725564,4.390435,2.871199,1.308672,2.341194
NGC5480,9.028166,96.986435,4.588509,6.125715,3.088382,2.556984,3.638135
NGC5480,12.47758,102.092487,4.67286,4.954952,3.162009,1.145584,4.217887
NGC5480,15.881943,109.075432,4.34157,0.996263,4.399693,-2.669524,5.464565
NGC5480,19.160654,113.764034,4.029077,-5.068667,4.647419,-3.797392,6.122378
NGC5480,22.425209,117.430261,4.903113,-9.035246,9.807665,0.008047,12.12363
NGC5520,2.838267,101.884797,9.788386,-4.971431,4.5162,-0.646547,16.046943
NGC5520,5.973656,136.312366,5.590825,-2.633398,5.230094,-2.487034,4.434273
NGC5520,9.073876,155.284105,4.206652,-6.784937,5.591475,0.625324,3.115865
NGC5520,12.136299,162.191162,4.924475,-7.110214,6.777923,1.437607,4.656904
NGC5520,15.352292,162.451178,6.312998,-0.035348,8.951321,-1.292927,6.791665
NGC5614,2.249992,145.386134,22.863832,45.472259,16.405467,-14.100263,35.332084
NGC5614,5.794212,175.236666,12.734953,12.729446,9.221808,-4.110494,5.620528
NGC5614,9.631705,154.783884,5.569258,-18.034395,8.343153,-6.187462,10.664402
NGC5614,13.241423,107.622321,5.675076,-31.219943,6.184484,-1.3438,11.46315
NGC5614,16.464422,94.32109,4.355648,-36.146627,10.335546,10.399902,10.703206
NGC5633,2.355333,75.868303,8.774639,8.584502,3.65733,15.906166,11.857884
NGC5633,5.530866,121.729322,5.817126,2.894099,4.41517,17.406726,3.082054
NGC5633,9.048124,148.574076,7.219894,-1.182924,6.172557,11.387022,3.870063
NGC5633,12.361985,176.150122,6.846919,-2.70382,6.064563,1.863923,6.768223
NGC5633,15.396266,187.517806,6.974172,-5.375914,6.176423,0.646608,9.550779
NGC5633,18.409941,194.808114,7.371614,-1.165735,7.238783,-0.123955,10.461712
NGC5657,7.077286,74.299751,20.77161,-5.302767,5.416035,9.827747,8.139802
NGC5657,10.341878,83.128728,39.943169,26.174506,10.328,60.90067,19.172948
NGC5732,2.800592,65.785066,14.159753,5.756476,3.934615,14.487309,6.50225
NGC5732,6.633373,103.510284,2.276225,2.8529,3.032552,-3.846863,2.753657
NGC5732,10.592406,121.821347,6.915016,-5.666538,3.911011,-7.142344,2.779094
NGC5732,13.946742,125.835197,9.113395,-14.143873,7.509897,-17.480221,7.630507
NGC5784,5.676276,354.884398,25.509751,-12.78548,19.18823,-0.148409,46.215724
NGC5908,4.275876,65.205549,5.330405,2.156387,2.143235,-29.935613,10.928198
NGC5908,9.024907,154.975893,4.692458,3.46149,2.799249,-29.055646,11.170658
NGC5908,12.945621,215.909669,5.075267,5.408034,3.553927,-26.850384,9.891452
NGC5908,16.535755,258.378372,5.810063,6.338464,4.285768,-23.858547,8.031709
NGC5908,20.022565,282.754294,5.991642,9.571724,5.361975,-20.034644,5.531781
NGC5908,23.435034,293.873726,6.007762,9.946058,6.16096,-18.202257,4.425155
NGC5908,26.824789,311.261642,4.327381,12.504454,7.571323,-12.255342,3.183468
NGC5908,30.176871,323.517338,3.236349,16.766243,9.585538,-8.092364,2.526528
NGC5908,33.501759,332.869543,4.755632,17.814212,14.2399,-8.382484,4.193827
NGC5908,36.704778,330.39269,8.590891,23.927782,23.881284,-10.813112,6.951954
NGC5908,39.91917,323.517922,14.256185,26.395,36.350294,-7.811869,8.311973
NGC5908,43.87849,314.420617,11.767283,25.722548,36.145964,-9.482489,6.481796
NGC5908,47.488458,316.596858,8.973664,-12.661996,36.611055,-9.966841,6.361751
NGC5908,50.746568,318.640291,14.616604,-25.883447,53.430919,-9.278385,13.755382
NGC5930,2.409247,136.977258,16.584894,-1.672093,4.830607,0.266765,10.174191
NGC5930,5.674283,196.458344,6.409484,-2.129725,6.396643,-7.057349,20.617513
NGC5930,8.945914,229.18373,19.549137,-13.996751,10.045881,7.627875,26.059122
NGC5930,12.021199,222.717988,52.603125,-13.070797,43.164863,24.575145,54.738145
NGC5934,2.678068,121.571786,9.289302,-10.52047,5.07735,12.871467,24.521855
NGC5934,5.658612,229.515752,8.184969,-4.170421,7.660835,4.712329,13.689759
NGC5934,9.066327,292.206841,7.485195,11.440829,11.141278,3.052325,4.911979
NGC5934,12.419089,298.305923,8.97194,41.278826,20.075911,0.804911,17.388359
NGC5934,16.021209,290.246621,12.083443,58.699649,23.702258,7.414213,18.588502
NGC5947,2.862093,68.076515,46.65058,-4.875321,37.83634,41.994414,41.676271
NGC5947,6.345996,186.516117,45.535724,107.635107,113.752929,-58.697367,48.203952
NGC5947,9.587379,196.960417,22.860222,102.320349,36.539754,-69.99197,65.261047
NGC5947,13.05315,221.901123,14.658851,64.339196,20.22826,-39.738171,35.352761
NGC5953,2.13921,152.71518,20.641267,1.877215,7.653103,0.983581,19.814102
NGC5953,5.033341,198.368409,16.858553,1.787421,7.512643,3.383054,15.340031
NGC5953,8.237312,198.604171,14.128703,-0.201653,7.011363,3.724225,26.765728
NGC5953,11.480073,192.159521,15.881251,-7.830942,8.559797,1.254351,27.574349
NGC5980,3.197176,102.325852,4.698833,-8.636956,5.187812,-6.007541,27.209097
NGC5980,6.737229,182.048341,8.519699,-14.059222,7.11308,-3.202646,13.610827
NGC5980,10.229586,203.527254,5.86094,-6.443122,7.932713,-3.024377,4.149112
NGC5980,13.698179,209.033075,3.275052,3.228473,9.186263,-4.198936,1.904964
NGC5980,17.146736,215.326824,3.077628,4.679946,10.300314,-2.757228,3.129128
NGC5980,20.417508,217.353769,3.19978,6.780401,11.376525,-0.526524,4.297338
NGC5980,23.713947,218.958425,3.372222,9.859903,12.166901,2.757655,4.4029
NGC6004,5.064989,78.467648,13.328347,2.261361,3.661566,-3.920655,9.429864
NGC6060,3.070858,136.690799,10.594526,8.971106,5.98188,-3.651701,28.409192
NGC6060,6.512567,190.649343,6.851327,5.478373,6.084532,0.023795,10.017838
NGC6060,9.873984,202.766019,3.418864,2.696127,7.195688,7.948569,3.850541
NGC6060,13.598863,194.643246,5.773191,-6.637299,8.551587,-3.483865,6.14245
NGC6060,17.109803,181.287605,2.457018,-1.300997,6.509802,-11.142385,3.241914
NGC6060,20.490067,187.426303,2.881878,3.461991,6.245674,-12.680752,2.222474
NGC6060,23.811889,201.720205,2.515483,1.902713,5.618558,-13.725522,1.641987
NGC6060,27.061811,216.552759,2.3735,2.022817,5.483785,-12.778029,1.568243
NGC6060,30.163622,228.586293,1.770961,1.075375,5.748338,-10.624026,2.129114
NGC6060,33.209153,236.523911,1.849921,1.853774,6.312802,-4.51547,3.133178
NGC6155,2.406215,41.329192,3.870025,1.240652,3.505358,0.209708,3.119179
NGC6155,5.660951,72.064515,3.300389,5.704866,3.424561,-3.272839,2.995799
NGC6155,8.911176,98.93175,3.762308,2.068659,3.171161,-3.138866,3.688063
NGC6155,11.965706,113.123206,3.849796,-1.42664,3.699208,-2.472582,5.880117
NGC6155,15.137676,121.872369,4.112357,-1.470995,3.636151,-3.722125,6.508917
NGC6168,4.15959,16.500415,4.962339,-4.77867,3.995001,0.108384,4.217271
NGC6168,8.825314,42.835651,2.948152,-2.274963,4.463163,-3.574746,2.971337
NGC6168,12.705679,58.371705,4.997534,-1.429463,3.828294,-1.599081,3.354415
NGC6168,15.889605,71.454234,5.815693,0.999059,6.879773,1.049147,4.612988
NGC6168,19.710262,49.641155,18.137998,23.491938,14.791074,-24.839772,14.701866
NGC6168,23.722138,69.847253,25.164024,14.185202,23.773828,-29.704243,25.285763
NGC6168,27.353322,138.479214,26.932836,1.670523,15.996685,8.861057,25.75464
NGC6186,3.58291,86.27593,9.194517,1.626324,2.949528,0.915544,11.475921
NGC6186,7.538403,105.876247,3.982961,0.12337,4.113662,-1.054335,1.951087
NGC6186,10.883673,100.667318,4.005074,2.601927,4.931657,-4.503953,3.106264
NGC6186,14.47895,85.787598,4.24079,9.055449,5.2895,-1.294157,3.397754
NGC6301,2.706397,116.759575,15.160656,1.14765,6.669471,-4.609953,15.819334
NGC6301,6.174233,156.890952,9.803693,11.025284,6.747792,-9.98504,7.64327
NGC6301,9.536973,194.375203,7.504026,-3.390274,6.163483,-4.600201,3.410585
NGC6301,12.526293,215.189662,6.22491,-4.059417,6.663123,-2.690437,4.470274
NGC6301,15.833444,229.88502,7.572461,0.806643,7.495533,1.391732,6.643845
NGC6301,19.021001,240.621946,6.604933,-5.1475,9.418704,8.015994,9.422745
NGC6301,22.136658,249.554624,5.986795,1.497242,8.940819,9.464081,10.054832
NGC6310,26.242261,61.445505,38.03865,-10.516052,19.768603,-160.203459,74.217326
NGC6314,2.759874,153.424426,23.60665,3.036236,6.98392,-20.374809,29.709075
NGC6314,6.545629,243.260469,13.486547,9.866602,15.691605,-7.404777,6.230609
NGC6314,9.874478,256.15412,10.535139,1.656164,26.030116,4.568925,14.333906
NGC6314,12.968664,257.800138,9.736609,-17.733007,16.46755,21.084255,17.799712
NGC6361,3.971817,105.051582,12.133674,4.779329,3.895252,4.586683,16.396905
NGC6361,8.429681,158.124016,13.25048,14.605003,5.235169,6.623586,8.235887
NGC6361,12.061595,173.917361,10.5603,22.966626,5.762419,10.330055,4.114798
NGC6361,15.416176,187.140601,5.995469,25.082747,5.720556,11.13894,2.541314
NGC6361,19.146962,201.520419,4.102086,15.98488,7.375908,4.671098,1.693294
NGC6361,22.787203,208.771828,5.480334,7.132359,8.312138,4.945685,1.930647
NGC6361,26.316787,221.730201,4.281084,2.71362,10.983723,1.167869,3.08345
NGC6361,29.688535,231.327344,4.22227,-5.164914,14.767633,-0.277902,4.350811
NGC6361,33.110478,237.00359,7.648227,-13.912897,18.736951,0.985893,5.945176
NGC6361,36.52193,233.124987,9.862392,-36.919512,22.201737,2.99239,6.800382
NGC6394,2.864336,41.362434,10.977491,0.679971,6.594065,11.605672,4.667185
NGC6394,6.376927,126.090655,7.60481,-5.717884,4.635785,8.849794,3.078502
NGC6394,9.878181,195.2436,4.706695,-5.433046,3.986204,2.554412,3.455619
NGC6394,13.101529,247.265114,7.521992,-1.612336,5.306993,-1.940339,4.376444
NGC6394,16.517102,280.411731,9.764039,15.171766,10.470332,-4.270459,7.657639
NGC6478,8.018171,117.505857,6.859168,14.178114,3.450291,10.668702,0.663321
NGC6478,12.282579,167.67403,6.705221,17.392833,9.932832,2.586289,6.083621
NGC7738,6.665603,151.133472,3.894553,-7.389892,4.758227,-0.897109,1.686349
NGC7738,10.118117,148.673056,5.9457,-19.981386,6.746094,-1.297548,5.788716
NGC7819,2.637817,46.690656,6.322835,-5.004546,3.526476,-10.652001,2.671315
NGC7819,5.613237,97.242646,8.685506,-13.402315,5.403562,-10.643353,3.226492
NGC7819,8.611104,120.113237,9.594022,-14.443813,4.301227,0.226225,6.309083
NGC7819,12.453822,109.962082,14.350979,-25.265403,7.351196,6.392507,10.342596
UGC00809,8.743555,101.061476,4.24101,-2.390688,5.162962,0.681641,1.692917
UGC03253,7.359804,108.683584,6.155701,-24.985356,5.130658,3.076929,3.959376
UGC03539,3.651049,52.305904,4.416212,-3.641751,1.843884,-7.952042,4.717841
UGC03539,7.73502,100.000303,2.915891,-6.657757,2.185019,-6.178568,1.919301
UGC03539,11.729586,131.617229,2.054381,-1.151508,4.046337,-1.903304,3.10246
UGC03539,15.494394,144.236386,4.251308,6.729835,7.436325,-3.804759,5.922434
UGC03969,7.323152,143.060951,3.495137,-0.771768,5.632737,-0.965806,1.420797
UGC03969,11.10533,193.384973,4.527176,-3.301493,8.869887,1.279033,5.511119
UGC03973,2.389199,57.032938,35.069558,26.36849,9.101867,3.032508,15.681068
UGC03973,5.508521,139.72997,28.345731,20.159832,13.106967,34.575519,11.664071
UGC03973,8.633197,173.704689,19.971202,-19.597037,10.15684,0.006877,8.888266
UGC03973,11.687791,173.349645,17.823311,-25.359621,9.12524,2.56131,12.76569
UGC03973,15.228276,201.130842,11.061559,-14.943961,8.125191,3.732962,11.877099
UGC03973,19.776978,188.710369,17.951639,-10.218699,7.990052,-12.213493,15.625008
UGC04029,4.384739,42.743507,2.635805,1.508753,1.114051,22.088234,3.376991
UGC04029,9.234972,90.945537,3.925824,4.79878,1.468468,15.495187,3.207786
UGC04029,13.250015,119.172224,4.483164,4.608836,2.34816,9.170022,2.90091
UGC04029,17.1274,143.300604,2.673448,7.068085,3.955288,4.38878,3.816934
UGC04029,21.150586,154.354166,3.601855,2.029917,6.458096,3.941479,4.122154
UGC04029,24.943625,175.069167,6.455643,14.950641,14.485553,-2.807227,8.876069
UGC04029,28.44133,190.556697,8.692501,-6.686741,17.965447,12.153039,9.953907
UGC04029,32.207158,199.913971,19.933844,-24.27564,25.348565,24.664503,24.147414
UGC04132,3.639984,120.909823,7.372615,3.473867,3.85038,-10.317234,18.420137
UGC04132,7.710498,180.591763,5.613406,4.690826,5.555857,-13.22443,7.152895
UGC04132,11.686822,209.980012,2.424412,2.629328,8.578852,-15.421922,2.975839
UGC04132,15.16678,221.51892,2.869312,-0.926259,10.111369,-13.657971,3.085395
UGC04132,18.387126,228.374088,2.982353,1.297889,8.121719,-4.767807,3.986139
UGC04132,21.862137,238.538804,3.280611,3.91364,7.290438,-0.247862,5.00097
UGC04132,25.363181,245.4505,3.533151,7.813987,10.512522,0.507716,6.68964
UGC04132,28.696682,248.659149,5.422863,17.685098,16.48888,4.479831,6.918811
UGC04280,7.864712,83.1281,51.787503,19.444451,43.664568,-2.306707,12.171116
UGC04461,3.491902,47.063214,2.080057,1.407248,1.238531,1.943541,2.377874
UGC04461,7.344605,103.434963,4.009928,5.709351,1.990453,2.945113,3.172696
UGC04461,11.161409,125.465491,3.076139,4.49052,3.189244,1.327202,4.049219
UGC04461,15.12062,130.228123,4.389641,4.095477,6.863743,8.429635,9.616207
UGC05108,3.151807,108.727554,12.773811,9.249166,7.418984,-25.32473,15.159371
UGC05108,6.736161,220.317542,9.892412,9.946732,12.773591,-7.466544,16.791113
UGC05108,10.331134,279.558861,9.626799,35.630895,25.604324,4.041579,15.851337
UGC05108,14.036626,292.28209,11.248576,63.377459,22.808419,12.151449,16.495111
UGC05108,17.957445,292.064922,137.358099,-49.343173,255.179468,-106.092515,216.587826
UGC05111,3.745022,74.589162,3.937658,3.970381,2.333741,-8.044667,9.860924
UGC05111,7.896614,139.53602,3.779269,2.956053,2.341351,-7.911319,8.014654
UGC05111,11.987691,184.87959,4.577955,2.687864,3.768732,-6.980653,3.48972
UGC05111,15.536494,199.901496,3.612763,-0.59829,5.458915,-5.841538,2.964434
UGC05111,18.850965,210.713123,3.168169,-1.10255,8.40498,-2.377619,4.19866
UGC05111,22.227952,221.755567,2.972807,-8.123792,12.801838,1.788223,6.411559
UGC05111,25.312218,226.5207,7.020834,-7.380086,21.053511,1.598092,7.057275
UGC05359,3.631286,92.0603,16.642846,12.367207,6.939282,-0.464563,16.29719
UGC05359,7.809112,141.824141,6.980924,13.955835,8.40387,-1.326282,13.312453
UGC05359,12.149102,184.561833,53.484565,11.999157,15.09444,5.90989,30.343127
UGC05359,16.489055,142.312263,28.460375,88.908677,28.867658,-69.566057,20.347409
