edge_pydb/dat_prof/rotcur_levy/rf_CO_natv.csv
# %ECSV 0.9
# ---
# datatype:
# - {name: Name, datatype: string, description: Galaxy Name}
# - {name: radius, unit: arcsec, datatype: float64}
# - {name: Vrot, unit: km / s, datatype: float64, description: Rotation curve}
# - {name: e_Vrot, unit: km / s, datatype: float64, description: Error in rotation curve}
# - {name: Vrad, datatype: float64, description: Expansion velocity}
# - {name: e_Vrad, unit: km / s, datatype: float64, description: Error in expansion velocity}
# - {name: dVsys, unit: km / s, datatype: float64, description: Systemic velocity offset}
# - {name: e_dVsys, unit: km / s, datatype: float64, description: Error in systemic velocity offset}
# delimiter: ','
# meta: !!omap
# - {comments: CO_natv Rotation Curves from 2018ApJ...860...92L}
# - {date: '2020-06-22'}
# schema: astropy-2.0
Name,radius,Vrot,e_Vrot,Vrad,e_Vrad,dVsys,e_dVsys
ARP220,2.172046,-75.092701,13.702022,119.730978,20.026463,193.372161,59.776728
ARP220,4.602326,-123.618052,22.632448,243.572256,27.147805,243.772883,63.27561
ARP220,7.126968,-159.658048,25.329975,298.102299,24.800697,258.738149,76.266807
ARP220,9.815177,-146.401589,46.148512,249.564794,40.461994,321.374662,92.236443
ARP220,12.9618,138.85157,242.717298,291.516465,354.245669,275.692,373.441052
ARP220,15.92814,197.56735,159.084496,209.617097,177.600057,227.552783,211.516654
ARP220,20.306016,-65.108145,122.273359,59.246823,111.221787,89.369993,88.693564
IC0480,4.22148,66.716688,3.053311,-1.082266,2.616466,8.888584,7.519518
IC0480,7.684101,108.974541,2.602117,-1.398549,2.885732,7.090458,4.329679
IC0480,11.02344,133.00969,3.181404,-0.251858,3.753643,4.558369,1.638983
IC0480,14.269917,140.106746,3.446636,-0.107654,5.861162,1.354524,2.707578
IC0480,17.549954,154.224524,3.476558,-1.344128,7.624201,-0.142765,3.678762
IC0480,21.295954,161.909269,8.853467,-4.372296,12.140561,-9.557512,9.520027
IC0540,7.05963,31.59114,4.007739,6.748244,16.028076,1.6683,4.645731
IC0540,11.902275,65.475588,23.4695,49.605465,21.880086,-25.461183,28.395294
IC0944,3.984672,141.974492,13.70143,-9.912061,9.089687,-24.705159,19.912652
IC0944,8.425121,220.056685,6.507431,-8.870229,9.697049,-25.018822,10.88488
IC0944,12.061958,249.705115,9.364221,0.460092,10.082457,-14.471297,6.023131
IC0944,15.412734,268.178444,10.343941,11.046165,12.145763,-5.699504,6.363011
IC0944,18.671513,295.204629,6.62594,26.530404,9.848087,9.888875,6.287155
IC0944,21.942801,307.602579,9.386874,20.623336,14.673366,3.580674,7.757195
IC0944,25.452098,291.801429,13.118394,-1.839703,22.119833,-4.887135,10.511405
IC0944,28.612748,277.332448,13.631754,-29.230519,23.438632,-13.116584,11.986674
IC0944,31.852536,284.544762,17.728783,-34.809658,20.325935,-19.801695,15.709011
IC1199,3.068492,107.568679,10.255294,-9.833673,7.002511,1.988025,20.209633
IC1199,6.747576,190.171153,11.116269,-3.168894,6.047208,-0.921855,11.261393
IC1199,10.658601,191.647414,5.536492,-2.783937,8.393157,-0.430983,2.510848
IC1199,13.817168,193.906786,4.581716,0.418455,6.224194,-1.910535,4.119808
IC1199,16.802825,200.278702,3.199911,-1.799525,6.3617,0.680551,4.147215
IC1199,19.796328,205.963409,3.730367,-4.083585,6.745045,4.482582,5.598778
IC1683,2.676315,117.447733,11.674542,2.941154,5.114652,21.519575,14.820392
IC1683,5.642751,175.316837,9.695194,2.61852,5.477953,8.027752,2.738232
IC1683,8.556578,194.437541,5.272632,-1.659717,6.886182,-2.645412,11.477069
IC1683,11.176657,192.560018,11.727455,-2.399334,8.282153,2.577659,9.558194
IC2247,4.398758,83.648125,4.665581,-0.165735,2.411851,5.018107,9.195323
IC2247,8.049403,133.916101,3.314572,-1.089277,3.883616,4.905566,4.618963
IC2247,11.484236,160.550738,3.188776,-1.044533,9.572816,2.846446,6.689712
IC2247,14.885502,176.703515,5.086315,2.142009,15.742015,6.520505,9.945816
IC2247,17.664248,181.627561,10.641584,-9.49533,26.748325,5.348479,16.224259
IC2247,20.668121,187.47481,18.79889,-11.611038,44.144871,0.505994,22.372487
IC2487,4.440212,72.256859,4.419807,-3.397254,2.817162,-7.800283,8.120641
IC2487,9.34477,120.544696,2.394678,-4.974058,3.12528,-2.330132,1.855917
IC2487,14.207436,151.512005,1.433818,-4.054394,4.143328,0.601534,2.134843
IC2487,18.403311,169.59085,3.504187,-4.922205,5.480173,3.031566,2.492344
IC2487,22.436164,172.228685,6.349396,-0.01428,8.678396,4.219157,3.730344
IC2487,26.591226,170.619332,4.404621,0.92407,11.02568,5.471712,4.512542
IC4566,3.046145,93.609963,36.965954,-14.445812,10.214834,26.235599,28.016475
IC4566,6.963829,150.856487,9.764193,-19.762819,5.313489,13.920778,8.650507
IC4566,10.860329,205.849633,9.365405,-11.262901,7.428208,5.215335,2.626942
IC4566,14.22024,216.350086,6.885072,1.951143,7.454791,1.005114,3.147805
IC4566,17.560931,219.668135,5.326386,9.531382,6.869759,0.689471,5.944237
IC4566,20.970834,212.687822,7.504565,7.904086,6.785561,-3.798084,5.817877
IC4566,24.016834,215.423951,11.682437,3.613529,9.0381,-12.617685,6.188607
IC5376,3.651742,46.575215,10.591139,1.107369,6.680606,-4.386539,5.358666
IC5376,6.930793,122.651817,13.913357,-5.93756,9.670783,-10.066092,9.284654
IC5376,9.424297,135.717508,11.606948,-0.3858,15.108979,-18.97313,10.437814
IC5376,12.248458,177.365676,13.034771,-9.591765,19.074083,-3.366524,7.985408
IC5376,15.080841,198.90668,8.05474,-51.489164,22.230006,-11.01231,8.282032
IC5376,17.790615,207.710327,5.807307,-11.350171,26.422587,-4.383046,11.475308
IC5376,20.709567,208.297112,14.995827,26.032516,30.094705,1.178222,17.758587
NGC0447,4.583654,181.345994,12.352452,-1.499503,8.352846,-0.062888,34.947833
NGC0447,7.215233,181.950716,19.676857,-35.410402,11.131974,0.902764,35.038531
NGC0477,2.862743,96.801668,24.113104,6.733546,10.886047,-1.939235,13.560789
NGC0477,6.314456,118.517607,7.791665,-4.602106,12.162205,-6.858281,6.164228
NGC0477,9.441871,189.689391,15.610791,-9.70773,8.523843,-7.358301,5.52643
NGC0477,12.75004,185.602727,10.389393,-8.577527,6.256016,-0.038941,8.736565
NGC0477,16.236048,197.689162,10.21515,1.555883,6.834386,3.716358,9.438753
NGC0477,19.368746,210.963899,41.011178,7.329911,24.073846,6.085568,18.648419
NGC0496,2.7411,41.549417,3.03533,-1.440276,1.881905,6.468778,4.965271
NGC0496,5.814532,91.341738,3.914578,-6.545302,2.506185,1.913101,3.588837
NGC0496,8.831336,112.981671,2.798539,-7.441028,4.18306,1.72682,3.064628
NGC0496,11.892214,129.041525,2.663842,-1.77411,4.776543,-1.982535,3.404402
NGC0496,15.185699,143.29446,4.243405,5.073223,6.174144,-4.86534,6.180998
NGC0523,3.614121,65.217775,13.414576,-12.074975,5.208152,-7.568237,7.650933
NGC0523,6.798472,110.884665,10.083859,-19.330898,8.529512,3.387516,4.542385
NGC0523,10.056386,131.339922,14.452024,-7.223674,11.748354,5.701884,3.735784
NGC0523,13.345381,154.479539,8.601335,-1.224443,8.311648,11.850867,5.336451
NGC0523,15.959417,165.845889,5.994455,2.681553,5.819085,14.520572,4.82121
NGC0523,18.982954,189.27061,5.715782,1.15043,4.572636,13.764247,3.563696
NGC0523,22.276187,226.225006,12.872745,-6.724998,8.416624,8.656863,5.361059
NGC0523,24.915511,198.847647,15.701261,-0.607228,13.055379,-24.857936,10.559401
NGC0523,27.666915,256.064203,16.695081,-3.998497,11.831673,-4.454077,7.736839
NGC0523,30.650138,265.862488,12.959255,2.646761,9.923827,-8.617027,10.311949
NGC0523,33.701304,267.653769,53.114714,2.317878,29.862991,-13.716803,29.58934
NGC0551,3.084573,61.781713,31.741784,31.06843,26.029015,-4.277328,26.391706
NGC0551,5.958858,147.166113,12.012393,64.535056,20.865794,-8.336661,10.743745
NGC0551,9.532636,158.073571,9.655151,18.292252,9.425069,-0.040336,8.470996
NGC0551,12.646729,165.686597,7.246523,4.458677,6.456208,2.259963,3.640946
NGC0551,15.176203,166.03132,2.436185,-3.465077,6.182804,4.190577,2.502937
NGC0551,17.894288,176.331235,2.795101,-4.399782,6.2732,4.726657,2.055754
NGC0551,20.896939,187.640404,2.538086,-0.711684,7.148198,0.36923,3.115442
NGC0551,23.938523,188.605738,10.74686,-1.548021,13.710894,3.660993,7.092584
NGC1167,16.645141,269.812486,181.098149,61.484334,421.982736,191.437143,416.885118
NGC1167,20.273334,82.760749,153.583261,160.709501,27.720113,411.579355,146.188809
NGC1167,24.830307,373.620487,96.356379,179.371613,31.58164,116.320947,90.566212
NGC1167,29.23143,347.675179,23.915387,69.99843,34.445064,156.062637,33.957558
NGC1167,32.490552,284.786152,22.055,119.441408,29.904351,178.622376,30.810253
NGC1167,35.598419,333.853957,60.125584,147.333371,43.073819,192.416753,47.877311
NGC2253,2.470596,81.969728,10.325263,0.538185,4.315599,1.986801,18.070326
NGC2253,5.204622,136.441772,8.744213,-5.478912,5.814277,2.807792,10.091832
NGC2253,8.327932,158.861472,7.040532,-2.966964,6.101286,-5.186466,4.194182
NGC2253,11.536486,163.803171,4.881592,-3.867702,5.58747,-5.730286,5.084245
NGC2253,14.522018,169.733228,4.764715,0.092476,5.606678,-2.709658,4.532112
NGC2253,17.668436,172.556288,4.192767,3.139019,5.802538,0.128084,4.42821
NGC2253,20.872747,179.02314,4.451195,6.124275,5.402263,0.053341,4.270124
NGC2253,23.915483,182.640599,4.224673,9.216725,5.377319,-1.066252,4.391934
NGC2347,2.545429,182.959611,19.146319,0.155578,12.603494,3.969839,42.59175
NGC2347,5.350161,260.815997,17.744954,-10.779105,16.125948,4.688722,14.882713
NGC2347,8.118639,271.171258,9.652841,-1.91719,11.044458,3.252241,3.186337
NGC2347,10.902127,280.641569,8.217267,11.464558,12.430438,0.23509,6.170402
NGC2347,13.751806,284.595272,8.116682,11.12251,11.955379,0.399131,6.02453
NGC2347,16.550541,288.610559,9.730352,-1.181443,10.925564,0.58541,5.746394
NGC2347,19.112619,283.99061,10.716932,-11.389153,9.671197,0.680567,9.363878
NGC2410,3.626134,88.544823,8.60675,-9.048182,4.994816,-4.733953,17.89404
NGC2410,7.621806,189.380282,17.140888,-15.48548,7.84556,-6.518918,17.9751
NGC2410,10.920037,240.868031,10.061034,-11.458011,9.727265,0.302208,7.173355
NGC2410,13.960912,240.40646,7.577482,4.879893,9.663786,3.02713,5.592946
NGC2410,17.259062,225.359701,12.215669,12.589963,11.135353,7.574807,5.27468
NGC2410,20.366605,223.855778,9.417991,7.158216,10.642919,6.747743,7.707967
NGC2410,23.156679,223.909961,5.049789,6.485561,8.508519,5.209736,5.452187
NGC2410,26.234547,229.075747,4.969102,1.172558,11.206366,2.823223,5.312359
NGC2410,29.229213,233.981299,7.617111,0.702493,24.81451,5.824817,10.435393
NGC2480,5.714701,11.342878,3.971313,-7.977122,8.710504,42.93569,8.145902
NGC2480,9.578572,3.982591,22.067068,48.36038,60.385795,68.898469,49.621104
NGC2487,2.19412,115.020977,31.498492,-2.916285,9.974876,-7.029902,14.965932
NGC2487,4.684338,163.233026,17.094886,9.697219,18.353754,-2.909126,19.589065
NGC2487,8.822112,163.293278,40.178846,4.453264,28.109939,-17.728401,19.794679
NGC2487,15.243307,141.413086,93.817773,80.246196,77.082737,-38.858306,73.475715
NGC2487,20.60734,308.94625,72.554514,95.455776,88.993263,107.169742,89.479621
NGC2487,23.27547,229.937501,41.094441,6.485336,36.755375,13.368023,40.995143
NGC2487,25.974507,253.533356,39.330233,1.308318,11.843917,6.182163,22.099368
NGC2487,29.109581,419.950139,46.988739,17.772334,16.222065,4.786334,23.766416
NGC2487,32.892738,487.260777,61.063613,26.345294,32.122617,23.426776,33.441688
NGC2623,2.427499,68.671847,6.129155,-5.135643,2.892798,3.552055,9.855764
NGC2623,5.71231,117.370607,5.477282,-1.382944,4.985279,7.656904,8.611937
NGC2623,9.060479,130.682892,20.446038,3.847671,9.426847,-4.206167,15.455297
NGC2623,12.483626,120.286442,42.009919,-16.628496,27.221095,-27.585714,27.360738
NGC2623,15.600699,233.54102,85.125914,-63.346758,107.732855,-43.473437,81.211466
NGC2623,19.078608,111.26687,56.06268,155.715653,84.898501,145.976856,74.788781
NGC2639,3.751631,174.494495,38.019912,23.394526,32.64696,-23.735427,36.202094
NGC2639,7.225417,269.006239,16.02939,4.809863,14.155584,-12.101113,13.690814
NGC2639,10.334188,310.230382,11.237444,2.566183,10.112076,-15.150633,3.663792
NGC2639,13.186754,339.640765,10.220734,2.684074,11.676977,-7.616965,6.03166
NGC2639,16.12038,356.675294,10.63069,2.44916,13.502225,-3.765186,9.958174
NGC2639,19.041172,372.520276,11.454064,2.22627,14.04083,1.121807,11.152434
NGC2639,22.163616,381.507733,12.860656,-6.929988,19.584762,6.293755,12.74571
NGC2730,2.187157,35.316184,5.30711,-1.319453,4.986511,-12.136279,15.251673
NGC2730,5.209402,88.836256,7.799772,-21.705056,4.656057,-6.956194,13.44697
NGC2730,8.495605,93.662179,10.973051,-37.042948,12.104878,-18.248751,18.655538
NGC2730,11.593674,129.289235,10.18583,-28.56601,11.085508,-3.987207,19.204678
NGC2730,15.131721,140.520882,9.796059,8.395921,6.43027,-4.780851,22.811262
NGC2906,2.704383,52.249853,5.825178,1.668101,3.060365,-7.316968,9.749837
NGC2906,6.361789,141.319206,13.498903,12.580821,6.06484,10.719751,12.940851
NGC2906,10.00586,172.892497,6.208042,20.520092,6.310134,9.028146,2.146197
NGC2906,13.608244,175.860034,4.307718,11.46703,5.825691,6.17703,4.403466
NGC2906,17.252061,180.587455,3.860805,2.956031,5.796287,3.059369,4.812175
NGC2906,20.812565,186.212365,4.727491,-4.61854,6.202486,0.441679,5.197542
NGC2916,11.742834,139.809252,43.491739,-11.548213,67.424849,40.819724,58.158638
NGC2916,15.036877,221.647904,14.70513,38.629196,25.283507,107.887013,23.573168
NGC2916,18.477281,221.15445,17.742958,33.315319,105.08306,62.621597,17.589768
NGC2916,21.371349,230.395657,40.024559,175.20293,52.876856,79.13621,33.695194
NGC2916,24.4342,205.058067,11.27484,25.322251,39.189043,119.70939,14.366058
NGC2916,27.581127,199.586835,16.300897,30.923162,24.258403,130.275115,14.03819
NGC3303,2.887107,32.490776,20.704455,3.252488,5.821994,189.611494,14.436378
NGC3303,6.168783,-13.696196,14.971438,9.23003,16.308682,224.107165,21.616168
NGC3303,9.191361,16.998146,23.372099,-2.73604,26.469573,164.226701,19.580345
NGC3303,13.210502,-32.031715,81.65649,-15.393169,103.384869,185.559788,119.951627
NGC3303,17.237822,14.146454,86.70786,-18.095008,99.97606,135.397336,120.863534
NGC3381,4.818297,8.732139,5.379146,-15.763365,4.683508,-1.28889,5.330905
NGC3811,2.318302,118.976026,17.059707,-14.276262,4.489925,-6.403111,28.473258
NGC3811,5.471341,141.113037,8.452842,-24.641386,10.977475,1.176514,8.535659
NGC3811,8.63188,118.354246,6.952529,-5.941457,11.658655,7.119042,11.831303
NGC3811,11.894775,139.840029,17.288988,20.789904,22.223637,25.57672,12.842855
NGC3811,15.048496,174.50019,18.579672,36.196161,35.694711,31.535468,11.921678
NGC3811,17.93995,178.980676,7.609771,-11.315285,9.567939,9.30991,6.008032
NGC3811,20.753774,179.566828,7.88109,-24.501716,7.762988,19.779282,7.878577
NGC3811,23.516586,191.500589,10.184439,-10.190356,7.656124,15.201131,6.096267
NGC3815,2.861461,83.456295,5.850703,-1.835742,3.821122,-0.825767,11.629492
NGC3815,6.050051,134.092002,4.981829,1.123452,5.235292,2.383596,3.884459
NGC3815,9.228044,167.959274,5.005806,2.074696,6.526343,-2.330446,2.102991
NGC3815,12.124257,181.744011,3.974512,-3.171262,6.280447,-2.42598,7.127531
NGC3815,15.13166,189.298529,5.687714,-16.745621,7.009377,-0.106958,8.512284
NGC3994,2.840498,125.616692,10.839819,2.770125,5.198276,3.305648,21.231569
NGC3994,6.014723,201.94713,8.787953,-5.174612,6.817146,-1.383184,2.935116
NGC3994,9.12703,216.456204,6.91292,-2.081535,7.274094,-1.169387,7.653922
NGC3994,12.206297,220.0572,5.909829,-6.466151,10.408312,0.530552,11.9273
NGC4047,2.34411,118.023093,13.033267,6.475037,6.828026,-3.013606,22.92373
NGC4047,4.966355,159.126119,8.550211,8.550832,6.458359,-0.926226,4.743195
NGC4047,7.947474,186.379361,7.269785,8.025661,6.087632,0.3779,3.174596
NGC4047,11.000863,203.751537,7.456961,1.673821,6.726008,-2.266663,6.586173
NGC4047,13.85448,212.692989,7.592337,-4.506963,7.164849,-4.740535,6.360714
NGC4047,16.690239,217.096754,7.991993,-7.471277,7.435352,-5.712554,6.889269
NGC4047,19.550721,221.293648,8.045421,-8.955599,7.774577,-4.850419,6.063605
NGC4149,3.205956,107.046968,7.099533,0.907101,4.38334,6.712296,12.705378
NGC4149,6.724878,186.778316,4.859316,-4.611208,6.284425,-3.311872,4.044775
NGC4149,10.239551,223.246993,4.558744,5.040532,8.990283,-3.387569,6.238809
NGC4149,13.418688,239.590951,4.469665,2.329955,13.628983,-0.863609,13.009658
NGC4185,7.431355,27.933224,111.396335,37.748382,41.671867,-164.364716,125.280913
NGC4185,11.310656,114.713415,121.980138,1.898098,41.148385,-87.391875,136.407116
NGC4185,15.198038,180.59801,185.995191,-13.339174,24.686369,-24.344589,176.389935
NGC4185,18.849115,-1279.896877,445.667734,-8.412444,134.649293,-1481.584051,441.837339
NGC4210,10.008458,148.95137,14.920964,-16.943499,9.880909,11.37447,11.158233
NGC4210,11.860135,151.056818,6.743779,3.951843,6.752628,2.190214,5.216309
NGC4210,13.948024,166.659351,6.660854,-1.211687,6.071146,7.63498,4.046707
NGC4210,16.18583,179.055651,7.389291,-3.127651,5.874857,5.727838,4.338906
NGC4210,18.176672,182.416899,9.307479,-8.240128,7.422577,0.601428,5.197633
NGC4210,20.084676,196.136139,11.572338,-12.408928,9.626477,-0.121978,11.759416
NGC4210,22.177281,174.099526,11.519551,-29.893673,13.362254,-16.617163,12.28321
NGC4210,24.554227,176.24703,22.561234,-26.724818,23.531278,11.973506,18.936958
NGC4470,2.798628,48.053628,29.071759,10.882464,74.461897,-16.401661,27.458015
NGC4470,5.71889,48.666989,4.102989,23.280673,7.022724,9.403601,5.394203
