edge_pydb/dat_prof/rotcur_levy/rf_CO_smo6.csv
# %ECSV 0.9
# ---
# datatype:
# - {name: Name, datatype: string, description: Galaxy Name}
# - {name: radius, unit: arcsec, datatype: float64}
# - {name: Vrot, unit: km / s, datatype: float64, description: Rotation curve}
# - {name: e_Vrot, unit: km / s, datatype: float64, description: Error in rotation curve}
# - {name: Vrad, datatype: float64, description: Expansion velocity}
# - {name: e_Vrad, unit: km / s, datatype: float64, description: Error in expansion velocity}
# - {name: dVsys, unit: km / s, datatype: float64, description: Systemic velocity offset}
# - {name: e_dVsys, unit: km / s, datatype: float64, description: Error in systemic velocity offset}
# delimiter: ','
# meta: !!omap
# - {comments: CO_smo6 Rotation Curves from 2018ApJ...860...92L}
# - {date: '2020-06-22'}
# schema: astropy-2.0
Name,radius,Vrot,e_Vrot,Vrad,e_Vrad,dVsys,e_dVsys
[from data line 425]
UGC05598,8.364575,106.933529,2.817613,3.180443,6.684982,-5.317176,4.580958
UGC05598,12.291276,166.660297,11.584474,-9.607182,11.532097,14.065832,8.728775
UGC05598,16.301359,176.357191,24.613565,-16.085746,18.627089,7.367308,18.912845
UGC07012,6.201742,67.305639,4.932096,-3.851438,7.352226,22.22714,4.692426
UGC07012,9.814613,74.256605,6.049839,-31.771621,21.619019,11.193408,18.643568
UGC08107,3.579957,166.666209,14.43648,-3.40228,5.003798,30.858151,19.565153
UGC08107,7.596361,238.930015,19.008874,-8.438074,6.98812,10.612757,10.575196
UGC08107,11.512974,297.352279,8.273964,-13.339429,12.683662,-13.443843,10.695902
UGC08107,15.418234,312.453501,8.135459,-30.993823,16.669066,7.59892,12.573441
UGC08107,19.062947,325.89487,9.867858,-29.23497,15.158098,27.627867,15.219811
UGC08267,4.053842,107.903993,8.468729,2.845341,3.859009,13.059099,9.050545
UGC08267,8.519616,165.546728,4.739238,-5.652526,5.538398,-0.589153,2.57636
UGC08267,12.238971,194.721397,3.56538,-7.467186,6.640742,-2.039601,2.846833
UGC08267,15.665631,221.451646,16.30888,-6.236807,22.231424,-2.813734,17.663389
UGC09067,2.985206,92.795625,6.348027,-5.173564,4.221522,11.123189,21.927788
UGC09067,6.291034,179.754843,10.9905,-3.6698,5.779594,-0.240173,9.102231
UGC09067,9.545768,196.791272,4.012412,1.075301,7.112998,0.897433,3.902602
UGC09067,12.827851,208.71364,4.280903,6.056334,10.537503,3.375498,5.675717
UGC09067,16.533073,214.624412,11.044189,11.132893,11.641673,-0.228524,5.719405
UGC09476,2.496365,53.261423,22.754136,-14.548022,8.007502,-24.829098,15.939924
UGC09476,5.918516,10.762487,26.207596,19.886568,24.484047,-70.989739,21.133906
UGC09476,9.479872,105.603879,35.509882,-7.714505,20.246764,1.377578,15.744534
UGC09476,12.721243,107.079962,6.131895,-5.424232,6.634253,9.845035,6.308482
UGC09476,16.678621,108.238719,3.215137,5.179732,5.744221,14.667372,5.743585
UGC09476,20.07322,114.481571,6.466036,12.507431,4.080939,17.380163,5.779072
UGC09476,23.735947,136.280573,10.916493,10.466958,7.138376,10.791712,3.966813
UGC09537,8.173277,174.986114,17.213297,-4.141284,7.46529,33.405435,10.207934
UGC09537,11.55267,251.388671,15.942292,14.402393,17.80888,38.170662,9.572935
UGC09542,3.724435,35.107492,3.826602,-0.318139,1.480926,2.97787,4.447413
UGC09542,7.859441,78.440036,8.010059,-3.035291,3.019679,2.029701,2.410858
UGC09542,11.919396,111.392003,3.796928,-7.772659,3.056551,-1.617373,2.767184
UGC09542,15.33875,133.060683,3.619583,-11.165628,4.868787,-0.41424,3.743528
UGC09542,18.370446,149.732725,4.426185,-9.766181,3.683613,-0.994678,2.564206
UGC09542,21.208473,163.304605,6.299455,-14.492159,8.382707,1.64541,5.333774
UGC09665,3.863794,37.669529,2.170412,2.145176,1.086187,2.741637,3.444652
UGC09665,8.154278,76.186812,2.183455,3.305753,1.960221,2.777968,1.900747
UGC09665,11.686202,93.560183,1.698062,6.843364,2.710991,4.811384,1.281908
UGC09665,15.005569,105.055014,2.287377,5.980547,3.551853,6.602329,2.33408
UGC09665,18.608841,115.097107,3.630699,7.32537,7.562434,6.65466,4.113098
UGC09759,6.833663,100.059155,2.711821,0.629499,3.960736,1.353046,3.016058
UGC09759,10.394336,139.532548,4.179346,-4.886472,6.112625,3.975393,7.297616
UGC09873,7.672515,53.967346,4.595833,0.463109,2.773524,6.301762,0.718538
UGC09892,3.667317,45.569552,7.853757,0.077688,2.518601,-6.812296,5.682632
UGC09892,7.747533,95.600973,6.163163,2.467347,3.17425,6.730678,3.331808
UGC09892,11.898201,127.674311,2.910659,-0.219897,6.195826,6.696155,5.729416
UGC09892,16.192054,150.905813,7.857227,-11.569989,7.979284,9.478306,4.28028
UGC09892,20.237764,165.838039,17.901204,18.126329,21.685606,4.799315,19.539232
UGC09919,6.142492,53.820102,5.089395,3.993557,6.841815,-11.298337,4.352668
UGC09919,10.159735,74.868308,4.65894,1.81705,3.01742,-7.027634,4.261224
UGC09919,13.070351,98.020779,2.998255,-3.092198,4.578619,-1.94962,4.56487
UGC09919,17.608064,109.431022,9.195947,5.856519,7.726635,-6.533162,7.05633
UGC10043,6.855571,122.684738,602.167197,-0.547003,24.464013,11.415128,0.007289
UGC10043,12.623919,155.826668,nan,2.997086,nan,4.389363,nan
UGC10043,16.420611,169.675312,nan,4.425552,nan,2.451565,nan
UGC10043,20.774762,185.08523,nan,5.790426,nan,-0.790179,nan
UGC10043,25.620249,216.154941,nan,7.382162,nan,-4.89283,nan
UGC10043,30.523633,259.989226,nan,7.112784,nan,3.154621,nan
UGC10043,35.160938,307.425928,nan,15.655475,nan,2.5018,nan
UGC10043,38.708505,327.989542,nan,3.786916,nan,2.298394,nan
UGC10043,42.58252,376.705292,nan,22.147218,nan,-0.048377,nan
UGC10043,46.706484,394.687856,nan,13.119074,nan,4.873871,nan
UGC10043,50.968102,593.347761,nan,5.035229,nan,-32.295072,nan
UGC10043,56.413278,633.236907,nan,15.53757,nan,-25.584687,nan
UGC10123,3.47416,59.51838,3.255837,3.029145,2.952631,-58.578321,7.311749
UGC10123,7.316724,119.818337,3.91928,2.389234,3.195719,-54.105228,4.447121
UGC10123,11.113873,158.881731,6.942889,4.369262,3.887201,-42.446751,1.107756
UGC10123,14.423819,178.262975,6.054643,1.640501,7.66982,-33.515663,2.205996
UGC10123,17.597054,206.68953,4.047625,13.521246,15.953652,-16.189111,5.547828
UGC10123,21.23679,222.5411,7.55424,26.498854,11.100579,-15.25986,7.448238
UGC10205,2.576089,101.820076,17.425649,-11.702267,8.785186,-38.306949,12.260026
UGC10205,6.097225,138.824316,16.132929,3.2995,10.648457,-23.550543,11.679309
UGC10205,9.694254,208.815528,10.822584,17.179802,12.493487,7.647036,7.745533
UGC10205,13.40648,269.119629,10.153573,68.720316,31.238046,8.52251,24.130723
UGC10380,8.497959,83.898093,15.270118,-12.003857,22.494606,4.343104,20.12048
UGC10380,11.632522,126.665558,26.5279,11.600176,28.641576,2.891411,8.586769
UGC10384,3.467684,71.559627,4.39444,3.24265,1.832462,-2.943658,9.748233
UGC10384,7.321684,133.92513,3.580175,2.642907,2.813271,-5.000386,2.878993
UGC10384,11.117308,163.853767,1.81742,2.042587,4.914765,-2.906303,2.883403
UGC10384,14.873709,181.624605,4.043981,1.503185,8.240843,-2.94909,4.959977
UGC10384,18.572455,193.100002,10.270326,-0.427557,14.289718,6.743693,6.009508
UGC10710,7.253656,205.003625,13.606774,5.193303,24.02747,7.016233,12.792639
