edge_pydb/dat_prof/rotcur_levy/rf_HA_smo6.csv
# %ECSV 0.9
# ---
# datatype:
# - {name: Name, datatype: string, description: Galaxy Name}
# - {name: radius, unit: arcsec, datatype: float64}
# - {name: Vrot, unit: km / s, datatype: float64, description: Rotation curve}
# - {name: e_Vrot, unit: km / s, datatype: float64, description: Error in rotation curve}
# - {name: Vrad, datatype: float64, description: Expansion velocity}
# - {name: e_Vrad, unit: km / s, datatype: float64, description: Error in expansion velocity}
# - {name: dVsys, unit: km / s, datatype: float64, description: Systemic velocity offset}
# - {name: e_dVsys, unit: km / s, datatype: float64, description: Error in systemic velocity offset}
# delimiter: ','
# meta: !!omap
# - {comments: HA_smo6 Rotation Curves from 2018ApJ...860...92L}
# - {date: '2020-06-22'}
# schema: astropy-2.0
Name,radius,Vrot,e_Vrot,Vrad,e_Vrad,dVsys,e_dVsys
[from data line 1262]
UGC05108,46.336101,209.992809,41.177976,-17.103561,33.869179,-56.453241,33.383409
UGC05111,3.745053,74.090483,4.207867,-1.255706,3.725294,40.850713,10.929839
UGC05111,7.896676,133.418636,6.075176,-2.260389,6.184217,32.439725,5.97967
UGC05111,11.987787,164.947589,4.50251,-1.736939,4.845149,18.863157,2.387385
UGC05111,15.536619,182.166266,1.787678,-1.550238,4.478258,17.298218,0.620214
UGC05111,18.850094,198.340795,2.255665,0.178258,5.048059,13.922076,0.983977
UGC05111,22.382814,213.280176,1.932895,-2.299164,6.261381,9.870238,2.198773
UGC05111,25.769579,220.018168,2.570075,-6.05112,7.933164,7.026803,4.260618
UGC05111,29.046603,220.441293,3.761836,-8.981237,8.908818,4.044343,4.89435
UGC05244,4.405871,25.614218,3.19777,5.800641,2.306259,10.841877,4.937375
UGC05244,9.365283,51.738801,2.939086,6.830806,1.836289,14.84978,2.722314
UGC05244,13.408107,71.837165,3.988622,4.189959,2.171488,17.095108,1.687509
UGC05244,17.127818,87.325039,3.259505,2.420638,2.137994,21.468703,1.871823
UGC05244,20.737978,97.990082,3.294478,0.764708,2.333288,22.726856,2.32323
UGC05244,24.282392,104.946179,2.911921,-1.093578,2.703659,19.292741,2.557798
UGC05244,27.786159,108.137942,3.620772,2.074697,3.996758,21.0656,3.288536
UGC05244,30.983566,114.535264,4.043498,-0.563366,5.40768,23.393104,4.129268
UGC05244,34.194356,126.126492,4.505833,-7.521694,6.316015,17.158456,5.148306
UGC05244,37.458025,134.507448,5.644899,-8.930179,7.479168,16.809144,6.595763
UGC05244,40.711426,161.071281,8.377497,8.005569,10.514489,29.488268,8.934891
UGC05244,44.004382,159.965566,9.075736,-1.818579,14.646176,17.394048,12.979828
UGC05244,48.192773,167.268592,11.497711,-3.740227,26.908974,14.826902,25.28798
UGC05244,52.411553,184.144838,18.704566,-11.541803,50.138788,4.416261,49.368144
UGC05244,55.896227,198.347844,41.608545,-36.401858,319.364356,-24.304103,315.41157
UGC05244,59.34646,256.560937,109.352171,-110.545503,1661.527085,-102.930552,1651.671339
UGC05244,62.994714,196.92234,224.522373,-185.946468,3010.540187,-173.911847,2997.726196
UGC05244,67.287083,236.44645,808.130931,170.996006,7314.332753,174.145641,7328.002223
UGC05244,72.717334,260.478365,1221.123702,-92.165132,11870.144338,-93.040593,11890.253682
UGC05359,3.632925,102.372932,9.213061,-3.760284,4.063634,-15.419605,16.031041
UGC05359,7.801558,158.04509,6.292743,1.367576,4.717054,-9.552779,6.437532
UGC05359,11.784295,180.448697,3.472953,5.484447,5.041341,-7.448974,2.307419
UGC05359,15.292632,190.963157,3.484009,6.403521,5.325406,-6.618261,1.343249
UGC05359,18.528833,195.691026,3.293476,7.618433,5.427788,-9.243108,2.11035
UGC05359,22.006372,204.056351,1.930373,4.18818,5.228468,-6.392846,3.237025
UGC05359,25.339893,211.134025,1.90119,2.119038,5.4765,-5.810373,2.61639
UGC05498NED01,5.12218,88.596067,3.970165,-9.717609,3.368051,-12.845352,13.048559
UGC05498NED01,9.414621,154.581592,3.758336,-7.435707,3.500106,-10.735387,11.677633
UGC05498NED01,13.394933,196.821656,3.241581,-10.588967,3.203782,-11.768437,7.273846
UGC05498NED01,17.38835,217.561699,5.538543,-9.658346,4.396095,-9.84079,5.187665
UGC05498NED01,20.70542,228.800931,6.68972,-6.868159,5.948961,-14.629055,4.031109
UGC05498NED01,24.132042,221.269814,6.22295,1.696684,7.586082,-16.518357,3.91968
UGC05498NED01,27.679999,206.146119,8.816641,9.260516,9.678216,-19.640245,5.240544
UGC05498NED01,30.819978,198.498221,8.872899,16.385761,10.392368,-13.908722,4.614885
UGC05498NED01,34.128439,192.675432,8.554243,20.377988,10.454416,-8.599337,4.472021
UGC05498NED01,37.513515,205.832067,13.089533,11.962744,10.788319,-18.222733,5.212121
UGC05498NED01,40.821939,219.838015,19.227845,11.627933,10.860634,-16.976966,7.005939
UGC05498NED01,44.516737,224.296599,24.880363,15.60567,11.047396,-29.950712,8.754051
UGC05498NED01,48.470462,229.653787,34.220263,8.991682,13.134891,-25.406243,11.626565
UGC05498NED01,52.459818,204.083246,50.444605,4.085091,25.305376,-46.847742,21.770805
UGC05498NED01,56.188957,311.900967,85.074548,5.017885,83.756322,3.765365,92.069603
UGC05498NED01,61.029356,284.144507,163.30752,25.206527,209.311679,-24.532387,244.405822
UGC05498NED01,65.585848,329.081084,529.574253,5.56966,884.644401,-0.456064,1017.264496
UGC05498NED01,69.5618,349.921736,1017.432342,25.228046,1868.00185,-9.495351,2114.760319
UGC05598,3.993223,56.292722,5.408924,2.262438,3.104531,5.638439,9.205138
UGC05598,8.364641,95.093055,5.175974,4.801165,2.86335,1.373719,6.192276
UGC05598,12.684815,125.364376,2.898441,2.236953,2.573083,-0.924534,4.242468
UGC05598,16.464048,143.554658,1.567694,2.122533,2.901456,-0.636698,3.291032
UGC05598,19.964549,154.016173,1.278069,-1.015119,3.424862,-1.531579,3.252334
UGC05598,23.699622,163.238065,1.815976,2.426787,4.520505,-1.243709,3.7943
UGC05598,27.295467,168.700774,2.975831,4.447305,6.540215,-1.624178,4.287207
UGC05598,30.736652,168.540667,4.560356,11.339288,7.513048,-6.694114,3.834798
UGC05598,34.083195,165.05523,8.142125,9.580243,7.289388,-9.70989,4.244814
UGC05598,37.391333,178.550324,11.925044,11.66887,6.899759,-6.089021,6.332128
UGC05598,40.894906,172.320693,15.729469,6.016012,8.068641,-11.752604,7.11135
UGC05598,44.093087,187.193788,17.457734,29.470258,10.551305,-31.048089,7.449495
UGC05598,47.420126,185.030711,19.390981,10.245618,13.005207,-13.211683,8.035239
UGC05598,51.19135,182.987499,23.728074,1.90678,15.542605,-17.847923,10.078446
UGC05598,55.211114,219.810548,30.397784,-17.818005,17.180218,-13.122911,11.877613
UGC05598,58.549603,186.907797,73.377336,-14.465973,267.164989,-8.139431,265.513182
UGC05598,61.876612,189.091634,155.951092,-26.490196,496.627029,-4.1045,496.431078
UGC06312,3.349433,33.899118,7.329049,6.180693,3.547903,-45.685329,7.002747
UGC06312,7.103085,92.78327,9.105177,9.301249,3.428358,-41.882676,5.930671
UGC06312,10.788295,151.317269,5.954423,6.841414,2.571117,-30.467582,4.523589
UGC06312,13.985733,187.281229,4.28623,4.877599,3.44695,-23.891376,2.575779
UGC06312,16.95661,213.290046,3.010436,4.18011,4.971797,-21.315486,3.149465
UGC06312,20.146093,228.334263,2.284273,2.426159,6.76219,-12.23381,4.753903
UGC06312,23.210774,241.019024,3.49064,0.228716,9.186943,-12.243063,6.071435
UGC06312,26.200861,238.921551,5.655404,-7.442601,9.111726,-19.172071,5.721757
UGC06312,29.384587,262.547121,9.350928,-6.730766,10.456669,-29.568663,5.625179
UGC06312,32.661658,275.110175,16.321081,-41.127868,23.38959,-38.577117,11.059459
UGC07012,2.881285,31.185724,4.887584,1.573806,1.251649,-1.085643,6.203572
UGC07012,6.118195,55.807335,2.636843,-0.552965,1.418241,4.089853,4.145691
UGC07012,9.258766,75.446715,1.676179,0.306792,1.700461,6.214017,3.250294
UGC07012,12.394445,89.91894,2.219816,-0.628946,2.18822,4.41503,2.009675
UGC07012,15.523132,95.511782,1.356827,-1.893513,2.497951,3.993627,1.904461
UGC07012,18.639883,96.794802,1.173057,-2.602571,2.594428,4.408108,2.078985
UGC07012,21.767558,97.946155,0.853874,-1.905606,2.882134,5.066004,2.548651
UGC07012,24.880463,96.995429,1.446339,-1.347435,2.852885,3.671803,2.452927
UGC07012,28.002517,102.325851,1.839649,-1.203948,2.810754,0.156254,2.398683
UGC07012,31.113413,104.089079,1.70284,-2.706303,3.234137,-1.819288,3.206303
UGC07012,34.236923,97.731446,1.588773,-0.537005,3.269574,-5.392054,3.79402
UGC07012,37.296394,96.431473,3.122049,0.421063,2.648276,-6.382025,2.899397
UGC07012,40.557455,104.414385,2.749295,1.002254,2.786535,-3.61617,2.509174
UGC07012,43.921265,103.564402,4.225706,-1.782207,3.060283,-5.102827,2.517291
UGC07012,47.41669,117.226387,5.492252,-4.269541,3.367763,-6.764569,2.789257
UGC07012,50.909199,106.959428,7.68017,-6.049849,5.829579,-7.016952,3.261839
UGC07012,54.347356,110.379036,18.226553,-10.414129,17.469553,-6.303778,12.947767
UGC07012,57.808356,119.522411,50.861601,-35.557743,47.381334,-1.754131,42.112943
UGC07012,61.094152,203.093928,84.851166,-14.9004,167.84727,1.552241,163.49285
UGC07012,64.864532,364.282525,622.332426,60.095526,2315.671863,-70.611384,2388.801725
UGC08107,3.579984,159.494929,17.003153,1.411362,8.049109,-45.447079,22.103453
UGC08107,7.596422,226.418672,11.280783,-10.09857,7.75197,-31.166318,11.511882
UGC08107,11.513066,259.691521,9.126317,-16.509377,11.092069,-8.410379,6.722842
UGC08107,15.397253,288.108168,3.521706,-13.64272,9.66191,7.158312,5.417345
UGC08107,18.907851,305.688847,5.563038,-15.965732,8.608144,10.76963,4.996153
UGC08107,22.183117,317.637146,9.022067,-17.875562,8.880864,4.387884,4.5482
UGC08107,25.616812,327.801017,8.021735,-23.709261,9.969787,-0.591157,5.408552
UGC08107,28.952399,325.031454,8.885925,-19.199995,10.90713,-11.626248,7.063572
UGC08107,32.2076,329.227809,7.628922,-11.997241,10.515762,-22.258422,7.812863
UGC08250,4.155424,21.399952,2.39858,0.793165,1.239624,16.121524,4.651947
UGC08250,8.774913,59.224493,3.717646,-0.68138,2.253965,10.482031,4.414247
UGC08250,12.567429,82.149488,3.421657,-0.874221,2.894708,8.076505,3.808212
UGC08250,16.052998,100.100989,3.363602,-1.506327,3.064648,5.607588,3.812523
UGC08250,19.445287,118.85609,3.041224,-4.554259,4.153146,-1.989903,3.222354
UGC08250,22.79612,130.444521,3.408696,-3.50341,6.218752,-2.758435,3.638828
UGC08250,26.239264,131.154352,4.945977,-16.257368,8.173916,-12.200931,5.222561
UGC08250,29.484463,126.623941,5.495038,-12.944482,7.435306,-10.966523,5.742375
UGC08250,32.970581,155.45807,6.968088,-15.285875,10.535033,-14.173802,9.52633
UGC08250,37.129592,169.463179,14.524501,-26.543622,22.728359,-27.144284,20.962211
UGC08250,41.269636,179.282632,36.956085,12.48678,58.067676,2.667542,56.256628
UGC08250,46.114652,156.121966,53.388766,-84.640921,86.747493,-92.429728,83.003421
UGC08250,51.882277,108.736673,146.117933,-124.727008,1342.717916,-153.407605,1341.010429
UGC08267,4.040154,82.918861,5.573887,-3.459885,4.359224,29.704876,11.94561
UGC08267,8.531664,145.418146,3.286522,-0.951943,2.778354,21.288847,7.456243
UGC08267,12.228739,179.013082,2.825399,-1.537835,3.274973,17.875019,5.673731
UGC08267,15.622803,205.929258,4.068901,-1.521737,5.318374,14.018591,4.748625
UGC08267,19.398219,216.233411,4.219783,3.211077,8.42731,7.799097,3.784422
UGC08267,23.103302,226.266879,7.443447,10.648988,8.828938,-0.930971,3.69993
UGC08267,26.700031,219.015429,11.380393,17.585796,9.293351,-6.742034,5.115724
UGC08267,30.569798,265.442233,17.974397,21.682026,13.866956,-7.065838,11.732137
UGC08267,34.113061,348.758125,34.354343,9.914675,31.199455,-11.684725,27.643797
UGC08267,37.545336,297.711588,47.724935,29.917319,49.782277,3.41711,42.307267
UGC08267,42.320704,313.347751,73.484637,28.802696,230.802599,-36.38803,221.420646
UGC09067,2.984816,103.644891,8.335826,-1.764784,4.985535,-24.726233,20.240481
UGC09067,6.292617,155.717647,4.403692,-1.196401,3.731301,-19.745723,10.727162
UGC09067,9.552865,188.381843,3.288724,0.891209,4.674332,-16.085224,6.109847
UGC09067,12.777687,206.10336,2.743452,4.457887,5.718307,-10.207254,2.504024
UGC09067,15.998572,214.935724,2.267761,8.412122,6.400934,-9.022505,0.948626
UGC09067,19.22743,215.806072,1.971528,10.993219,6.929176,-5.323768,3.039955
UGC09067,22.437697,208.865445,1.564601,8.648798,6.866298,-4.680489,4.138589
UGC09067,25.64886,202.697974,1.425563,9.508986,6.746221,-1.534836,4.277545
UGC09067,28.868116,199.54908,1.824807,7.348586,6.510396,0.356842,4.261126
UGC09067,32.081354,201.910319,3.58525,9.054878,5.997319,0.38392,4.26086
UGC09476,2.496385,41.287217,4.906923,-4.319754,2.830085,-12.556724,8.939152
UGC09476,5.856885,84.73446,3.725608,-9.392795,2.957441,-12.95648,4.883082
UGC09476,9.229814,98.650296,2.85766,-9.874966,3.368201,-8.624733,2.852988
UGC09476,12.534048,100.539048,2.358409,-6.79532,3.381745,-6.473628,3.973539
UGC09476,15.83893,104.424581,2.945567,-1.511748,3.13354,-4.112116,3.521256
UGC09476,18.948026,113.243569,3.266221,4.850619,3.329548,-2.154868,3.592633
UGC09476,22.105607,123.08513,3.490328,9.280177,3.541214,0.523752,4.084698
UGC09476,25.298245,131.018063,3.682175,9.061788,3.452665,2.699737,4.576818
UGC09476,28.385406,137.567628,3.983884,8.914992,3.600128,2.446135,4.609387
UGC09476,31.428481,142.816095,3.86962,10.440487,5.358047,2.038932,4.829323
UGC09476,34.569647,150.474494,4.739923,22.297592,9.289181,-6.132296,6.454126
UGC09476,37.753948,146.067801,8.90659,42.015826,15.872237,-25.247598,14.423702
UGC09476,40.959465,92.610916,21.118232,113.944253,32.771381,-109.061441,34.338098
UGC09476,44.250788,86.525279,14.199006,109.570329,30.4688,-119.85874,27.959621
UGC09476,47.481401,88.160955,17.18601,163.807268,41.518936,-174.899188,38.025827
UGC09476,49.634693,109.320642,374.800436,93.358401,1921.260399,-118.640761,1946.456731
UGC09537,3.642691,88.560253,15.507132,15.593746,7.069311,-3.515632,18.390733
UGC09537,7.720025,162.199,9.91922,6.492079,7.229951,10.034405,15.494115
UGC09537,11.688432,224.55362,9.478241,5.007775,7.24816,14.923246,12.283232
UGC09537,15.636382,252.948876,7.419845,3.384073,8.71959,6.094974,7.692409
UGC09537,19.234973,255.141808,5.785477,7.062421,13.095372,4.558266,8.666013
UGC09537,22.59391,229.008421,8.579649,9.358884,14.168636,12.660222,7.753179
UGC09537,25.946659,218.020366,8.235629,21.694616,13.998123,29.306901,7.191758
UGC09537,29.349137,221.722963,8.180167,34.713899,17.103231,35.699837,8.19047
UGC09537,32.754812,215.701757,12.035476,52.772397,22.617471,47.320168,12.057767
UGC09537,36.136587,204.551284,15.420824,79.659366,21.574517,69.631916,15.449435
UGC09537,39.448679,208.14544,14.927683,92.02533,19.545426,75.784755,15.802788
UGC09537,42.665295,216.931441,25.251983,119.098917,21.391448,82.90237,20.813757
UGC09537,46.079618,195.255717,32.048974,106.555139,29.900267,85.038182,33.450318
UGC09537,49.54845,198.417404,43.28438,119.212178,56.789909,102.547225,63.9143
UGC09537,53.673621,167.500573,78.683077,155.263724,128.61371,163.140182,141.266906
UGC09542,3.714637,45.778219,3.070835,-3.060772,2.023174,7.307721,7.430623
UGC09542,7.858117,83.010263,4.28366,-7.602902,3.219926,4.907599,4.022365
UGC09542,11.246943,98.894502,2.455152,-5.869143,2.560484,2.710183,2.796885
UGC09542,14.389472,114.140632,2.225513,-4.668888,2.701024,4.707243,2.098187
UGC09542,17.853642,129.123067,1.7686,-4.595334,3.190965,1.778715,1.435559
UGC09542,21.161236,140.256662,1.286722,-3.770735,3.58736,1.624437,1.358429
UGC09542,24.336738,147.174466,1.413887,0.064086,3.866313,1.662744,1.684946
UGC09542,27.721066,150.370107,1.460617,1.453984,4.317406,2.977714,1.983963
UGC09542,31.259569,154.245209,1.744933,3.591181,4.901509,1.487677,2.119623
UGC09542,34.676419,158.394933,2.068248,5.397519,5.809024,-0.761413,2.730877
UGC09542,37.846049,161.05485,5.080483,6.154667,6.73591,-4.049126,3.883965
UGC09542,41.089773,169.979968,7.472966,-1.954097,7.912137,-7.744318,5.133816
UGC09542,44.186292,169.457043,8.680699,-7.620088,8.168509,-17.959993,6.253168
UGC09542,47.325141,173.06547,10.819766,-5.586107,8.436909,-18.926038,8.116537
UGC09542,50.724745,174.064765,14.298794,-6.639388,10.663671,-24.785831,11.954649
UGC09542,54.112518,177.813816,125.585855,-11.923235,456.480829,-35.885904,471.002858
UGC09665,3.863825,28.028882,3.018514,-0.532317,1.765851,-20.126648,2.793247
UGC09665,8.154344,55.755738,3.650469,-1.201877,2.328378,-14.754364,2.435353
UGC09665,11.686294,78.735925,3.396656,-1.964929,2.688785,-11.220386,2.054194
UGC09665,14.952772,94.333775,2.852696,-5.396264,2.902392,-9.824659,1.437253
UGC09665,18.537866,109.273526,1.556403,-4.578527,2.795284,-8.609428,0.941913
UGC09665,21.977095,117.264567,1.902516,-2.625237,2.616546,-8.103845,1.47615
UGC09665,25.289057,131.846838,2.026903,-0.439509,2.334251,-4.745184,1.391762
UGC09665,28.488741,140.594784,2.179731,-0.848408,2.522679,-5.321141,1.327537
UGC09665,31.57022,150.967766,2.193081,-1.430127,2.534181,-6.331367,1.486003
UGC09665,34.67662,157.33425,3.328016,0.34435,2.831345,-7.871188,2.152292
UGC09665,37.679543,159.251926,6.058732,0.940054,3.786473,-11.255272,2.777443
UGC09665,40.921063,164.398395,7.756453,-2.454872,6.207054,-11.318084,2.864957
UGC09665,44.66407,182.532965,10.30689,-6.562645,5.840997,-11.078543,2.876936
UGC09665,48.454147,213.805821,11.998496,-10.773009,5.054564,-6.979574,3.541756
UGC09665,51.930095,247.566564,19.086356,-11.076569,5.320563,-4.802035,4.484666
