edge_pydb/dat_prof/rotcur_levy/rf_HA_natv.csv
# %ECSV 0.9
# ---
# datatype:
# - {name: Name, datatype: string, description: Galaxy Name}
# - {name: radius, unit: arcsec, datatype: float64}
# - {name: Vrot, unit: km / s, datatype: float64, description: Rotation curve}
# - {name: e_Vrot, unit: km / s, datatype: float64, description: Error in rotation curve}
# - {name: Vrad, datatype: float64, description: Expansion velocity}
# - {name: e_Vrad, unit: km / s, datatype: float64, description: Error in expansion velocity}
# - {name: dVsys, unit: km / s, datatype: float64, description: Systemic velocity offset}
# - {name: e_dVsys, unit: km / s, datatype: float64, description: Error in systemic velocity offset}
# delimiter: ','
# meta: !!omap
# - {comments: HA_natv Rotation Curves from 2018ApJ...860...92L}
# - {date: '2020-06-22'}
# schema: astropy-2.0
Name,radius,Vrot,e_Vrot,Vrad,e_Vrad,dVsys,e_dVsys
[from data line 1879]
NGC6394,19.174406,234.40827,16.529431,45.312057,14.304666,7.628544,13.257562
NGC6394,20.918582,223.405764,20.536219,57.000009,16.31912,11.550279,13.77936
NGC6394,22.677835,236.359397,21.968314,63.897419,17.675709,13.224603,16.152637
NGC6394,24.833566,221.400968,19.598703,84.807544,20.122826,16.638015,20.869156
NGC6478,3.793049,53.419745,11.922544,2.70603,6.798744,-9.409833,20.781531
NGC6478,6.966678,96.710845,18.091371,7.012886,8.137402,-7.344643,17.822002
NGC6478,9.069941,120.658922,21.911861,6.86423,8.175447,-6.266107,16.268041
NGC6478,11.479249,147.371542,25.904803,10.210943,8.982804,-3.861217,14.140399
NGC6478,14.107448,164.313275,27.979466,9.80439,10.613182,-9.476091,12.023211
NGC6478,16.305686,174.256542,27.497348,16.14027,11.56092,-8.583905,9.92788
NGC6478,18.251072,186.256983,25.871417,9.318682,12.11012,-14.621392,8.148694
NGC6478,19.992558,204.049027,24.278801,0.562845,12.590815,-21.284027,7.158499
NGC6478,21.599453,212.233648,23.298076,-1.216432,13.057924,-20.877051,6.636926
NGC6478,23.454853,222.276789,21.588731,-9.317929,12.69821,-30.45301,6.337553
NGC6478,25.502346,225.322534,18.915441,-8.648362,12.284858,-30.072804,7.076713
NGC6478,27.397855,228.017924,15.991462,-14.821913,11.889536,-34.034975,7.810673
NGC6478,29.175569,229.569797,12.897805,-13.835837,11.019998,-37.855254,7.898446
NGC6478,30.85213,231.405798,10.837914,-14.967611,10.737471,-33.963095,8.182972
NGC6478,32.704596,232.039029,9.88751,-21.0577,8.885749,-41.034578,7.596655
NGC6478,34.714368,253.354064,11.247073,-21.964021,10.413256,-31.269231,7.178093
NGC6478,36.474556,259.956899,13.735737,-19.372683,12.126768,-28.428681,8.76293
NGC6478,38.306325,279.020675,15.498201,-27.478354,15.001336,-28.51626,10.828373
NGC6478,40.133391,286.053437,20.072679,-27.562001,19.895942,-22.020185,14.493034
NGC6478,41.799698,283.358098,24.902132,-27.347502,28.649869,-20.102213,22.477908
NGC6478,43.612781,316.235127,29.440119,-46.629126,39.361,-10.298406,31.37476
NGC6478,45.490389,380.516301,34.56606,20.23469,52.556835,-65.310112,43.952255
NGC6478,47.32555,365.875558,36.441179,8.253955,64.179563,-52.50986,55.345124
NGC6478,49.476692,360.711883,37.01515,-62.633879,64.831621,4.772442,56.571721
NGC6478,51.681072,389.50438,38.215326,37.963479,74.120975,-84.041822,65.699796
NGC6478,54.070871,430.228557,39.956973,35.945834,84.581288,-80.689344,74.14638
NGC6478,56.501259,466.481982,40.212483,-31.750109,94.267557,-15.261397,83.278569
NGC6478,59.19296,474.876687,46.761835,-23.816613,127.117475,-20.465631,117.794493
NGC6478,62.006866,459.334528,58.980037,84.382282,181.061095,-122.335553,169.40708
NGC6478,64.773287,477.192794,81.51547,76.411671,266.030662,-122.419648,256.915194
NGC6478,67.130125,536.526017,113.782728,-261.971019,398.831776,212.267293,391.213052
NGC6478,69.007196,585.448914,1082.696814,-212.695403,3888.772217,177.688646,4026.117047
NGC6478,70.806729,475.198376,510.614789,319.065227,2397.198252,-349.766258,2436.752426
NGC6478,72.669273,494.360788,281.046769,24.810886,2420.760911,-59.261104,2401.683206
NGC6478,74.552893,398.833704,1296.71228,564.820519,7003.749805,-595.48112,7088.476815
NGC6478,76.582246,444.584084,6659.664565,245.558085,47489.678916,-282.455349,47951.049868
NGC6478,79.001157,294.690287,3473.39095,1320.411139,45700.615602,-1353.894648,45827.818041
NGC6478,81.809521,1025.823693,2520.698846,195.235798,16159.258033,-118.441633,16344.664168
NGC6478,84.438289,504.422419,5097.578003,-13.828069,27132.346072,-41.457453,27591.284237
NGC6478,87.21051,257.005367,2508.968349,60.357017,18064.076738,-148.937524,18209.971711
NGC7738,3.146526,170.041354,55.784653,-6.011319,17.531702,-36.139461,41.685133
NGC7738,5.792152,149.381714,31.005295,0.449396,15.874514,-26.126641,12.32114
NGC7738,7.538423,104.846739,19.313913,-0.743955,12.067449,-21.345788,11.520031
NGC7738,9.557004,114.35702,20.026749,-0.428733,10.128337,-20.876098,11.33547
NGC7738,11.728995,104.419002,17.411234,-2.995758,11.147912,-2.254857,10.62087
NGC7738,13.575623,113.871805,14.253702,9.473249,13.372679,-0.945576,7.500785
NGC7738,15.570214,135.345949,12.222717,6.166374,11.676123,6.522747,5.86283
NGC7738,17.754848,135.545111,10.63912,-11.539363,10.831808,0.077416,7.202403
NGC7738,19.814,149.089922,9.964123,-28.812457,9.374469,4.980002,6.103676
NGC7738,21.7466,160.091042,8.587982,-23.419657,9.539908,-1.716106,6.007578
NGC7738,23.458598,174.735299,9.462459,-29.630427,11.693415,-6.630332,5.517701
NGC7738,25.337765,189.68529,8.101729,-40.164088,11.66611,-4.301422,5.283038
NGC7738,27.318222,217.845132,9.138043,-44.947444,10.955762,-5.471698,5.845734
NGC7738,29.144855,217.735443,9.702531,-39.155158,9.863201,3.250769,6.233177
NGC7738,30.906466,220.539367,8.733306,-46.45333,11.120654,10.809614,7.066678
NGC7738,32.861324,217.90568,9.842247,-44.889561,12.536613,11.103111,6.371743
NGC7738,34.747074,222.041177,11.057319,-30.884577,12.905678,-0.099881,6.222103
NGC7738,36.458916,232.355831,10.577655,-23.666497,13.084494,-1.904241,5.463249
NGC7738,38.389407,260.27758,11.130232,-53.769784,13.562887,4.044468,5.654684
NGC7738,40.225235,222.445512,15.885067,-3.221428,22.164859,3.644938,12.602498
NGC7738,42.221771,257.527598,20.13886,-30.272032,23.012351,1.613664,11.713988
NGC7738,44.583689,290.646419,23.222497,-50.367435,33.226249,4.828542,20.836473
NGC7738,46.687338,291.505067,27.607566,-46.382786,36.557886,7.613885,24.454025
NGC7738,49.143929,286.601115,41.155051,-35.495385,56.53612,10.419423,44.264233
NGC7738,51.853096,259.738383,62.185793,-30.08779,83.302499,20.35365,74.092571
NGC7819,2.637791,85.921971,26.403937,13.65598,13.191088,-31.569643,37.153953
NGC7819,4.852177,111.493432,26.541963,17.924699,15.60581,-16.496951,19.543584
NGC7819,6.90344,113.588676,15.632147,2.852026,10.362126,-14.33162,12.130172
NGC7819,8.966011,98.073391,8.858095,-11.372308,9.510888,-15.101978,10.377159
NGC7819,11.013815,98.654061,7.691564,-23.321942,11.316555,-6.538106,8.467664
NGC7819,13.027127,114.543318,7.753476,-22.633861,8.566996,5.941107,6.362504
NGC7819,14.782829,102.120487,5.780922,-19.58088,6.26426,5.819952,5.013891
NGC7819,16.35161,100.190646,4.61706,-16.827093,5.411786,-1.702276,3.75338
NGC7819,18.005203,103.619254,4.900689,-17.067811,5.193586,-1.458163,2.249628
NGC7819,19.721628,110.307664,4.134931,-12.416212,4.378137,-2.472062,2.880088
NGC7819,21.314129,110.814956,3.566626,-6.550699,3.858742,-0.353491,3.31849
NGC7819,22.959741,115.531479,3.340611,-2.054274,4.016775,-2.271869,3.311682
NGC7819,24.665234,115.42309,3.169754,4.617485,4.377132,-2.832048,3.173422
NGC7819,26.260465,114.488766,3.853706,2.552935,4.32308,-1.160112,2.585919
NGC7819,27.914731,121.679645,2.776822,7.482975,4.231936,2.415012,2.610301
NGC7819,29.63301,130.843096,3.324829,8.829023,4.356398,-0.28712,2.270146
NGC7819,31.27063,129.90198,2.987576,7.856637,4.321927,-2.693862,2.678621
NGC7819,32.92301,127.308505,3.443217,10.216524,4.48476,-0.245557,2.921217
NGC7819,34.684696,135.507839,4.084258,11.954144,4.825741,-0.011296,3.746107
NGC7819,36.38041,131.31291,5.607352,15.620198,5.4453,-4.057173,4.752746
NGC7819,37.980755,133.310129,7.410175,14.866401,5.520912,-4.242107,5.224459
NGC7819,39.657972,126.854164,10.370828,14.068167,5.6935,-5.025422,4.871355
NGC7819,41.405382,118.969222,11.404588,7.073324,5.344993,-4.418336,4.726973
NGC7819,43.215059,133.83838,9.7065,8.939112,5.257695,3.035447,4.942432
NGC7819,45.005063,148.351833,9.345984,11.056615,6.652165,8.847926,6.457001
NGC7819,46.79959,136.691687,11.398945,6.109536,10.072,1.793434,9.075095
NGC7819,48.8737,158.961754,14.852627,21.04012,14.956726,-1.68434,14.157856
NGC7819,50.819656,176.050739,29.727206,27.160614,51.247238,-0.787257,52.571093
NGC7819,52.698526,139.004428,76.920867,8.263549,150.850066,2.306758,160.181506
NGC7819,55.318702,221.218953,171.401996,-27.50657,400.640011,45.101368,426.167312
UGC00809,4.590463,56.066686,7.100757,4.604694,4.423087,9.404524,10.552435
UGC00809,8.48687,78.425419,7.765162,2.191456,4.130037,7.269517,6.046799
UGC00809,11.058804,93.91505,10.290451,1.443828,4.284647,6.219229,5.617186
UGC00809,13.129873,108.462649,12.110941,-0.5052,4.678911,0.87829,4.980464
UGC00809,14.853742,108.4029,10.980386,0.061092,4.791506,0.438187,4.365604
UGC00809,17.178542,117.75368,8.598434,-2.136639,4.457219,-0.441116,4.117212
UGC00809,19.864019,120.918319,6.353239,-2.339624,4.512376,-3.245897,4.584787
UGC00809,22.213111,121.479182,5.069745,-9.240765,4.613955,-2.889621,3.962635
UGC00809,24.390394,130.047729,4.997661,-10.826274,5.080933,-2.32477,3.524635
UGC00809,26.313633,138.899885,5.387606,-6.687364,5.461885,-1.187016,3.454887
UGC00809,28.111226,143.301801,5.867811,-6.720901,6.026932,0.281541,4.050537
UGC00809,29.890846,146.019792,7.427714,-3.594536,5.727894,3.794198,3.940703
UGC00809,31.687294,146.874469,9.228786,-7.590617,6.044587,-0.54368,4.95321
UGC00809,33.520522,150.251367,11.388139,-13.196826,6.94777,3.671864,5.674613
UGC00809,35.572482,158.848674,13.648468,-7.86574,8.713878,3.506221,6.120116
UGC00809,37.583697,196.211069,17.440437,4.891532,10.909924,14.758024,7.184631
UGC00809,39.658937,168.581275,19.564144,-9.116936,11.03069,4.251288,7.41549
UGC00809,42.017437,181.643942,24.646671,-6.532015,14.50743,4.336234,10.109945
UGC00809,44.636702,183.89024,30.428044,-2.011816,17.139188,1.523738,11.025205
UGC00809,47.237333,140.203999,38.949699,-26.399858,21.132267,-20.431612,15.215892
UGC00809,50.040476,195.610069,43.101074,-5.315601,26.496406,-8.190483,20.16122
UGC00809,52.145922,234.305783,57.518367,-1.038557,44.860302,10.616341,40.668841
UGC00809,54.556259,227.07034,81.081682,2.388955,41.733087,-23.784164,37.197012
UGC00809,56.917924,301.610011,102.057757,-3.36571,160.682693,9.477557,153.314748
UGC00809,58.739787,181.724023,111.129954,-32.129419,153.199841,-22.298499,150.199315
UGC00809,60.67856,128.845505,158.65903,-29.689323,302.354978,-37.759439,297.162408
UGC00809,62.659449,159.522856,155.671988,-13.825296,293.604143,20.292551,291.111786
UGC00809,64.617357,230.227078,5255.240373,5.647619,23309.869589,-1.145733,23868.692627
UGC00809,66.58826,388.186202,235.23508,63.505722,576.879183,4.08132,573.285351
UGC00809,68.911825,104.3098,510.731918,7.1115,1702.295063,23.542634,1707.475323
UGC00809,71.653533,197.281956,462.763631,6.978296,1941.655806,44.777423,1938.054663
UGC03253,2.791806,3.791544,27.287623,13.480516,22.059932,19.504252,17.645165
UGC03253,5.183142,74.325363,15.208088,8.577651,14.129982,14.432917,21.602028
UGC03253,7.470596,114.458028,13.695014,-6.110227,9.40695,18.227721,17.986069
UGC03253,9.65244,155.798994,15.445592,-12.226001,14.110455,14.11434,13.441616
UGC03253,11.537574,160.9446,14.75045,3.402749,14.02827,-3.891758,9.109258
UGC03253,13.177583,164.279555,13.428111,2.955972,11.402441,-1.602275,8.317076
UGC03253,14.881572,161.569586,13.980047,1.51202,7.604939,-2.068402,7.149462
UGC03253,16.656577,177.753756,14.361248,0.684013,7.791474,4.662044,5.119038
UGC03253,18.486241,188.150745,9.509136,-5.278078,8.674667,7.090551,4.181448
UGC03253,20.399289,187.149852,7.121428,-5.192239,9.011046,18.526649,5.902054
UGC03253,22.299689,184.574939,7.314807,10.603892,8.200205,15.278161,7.954547
UGC03253,24.321516,180.881323,7.946813,9.674873,8.09296,11.507608,10.207965
UGC03253,26.114382,166.94623,10.014163,-0.536712,9.123628,14.015095,11.470134
UGC03253,27.881439,162.388001,8.732515,5.518285,8.473901,18.483052,10.324178
UGC03253,29.620818,174.523581,8.877994,5.560607,9.281071,28.428249,9.540126
UGC03253,31.23031,168.588129,9.640573,8.234983,10.384879,27.123736,8.995892
UGC03253,32.79512,163.246129,9.954686,16.951978,11.747525,24.573118,7.884418
UGC03253,34.487694,193.496886,9.979165,-1.680228,13.459997,28.608646,7.508088
UGC03253,36.206547,194.147399,12.301043,14.892655,15.866341,13.098537,9.718457
UGC03253,37.904671,205.185294,15.801933,16.463221,15.53975,-4.30026,11.547244
UGC03253,39.740621,190.07899,19.365674,13.845932,16.013061,-8.306621,12.998617
UGC03253,41.620701,176.611769,26.435951,13.366472,19.385155,3.33102,18.113519
UGC03253,43.164906,176.329989,36.773855,23.225709,29.369459,0.311449,29.689078
UGC03253,44.907264,99.059196,46.682615,3.648982,45.519258,14.053287,44.728523
UGC03253,46.96965,160.762725,75.580024,57.580997,57.385233,-13.786631,61.50178
UGC03253,49.335982,244.392343,174.868104,110.04098,1256.503684,-79.863614,1261.121366
UGC03539,3.658714,33.760802,6.481233,-1.800746,3.618995,-7.327926,10.539187
UGC03539,6.700395,65.601777,11.17265,-8.308229,4.858076,-10.576484,9.47847
UGC03539,8.743006,81.925612,13.084125,-8.324615,5.418277,-11.689478,8.305465
UGC03539,11.07612,100.995038,14.444298,-6.146273,5.468013,-13.027188,6.222427
UGC03539,13.612361,115.636135,14.571729,-3.551184,6.522821,-6.158852,4.341565
UGC03539,15.71686,118.834326,12.369306,-3.090907,7.362451,-4.267245,3.984865
UGC03539,17.593117,115.819765,8.711859,-1.270752,6.851461,-2.592453,3.792407
UGC03539,19.280474,110.607436,5.60211,-8.080547,7.042548,-4.513969,4.003234
UGC03539,21.24151,118.751997,4.829201,-6.455655,7.328675,-0.354546,3.806683
UGC03539,23.424449,126.139044,7.502099,-11.844782,10.119643,1.720991,5.893567
UGC03539,25.499213,130.592051,9.398045,-11.161533,13.205663,5.227613,8.001341
UGC03539,27.574516,131.485062,9.378803,-7.623974,14.810604,5.041959,8.706132
UGC03539,29.535911,136.444244,9.788188,-1.754263,15.48615,7.330739,8.371129
UGC03539,31.54626,140.474583,11.133698,-4.294969,15.96363,11.160054,7.71113
UGC03969,3.479302,92.642736,16.341504,7.56179,8.623922,-0.276143,23.949911
UGC03969,6.371876,144.131955,15.8202,3.79346,10.562451,-4.182289,15.114257
UGC03969,8.274544,156.260862,12.457224,3.656236,11.024303,-6.519921,9.928681
UGC03969,10.501218,173.824262,9.666752,0.518274,10.825467,-5.126631,5.957104
UGC03969,12.892352,196.389936,8.35763,-1.488413,10.797487,-3.354438,4.189384
UGC03969,14.905096,199.205477,6.828056,-4.502283,9.845615,0.710361,5.743585
UGC03969,16.683594,205.059236,5.631909,-14.430198,11.491041,-0.233077,9.042488
UGC03969,18.670884,207.598274,6.779502,-17.634963,13.001002,-3.43262,10.495017
UGC03969,20.83083,220.176811,9.644219,-16.350171,15.452457,-4.7484,13.196625
UGC03969,22.93293,228.125261,12.398951,-11.656617,23.766479,-10.305416,21.795352
UGC03973,2.298664,16.301379,22.138895,32.031903,10.897616,-118.550784,37.015001
UGC03973,4.23297,57.945925,29.736853,43.356504,17.298825,-103.248437,35.861027
UGC03973,6.011472,100.682454,31.841452,58.152893,21.614993,-76.748584,27.675558
UGC03973,7.806875,116.909583,31.412105,53.547979,22.043292,-68.283493,17.55283
UGC03973,9.567158,116.133586,24.673021,34.311319,19.734429,-43.671265,11.533211
UGC03973,11.34115,117.881401,18.303047,16.131594,18.392981,-26.39991,9.951556
UGC03973,13.093258,131.275882,11.305063,15.488088,15.953115,-15.566442,8.363156
UGC03973,14.868772,136.052057,12.922383,6.421534,12.411061,-4.311838,6.735891
UGC03973,16.612101,133.429196,13.438132,-1.166479,8.756904,-0.256058,6.864929
UGC03973,18.387911,118.905331,12.996238,-7.265093,7.469826,-11.239125,5.897783
UGC03973,20.100892,117.636756,12.700161,-17.044895,7.795823,-9.579566,5.563855
UGC03973,21.840766,102.410649,9.06319,-10.017309,6.37107,-8.995126,6.820714
UGC03973,23.509019,123.732535,18.494073,-5.224305,5.576106,-9.711479,7.913678
UGC03973,25.098796,104.495053,29.035738,0.031285,6.148925,-10.335856,8.894117
UGC03973,26.659369,106.384742,34.589029,-5.051426,8.568388,-4.03025,12.756901
UGC03973,28.357243,66.968128,44.943069,-2.359122,14.588425,4.975201,13.693793
UGC03973,30.025638,51.804387,49.603469,4.101959,16.646088,-36.306919,14.849893
UGC03973,31.60843,-29.799491,59.868433,24.366749,17.850247,-9.804436,14.83143
UGC03973,33.314499,121.119786,63.93035,-13.316339,19.046216,-12.686951,23.034361
UGC03973,35.261698,-111.5686,82.240075,46.746892,24.517639,31.973711,21.858208
UGC03973,37.173137,17.279577,84.156572,31.523362,29.037682,-1.578382,17.659213
UGC03973,39.273247,95.03519,61.034257,0.591542,34.861496,-9.857619,29.496789
UGC03973,41.306837,142.479024,57.034384,-24.733058,119.120947,-13.595737,115.520944
UGC03973,43.221023,87.818727,71.394135,2.525821,197.242588,-11.786096,200.321076
