edge_pydb/dat_prof/rotcur_levy/rf_HA_natv.csv
# %ECSV 0.9
# ---
# datatype:
# - {name: Name, datatype: string, description: Galaxy Name}
# - {name: radius, unit: arcsec, datatype: float64}
# - {name: Vrot, unit: km / s, datatype: float64, description: Rotation curve}
# - {name: e_Vrot, unit: km / s, datatype: float64, description: Error in rotation curve}
# - {name: Vrad, datatype: float64, description: Expansion velocity}
# - {name: e_Vrad, unit: km / s, datatype: float64, description: Error in expansion velocity}
# - {name: dVsys, unit: km / s, datatype: float64, description: Systemic velocity offset}
# - {name: e_dVsys, unit: km / s, datatype: float64, description: Error in systemic velocity offset}
# delimiter: ','
# meta: !!omap
# - {comments: HA_natv Rotation Curves from 2018ApJ...860...92L}
# - {date: '2020-06-22'}
# schema: astropy-2.0
Name,radius,Vrot,e_Vrot,Vrad,e_Vrad,dVsys,e_dVsys
[from data line 2715]
UGC10331,38.626761,102.886413,6.101712,4.976605,4.667924,7.013042,4.14357
UGC10331,40.613507,114.69326,7.136082,-0.39839,4.730819,2.524143,4.238771
UGC10331,42.592011,114.498125,8.51851,1.654364,4.888368,2.269731,4.430566
UGC10331,44.83258,114.40418,10.579652,2.593777,4.957081,2.361865,4.687354
UGC10331,46.827677,114.669245,12.408886,-1.534088,5.756005,4.361029,5.783516
UGC10331,48.561079,115.533064,14.457724,1.061323,6.594631,2.188697,6.161656
UGC10331,50.338184,107.505227,15.960134,-8.7775,5.975061,11.179311,6.449876
UGC10331,52.176889,142.284274,20.638829,-0.127015,7.2456,3.21471,8.177786
UGC10331,54.118411,114.401519,26.046984,-11.358426,8.050214,10.181902,9.103095
UGC10331,56.114227,122.783813,30.364642,-5.801244,7.616997,12.717382,9.355876
UGC10331,58.139639,133.575284,41.357958,-1.375224,9.129514,17.15466,10.663084
UGC10331,60.322965,122.294154,48.392802,-8.533444,10.133465,21.622545,11.731427
UGC10331,62.630589,109.794667,62.139797,-7.935431,37.348498,18.871776,36.219934
UGC10331,64.419994,104.34523,80.60194,6.413845,69.9622,16.75471,70.902207
UGC10331,66.377226,-55.684274,81.724815,-6.812473,62.23762,42.791624,63.684866
UGC10331,69.071289,77.056933,83.930802,-7.298176,89.89571,29.409282,91.473783
UGC10331,71.752386,119.602472,109.505332,-8.326505,243.959493,33.581394,243.947483
UGC10331,74.193113,134.436121,142.675104,-6.979985,498.025535,31.491312,502.632357
UGC10331,76.978945,41.260927,223.606979,10.200241,1063.667649,26.281524,1079.975342
UGC10331,80.037384,206.896771,171.379107,6.039145,766.581614,12.939463,772.613866
UGC10331,83.341057,198.294075,485.111921,-7.541391,2665.936411,28.235494,2701.851866
UGC10380,4.410273,43.749768,22.838332,-25.036622,42.44216,-10.263176,42.043163
UGC10380,8.139893,59.282552,16.383785,-19.826301,15.41338,-7.684283,14.447255
UGC10380,10.579821,92.968327,14.805496,-14.851533,23.443349,-3.860219,21.418755
UGC10380,12.566934,129.945323,11.945758,-6.88225,15.489908,-3.012543,13.744962
UGC10380,15.02547,172.830186,15.710351,-0.847794,34.8371,2.61735,32.59483
UGC10380,17.20246,204.572648,17.141272,0.59734,20.953734,2.833514,19.979349
UGC10380,19.376415,227.328364,16.34889,6.533932,20.097997,13.576247,18.462164
UGC10380,22.209446,243.615866,18.036547,12.734496,22.550696,9.303539,19.726142
UGC10380,24.938717,235.935754,21.826241,-10.711167,25.54168,25.270397,23.216257
UGC10380,27.656673,255.441494,25.12905,-1.405729,40.488331,26.737525,33.582313
UGC10380,30.449484,224.588879,29.153123,-23.434119,42.941761,16.45119,35.544165
UGC10380,33.468584,242.553722,34.344013,-39.170672,54.116889,38.297096,41.911776
UGC10380,36.192327,243.618086,51.836001,-2.246365,84.284868,8.52477,66.485401
UGC10380,37.97007,281.355455,88.964331,-48.580804,143.987738,66.022638,131.135885
UGC10380,39.995772,347.999495,4214.839712,-192.678861,1728.505569,202.092855,4552.316892
UGC10380,42.264978,269.91131,128.110426,84.601924,138.871841,-6.101205,121.535679
UGC10380,46.727777,328.642472,190.219248,-17.686963,148.071227,69.529585,108.827667
UGC10380,52.702963,-194.350294,305.118122,29.272823,169.534831,-158.545392,137.110245
UGC10380,63.19845,-242.204963,332.876942,-72.543676,164.2063,-222.242604,88.705219
UGC10380,88.634974,953.957663,520.567458,120.727626,150.158821,14.328426,81.106708
UGC10380,103.866698,1548.705536,3488.524939,374.200068,13534.775357,-96.453172,13825.682901
UGC10380,113.472302,71.604728,10139.114337,168.945746,40002.778258,-199.394923,41210.720698
UGC10380,123.773956,-159.867491,5042.411833,37.129525,23150.924259,-255.011265,23619.055854
UGC10380,132.943262,5086.331585,20439.377427,-3651.82584,115415.964381,4336.287423,117436.828155
UGC10380,142.100492,1702.787141,5518.690177,-19.541091,45678.526788,171.681557,45910.988278
UGC10384,3.445621,73.889889,11.808153,1.586197,6.279166,-20.990256,25.476628
UGC10384,6.33545,124.543875,13.414451,-1.419903,7.764852,-14.115397,20.132529
UGC10384,8.348082,144.762896,13.592929,-2.784851,7.733685,-15.140001,16.017188
UGC10384,9.767308,158.488386,13.891263,-1.405559,8.24427,-9.373673,12.082051
UGC10384,11.744574,168.561479,12.452585,-2.150567,7.328226,-5.583283,8.206803
UGC10384,13.971262,171.828136,8.327544,-3.576415,7.366944,-2.322596,5.182163
UGC10384,15.821209,165.852551,5.519366,0.86875,7.102955,-1.238466,4.165892
UGC10384,17.853764,168.766674,4.141124,4.009491,6.857053,-5.50156,4.293257
UGC10384,20.089667,168.00139,4.154256,7.360771,6.924378,-7.017841,4.427604
UGC10384,21.806473,169.73671,4.935055,11.931778,7.599228,-1.345842,4.884861
UGC10384,23.268973,167.34808,5.336881,11.516605,7.413764,-2.945908,4.983726
UGC10384,25.086567,164.894038,7.189188,10.641609,7.174923,-1.994126,4.99782
UGC10384,26.616452,159.128976,6.545866,11.227137,6.544642,-4.990697,5.340705
UGC10384,28.466294,163.074051,6.274817,3.999267,6.155483,-5.755943,4.644806
UGC10384,30.19561,158.575699,5.927011,12.234035,6.386125,-3.940936,4.189832
UGC10384,31.782606,163.874196,5.216708,8.791595,6.323487,2.392144,3.717029
UGC10384,33.770582,176.761793,4.874221,5.978951,6.374904,1.594124,3.974481
UGC10384,35.397137,177.784344,5.799336,15.376695,6.94412,1.017242,4.63768
UGC10384,37.231906,191.937606,6.833903,-2.601349,6.498477,1.95934,5.067277
UGC10384,39.196507,178.724989,9.848764,6.184503,7.981982,-1.046177,5.889527
UGC10384,40.841655,172.124506,12.250418,7.788709,7.278623,3.089303,4.893517
UGC10384,42.734928,178.97785,15.435365,-1.385454,8.853755,0.148244,6.372087
UGC10710,3.429229,126.508184,28.370522,-7.616941,17.297291,-51.192317,39.472385
UGC10710,6.311421,175.516115,28.728347,-4.511948,19.835584,-21.103042,25.992013
UGC10710,8.197585,199.883636,24.722456,1.349486,19.045313,-17.513838,19.415564
UGC10710,10.412795,215.110528,21.144331,-0.27547,17.411915,-16.938276,12.875807
UGC10710,12.803782,223.313683,16.430537,-6.481741,15.796008,-9.2157,8.398561
UGC10710,14.804015,224.745439,12.964038,-7.206906,14.353491,-2.485937,6.774764
UGC10710,16.544579,222.317103,10.358753,-6.618764,13.135692,0.224935,7.231154
UGC10710,18.124138,222.23971,9.524431,-8.134786,11.80205,0.104388,7.852807
UGC10710,19.927661,215.951086,8.157698,-14.136737,9.695411,1.899896,8.57339
UGC10710,21.884194,211.42416,6.889781,-9.506351,10.033181,-0.039649,9.601875
UGC10710,23.700836,212.187487,7.483669,-15.520327,12.467152,1.298194,10.272754
UGC10710,25.403558,215.945495,9.010833,-13.328296,15.634315,-3.588513,10.797251
UGC10710,27.042016,215.295478,10.018197,-4.307448,18.444187,-6.293923,10.220002
UGC10710,28.624129,216.889075,9.863243,3.260129,20.114811,-11.764579,11.03535
UGC10710,30.150318,215.739222,9.661072,6.552879,20.732452,-19.459501,11.383343
UGC10710,31.876405,222.195586,10.32955,1.673704,22.753036,-24.019352,11.884698
UGC10710,33.678449,226.597303,12.185595,0.300481,22.946635,-18.956613,13.180063
UGC10710,35.331063,221.489026,14.374139,-6.351766,28.368187,-28.352986,17.189246
UGC10710,37.186335,227.036672,20.020369,54.444242,37.107097,-18.741504,22.826941
UGC10710,38.966855,240.193096,40.909931,66.535967,44.475505,-17.659417,37.347512
UGC10710,40.51569,250.582814,62.245988,-37.684494,56.357058,23.585318,48.82046
UGC10710,42.642677,440.331702,94.878208,18.856945,65.763336,-113.202313,60.546639
UGC10710,45.577646,453.725701,124.572307,20.473713,68.675716,-125.98667,69.59531
UGC10710,48.68937,549.428039,173.17772,-82.977996,105.726236,-210.944665,104.425896
