edge_pydb/dat_prof/rotcur_levy/rf_HA_natv.csv
# %ECSV 0.9
# ---
# datatype:
# - {name: Name, datatype: string, description: Galaxy Name}
# - {name: radius, unit: arcsec, datatype: float64}
# - {name: Vrot, unit: km / s, datatype: float64, description: Rotation curve}
# - {name: e_Vrot, unit: km / s, datatype: float64, description: Error in rotation curve}
# - {name: Vrad, datatype: float64, description: Expansion velocity}
# - {name: e_Vrad, unit: km / s, datatype: float64, description: Error in expansion velocity}
# - {name: dVsys, unit: km / s, datatype: float64, description: Systemic velocity offset}
# - {name: e_dVsys, unit: km / s, datatype: float64, description: Error in systemic velocity offset}
# delimiter: ','
# meta: !!omap
# - {comments: HA_natv Rotation Curves from 2018ApJ...860...92L}
# - {date: '2020-06-22'}
# schema: astropy-2.0
Name,radius,Vrot,e_Vrot,Vrad,e_Vrad,dVsys,e_dVsys
ARP220,2.172064,-69.84788,78.644247,20.617409,83.198066,-147.827635,113.446872
ARP220,4.602363,-112.521456,105.706003,83.509064,108.299055,-32.700152,70.859188
ARP220,6.585575,-106.263547,93.483034,131.155089,88.81847,44.257142,41.535766
ARP220,8.407756,3.928219,56.564475,189.222852,52.954551,104.595595,35.919955
ARP220,10.451356,100.47148,42.161016,162.489508,30.327006,103.057443,31.572539
ARP220,12.420271,141.587875,41.037717,124.252774,22.467473,80.514876,25.584895
ARP220,14.324973,96.803601,30.58609,108.026002,31.052568,104.868945,31.404104
ARP220,16.153867,42.396333,22.992329,130.663066,24.89596,95.608846,40.390174
ARP220,17.970855,51.0808,31.989624,161.511237,45.074902,82.249177,36.297526
ARP220,19.62184,-28.023788,37.667217,93.756613,34.574084,20.45258,42.190836
ARP220,21.285842,-57.984715,39.52992,145.587192,25.006661,29.52935,40.63261
ARP220,22.996262,-69.469807,33.765316,146.185348,24.623095,31.805136,29.671849
ARP220,24.78535,32.960263,34.758518,93.747444,28.744689,33.324225,23.788498
ARP220,26.448438,41.341333,33.8704,122.110461,26.372395,64.572375,30.015486
ARP220,28.140591,154.511618,53.01918,103.700112,30.157779,33.159984,28.301406
ARP220,30.023486,172.685171,55.558808,97.438499,40.913048,86.284811,37.934365
ARP220,31.828196,106.668816,97.66363,47.204115,42.050948,84.83839,39.852603
ARP220,33.656255,75.300541,128.037506,85.461396,47.711428,173.260408,51.29105
IC0480,4.221737,45.510499,9.616435,-4.212349,4.594846,0.772566,12.607413
IC0480,7.688904,84.271037,12.43578,-6.056845,5.738608,8.613259,9.64316
IC0480,10.074355,104.518393,10.894422,-3.16325,6.300758,8.29819,7.965907
IC0480,12.002712,111.424745,8.873794,-5.190727,5.455538,9.976756,6.951087
IC0480,14.252634,124.388442,8.501044,-2.981789,4.223644,9.085626,6.291037
IC0480,16.91477,141.627395,9.979283,2.699579,4.942205,6.550056,5.575501
IC0480,19.248779,156.461587,10.649928,2.722666,6.298702,3.840553,3.96378
IC0480,21.22616,153.551978,8.809088,3.835947,6.652498,5.61808,3.829159
IC0480,23.110276,158.492808,8.135235,11.903127,7.846059,2.84076,4.307855
IC0480,24.845208,144.175592,7.405423,4.191559,7.403346,2.207999,4.308039
IC0480,26.789951,158.616165,6.89248,12.382731,7.169701,-3.975658,5.031155
IC0480,29.069757,161.491681,8.191808,-7.083384,7.309609,-11.151932,6.031443
IC0480,31.132674,164.877371,12.133753,-1.198795,7.586876,-2.415352,5.628005
IC0480,33.127715,164.621918,15.208175,6.534971,8.428015,-8.937226,6.355861
IC0480,35.001401,148.461574,18.164521,-4.067155,8.564721,-5.569145,7.031088
IC0480,36.487168,171.078793,20.771163,3.202425,9.275393,-6.238412,7.748756
IC0480,38.392061,152.241442,24.406922,15.007841,9.32968,7.672012,7.857476
IC0480,40.382066,197.857277,30.265377,7.79274,9.980331,-11.89281,8.622831
IC0480,42.73013,189.789448,35.888443,20.172816,10.540111,5.2947,8.951563
IC0480,45.252443,202.062188,46.381968,12.817953,10.948335,-8.030811,10.062582
IC0480,47.724604,159.633937,55.517708,19.643472,13.102444,3.874371,12.21658
IC0480,50.436624,158.238863,64.989154,29.921096,13.891334,-0.757023,13.70502
IC0480,52.759355,142.05317,85.036729,4.093521,32.175894,2.870637,31.93089
IC0480,54.814233,121.146539,92.491866,18.633841,21.205974,-1.740569,21.506525
IC0480,56.848034,200.522905,109.980541,1.579352,28.226821,-6.514243,28.263744
IC0480,59.684383,221.654374,119.983683,14.13563,20.2115,0.375427,20.688111
IC0540,3.347959,45.539715,17.976496,-1.318076,10.755874,9.234338,12.740059
IC0540,6.107743,58.567754,8.009571,-9.351788,15.848767,6.907799,10.597946
IC0540,8.723637,68.28852,9.181575,-15.866347,18.85224,-2.133056,9.36587
IC0540,11.309913,86.793727,11.335142,-16.974787,19.477288,0.913394,7.222148
IC0540,13.368911,84.006325,9.26298,-23.941381,17.675922,-7.349842,10.554199
IC0540,15.620752,95.071017,12.027229,-23.485295,18.194074,-14.252924,13.457863
IC0540,17.965276,106.291476,17.372589,-32.671317,24.575751,-27.552007,17.964569
IC0540,20.193933,107.255399,22.208936,3.079491,28.866067,-30.75567,16.308067
IC0540,22.266236,70.421097,31.107615,39.276515,41.992878,-26.717371,27.615741
IC0540,24.036086,88.152586,51.283793,-6.898121,49.52041,-39.841159,35.728046
IC0944,3.97565,145.773971,35.848001,2.400528,14.825057,-4.517965,36.54436
IC0944,7.318973,184.581207,31.921075,-4.829482,15.638477,-7.3985,21.971279
IC0944,9.54039,217.011508,28.2186,-5.446731,13.988528,-7.120458,17.876438
IC0944,11.306589,237.543762,24.531973,-10.073956,14.139892,5.905267,14.807246
IC0944,13.516354,262.544365,21.11517,2.854176,11.872698,7.317458,8.718933
IC0944,16.008735,276.673683,18.004867,3.586781,12.787979,5.971291,6.272455
IC0944,18.173778,275.521771,19.286236,-1.628399,14.595919,3.776416,6.598911
IC0944,20.160703,278.649489,25.183781,0.357523,17.889352,10.489209,8.672107
IC0944,21.917291,273.290387,32.403187,-6.335929,20.699014,7.391264,9.663075
IC0944,23.53858,276.698197,30.482698,-3.45226,22.844678,11.897374,11.214643
IC0944,26.891476,289.369703,20.31183,-1.244674,20.779322,8.127316,9.767085
IC0944,28.908592,294.019424,17.058612,5.988223,18.61871,-2.319283,10.796779
IC0944,30.95492,291.044821,17.790934,-2.921965,18.781103,2.231671,13.459395
IC0944,32.565262,305.974733,20.457765,11.274339,19.470841,-15.922936,13.777426
IC0944,34.489163,297.953453,23.24299,-2.183732,21.335396,-14.741516,13.711098
IC0944,36.422835,316.653077,27.574609,9.48147,30.596262,-17.206564,21.041326
IC0944,38.041864,316.590053,34.522254,-17.055905,44.451939,-0.554229,27.897868
IC1151,3.3046,19.33399,4.891457,2.678052,1.614863,3.930506,8.990535
IC1151,6.099926,42.109776,3.861683,5.34591,2.297291,0.564262,12.410951
IC1151,7.916991,71.114723,4.960083,10.84804,3.60544,1.663184,12.094844
IC1151,10.024326,89.395791,7.41723,11.304794,4.238696,3.663918,8.29701
IC1151,12.310703,98.288164,6.466293,11.621199,3.930571,4.65328,4.049663
IC1151,14.24035,97.687929,4.437412,6.997867,3.453238,5.002023,2.794978
IC1151,15.939819,98.347206,3.479388,-0.012125,3.509632,7.897311,2.85871
IC1151,17.465823,100.09514,3.2016,2.205363,3.825771,6.073977,2.732341
IC1151,19.194538,99.899398,2.494319,0.075443,3.932934,6.507309,2.372472
IC1151,21.092521,101.250534,2.217942,1.492475,4.332837,7.035554,2.012952
IC1151,22.836942,106.440044,2.643743,3.469465,4.585414,3.31407,1.988897
IC1151,24.455173,105.381397,2.09849,3.13228,4.737384,3.274968,2.38238
IC1151,25.970998,103.339388,2.261451,3.99218,4.579906,4.147189,2.549091
IC1151,27.629122,105.861512,1.830293,2.487278,4.206099,3.020834,2.875664
IC1151,29.421704,107.35846,1.713718,-3.022202,3.940836,2.759824,2.970314
IC1151,31.104764,107.470853,2.451128,-3.143201,3.718726,2.487343,2.713403
IC1151,32.725307,108.19174,3.292527,-4.690301,3.554089,1.802869,2.297442
IC1151,34.328229,117.092478,4.00828,-4.176624,3.429089,-1.48983,2.122568
IC1151,35.950447,119.379636,3.751954,-3.328581,3.426769,-2.813281,2.098983
IC1151,37.60495,119.728908,3.107779,-4.672343,3.575004,0.192772,1.932371
IC1151,39.234671,124.841708,3.645024,-2.715855,3.706638,-0.699576,1.915989
IC1151,40.84785,128.200079,4.546871,0.0371,3.945514,0.177465,2.264508
IC1151,42.581797,123.555745,5.834261,-2.094972,4.078946,0.200696,2.384586
IC1151,44.388114,119.852265,6.73984,-5.753936,3.952827,-1.964278,2.369966
IC1151,46.089741,128.811495,7.243381,-4.691084,3.815804,-1.646146,2.571785
IC1151,47.699228,129.721145,7.075715,-6.800401,3.733044,-2.952623,2.825207
IC1151,49.351762,134.300217,7.294054,-7.598977,4.002936,-1.367581,3.166112
IC1151,51.015076,129.001524,8.197676,-4.602615,4.332166,-0.83825,3.453506
IC1151,52.755824,144.367591,9.187475,-4.595605,4.626717,-2.477623,3.900386
IC1151,54.563293,143.051142,10.774629,-6.529228,5.327543,-3.312119,4.601898
IC1151,56.432764,175.865196,11.410605,-6.666337,6.084127,-5.380764,5.404834
IC1151,58.510122,176.294126,15.108825,-6.2258,6.893957,-6.511191,5.996692
IC1151,60.399429,188.354977,22.733365,3.255467,11.212304,-3.721768,10.663235
IC1151,61.984762,141.700017,29.052898,0.848289,18.795208,-4.796628,18.407789
IC1151,63.803968,167.303975,34.637361,7.583175,29.106285,3.584049,28.143235
IC1151,65.818946,168.078205,44.962104,7.861495,266.062449,5.115275,260.027694
IC1151,68.59062,130.631556,73.476242,7.686944,449.731382,0.469283,441.869353
IC1199,3.088296,96.126406,23.407342,6.333966,8.804441,-49.089577,34.16392
IC1199,5.675254,135.819807,28.185758,2.243389,11.691687,-38.873897,24.431469
IC1199,7.389232,178.216259,26.768861,4.591569,11.455922,-19.248515,18.26856
IC1199,9.354241,177.49585,18.11188,6.79756,8.746278,-9.764765,11.274664
IC1199,11.49712,178.414505,10.642574,8.099347,7.311126,-12.304697,5.900367
IC1199,13.279514,187.810418,7.811224,7.435842,6.56078,-8.995753,3.837133
IC1199,15.229891,190.825589,6.684059,6.913064,6.087688,-6.102543,2.46093
IC1199,17.267928,196.913081,5.005981,3.211715,6.112895,-3.101804,2.062512
IC1199,19.106865,199.445325,3.953171,1.409478,6.179789,-1.922386,2.857409
IC1199,20.777546,208.210806,4.373485,1.175314,6.612871,-0.048542,3.757655
IC1199,22.31232,210.227865,4.196606,3.155527,7.169431,1.303892,5.07949
IC1199,23.998105,205.663171,3.389723,2.711862,6.922111,-1.665773,6.214095
IC1199,25.772597,205.206436,4.812475,2.149401,7.599941,-2.640461,6.94139
IC1199,27.441603,204.752047,6.588535,7.464237,8.684283,2.249976,7.095175
IC1199,29.023338,212.963044,7.397278,8.557665,10.585411,-1.543762,7.751184
IC1199,30.569939,211.760637,9.279858,2.156042,12.127957,8.305912,7.461962
IC1199,32.243312,235.221913,10.837405,18.586548,13.450307,7.69435,6.79309
IC1199,33.972272,234.316673,15.742998,-12.760659,16.759988,5.001345,10.844841
IC1683,2.658792,65.307192,32.293724,-3.226909,11.306232,50.364459,29.508845
IC1683,4.89016,120.651029,31.786128,-10.152046,13.043264,18.459073,22.70964
IC1683,6.997061,143.527585,29.153656,-11.623071,11.243117,17.660631,13.96942
IC1683,9.050437,162.554627,28.708857,-16.614887,10.831394,9.996871,6.867306
IC1683,11.094557,168.442994,23.551403,-13.524641,8.961642,-3.448701,7.403501
IC1683,13.187323,140.042074,9.447936,0.612039,6.716196,-19.717879,11.931102
IC1683,14.973941,128.770511,16.21745,3.133629,8.093392,-17.653246,10.369976
IC1683,16.635319,138.772294,21.3465,5.726909,9.740659,-6.10735,7.217387
IC1683,18.292718,131.299568,21.757434,14.364443,10.034039,-9.760998,9.078676
IC1683,20.216164,135.176079,24.681008,11.797533,12.77974,-2.187831,13.201641
IC2247,4.398794,45.638639,24.638934,16.512185,12.636421,64.008467,19.936425
IC2247,8.049468,106.169314,14.612275,14.443529,14.030958,39.027871,8.283283
IC2247,10.50291,110.902219,10.67596,3.04184,11.122542,36.198746,5.477033
IC2247,12.465744,118.041389,11.511371,1.710922,8.818782,29.646718,6.405392
IC2247,14.146951,131.872643,12.307776,-6.907385,6.887581,24.354142,5.767931
IC2247,16.337833,147.795878,10.896827,-6.37997,5.533226,26.972609,3.93671
IC2247,18.876952,159.059766,8.176322,-4.414344,5.560998,25.539483,3.521395
IC2247,21.176753,161.388359,6.946966,-5.980025,5.834519,25.667626,4.76394
IC2247,23.222351,162.129756,7.523303,-5.700013,6.535728,23.808616,6.090467
IC2247,25.079201,164.781379,7.890735,-11.381214,6.765705,18.080684,6.438053
IC2247,26.833012,160.114198,7.49209,-10.032497,6.969985,16.29859,6.618917
IC2247,28.94932,168.656692,6.93427,-7.693172,6.657099,12.933476,6.017651
IC2247,30.921559,178.127557,10.828113,-7.028862,8.880296,8.807265,7.030939
IC2247,32.936888,184.322633,14.264554,-11.917734,10.32537,15.876313,7.739268
IC2247,34.959613,220.783177,19.865715,-10.787801,13.426662,39.031049,9.579575
IC2247,36.645952,176.912641,23.286624,-1.095196,16.485199,32.521276,10.856174
IC2247,38.434294,171.894391,20.570107,6.606508,17.34201,26.045915,10.576135
IC2247,40.467522,222.269063,19.135227,-4.952173,18.996824,45.367027,11.088613
IC2247,42.771705,217.953742,26.40981,-14.378434,19.975918,34.400561,11.774442
IC2247,45.228953,180.498628,39.334464,-17.449455,19.782861,36.273039,16.055938
IC2247,47.137882,200.478907,49.365585,-23.097871,24.097107,38.887626,22.202846
IC2247,48.805989,256.029014,57.414633,-14.862491,26.273179,27.966937,24.613622
IC2247,50.536723,111.020578,63.106362,-70.795067,24.17809,46.0805,25.442813
IC2247,52.438142,384.002368,67.881031,-13.886776,24.954924,46.513213,26.751826
IC2247,54.453559,213.082162,83.917197,-33.856506,29.614645,46.777393,33.491837
IC2247,56.805611,206.860234,91.556072,-29.323685,26.30054,20.885048,34.906102
IC2247,59.46398,234.019944,101.343699,-28.047195,28.347593,15.6145,39.108408
IC2247,62.974386,264.222313,117.314389,-4.382547,30.115677,15.380808,46.809436
IC2247,68.953431,271.319286,139.188477,32.329925,33.552919,7.014709,55.803991
IC2247,76.843988,177.879189,260.256879,55.393066,383.250816,-36.699937,420.621245
IC2487,4.440247,68.987412,10.286037,-3.107386,5.144177,-11.900442,16.195267
IC2487,8.129662,108.469967,12.197526,-0.129081,5.772768,-6.386017,13.614482
IC2487,10.560028,131.922587,14.206373,-0.681356,6.014263,-7.455045,9.922903
IC2487,12.583872,147.3844,14.053247,-4.016212,6.171674,-0.647172,7.305332
IC2487,15.019391,155.72037,10.867653,-2.367979,5.231462,-3.563405,4.953994
IC2487,17.79663,157.160103,8.648931,-6.090999,5.522834,-0.849475,3.658419
IC2487,20.187242,160.38859,7.179706,-3.709757,5.943195,2.829534,3.107651
IC2487,22.357387,168.859184,6.214934,-6.579593,6.340444,1.872251,3.085731
IC2487,24.285245,169.564433,5.917419,-6.058368,6.381646,-2.788375,3.393237
IC2487,26.106709,167.376456,4.96044,-3.272872,6.010061,-5.213098,3.833077
IC2487,27.807592,167.365632,4.30937,-1.26557,6.009443,-5.931093,3.848829
IC2487,29.401352,168.450267,4.610055,-2.410519,5.72672,-7.470453,3.852789
IC2487,31.245562,170.317957,4.546527,1.678838,5.575774,-7.571559,3.583985
IC2487,33.401605,174.11869,5.150809,-0.646924,5.605133,-5.632821,3.276061
IC2487,35.381343,182.000731,5.383531,-3.444599,5.581431,-5.902173,2.9811
IC2487,37.367497,187.950349,5.670974,-2.929414,5.75787,-6.226649,2.890156
IC2487,39.431989,190.869662,6.252392,-3.645922,5.527668,-1.283512,3.020059
IC2487,41.265037,192.526154,8.431473,-5.479023,5.558848,1.870602,3.64609
IC2487,42.851741,206.581751,9.117123,-1.830395,5.622514,-2.621916,3.767983
IC2487,44.484697,208.137627,9.804108,-1.942967,5.657008,2.650786,3.811297
IC2487,46.139378,210.218211,10.771677,-2.859919,5.664009,-1.562229,4.170514
IC2487,47.892382,224.706353,11.317289,-2.638693,6.203551,4.237801,4.778688
IC2487,49.566008,225.924935,12.047689,-6.948224,6.15344,-0.278428,4.655721
IC2487,51.40133,244.07847,13.538657,0.081465,7.707309,2.922725,5.600561
IC2487,53.202477,245.032552,15.017165,-3.547142,8.390393,-2.247954,6.346582
IC2487,55.168442,275.445938,19.800972,-0.935344,10.775285,0.402724,8.470667
IC2487,57.123737,258.007194,23.216348,-7.55379,15.404727,-0.21319,13.108406
IC2487,59.245502,258.993771,28.536066,6.725545,16.207902,-0.693266,13.249218
IC2487,61.670078,230.64934,31.502529,-11.09417,23.437319,-6.585433,20.251107
IC2487,63.681018,266.714661,42.444866,10.907299,95.160836,-8.544245,90.926363
IC2487,65.45658,252.390019,116.603855,-1.27691,434.109541,-19.154266,422.336357
IC2487,67.388517,280.683693,497.263373,-5.944544,747.771622,-9.708961,891.767437
IC2487,69.591343,295.173504,583.70943,3.884236,1933.257359,-9.140813,2010.385148
IC2487,72.258694,238.065929,170.208487,-11.541211,272.411809,0.026552,266.158776
IC4566,2.657706,52.571758,21.998862,-9.963625,29.758968,-51.878537,27.746662
IC4566,4.841916,99.112973,21.146749,-27.623663,30.514052,-8.860261,16.389385
IC4566,6.924248,134.384982,13.004287,-27.318244,21.947287,7.241408,11.851316
IC4566,8.988146,168.507086,12.545492,1.889677,16.462595,8.378097,8.30151
IC4566,11.010529,188.190438,10.789924,-17.131,11.535161,27.131212,6.67264
IC4566,13.026308,201.734329,9.648832,-8.663048,9.761627,19.199587,7.190861
IC4566,14.779543,211.926119,9.782883,-4.678489,9.290236,15.648188,10.158849
IC4566,16.350926,211.50007,9.609629,5.597116,8.778047,20.109284,12.72984
IC4566,18.002827,211.063905,9.749449,15.443,9.585233,13.514655,13.794634
IC4566,19.716815,205.389884,10.551231,20.298533,11.138508,7.902134,13.300769
IC4566,21.367994,206.321597,11.221439,12.086471,11.304653,1.521824,13.809501
IC4566,22.964742,215.745277,12.408009,-3.309283,10.956538,-5.728806,14.214889
