edge_pydb/dat_prof/rotcur_levy/rf_HA_smo6.csv
# %ECSV 0.9
# ---
# datatype:
# - {name: Name, datatype: string, description: Galaxy Name}
# - {name: radius, unit: arcsec, datatype: float64}
# - {name: Vrot, unit: km / s, datatype: float64, description: Rotation curve}
# - {name: e_Vrot, unit: km / s, datatype: float64, description: Error in rotation curve}
# - {name: Vrad, datatype: float64, description: Expansion velocity}
# - {name: e_Vrad, unit: km / s, datatype: float64, description: Error in expansion velocity}
# - {name: dVsys, unit: km / s, datatype: float64, description: Systemic velocity offset}
# - {name: e_dVsys, unit: km / s, datatype: float64, description: Error in systemic velocity offset}
# delimiter: ','
# meta: !!omap
# - {comments: HA_smo6 Rotation Curves from 2018ApJ...860...92L}
# - {date: '2020-06-22'}
# schema: astropy-2.0
Name,radius,Vrot,e_Vrot,Vrad,e_Vrad,dVsys,e_dVsys
[from data line 1468]
UGC09665,59.710008,312.372014,67.192275,-7.658119,601.319788,-4.01108,599.657565
UGC09759,3.217737,38.471695,2.838539,1.432562,2.957498,-3.424106,5.663775
UGC09759,6.833717,65.503995,2.207615,-6.549345,3.544229,-2.502869,3.209441
UGC09759,10.348866,79.328146,2.076719,-6.699252,3.41561,-1.86028,2.250741
UGC09759,13.865479,80.723505,2.906603,-2.859918,7.315973,-1.844892,3.063202
UGC09759,17.457654,94.869657,2.615188,-5.390607,5.748022,-5.780496,3.098259
UGC09759,21.073319,105.129087,2.687276,-2.77031,6.651468,-4.676604,4.395705
UGC09759,24.409545,125.900565,6.679329,-4.317456,8.905299,-16.986045,4.176333
UGC09759,27.835777,124.646857,3.809313,-12.422384,11.515677,-18.725489,5.552742
UGC09759,30.709484,113.088511,6.338466,-40.494775,20.353449,-17.284524,9.283475
UGC09873,4.019532,32.331106,1.695566,-1.536331,1.45686,-3.503294,4.00438
UGC09873,8.515313,68.509364,3.006958,-0.329262,2.048338,-2.473099,3.577979
UGC09873,12.888506,95.062533,2.32979,-3.365257,1.930719,2.259826,2.429664
UGC09873,16.752197,110.522368,1.420694,-5.014923,2.327648,1.445032,1.725644
UGC09873,20.27393,120.892854,1.232681,-4.65529,2.514235,1.315459,1.656257
UGC09873,23.714015,130.946332,1.088959,-6.923823,2.982396,-0.53418,1.529006
UGC09873,27.087887,139.907725,1.492811,-4.508861,3.841084,0.372063,1.964846
UGC09873,30.652125,138.826043,2.016402,-0.838083,4.341223,0.720892,2.328923
UGC09873,34.082362,145.453619,2.748108,2.156219,5.060604,-1.230311,2.15306
UGC09873,37.248484,152.590284,4.235044,4.251802,6.853003,-1.894927,2.931313
UGC09873,40.333752,165.689331,8.39704,6.661043,8.888901,-2.049804,5.195731
UGC09873,43.86245,184.556325,12.183844,0.655748,12.441362,-6.877939,6.872772
UGC09873,48.020065,158.871781,59.237679,21.782383,94.147173,-6.744087,105.643791
UGC09873,52.123015,203.96044,288.693767,25.410633,510.618406,-17.337787,561.354689
UGC09892,3.667347,41.696825,6.481987,4.338003,2.118068,-24.4084,5.51005
UGC09892,7.747594,81.057315,4.626651,1.34344,1.861852,-11.460455,3.547286
UGC09892,11.760797,107.851705,2.047868,2.780922,2.490669,-5.299256,1.953587
UGC09892,15.243839,124.680204,1.08265,3.711896,2.793838,-4.193277,1.160501
UGC09892,18.483123,134.746774,0.92297,4.354244,3.071946,-5.283393,1.344596
UGC09892,21.957619,144.840994,1.315885,5.012776,3.651188,-3.920264,2.101588
UGC09892,25.266598,147.402578,1.309651,4.918767,4.117119,-1.314517,2.672876
UGC09892,28.466463,150.578666,1.330285,6.258082,4.464674,-1.048087,2.634081
UGC09892,31.857156,155.936955,2.554122,2.638381,5.183945,-2.864027,3.038378
UGC09892,35.212591,161.369737,6.210958,9.946159,6.673571,-6.693924,3.338947
UGC09892,38.631465,171.228553,5.806771,16.148901,7.012836,-17.627205,4.624701
UGC09892,41.808622,181.334293,8.359426,7.87971,10.782931,-13.02596,7.468784
UGC09892,45.308566,180.330311,21.437229,9.981277,16.681611,-23.560415,13.0654
UGC09919,4.438369,41.675153,1.839191,0.811059,1.706856,-8.32687,3.214883
UGC09919,9.354143,66.285401,2.112531,1.100975,0.994747,-8.01601,2.339592
UGC09919,13.399065,90.180897,2.177625,0.447174,1.548718,-4.442974,1.685823
UGC09919,17.130726,100.22961,2.007637,3.556386,1.7006,-3.847227,1.812578
UGC09919,20.737556,105.435775,1.558741,3.052227,1.807705,-4.337758,2.236497
UGC09919,24.28554,114.512076,1.239098,2.853801,2.242294,-2.918555,2.176718
UGC09919,27.777511,122.190974,2.438873,2.630216,3.23397,-2.871963,2.562091
UGC09919,31.259278,131.257372,3.154889,5.058696,4.023331,-6.005626,2.700605
UGC09919,34.776345,143.319923,3.660178,3.426537,4.982154,-7.093529,3.488961
UGC09919,38.37386,160.909596,5.76331,11.691679,6.603064,-10.685802,4.808258
UGC09919,42.127342,165.439396,10.127283,5.954727,7.703102,-9.301696,6.251686
UGC09919,45.932556,189.357912,22.469578,9.025914,10.840166,-13.191493,11.277162
UGC09919,49.487282,220.08728,45.915183,5.136189,18.034165,-17.358327,18.911367
UGC09919,52.972092,216.342045,116.714179,17.639781,246.523963,-30.637062,252.90216
UGC09919,57.520102,281.028037,386.458741,1.246721,2783.909004,-21.70419,2804.00782
UGC10043,6.85562,54.86374,89.15701,-0.428183,8.051266,6.29684,0.002566
UGC10043,12.624041,80.028349,nan,0.344084,nan,6.677718,nan
UGC10043,16.420737,99.05352,nan,4.468084,nan,3.671993,nan
UGC10043,20.774924,119.083082,nan,3.898696,nan,6.87236,nan
UGC10043,25.564968,132.741849,nan,2.424565,nan,4.062121,nan
UGC10043,29.517045,130.763741,nan,1.846849,nan,2.345467,nan
UGC10043,33.08347,135.43101,nan,1.677402,nan,4.551576,nan
UGC10043,36.642045,144.086345,nan,3.436127,nan,5.799375,nan
UGC10043,40.093336,147.125845,nan,3.370811,nan,7.58247,nan
UGC10043,43.386389,159.201934,nan,3.691951,nan,9.943054,nan
UGC10043,46.60216,163.279885,nan,1.305765,nan,8.862491,nan
UGC10043,50.082598,184.217932,nan,1.979222,nan,2.355607,nan
UGC10043,53.867614,195.772198,nan,2.727112,nan,3.522069,nan
UGC10043,57.866464,216.404522,nan,5.023087,nan,3.545752,nan
UGC10043,61.957287,224.872072,nan,2.764166,nan,3.845604,nan
UGC10043,66.036201,256.15039,nan,4.735575,nan,1.797895,nan
UGC10043,70.279475,256.833801,nan,9.405935,nan,1.82347,nan
UGC10043,74.645275,286.01246,nan,4.428758,nan,-2.571892,nan
UGC10043,79.028005,301.116707,nan,6.756346,nan,-2.113229,nan
UGC10043,83.571834,322.201351,nan,5.019157,nan,-0.655113,nan
UGC10043,88.135217,347.236607,nan,9.526377,nan,-0.166025,nan
UGC10043,92.863277,349.211122,nan,5.431549,nan,-1.211948,nan
UGC10043,97.560531,410.986455,nan,8.642774,nan,-9.232239,nan
UGC10043,102.43935,416.422363,nan,11.188951,nan,-4.24366,nan
UGC10043,107.218476,449.132554,nan,1.809807,nan,-4.206888,nan
UGC10043,112.146018,487.694389,nan,3.955821,nan,-7.244309,nan
UGC10043,117.398654,534.315751,nan,5.448727,nan,-8.77079,nan
UGC10043,121.660772,542.50452,nan,2.550623,nan,-4.427169,nan
UGC10043,126.107531,577.088293,nan,2.99033,nan,-8.435337,nan
UGC10043,132.003127,644.682564,nan,2.268749,nan,-7.243364,nan
UGC10043,136.59964,626.688629,nan,4.458327,nan,-11.268289,nan
UGC10043,139.673299,621.828389,nan,-1.915901,nan,-4.128588,nan
UGC10043,142.995217,652.848581,nan,-4.942023,nan,-10.055235,nan
UGC10043,146.509843,756.593086,nan,-2.972877,nan,-20.765325,nan
UGC10043,149.950904,767.324999,nan,-3.384378,nan,-13.073382,nan
UGC10043,153.333872,744.506225,nan,2.587533,nan,-17.007507,nan
UGC10043,156.909377,833.348841,nan,-4.802835,nan,-12.690728,nan
UGC10043,160.768511,852.131427,nan,0.519521,nan,-12.641729,nan
UGC10043,165.136299,879.48849,nan,-4.76071,nan,-19.218828,nan
UGC10043,169.642456,983.426016,nan,-0.312031,nan,-13.941773,nan
UGC10043,174.230617,983.096739,nan,-7.679451,nan,-12.354259,nan
UGC10043,179.385013,956.670662,nan,0.111139,nan,-16.291597,nan
UGC10043,184.732158,922.224686,nan,-9.419859,nan,-12.669254,nan
UGC10043,190.336039,1073.649344,nan,2.607177,nan,-17.083844,nan
UGC10043,196.328218,868.003986,nan,-4.922009,nan,-17.313324,nan
UGC10043,202.790843,1038.99461,nan,3.051741,nan,-27.000303,nan
UGC10123,3.465653,45.926419,3.633931,3.547406,3.414358,-64.255114,5.064709
UGC10123,7.325156,96.889878,7.537385,4.902393,4.50118,-52.23173,3.983472
UGC10123,11.111807,138.656515,5.93881,2.247199,4.641311,-38.244244,2.269595
UGC10123,14.874912,168.134295,4.408813,1.753416,4.623682,-28.397577,0.844174
UGC10123,18.257002,192.024017,2.456539,-1.030709,4.471577,-24.01317,2.338946
UGC10123,21.440366,203.56024,1.883168,-1.192113,5.150293,-23.544882,4.130707
UGC10123,24.562754,208.42701,2.218492,-0.192013,5.431069,-19.57203,5.509349
UGC10205,2.576109,81.512112,17.047598,5.5094,7.088647,-73.727003,16.017932
UGC10205,6.061856,137.923006,10.991508,9.286997,5.440798,-38.874954,6.940676
UGC10205,9.540349,169.046209,8.241616,11.009659,8.095783,-34.696097,5.577137
UGC10205,12.697298,203.528834,5.939558,-2.19456,10.341252,-46.463516,8.197092
UGC10205,16.02426,228.320044,5.997002,-45.967416,16.094184,-25.482696,10.195941
UGC10205,19.445734,244.349243,9.950724,-6.607326,27.420837,-45.508169,10.863593
UGC10205,23.082933,279.524193,10.541679,-3.333877,20.141298,-85.920807,6.629505
UGC10205,27.082444,368.54796,104.710765,25.497327,29.725152,-153.681216,99.163056
UGC10205,31.088898,260.378621,104.330381,-21.845486,42.128609,-30.85316,106.435713
UGC10331,4.155966,3.621986,2.111497,-0.67595,1.556233,7.340008,1.966961
UGC10331,8.769287,33.059795,2.975522,-3.817306,1.965584,4.0215,3.257761
UGC10331,12.572336,55.101077,1.95676,-7.390562,2.241444,0.116266,3.083309
UGC10331,16.047356,69.496689,1.647988,-8.467659,2.119116,-1.084608,2.405653
UGC10331,19.438589,81.268429,1.831534,-11.389683,2.149289,-0.01123,1.838201
UGC10331,22.773575,87.16465,1.503718,-11.892065,2.11677,0.286706,1.729131
UGC10331,26.047108,93.681637,1.541531,-8.2757,2.202829,-1.226306,2.377495
UGC10331,29.298765,93.886859,1.881197,-7.209645,2.560937,-2.205983,2.599535
UGC10331,32.573308,98.35809,3.993364,-3.57375,2.608869,-2.414528,3.117747
UGC10331,35.865239,108.757751,7.206301,1.405824,3.155886,-2.964608,4.759323
UGC10331,39.158291,134.092484,8.980018,-3.305845,4.225019,-13.905809,5.432563
UGC10331,42.380751,113.536986,10.655852,1.974993,4.36812,0.044289,5.95174
UGC10331,45.670345,116.603084,13.084007,0.933156,4.424362,-0.087043,5.63282
UGC10331,49.204692,112.688213,14.313695,0.94974,3.860435,5.462655,4.950127
UGC10331,52.621653,114.515805,14.963576,0.218274,3.411251,6.053449,4.535445
UGC10331,55.912695,113.173753,14.228173,-0.185636,2.996901,10.854734,3.96289
UGC10331,59.472446,111.367878,15.857291,3.098137,2.83852,9.76317,3.925177
UGC10331,62.830288,112.807136,21.355357,3.541715,3.734197,11.000959,4.409786
UGC10331,66.026789,136.938327,27.283313,0.404803,33.863231,10.8011,33.680126
UGC10331,69.793725,180.62207,39.548843,1.526783,110.723055,6.005934,110.827789
UGC10331,73.593384,233.805243,103.763572,-4.150748,517.372726,11.598073,522.984073
UGC10331,77.244611,243.458561,183.183619,-4.611628,1276.50559,9.558891,1282.822181
UGC10331,82.14194,187.3166,426.67575,-7.898468,3448.447481,16.087545,3468.653853
UGC10380,4.410273,44.216022,8.371029,-1.752977,4.90148,-9.856116,9.867518
UGC10380,9.359857,83.78656,5.508551,4.488799,6.042405,4.839781,9.43181
UGC10380,13.399432,128.731882,7.213425,8.592416,5.295536,11.674734,10.350456
UGC10380,17.130063,186.532376,4.954498,7.307992,3.832914,18.782863,9.837819
UGC10380,20.747448,215.193535,4.103416,9.511555,4.512733,21.96688,9.251253
UGC10380,24.31571,216.088828,4.550529,5.0803,5.424905,24.216901,9.945295
UGC10380,28.065203,218.556019,6.665334,6.212658,7.620945,21.496134,11.214864
UGC10380,31.549031,230.620482,9.252323,-4.095251,8.793676,19.84802,11.346501
UGC10380,35.361829,256.069938,12.415749,-11.040279,15.779703,36.18975,14.313173
UGC10380,39.074783,269.732295,42.218222,0.53325,42.130078,24.007544,33.260453
UGC10380,42.489553,298.206348,100.223911,19.545787,80.513063,16.799564,68.739285
UGC10380,46.494436,194.876194,162.788139,50.018477,108.725758,-21.589557,94.184291
UGC10380,50.838752,-6.825534,214.669326,27.188784,150.639363,-113.629986,133.304958
UGC10380,55.762858,-161.42734,255.247581,-22.731029,112.099449,-220.200566,88.577511
UGC10380,65.902557,-440.090188,257.798327,-87.99066,88.877275,-239.568027,61.501566
UGC10380,84.465139,-272.156922,393.212508,-54.494211,324.449109,-151.916259,347.718115
UGC10380,95.789631,-1033.643001,1337.387327,-236.594906,3485.714085,-114.054729,3599.192706
UGC10380,103.287725,-10.19161,3418.609527,-47.720261,13305.349245,-21.10817,13693.339643
UGC10380,110.193959,850.363181,4224.469561,113.787935,17535.153684,15.61282,18004.606232
UGC10380,117.362938,183.288072,6085.273035,3141.525621,28490.241112,-3107.194623,29109.127628
UGC10380,124.416303,-2564.574572,7103.005574,17346.77996,36227.161605,-17625.662769,36893.298396
UGC10380,131.088331,7397.31734,4596.77702,-35058.463314,24755.633733,35733.71278,25152.253565
UGC10380,137.649795,10471.47428,5697.273535,-49896.203779,43613.007147,50884.379203,43955.325603
UGC10384,3.445621,64.062155,3.894844,1.168949,2.046536,-14.559748,12.057267
UGC10384,7.341766,122.875927,3.102371,-0.056723,2.379386,-13.34481,8.997905
UGC10384,11.085485,157.030693,4.370456,-0.527383,3.285082,-6.87348,5.260912
UGC10384,14.413505,172.263073,2.472472,-0.370703,3.838041,-3.179294,1.874298
UGC10384,17.47643,173.048855,1.501088,3.131234,4.241201,-2.653904,1.479322
UGC10384,20.77639,175.665815,2.117543,6.043714,4.719716,-4.221587,1.910232
UGC10384,24.17777,175.247958,2.205713,3.67126,5.193792,-3.178048,2.497151
UGC10384,27.421616,171.569956,1.818881,6.237261,5.329866,-4.446069,2.729941
UGC10384,30.546582,170.060105,2.586461,8.657784,5.261368,-0.142288,2.746385
UGC10384,33.721646,177.4851,2.204369,8.445139,5.004051,1.852239,2.427075
UGC10384,36.979084,184.041573,3.706461,7.925766,5.237228,-0.37362,3.553455
UGC10710,3.429229,101.124692,8.411141,-0.028818,4.745538,31.602268,20.155095
UGC10710,7.254503,168.431462,6.035995,-0.261656,4.949603,20.541963,12.667187
UGC10710,11.010122,207.404997,6.317112,-3.144922,5.688807,16.417636,8.72318
UGC10710,14.732563,224.998371,6.305205,-5.667582,7.431381,12.52747,5.049668
UGC10710,18.090546,223.663561,5.635485,-9.784071,8.171316,7.503088,4.230322
UGC10710,21.218117,214.92712,3.808905,-9.393188,8.155825,5.99936,3.759185
UGC10710,24.515696,210.703741,3.624761,-7.782116,8.187494,3.108916,3.286633
UGC10710,27.69125,212.246963,3.533845,-4.063271,9.298179,-3.960252,2.46355
UGC10710,30.872027,224.189358,2.249587,1.119065,8.977635,-5.74505,2.576582
UGC10710,34.146107,236.355363,2.483555,3.272128,8.816744,-10.319856,2.683039
UGC10710,37.443664,253.027416,6.431991,11.251695,11.779803,-10.531087,6.738617
UGC10710,40.742359,222.888073,25.390728,4.808836,24.939196,-20.082937,20.84947
UGC10710,44.355626,222.276356,49.062478,-26.985194,38.105698,-75.711215,40.634398
UGC10710,47.812661,301.928725,125.157617,-77.314979,52.403926,-130.46994,56.93947
UGC10710,51.251671,353.041039,235.017241,-94.514371,68.613704,-147.643792,63.384722
