edge_pydb/dat_prof/rotcur_levy/rf_HA_smo6.csv
# %ECSV 0.9
# ---
# datatype:
# - {name: Name, datatype: string, description: Galaxy Name}
# - {name: radius, unit: arcsec, datatype: float64}
# - {name: Vrot, unit: km / s, datatype: float64, description: Rotation curve}
# - {name: e_Vrot, unit: km / s, datatype: float64, description: Error in rotation curve}
# - {name: Vrad, datatype: float64, description: Expansion velocity}
# - {name: e_Vrad, unit: km / s, datatype: float64, description: Error in expansion velocity}
# - {name: dVsys, unit: km / s, datatype: float64, description: Systemic velocity offset}
# - {name: e_dVsys, unit: km / s, datatype: float64, description: Error in systemic velocity offset}
# delimiter: ','
# meta: !!omap
# - {comments: HA_smo6 Rotation Curves from 2018ApJ...860...92L}
# - {date: '2020-06-22'}
# schema: astropy-2.0
Name,radius,Vrot,e_Vrot,Vrad,e_Vrad,dVsys,e_dVsys
[from data line 1054]
NGC6314,6.545681,208.692517,8.869296,-1.199567,8.327467,-12.617125,9.752205
NGC6314,10.272825,207.218099,3.842118,-2.241993,8.635171,2.11455,4.870987
NGC6314,13.633748,198.638988,6.197502,-11.902098,11.353325,-8.291792,5.024224
NGC6314,17.074597,207.83156,5.294151,-15.141567,7.852246,-13.921223,6.425515
NGC6314,20.651129,201.179111,6.954909,-10.775887,13.209815,-23.394906,8.262598
NGC6314,24.347482,218.013323,11.140869,25.360498,37.908105,0.608757,11.678947
NGC6314,28.393294,234.454977,23.085061,88.217407,68.473953,-21.161924,11.816849
NGC6361,3.971847,101.961757,7.498089,4.944825,3.414938,-9.755875,13.637306
NGC6361,8.42975,153.503271,7.221411,7.869735,3.770103,-6.488997,4.118205
NGC6361,12.061691,165.622504,5.001832,9.121964,4.413585,-0.358175,1.050973
NGC6361,15.416299,173.940027,2.199818,8.042004,4.539322,2.149887,2.244857
NGC6361,19.147116,188.480994,2.563427,3.198804,4.756051,-0.382015,2.976652
NGC6394,2.864359,86.554427,12.239309,-10.649594,6.415143,-15.06931,12.414971
NGC6394,6.052887,126.231217,6.354779,-4.968827,6.996761,0.553309,4.28656
NGC6394,9.199672,176.762536,6.021695,10.359174,5.59458,6.184592,3.449284
NGC6394,12.297634,205.578343,7.135971,23.324324,6.276302,1.241337,3.562938
NGC6394,15.406183,231.086575,5.494349,39.545996,6.996533,0.14091,4.516495
NGC6394,18.657716,236.793793,6.133639,49.030464,7.947096,2.895707,7.53113
NGC6394,21.904613,244.154205,9.075834,55.755245,8.148478,11.788698,9.075947
NGC6394,25.205165,249.702309,11.151649,66.685576,8.697968,12.62074,10.154425
NGC6478,3.793049,55.405211,6.352232,4.211381,2.854423,-0.984832,10.324946
NGC6478,8.018309,110.038112,9.098433,7.673633,3.672748,-3.191723,8.456863
NGC6478,12.157732,155.905975,11.991475,5.834816,3.97958,-6.758622,7.668458
NGC6478,15.770523,179.534924,11.601036,11.298668,4.794476,-10.215784,7.436322
NGC6478,19.121815,201.64279,11.839248,11.090923,5.882739,-14.98905,7.426453
NGC6478,22.712693,217.429452,11.77278,6.263871,6.311697,-23.979341,8.223302
NGC6478,26.136802,231.003574,10.778897,2.93003,7.220676,-26.061667,8.373754
NGC6478,29.444729,238.106564,7.623125,-5.895713,7.539908,-31.685065,7.800499
NGC6478,32.929766,247.30753,5.617125,-13.913358,7.474781,-35.91277,6.391504
NGC6478,36.201269,264.936355,7.512105,-18.974628,6.615697,-31.368218,5.12886
NGC6478,39.280946,281.013734,7.487849,-26.681023,5.382847,-28.2705,5.022617
NGC6478,42.449579,315.366169,10.903454,-27.406806,6.009361,-26.469674,4.609601
NGC6478,45.659333,361.82747,14.388363,-14.299809,10.324386,-36.965467,7.724343
NGC6478,48.690585,403.115253,15.970698,-2.483511,12.705933,-46.385945,10.211357
NGC6478,51.97068,425.832557,17.39386,2.391435,15.193107,-54.550581,12.968487
NGC6478,55.714378,456.391793,21.542453,22.134269,17.876946,-70.8322,16.877354
NGC6478,59.472328,489.68278,31.336778,25.761369,28.292435,-71.815546,28.303019
NGC6478,63.163532,497.367511,46.84871,47.440592,49.414835,-96.720124,51.189988
NGC6478,67.42163,501.240213,69.658036,73.640087,122.635822,-126.986105,124.183896
NGC6478,71.168917,493.109393,103.287764,79.809531,274.843423,-138.833907,277.365964
NGC6478,74.540987,480.855956,126.174603,60.337232,466.041208,-120.924758,466.309206
NGC6478,78.277857,442.415362,175.167322,9.856284,778.728304,-84.027339,780.294707
NGC6478,82.393384,377.837153,189.949333,223.377602,1055.129773,-305.304541,1051.434265
NGC6478,86.681808,214.291936,36649.476752,1544.75793,157184.50019,-1615.973924,161388.925012
NGC7738,3.146526,110.390653,12.346472,-10.513805,5.518991,-25.031258,17.734141
NGC7738,6.665287,119.81518,3.874304,-7.132736,3.808225,-26.726156,5.474363
NGC7738,10.113164,120.419276,5.888467,-1.864189,3.32067,-17.320564,5.282601
NGC7738,13.537606,130.955417,5.096062,-3.937773,4.278782,-8.200016,4.074104
NGC7738,16.952069,141.818707,2.525044,-4.660871,4.822544,-1.368502,3.050596
NGC7738,20.354925,152.746357,4.237605,-12.720913,5.805751,-1.081723,1.598616
NGC7738,23.522703,187.53061,5.11196,-25.117307,6.242151,-0.869391,1.903842
NGC7738,26.523924,203.150589,4.751588,-36.411844,6.465113,-1.856299,2.517196
NGC7738,29.653914,213.194369,5.828741,-32.120655,6.178829,3.239787,3.706714
NGC7738,32.764059,216.990996,5.578622,-28.442951,5.412302,4.037547,2.966545
NGC7738,35.892636,237.300832,7.119166,-34.853563,6.28019,7.838561,2.314398
NGC7738,39.06752,247.201416,11.714434,-29.793054,12.410694,6.391484,3.200772
NGC7738,42.397693,265.463292,23.878611,-35.167875,22.825175,3.843169,4.035295
NGC7738,45.969199,313.607504,35.06319,-63.676164,28.194767,9.196498,4.132203
NGC7738,49.729234,361.588211,44.403488,-76.121621,28.469767,9.039707,10.338554
NGC7819,2.637791,46.558198,5.289426,8.568598,2.736224,-7.297159,12.318275
NGC7819,5.60013,80.786755,2.710563,8.029814,3.657406,-7.655428,6.312816
NGC7819,8.917201,98.965801,2.719083,-4.626628,3.175047,-6.747027,4.789566
NGC7819,12.368968,106.01579,2.477075,-15.17872,4.316903,-1.738463,2.843552
NGC7819,15.56722,102.681096,1.472524,-16.057867,3.65641,3.501972,1.990292
NGC7819,18.648929,105.429578,1.886768,-11.914927,2.954273,3.47552,2.01243
NGC7819,21.673229,111.491096,2.201875,-4.828762,3.034818,4.000077,2.210737
NGC7819,24.816183,118.22914,2.311787,0.425947,3.24645,2.63414,2.203581
NGC7819,28.0483,122.385979,2.30742,2.209247,3.361909,2.447083,2.093368
NGC7819,31.210493,133.335533,2.17023,3.69831,3.860484,2.354217,2.242791
NGC7819,34.336432,134.942514,1.788583,8.033082,4.229656,-0.130011,2.988285
NGC7819,37.346381,135.754223,2.961398,11.690631,3.640968,-3.689937,2.767207
NGC7819,40.492048,133.075634,6.221903,10.028014,3.716939,-3.065946,2.759601
NGC7819,43.799046,129.145011,7.559274,6.955069,3.561136,-3.65566,3.558797
NGC7819,47.008262,155.528715,10.390579,15.699028,5.286991,2.838773,5.376017
NGC7819,50.065334,165.079356,11.780736,7.417597,10.68533,3.420326,11.134223
NGC7819,53.090288,149.507958,57.742284,19.624873,107.35435,-20.981388,115.399392
NGC7819,56.412519,247.636651,187.214718,-46.129713,385.985528,75.150602,420.801358
UGC00809,4.590463,44.017378,2.622668,0.211144,1.65894,-7.366931,4.629298
UGC00809,9.772837,78.903444,1.909186,1.302616,1.419155,-3.75375,3.059002
UGC00809,13.991807,103.346571,2.863272,0.883734,1.952757,-3.466276,3.070326
UGC00809,17.870182,120.896147,2.527939,-3.873197,2.165789,-8.050165,2.675976
UGC00809,21.6336,130.835309,2.351435,-3.834442,2.807937,-6.642802,2.649412
UGC00809,25.352014,138.591834,2.004973,-5.74823,3.397166,-6.944889,2.559153
UGC00809,28.991563,142.990185,2.703619,-7.834562,3.464153,-7.261458,2.550482
UGC00809,32.232224,191.545982,18.724239,-8.228093,4.674976,-17.420236,5.314201
UGC00809,35.36957,163.239296,22.643788,-9.306454,5.4394,-7.051243,3.865138
UGC00809,38.784385,172.772065,12.888527,-9.449492,4.131342,-7.459582,2.453342
UGC00809,42.118346,187.905235,9.784112,-7.105452,4.563161,-9.159026,2.702632
UGC00809,45.58758,209.458748,11.631551,-7.635952,5.698109,-9.587809,3.600831
UGC00809,49.456582,208.236607,16.565812,-5.315061,8.398497,-12.536258,5.48817
UGC00809,53.032886,206.915822,40.078536,-0.507526,14.828412,-16.149132,9.279748
UGC00809,56.836395,224.750723,73.099029,-0.145367,18.37711,-14.248481,12.383729
UGC00809,61.086877,240.794398,122.879104,6.7149,116.225454,-18.615157,111.327833
UGC00809,64.944451,205.281729,213.562241,-4.129018,68.688594,-26.946711,61.42729
UGC00809,68.26007,246.026924,250.000444,17.262555,101.467849,-4.872159,97.386863
UGC00809,72.037017,285.864123,321.606233,27.567336,607.414005,-0.763731,593.036696
UGC00809,76.125712,-579.042091,310.088957,82.206245,729.722244,-2.096862,725.70659
UGC03253,2.791806,35.618607,13.988335,7.555645,9.671593,0.952048,11.002336
UGC03253,5.963368,97.168248,8.354017,10.406811,4.583294,-4.955656,7.229589
UGC03253,9.070067,125.911922,4.336998,2.481958,6.055262,-18.011041,2.558387
UGC03253,12.178872,136.262409,4.89454,-3.816786,4.193193,-22.148153,2.564618
UGC03253,15.60955,149.638027,5.570927,-0.312813,3.812878,-19.951763,2.780855
UGC03253,19.036552,166.983032,15.846073,-0.639,7.607108,-10.838076,7.524877
UGC03253,22.251461,238.850502,19.236165,-27.094142,11.827126,-29.173247,8.97228
UGC03253,25.534298,188.899919,16.333599,-0.146502,12.463705,-5.474094,11.338113
UGC03253,28.710189,176.611381,3.055866,7.703542,7.852918,-1.1033,7.037449
UGC03253,31.815874,174.363432,4.747659,21.437675,7.490476,-5.141785,5.72346
UGC03253,34.951376,184.30555,6.713728,25.060429,7.050575,-13.428174,5.167752
UGC03253,38.272365,199.523035,12.641203,22.19568,11.297184,-20.330051,8.899758
UGC03253,41.707852,237.113811,25.861141,21.19732,13.205363,-51.067237,14.41098
UGC03253,45.219838,180.696399,50.646797,28.893705,43.293483,-35.94306,45.114401
UGC03253,49.344323,308.523095,421.306133,53.840326,1869.282653,-103.54724,1866.705014
UGC03253,53.968727,2291.79289,1162.161302,10754.890605,5986.321065,-10818.059445,5919.564875
UGC03253,58.988377,-343.798379,1981.234831,-1113.572046,12478.683655,952.023509,12384.645556
UGC03253,62.426773,298.286419,1801.503683,-9947.790387,11584.789882,9746.64257,11521.277018
UGC03539,3.658714,34.980876,3.082485,-3.166738,1.580836,-15.300902,5.060048
UGC03539,7.7217,80.182963,2.879731,-1.563841,1.616127,-14.351818,4.941366
UGC03539,11.724817,110.199369,3.853399,-1.471934,2.444278,-10.955937,2.518177
UGC03539,15.212077,120.736878,2.667354,-0.97564,2.959839,-5.7851,0.699063
UGC03539,18.434828,121.474873,2.662011,-3.473786,3.415186,-5.430239,1.74677
UGC03539,21.891914,126.07996,1.803752,-4.500734,3.922477,-5.315429,1.489357
UGC03539,25.360044,132.498274,3.267116,-3.578084,4.60731,-1.500404,2.497821
UGC03969,3.479302,76.326457,7.207874,0.737013,2.218232,13.191539,9.888747
UGC03969,7.32321,138.11529,4.064108,2.213085,3.157645,0.589208,4.468436
UGC03969,11.105419,176.428004,2.544451,0.538693,3.401785,0.12202,1.42266
UGC03969,14.874497,203.12034,1.924999,-0.033877,4.245232,3.372686,2.523236
UGC03969,18.269139,217.742248,1.649483,-5.977841,5.257364,2.865364,4.198409
UGC03969,21.411652,228.865947,3.081316,-6.079268,7.537463,-0.280413,5.20973
UGC03973,2.298664,35.876801,9.046908,6.120639,18.186848,-110.78036,23.832056
UGC03973,5.418638,94.607309,13.913427,46.309804,12.793214,-94.24865,14.904635
UGC03973,8.863045,117.852298,11.689036,32.180002,12.39631,-55.757216,8.667072
UGC03973,12.104747,131.690883,6.929938,21.970994,8.453109,-30.059315,6.662025
UGC03973,15.24798,127.918959,6.792084,9.944822,8.723779,-19.043034,5.459074
UGC03973,18.363309,113.289187,11.724931,-9.065979,4.887755,-12.516264,4.347277
UGC03973,21.463505,97.096192,8.10853,-12.825002,4.114934,-14.59575,3.853606
UGC03973,24.548106,84.517545,5.832021,-7.096742,2.97741,-12.397577,4.275737
UGC03973,27.648016,92.961563,4.019197,-3.774694,3.281517,-11.496646,3.478272
UGC03973,30.802765,87.549652,6.27446,2.158774,7.454335,-14.960903,3.574772
UGC03973,33.730435,91.27042,20.88346,0.844583,11.100666,-18.40158,6.035822
UGC03973,36.841273,93.578551,54.168419,11.027209,7.291268,-6.814972,9.598964
UGC03973,39.859043,125.648443,49.128589,5.511634,7.757124,-0.024465,9.829257
UGC03973,42.933413,3.244894,51.442715,27.327721,157.567624,-15.917558,156.467166
UGC04029,4.384776,59.117742,4.41689,4.753138,2.22824,-4.013736,8.176597
UGC04029,9.235044,93.855287,3.49873,3.317611,1.805121,-2.179304,4.528306
UGC04029,13.250121,115.811797,2.352845,6.095657,2.197326,-4.568617,4.01139
UGC04029,16.918001,134.34886,1.450498,6.436054,2.791046,-3.316918,3.508673
UGC04029,20.500452,150.941921,1.239273,5.884407,3.094124,-2.912566,2.758236
UGC04029,23.990233,162.318124,1.409981,5.279487,3.444242,-3.248002,2.492096
UGC04029,27.453674,166.190427,2.28639,6.25475,4.130063,-5.003736,2.741238
UGC04029,30.623714,170.426864,4.070198,3.45518,5.103235,-7.364159,2.953617
UGC04029,33.820689,170.158939,5.268593,2.845566,5.414654,-12.677332,2.972764
UGC04029,36.927526,178.864831,6.272353,4.133972,6.071572,-13.313608,3.039774
UGC04029,40.24972,181.472535,8.985543,0.218267,7.407447,-13.647999,3.790029
UGC04029,43.625435,183.146779,12.527881,-0.53789,7.923673,-15.899713,4.468678
UGC04029,47.00175,186.495177,14.656136,-3.741641,7.775806,-13.46362,5.401825
UGC04029,50.595574,202.505708,18.160789,-7.820167,9.22369,-15.379963,7.130134
UGC04029,54.415421,205.665429,28.037727,-0.936409,11.36625,-21.795893,10.578083
UGC04029,58.188609,205.103064,43.75435,-5.40495,39.689924,-22.370248,39.355548
UGC04029,61.925582,212.088596,52.483295,-10.134497,39.020696,-22.127713,39.429269
UGC04029,66.158357,185.843499,95.475347,-29.358718,917.473299,-0.215068,912.178026
UGC04029,70.381921,187.413274,189.974014,-7.632207,1056.162492,0.042729,1052.242202
UGC04029,74.478387,240.545351,327.032599,-10.632922,2966.317996,-0.522594,2940.404178
UGC04132,3.641937,100.151858,8.853078,-0.843353,3.963941,-18.464028,15.036692
UGC04132,7.707919,163.556049,8.858483,-0.672914,4.904046,-16.73272,8.75695
UGC04132,11.685367,192.534396,5.669311,-1.152995,6.067679,-16.59456,3.722026
UGC04132,15.651621,202.501898,4.72176,0.523604,7.82168,-8.092775,2.583892
UGC04132,19.210676,214.975787,4.275179,6.131945,9.891288,-0.871274,1.782116
UGC04132,22.539439,223.998255,3.399084,8.607678,9.999424,8.79725,1.848883
UGC04132,25.734468,239.899185,2.915783,11.58847,9.363421,11.672271,2.364612
UGC04132,28.85421,248.226377,2.179599,13.586158,8.720592,15.235376,3.26139
UGC04132,32.149356,258.395357,1.889498,15.448676,8.083008,20.27197,4.167511
UGC04132,35.347306,261.616617,2.709231,16.417759,7.589003,21.953548,4.716616
UGC04280,3.629544,34.955537,3.785288,-0.454516,1.679719,-4.676072,4.817928
UGC04280,7.578961,86.281632,3.928807,-4.633123,2.028904,3.164704,8.015957
UGC04280,11.548295,130.479007,2.625936,-7.244079,2.802329,8.502572,4.155293
UGC04280,14.963755,146.127249,1.813684,-3.114227,3.312548,8.735995,1.713429
UGC04280,18.148142,151.745925,1.181404,-1.973008,3.876256,8.464965,1.26323
UGC04280,21.554504,156.906798,1.389225,-1.344603,4.407626,7.341099,1.366098
UGC04280,24.801144,160.435423,1.440017,2.823982,4.636892,6.778878,1.670693
UGC04280,27.941843,166.088541,1.342609,0.519157,4.883782,6.751439,1.869383
UGC04280,31.248056,169.222651,2.734481,3.150493,5.681256,3.370943,2.215861
UGC04280,34.558029,173.532148,4.245409,-2.73108,6.837072,0.636149,2.9343
UGC04280,37.6994,176.241292,8.440933,8.254657,7.644372,5.411066,4.296312
UGC04280,40.754995,162.987574,17.53469,1.512501,8.126127,-0.684023,6.67201
UGC04280,43.943583,126.443475,63.07945,7.624439,53.935479,-7.048969,61.952638
UGC04461,3.491929,57.713807,2.872372,-0.680978,1.790496,-33.44558,9.863694
UGC04461,7.344663,97.834809,4.56491,0.517385,3.558381,-28.599537,5.856039
UGC04461,11.133523,114.26093,3.852033,-0.830516,5.823288,-20.120599,3.118805
UGC04461,14.904721,130.986609,4.5081,2.663708,5.638704,-9.044133,2.140637
UGC04461,18.313507,141.829926,3.763597,0.629614,6.191392,-1.457689,1.025003
UGC04461,21.46376,146.180884,2.480415,-0.67278,6.2397,2.500275,1.023383
UGC04461,24.810364,154.427518,2.127175,-2.569638,5.617914,5.902682,1.580845
UGC04461,27.992312,157.44843,1.994078,-5.229392,5.035837,9.059407,2.138966
UGC04461,31.091193,158.365961,1.730257,-7.080396,4.9724,6.684428,3.349008
UGC04461,34.295589,152.857843,5.223128,-6.638733,6.251256,6.686266,4.225866
UGC05108,3.151834,81.084548,5.389349,0.494803,4.156121,-9.887288,15.627324
UGC05108,6.736214,170.239706,6.734635,4.55955,3.764828,12.655043,14.702535
UGC05108,10.215644,242.539535,6.420908,3.634966,5.105035,11.281317,8.720788
UGC05108,13.660371,263.028022,3.000994,4.896942,6.41411,10.603279,3.894691
UGC05108,17.13585,258.598223,6.49513,8.574544,7.302564,12.176861,4.589707
UGC05108,20.341911,240.88336,6.336845,5.163276,6.157319,2.25625,3.696831
UGC05108,23.518968,238.700834,5.876689,-0.095532,6.421539,7.778676,4.493825
UGC05108,26.698828,243.338971,6.09799,-6.643651,7.325547,12.979169,6.316561
UGC05108,29.90325,234.745194,6.109389,-10.684963,10.037089,10.483534,5.631211
UGC05108,33.162685,246.49424,2.746943,-11.741486,12.032378,0.280921,5.968821
UGC05108,36.349435,257.042413,5.27111,-12.1409,12.126435,-7.485921,6.643068
UGC05108,39.616207,259.248035,10.471527,-8.549797,11.566899,-18.245011,7.871098
