edge_pydb/dat_glob/obs/edge_coflux_e20.csv
# %ECSV 0.9
# ---
# datatype:
# - {name: Name, datatype: string, description: Galaxy Name}
# - {name: coRactr_e20, unit: deg, datatype: float64, format: .4f, description: Reference R.A. of e20 CARMA cube}
# - {name: coDectr_e20, unit: deg, datatype: float64, format: .4f, description: Reference Dec. of e20 CARMA cube}
# - {name: coCtrint_e20, unit: K km / s, datatype: float64, format: .3f, description: Unmasked CO intensity at reference pixel}
# - {name: coDvhel, unit: km / s, datatype: float64, format: .3f, description: Add this to go from LSR to Barycentric frame}
# - {name: coBmaj_e20, unit: arcsec, datatype: float64, format: .3f, description: Beam major axis of e20 co cube}
# - {name: coBmin_e20, unit: arcsec, datatype: float64, format: .3f, description: Beam minor axis of e20 co cube}
# - {name: coBpa_e20, unit: deg, datatype: float64, format: .3f, description: Beam pos ang (deg E of N) of e20 co cube}
# - {name: coNomask_e20, unit: Jy km / s, datatype: float64, format: .3f, description: co flux from unmasked e20 cube}
# - {name: coeNomask_e20, unit: Jy km / s, datatype: float64, format: .3f, description: co flux uncertainty from unmasked e20 cube}
# - {name: coNomaskDv_e20, unit: km / s, datatype: float64, format: .3f, description: co velocity width for unmasked e20 cube}
# - {name: coDilated_e20, unit: Jy km / s, datatype: float64, format: .3f, description: co flux from dilated-masked e20 cube}
# - {name: coeDilated_e20, unit: Jy km / s, datatype: float64, format: .3f, description: co flux uncertainty from dilated-masked e20 cube}
# - {name: coSmooth_e20, unit: Jy km / s, datatype: float64, format: .3f, description: co flux from smoothed-masked e20 cube}
# - {name: coeSmooth_e20, unit: Jy km / s, datatype: float64, format: .3f, description: co flux uncertainty from smoothed-masked e20 cube}
# - {name: coSmoothDv_e20, unit: km / s, datatype: float64, format: .3f, description: co velocity width for smooth-masked e20 cube}
# - {name: coMask2d_e20, unit: Jy km / s, datatype: float64, format: .3f, description: co flux from 2D masked e20 cube}
# - {name: coeMask2d_e20, unit: Jy km / s, datatype: float64, format: .3f, description: co flux uncertainty from 2D masked e20 cube}
# - {name: coSNRmax_e20, datatype: float64, format: .3f, description: Maximum SNR of co in e20 cube}
# - {name: coSNR4pix_e20, datatype: float64, format: .3f, description: Number of XY pixels with co peak Tb > 4 sigma}
# - {name: coSNR5pix_e20, datatype: float64, format: .3f, description: Number of XY pixels with co peak Tb > 5 sigma}
# - {name: cottBmaj_e20, unit: arcsec, datatype: float64, format: .3f, description: Beam major axis of e20 13co cube}
# - {name: cottBmin_e20, unit: arcsec, datatype: float64, format: .3f, description: Beam minor axis of e20 13co cube}
# - {name: cottBpa_e20, unit: deg, datatype: float64, format: .3f, description: Beam pos ang (deg E of N) of e20 13co cube}
# - {name: cottNomask_e20, unit: Jy km / s, datatype: float64, format: .3f, description: 13co flux from unmasked e20 cube}
# - {name: cotteNomask_e20, unit: Jy km / s, datatype: float64, format: .3f, description: 13co flux uncertainty from unmasked e20 cube}
# - {name: cottNomaskDv_e20, unit: km / s, datatype: float64, format: .3f, description: 13co velocity width for unmasked e20 cube}
[...]
#     cube}
# - {name: cottSmooth_e20, unit: Jy km / s, datatype: float64, format: .3f, description: 13co flux from smoothed-masked e20 cube}
# - {name: cotteSmooth_e20, unit: Jy km / s, datatype: float64, format: .3f, description: 13co flux uncertainty from smoothed-masked e20
#     cube}
# - {name: cottSmoothDv_e20, unit: km / s, datatype: float64, format: .3f, description: 13co velocity width for smooth-masked e20 cube}
# - {name: cottMask2d_e20, unit: Jy km / s, datatype: float64, format: .3f, description: 13co flux from 2D masked e20 cube}
# - {name: cotteMask2d_e20, unit: Jy km / s, datatype: float64, format: .3f, description: 13co flux uncertainty from 2D masked e20 cube}
# - {name: cottSNRmax_e20, datatype: float64, format: .3f, description: Maximum SNR of 13co in e20 cube}
# - {name: cottSNR4pix_e20, datatype: float64, format: .3f, description: Number of XY pixels with 13co peak Tb > 4 sigma}
# - {name: cottSNR5pix_e20, datatype: float64, format: .3f, description: Number of XY pixels with 13co peak Tb > 5 sigma}
# delimiter: ','
# meta: !!omap
# - {date: '2020-06-09'}
# schema: astropy-2.0
Name,coRactr_e20,coDectr_e20,coCtrint_e20,coDvhel,coBmaj_e20,coBmin_e20,coBpa_e20,coNomask_e20,coeNomask_e20,coNomaskDv_e20,coDilated_e20,coeDilated_e20,coSmooth_e20,coeSmooth_e20,coSmoothDv_e20,coMask2d_e20,coeMask2d_e20,coSNRmax_e20,coSNR4pix_e20,coSNR5pix_e20,cottBmaj_e20,cottBmin_e20,cottBpa_e20,cottNomask_e20,cotteNomask_e20,cottNomaskDv_e20,cottDilated_e20,cotteDilated_e20,cottSmooth_e20,cotteSmooth_e20,cottSmoothDv_e20,cottMask2d_e20,cotteMask2d_e20,cottSNRmax_e20,cottSNR4pix_e20,cottSNR5pix_e20
[from data line 70]
NGC5480,211.5900,50.7251,23.626,-13.284,7.560,6.870,-1.700,-5.970,55.030,860.000,154.530,6.150,133.640,10.400,280.000,74.420,28.210,10.296,982.000,590.000,7.770,7.120,-1.100,-25.210,26.470,860.000,nan,nan,17.390,3.010,240.000,26.170,7.760,4.658,26.000,0.000
NGC5485,211.7971,55.0016,-3.118,-13.240,7.350,5.640,-45.100,-2.960,38.410,860.000,nan,nan,nan,nan,nan,nan,nan,4.500,11.000,0.000,7.730,5.820,-46.100,-7.210,17.470,860.000,nan,nan,nan,nan,nan,nan,nan,4.072,3.000,0.000
NGC5520,213.0950,50.3484,24.064,-13.536,6.460,5.720,-56.000,-44.180,41.180,860.000,65.520,3.820,78.850,8.670,380.000,52.880,23.440,7.268,189.000,58.000,6.770,5.950,-54.600,-12.060,20.030,860.000,nan,nan,nan,nan,nan,nan,nan,4.344,4.000,0.000
NGC5614,216.0317,34.8589,64.659,-13.846,11.070,6.630,60.200,-2.020,43.680,860.000,225.710,5.600,228.390,8.760,400.000,183.740,19.710,16.449,892.000,686.000,11.430,6.830,61.300,6.920,24.550,860.000,nan,nan,nan,nan,nan,nan,nan,4.112,3.000,0.000
NGC5630,216.9025,41.2578,1.558,-14.199,9.340,6.620,66.600,23.580,43.750,860.000,nan,nan,nan,nan,nan,nan,nan,4.090,2.000,0.000,9.610,6.820,67.800,-16.210,21.240,860.000,nan,nan,nan,nan,nan,nan,nan,4.103,4.000,0.000
NGC5631,216.6387,56.5826,-6.089,-13.867,10.610,6.430,-78.100,-21.130,45.220,860.000,nan,nan,nan,nan,nan,nan,nan,4.414,16.000,0.000,10.900,6.630,-77.600,3.470,18.960,860.000,nan,nan,nan,nan,nan,nan,nan,4.261,16.000,0.000
NGC5633,216.8683,46.1466,31.907,-14.208,6.660,6.430,38.500,33.640,48.800,860.000,113.730,4.320,114.850,8.450,360.000,79.550,20.060,10.834,608.000,448.000,6.890,6.650,28.400,-21.320,22.180,860.000,nan,nan,11.770,2.580,160.000,9.480,7.270,4.824,15.000,0.000
NGC5657,217.6817,29.1808,46.117,-13.885,10.440,6.500,-24.700,-43.890,50.580,820.000,38.960,3.220,47.780,5.290,320.000,49.660,11.550,6.296,99.000,33.000,10.820,6.680,-25.500,-44.390,29.510,860.000,nan,nan,nan,nan,nan,nan,nan,4.432,8.000,0.000
NGC5682,218.6875,48.6702,5.139,-14.467,9.720,7.060,-82.600,24.580,49.610,860.000,nan,nan,nan,nan,nan,nan,nan,4.593,29.000,0.000,10.100,7.210,-81.200,-0.710,22.750,860.000,nan,nan,nan,nan,nan,nan,nan,4.057,1.000,0.000
NGC5732,220.1621,38.6378,12.764,-14.759,11.340,6.490,71.100,-12.290,43.840,860.000,nan,nan,13.360,3.520,140.000,15.830,10.690,5.320,58.000,5.000,11.970,6.680,70.800,-20.870,24.480,860.000,nan,nan,nan,nan,nan,nan,nan,5.685,81.000,18.000
NGC5784,223.5683,42.5579,16.962,-15.363,8.720,6.330,-61.600,-23.840,43.220,860.000,18.090,2.030,18.520,3.250,160.000,41.240,9.260,7.732,104.000,40.000,9.060,6.500,-62.500,-24.130,25.040,860.000,nan,nan,nan,nan,nan,nan,nan,4.105,2.000,0.000
NGC5876,227.3817,54.5065,4.706,-15.386,8.670,6.310,85.100,10.110,39.790,860.000,nan,nan,nan,nan,nan,nan,nan,4.395,30.000,0.000,8.920,6.540,86.600,-25.970,23.970,860.000,nan,nan,nan,nan,nan,nan,nan,4.685,34.000,0.000
NGC5888,228.2808,41.2646,2.119,-16.132,7.670,6.950,-63.000,-53.300,40.890,860.000,nan,nan,nan,nan,nan,nan,nan,4.271,14.000,0.000,8.010,7.060,-65.900,23.530,29.790,860.000,nan,nan,15.120,3.030,180.000,13.610,8.080,4.505,18.000,0.000
NGC5908,229.1800,55.4096,56.768,-15.524,7.130,6.480,-3.800,109.820,40.390,860.000,373.810,6.810,379.940,12.030,800.000,264.880,23.730,15.695,902.000,740.000,7.490,6.660,-4.100,-15.030,23.140,860.000,9.800,1.020,47.180,4.280,820.000,32.400,10.130,5.126,46.000,2.000
NGC5930,231.5329,41.6761,170.227,-16.608,7.380,6.660,10.100,52.600,43.810,860.000,130.890,3.620,142.560,7.640,520.000,118.740,14.690,17.341,181.000,148.000,7.630,6.900,10.800,15.370,21.140,860.000,2.490,0.540,8.410,1.870,140.000,8.090,5.460,5.395,38.000,5.000
NGC5934,232.0533,42.9299,74.035,-16.645,7.060,6.920,-36.100,10.310,40.640,860.000,94.140,3.650,126.000,8.340,760.000,67.090,16.610,8.807,210.000,141.000,7.220,7.130,-1.800,6.080,26.120,860.000,nan,nan,nan,nan,nan,nan,nan,4.395,8.000,0.000
NGC5947,232.6500,42.7169,8.519,-16.735,6.930,5.950,89.500,-20.580,23.190,860.000,12.190,1.480,24.660,4.020,300.000,15.370,11.650,4.840,44.000,0.000,7.220,6.250,89.900,13.950,15.190,860.000,nan,nan,6.380,1.790,140.000,11.480,5.310,4.581,17.000,0.000
NGC5953,233.6350,15.1938,84.410,-15.895,9.240,6.120,-76.700,124.190,61.000,860.000,268.730,7.340,321.140,13.480,400.000,262.900,31.870,30.446,705.000,487.000,9.470,6.300,-76.300,0.760,20.750,860.000,12.490,1.190,19.320,2.400,300.000,15.400,5.660,5.924,57.000,16.000
NGC5971,233.9038,56.4617,7.190,-15.932,9.040,6.240,-83.100,29.200,40.090,860.000,7.320,1.720,nan,nan,nan,nan,nan,4.176,9.000,0.000,9.490,6.450,-81.500,-5.830,20.770,860.000,nan,nan,nan,nan,nan,nan,nan,5.129,21.000,2.000
NGC5980,235.3767,15.7877,42.359,-16.258,9.130,6.370,-78.900,-54.450,36.390,740.000,122.520,4.410,135.150,7.660,540.000,102.560,14.700,11.575,535.000,372.000,9.330,6.540,-79.300,-6.080,20.990,860.000,nan,nan,nan,nan,nan,nan,nan,5.209,38.000,2.000
NGC5987,234.9892,58.0795,-5.100,-15.860,10.630,6.580,-74.300,-19.680,59.740,860.000,nan,nan,nan,nan,nan,nan,nan,4.394,31.000,0.000,10.870,6.770,-73.200,-28.280,31.080,860.000,nan,nan,nan,nan,nan,nan,nan,3.959,0.000,0.000
NGC6004,237.5946,18.9393,12.019,-16.910,9.270,6.420,-52.800,10.130,45.660,860.000,66.370,4.350,102.900,10.390,320.000,39.490,29.300,5.986,281.000,46.000,9.680,6.660,-51.600,-17.140,25.620,860.000,nan,nan,nan,nan,nan,nan,nan,4.391,18.000,0.000
NGC6021,239.3779,15.9561,-1.149,-16.920,10.390,6.840,-39.400,30.400,79.370,860.000,nan,nan,nan,nan,nan,nan,nan,4.066,1.000,0.000,10.490,7.080,-42.700,-34.630,45.430,860.000,nan,nan,nan,nan,nan,nan,nan,4.184,5.000,0.000
NGC6027,239.8021,20.7634,19.118,-17.385,7.240,6.210,-44.500,3.920,44.600,860.000,nan,nan,4.060,2.160,100.000,11.060,6.790,4.204,8.000,0.000,7.380,6.390,-48.100,15.220,21.880,860.000,nan,nan,nan,nan,nan,nan,nan,4.812,15.000,0.000
NGC6032,240.7546,20.9559,16.224,-17.537,7.200,6.650,-54.100,-48.700,53.290,860.000,nan,nan,nan,nan,nan,nan,nan,4.654,31.000,0.000,7.370,6.890,-65.500,-33.200,26.310,860.000,nan,nan,nan,nan,nan,nan,nan,4.499,13.000,0.000
NGC6060,241.4667,21.4849,32.820,-17.672,8.820,6.350,-57.800,64.670,70.610,860.000,62.920,5.310,176.850,15.810,520.000,82.090,42.100,5.205,100.000,6.000,9.190,6.470,-57.400,3.240,35.180,860.000,nan,nan,nan,nan,nan,nan,nan,4.354,9.000,0.000
NGC6063,241.8042,7.9790,-2.979,-16.359,7.870,6.460,-37.800,44.750,57.970,860.000,nan,nan,nan,nan,nan,nan,nan,4.321,16.000,0.000,8.200,6.610,-38.900,-18.410,27.770,860.000,nan,nan,nan,nan,nan,nan,nan,4.385,22.000,0.000
NGC6081,243.2367,9.8671,-17.181,-16.809,9.500,6.170,-49.200,21.680,118.760,860.000,nan,nan,nan,nan,nan,nan,nan,3.994,0.000,0.000,9.890,6.350,-50.500,-2.050,72.140,860.000,nan,nan,nan,nan,nan,nan,nan,3.988,0.000,0.000
NGC6125,244.7979,57.9841,-4.943,-16.683,8.810,6.290,-73.700,-6.230,44.990,860.000,nan,nan,nan,nan,nan,nan,nan,4.703,20.000,0.000,8.950,6.450,-74.600,17.280,22.200,860.000,nan,nan,nan,nan,nan,nan,nan,4.527,32.000,0.000
NGC6132,245.9117,11.7862,3.808,-17.393,12.620,7.380,-44.500,-18.570,46.190,860.000,nan,nan,nan,nan,nan,nan,nan,4.186,6.000,0.000,13.070,7.490,-44.500,-31.370,26.000,860.000,nan,nan,nan,nan,nan,nan,nan,4.486,26.000,0.000
NGC6146,246.2929,40.8929,4.224,-18.416,8.820,7.090,-73.000,2.940,36.510,860.000,nan,nan,nan,nan,nan,nan,nan,4.275,15.000,0.000,9.220,7.300,-73.500,-22.990,26.330,860.000,nan,nan,nan,nan,nan,nan,nan,4.516,15.000,0.000
NGC6154,246.3771,49.8402,-4.108,-17.767,6.860,6.640,-29.100,17.140,21.900,860.000,nan,nan,nan,nan,nan,nan,nan,4.523,17.000,0.000,7.040,6.890,-47.000,10.180,15.560,860.000,nan,nan,nan,nan,nan,nan,nan,4.380,18.000,0.000
NGC6155,246.5346,48.3668,3.938,-17.918,7.420,6.610,-60.900,-35.410,51.180,860.000,90.160,4.740,96.340,8.970,280.000,55.430,24.120,7.448,470.000,206.000,7.730,6.860,-61.400,-11.700,23.640,860.000,nan,nan,nan,nan,nan,nan,nan,4.516,17.000,0.000
NGC6168,247.8367,20.1856,5.425,-18.386,10.800,6.400,-31.000,-46.320,47.610,860.000,42.810,3.600,38.380,5.410,200.000,39.620,14.900,6.255,212.000,66.000,11.220,6.570,-32.300,-7.620,21.960,860.000,nan,nan,nan,nan,nan,nan,nan,4.487,23.000,0.000
NGC6186,248.6062,21.5409,66.988,-18.556,11.980,6.970,-30.500,0.580,50.350,860.000,154.060,5.800,156.050,9.500,340.000,115.910,22.750,11.751,670.000,418.000,12.510,7.150,-30.900,-8.930,23.940,860.000,nan,nan,nan,nan,nan,nan,nan,4.568,33.000,0.000
NGC6278,255.2096,23.0110,6.194,-19.239,7.740,6.350,-50.000,40.660,53.590,860.000,nan,nan,nan,nan,nan,nan,nan,4.362,10.000,0.000,7.960,6.530,-51.000,-2.600,26.600,860.000,nan,nan,nan,nan,nan,nan,nan,4.074,1.000,0.000
NGC6301,257.1363,42.3391,-5.174,-19.141,7.320,6.890,-33.300,-13.450,36.300,860.000,55.200,3.260,74.520,6.350,500.000,38.770,16.620,7.166,211.000,53.000,7.640,7.180,-26.000,-28.940,27.620,860.000,nan,nan,nan,nan,nan,nan,nan,4.444,10.000,0.000
NGC6310,256.9896,60.9902,5.274,-16.860,9.090,6.640,87.000,-55.060,55.250,860.000,nan,nan,nan,nan,nan,nan,nan,4.844,59.000,0.000,9.360,6.830,88.200,-15.670,29.460,860.000,nan,nan,nan,nan,nan,nan,nan,4.161,15.000,0.000
NGC6314,258.1612,23.2701,38.088,-19.454,7.770,6.130,-59.000,-47.630,38.640,660.000,13.730,1.670,19.790,3.630,180.000,41.550,9.540,4.702,33.000,0.000,8.040,6.320,-59.400,3.710,29.670,860.000,nan,nan,nan,nan,nan,nan,nan,4.644,33.000,0.000
NGC6361,259.6712,60.6082,94.387,-17.013,8.460,7.110,61.200,85.940,43.260,860.000,366.020,6.780,379.610,11.600,580.000,297.730,24.720,18.218,1039.000,876.000,8.780,7.340,63.300,-27.680,23.560,860.000,nan,nan,57.840,5.530,700.000,15.900,12.780,5.598,44.000,9.000
NGC6394,262.5892,59.6399,18.200,-17.255,9.150,6.870,78.700,-35.180,41.390,860.000,nan,nan,nan,nan,nan,nan,nan,4.949,35.000,0.000,9.600,7.170,78.500,18.860,29.860,860.000,nan,nan,nan,nan,nan,nan,nan,4.652,18.000,0.000
NGC6478,267.1571,51.1538,24.536,-18.600,9.190,7.450,-88.900,-43.320,38.400,860.000,148.520,5.110,165.600,8.330,560.000,100.830,17.850,10.063,748.000,494.000,9.600,7.720,-88.500,-40.000,22.550,860.000,nan,nan,nan,nan,nan,nan,nan,4.592,16.000,0.000
NGC6497,267.8250,59.4709,6.087,-17.366,8.160,6.840,70.100,-29.970,55.820,860.000,nan,nan,nan,nan,nan,nan,nan,4.531,22.000,0.000,8.470,6.990,71.800,6.530,30.910,860.000,nan,nan,nan,nan,nan,nan,nan,4.847,25.000,0.000
NGC6762,286.4046,63.9341,0.540,-16.287,9.950,6.280,-79.800,0.730,59.600,860.000,nan,nan,nan,nan,nan,nan,nan,4.962,44.000,0.000,10.220,6.510,-79.800,-6.210,28.050,860.000,nan,nan,nan,nan,nan,nan,nan,3.898,0.000,0.000
NGC7819,1.1021,31.4720,21.634,-5.181,8.420,6.290,68.900,-35.120,48.370,860.000,25.150,2.260,40.610,5.360,280.000,32.640,14.330,5.461,68.000,8.000,8.560,6.400,69.600,10.780,28.430,860.000,nan,nan,nan,nan,nan,nan,nan,4.472,14.000,0.000
UGC00809,18.9658,33.8107,7.680,-1.108,6.950,6.200,-44.000,-38.220,51.980,860.000,nan,nan,nan,nan,nan,nan,nan,4.007,1.000,0.000,7.060,6.370,-50.100,-10.560,26.260,860.000,nan,nan,nan,nan,nan,nan,nan,4.254,14.000,0.000
UGC00841,19.7917,33.0306,14.070,-0.756,7.570,6.530,-42.200,-5.640,42.240,860.000,nan,nan,nan,nan,nan,nan,nan,4.746,8.000,0.000,7.780,6.680,-43.500,2.570,27.390,860.000,nan,nan,nan,nan,nan,nan,nan,4.283,12.000,0.000
UGC00987,21.3808,32.1363,0.714,-0.194,6.760,6.090,-68.300,-28.060,58.490,860.000,nan,nan,nan,nan,nan,nan,nan,4.426,5.000,0.000,6.970,6.240,-68.500,-18.560,30.600,860.000,nan,nan,nan,nan,nan,nan,nan,5.000,14.000,1.000
UGC03253,79.9246,84.0526,18.046,-8.141,11.530,5.890,36.800,-46.310,27.560,760.000,16.110,1.710,nan,nan,nan,nan,nan,6.136,96.000,28.000,11.790,6.090,37.200,11.860,15.320,860.000,nan,nan,nan,nan,nan,nan,nan,4.603,25.000,0.000
UGC03539,102.2250,66.2616,20.296,-2.270,8.820,7.850,-83.200,-3.750,42.950,860.000,46.450,3.040,68.500,7.140,380.000,46.770,16.520,8.618,225.000,115.000,9.040,8.090,-83.600,-38.300,25.470,860.000,nan,nan,nan,nan,nan,nan,nan,4.242,8.000,0.000
UGC03899,113.1571,35.6145,2.448,7.254,10.730,5.980,-64.600,-3.590,57.740,860.000,nan,nan,nan,nan,nan,nan,nan,4.139,6.000,0.000,11.130,6.220,-65.600,-24.910,33.680,860.000,nan,nan,nan,nan,nan,nan,nan,4.680,35.000,0.000
UGC03944,114.6521,37.6335,8.875,6.496,9.090,6.470,63.400,-8.630,38.760,860.000,nan,nan,nan,nan,nan,nan,nan,4.177,5.000,0.000,9.380,6.580,64.100,25.300,21.760,860.000,nan,nan,nan,nan,nan,nan,nan,5.011,23.000,1.000
UGC03969,115.3096,27.6141,20.695,9.384,9.080,6.280,65.900,-47.270,30.880,860.000,45.270,2.430,58.160,4.550,480.000,59.090,10.190,6.870,263.000,130.000,9.270,6.510,67.300,-44.200,21.030,860.000,nan,nan,nan,nan,nan,nan,nan,4.736,22.000,0.000
UGC03973,115.6367,49.8097,18.966,2.563,7.660,6.160,-60.500,-53.270,40.870,760.000,14.980,1.830,40.460,5.130,300.000,33.190,12.060,4.793,40.000,0.000,7.870,6.380,-60.100,-1.030,29.890,860.000,nan,nan,nan,nan,nan,nan,nan,4.128,4.000,0.000
UGC03995,116.0379,29.2474,-5.634,8.840,7.450,6.390,-73.500,-51.090,51.470,860.000,nan,nan,nan,nan,nan,nan,nan,3.920,0.000,0.000,7.550,6.560,-81.100,10.210,27.720,860.000,nan,nan,nan,nan,nan,nan,nan,4.352,16.000,0.000
UGC04029,117.0792,34.3323,49.558,7.243,8.370,6.020,68.600,-28.930,44.450,860.000,65.440,3.340,66.610,6.570,380.000,32.430,16.450,8.817,278.000,151.000,8.540,6.150,68.300,-4.190,23.820,860.000,nan,nan,nan,nan,nan,nan,nan,4.068,1.000,0.000
UGC04054,117.7333,23.8959,1.346,10.123,9.520,6.590,72.500,26.020,57.620,860.000,nan,nan,nan,nan,nan,nan,nan,4.129,7.000,0.000,9.930,6.790,72.200,2.870,25.860,860.000,nan,nan,nan,nan,nan,nan,nan,4.869,17.000,0.000
UGC04132,119.8042,32.9147,66.096,7.343,9.650,6.610,78.800,70.260,43.030,860.000,184.030,5.360,200.280,9.950,580.000,169.650,22.500,11.473,681.000,540.000,9.890,6.880,77.600,10.550,25.650,860.000,nan,nan,nan,nan,nan,nan,nan,4.794,18.000,0.000
UGC04280,123.6388,54.7996,14.114,0.280,8.330,6.920,78.300,-25.440,43.260,860.000,nan,nan,nan,nan,nan,nan,nan,5.020,35.000,2.000,8.650,7.050,78.700,-13.680,23.730,860.000,nan,nan,nan,nan,nan,nan,nan,4.400,11.000,0.000
UGC04461,128.3446,52.5323,24.452,0.483,11.040,6.380,81.100,-38.600,45.100,860.000,25.860,2.580,31.860,4.720,280.000,44.860,11.820,4.299,28.000,0.000,11.330,6.610,80.700,-39.300,25.220,860.000,nan,nan,nan,nan,nan,nan,nan,4.251,21.000,0.000
UGC05108,143.8596,29.8126,41.241,4.136,8.340,6.120,73.400,-82.080,43.600,860.000,22.730,2.180,nan,nan,nan,nan,nan,4.618,11.000,0.000,8.610,6.260,75.400,-28.240,29.780,860.000,nan,nan,nan,nan,nan,nan,nan,4.146,5.000,0.000
UGC05111,144.2192,66.7883,26.110,-5.057,8.810,6.400,71.800,8.170,23.510,800.000,81.470,2.820,87.710,5.500,520.000,68.010,12.280,10.505,529.000,400.000,9.210,6.620,71.800,-6.010,14.520,860.000,nan,nan,nan,nan,nan,nan,nan,4.005,1.000,0.000
UGC05244,147.1992,64.1669,-3.565,-4.756,8.290,6.070,-58.600,13.760,45.930,860.000,nan,nan,nan,nan,nan,nan,nan,4.531,30.000,0.000,8.540,6.320,-58.500,19.310,22.700,860.000,nan,nan,nan,nan,nan,nan,nan,5.090,23.000,1.000
UGC05359,149.7150,19.2150,5.382,5.230,8.530,6.540,72.500,-0.880,29.150,860.000,nan,nan,nan,nan,nan,nan,nan,5.053,49.000,2.000,8.690,6.700,74.500,2.300,21.500,860.000,nan,nan,nan,nan,nan,nan,nan,4.958,24.000,0.000
UGC05396,150.4187,10.7564,6.630,6.813,7.370,6.610,-30.300,-15.030,44.170,860.000,nan,nan,nan,nan,nan,nan,nan,4.528,18.000,0.000,7.590,6.770,-33.400,9.840,28.140,860.000,nan,nan,nan,nan,nan,nan,nan,4.579,17.000,0.000
UGC05498,153.0150,23.0854,33.835,3.586,7.450,6.440,-45.200,-71.340,64.210,860.000,nan,nan,nan,nan,nan,nan,nan,4.199,3.000,0.000,7.640,6.610,-47.400,61.600,45.230,860.000,nan,nan,nan,nan,nan,nan,nan,4.335,16.000,0.000
UGC05598,155.5583,20.5894,13.276,3.477,11.470,8.090,-84.700,-37.780,43.980,860.000,nan,nan,nan,nan,nan,nan,nan,4.915,36.000,0.000,11.810,8.240,-86.500,-9.680,27.300,860.000,nan,nan,nan,nan,nan,nan,nan,4.701,27.000,0.000
UGC05771,159.3304,43.5876,42.568,-2.222,6.960,6.280,-48.100,-12.930,36.790,860.000,nan,nan,nan,nan,nan,nan,nan,4.163,2.000,0.000,7.220,6.530,-45.200,-15.960,23.230,860.000,nan,nan,nan,nan,nan,nan,nan,4.856,21.000,0.000
