edge_pydb/dat_glob/obs/edge_coobs_D.csv
# %ECSV 0.9
# ---
# datatype:
# - {name: Name, datatype: string, description: Galaxy Name}
# - {name: coVsys, unit: km / s, datatype: float64, description: LSR Radio Velocity}
# - {name: coDobstim, unit: h, datatype: float64, description: D array observing time}
# - {name: coNpt, datatype: int64, description: No. of CARMA pointings}
# - {name: coDbmaj, unit: arcsec, datatype: float64, description: Native D-array beam major axis}
# - {name: coDbmin, unit: arcsec, datatype: float64, description: Native D-array beam minor axis}
# - {name: coRMS_mJybm, unit: mJy / beam, datatype: float64, description: Noise in 20 km/s channel}
# - {name: coRMS_mK, unit: mK, datatype: float64, description: Noise in 20 km/s channel}
# - {name: coTpk_mK, unit: mK, datatype: int64, description: Peak brightness in 20 km/s channel}
# - {name: coSNRpeak, datatype: float64, description: Peak brightness in SNR units}
# - {name: ImagingDate, datatype: string, description: Date of imaging}
# delimiter: ','
# meta: !!omap
# - {date: '2020-06-01'}
# schema: astropy-2.0
Name,coVsys,coDobstim,coNpt,coDbmaj,coDbmin,coRMS_mJybm,coRMS_mK,coTpk_mK,coSNRpeak,ImagingDate
ARP220,5340.9,3.34,7,4.19,3.64,6.1,36.7,3820,104.2,04/03/15 06:01:12 CDT
IC0480,4492.9,3.32,7,4.61,3.69,8.3,45.2,840,18.58,04/02/15 20:12:49 CDT
IC0540,2056.6,3.0,7,6.12,3.42,12.6,55.4,357,6.43,04/02/15 20:16:53 CDT
IC0944,6843.0,3.33,7,5.18,3.71,8.0,38.1,284,7.47,04/02/15 20:22:02 CDT
IC1151,2159.9,2.32,7,5.05,3.4,13.0,69.6,322,4.62,04/02/15 20:26:01 CDT
IC1199,4663.0,3.31,7,4.74,3.96,8.4,41.3,270,6.54,04/02/15 20:30:17 CDT
IC1683,4774.9,3.33,7,4.41,3.49,7.5,44.6,958,21.49,04/02/15 20:35:44 CDT
IC2247,4261.7,3.34,7,4.6,3.63,6.4,35.2,427,12.12,04/02/15 20:40:49 CDT
IC2487,4292.1,3.33,7,5.9,3.65,8.8,37.6,287,7.61,04/02/15 20:45:19 CDT
IC4566,5479.5,3.35,7,5.7,3.6,8.4,37.6,253,6.73,04/02/15 20:49:36 CDT
IC5376,4951.0,3.39,7,4.16,3.64,8.3,50.5,212,4.2,04/02/15 20:53:34 CDT
NGC0444,4762.1,2.47,7,4.5,3.53,11.1,64.5,294,4.55,04/02/15 20:57:51 CDT
NGC0447,5489.6,4.42,13,4.3,3.5,6.2,37.8,524,13.85,04/02/15 21:05:42 CDT
NGC0477,5751.4,3.66,7,4.53,3.48,9.2,54.0,299,5.52,04/02/15 21:09:45 CDT
NGC0496,5893.8,3.33,7,4.52,3.54,7.1,40.8,322,7.9,04/02/15 21:13:59 CDT
NGC0523,4683.0,3.64,7,4.33,3.58,8.3,49.2,584,11.88,04/02/15 21:18:56 CDT
NGC0528,4745.5,3.33,7,4.5,3.66,8.3,46.4,207,4.46,04/02/15 21:23:07 CDT
NGC0551,5113.3,3.28,7,4.5,3.53,7.0,40.5,263,6.49,04/02/15 21:27:16 CDT
NGC1167,4851.2,3.31,7,4.48,3.46,7.6,45.0,221,4.91,04/02/15 21:31:19 CDT
NGC2253,3542.0,3.33,7,5.41,3.84,9.1,40.3,687,17.06,04/02/15 21:36:39 CDT
NGC2347,4388.8,3.32,7,4.19,3.91,8.6,48.5,445,9.16,04/02/15 21:40:53 CDT
NGC2410,4602.2,6.68,13,4.56,3.72,9.2,50.0,342,6.85,04/02/15 21:49:05 CDT
NGC2480,2320.8,4.0,7,4.82,3.59,10.5,56.1,436,7.77,04/02/15 21:53:06 CDT
NGC2486,4569.7,0.97,7,4.23,3.75,11.4,66.3,325,4.9,04/02/15 22:00:28 CDT
NGC2487,4758.9,3.96,7,4.54,3.58,10.0,56.9,530,9.32,04/02/15 22:04:46 CDT
NGC2623,5437.6,3.32,7,4.61,3.66,5.4,29.5,1150,38.92,04/02/15 22:11:43 CDT
NGC2639,3150.0,3.35,7,4.78,3.54,10.1,55.1,531,9.62,04/02/15 22:16:16 CDT
NGC2730,3795.1,3.53,7,5.12,3.56,9.4,47.3,238,5.03,04/02/15 22:20:02 CDT
NGC2880,1530.1,4.65,7,4.09,3.95,11.9,68.0,308,4.53,04/05/15 16:34:58 CDT
NGC2906,2124.8,3.32,7,6.13,3.76,11.6,46.2,396,8.57,04/02/15 22:28:27 CDT
NGC2916,3683.6,4.01,7,4.51,3.52,8.8,50.9,284,5.57,04/02/15 22:32:40 CDT
NGC2918,6615.2,2.66,7,4.94,3.78,10.0,49.1,225,4.58,04/05/15 16:43:30 CDT
NGC3303,6150.0,2.66,7,5.03,3.57,8.1,41.3,219,5.29,04/02/15 22:40:39 CDT
NGC3381,1614.9,3.32,7,4.26,3.51,10.8,66.3,449,6.77,04/05/15 16:51:50 CDT
NGC3687,2480.2,3.52,7,4.73,3.76,12.6,65.3,293,4.5,04/02/15 22:48:18 CDT
NGC3811,3040.8,3.99,7,4.64,3.57,9.4,52.2,986,18.89,04/02/15 22:53:23 CDT
NGC3815,3667.7,3.31,7,4.34,3.67,9.1,52.4,446,8.51,04/02/15 22:58:00 CDT
NGC3994,3057.6,3.65,7,5.13,3.58,10.3,51.9,657,12.65,04/02/15 23:02:19 CDT
NGC4047,3402.4,3.34,7,4.81,3.43,10.2,56.9,1054,18.53,04/02/15 23:07:32 CDT
NGC4149,3048.1,3.3,7,4.92,3.41,9.0,49.3,764,15.49,04/02/15 23:13:01 CDT
NGC4185,3834.2,3.97,7,4.38,3.49,9.9,59.5,306,5.15,04/02/15 23:16:52 CDT
NGC4210,2693.2,3.98,7,4.83,3.54,10.6,56.9,323,5.67,04/02/15 23:20:31 CDT
NGC4211NED02,6542.7,3.29,7,4.79,3.75,10.0,51.1,448,8.78,04/05/15 17:00:01 CDT
NGC4470,2339.6,4.53,7,4.7,4.23,11.5,53.2,412,7.74,04/02/15 23:28:43 CDT
NGC4644,4852.9,3.33,7,4.43,3.66,7.6,42.9,260,6.04,04/02/15 23:32:59 CDT
NGC4676A,6504.1,3.18,7,4.99,3.95,8.5,39.7,721,18.15,04/05/15 17:09:07 CDT
NGC4711,4020.1,3.32,7,4.68,3.92,10.1,50.6,302,5.97,04/05/15 17:16:36 CDT
NGC4961,2541.1,3.43,7,4.47,3.69,9.9,55.3,302,5.46,04/02/15 23:46:19 CDT
NGC5000,5493.0,3.32,7,4.29,3.45,7.0,43.5,901,20.72,04/02/15 23:51:07 CDT
NGC5016,2591.7,3.96,7,4.97,3.65,10.5,53.1,367,6.9,04/02/15 23:55:01 CDT
NGC5056,5454.1,3.31,7,5.58,3.99,7.9,32.6,215,6.59,04/02/15 23:59:20 CDT
NGC5205,1760.3,3.37,7,4.29,3.65,11.3,66.3,316,4.76,04/03/15 00:03:40 CDT
NGC5218,2868.8,3.26,7,5.29,3.46,9.6,48.4,4496,92.97,04/03/15 00:10:40 CDT
NGC5394,3370.3,3.14,7,4.67,3.65,10.8,58.2,2887,49.61,04/03/15 00:15:41 CDT
NGC5406,5302.2,2.33,7,4.69,3.47,8.5,48.3,230,4.77,04/03/15 00:19:51 CDT
NGC5480,1880.6,3.33,7,4.01,3.35,9.1,62.1,704,11.35,04/03/15 00:24:35 CDT
NGC5485,1900.3,3.63,7,4.94,3.47,11.2,60.4,298,4.93,04/03/15 00:28:47 CDT
NGC5520,1865.3,3.65,7,4.66,3.39,10.0,58.5,670,11.46,04/03/15 00:33:30 CDT
NGC5614,3838.5,3.28,7,5.33,3.9,10.6,47.1,1022,21.69,04/03/15 00:38:54 CDT
NGC5633,2307.6,3.32,7,4.42,3.55,10.6,62.4,735,11.78,04/03/15 00:43:50 CDT
NGC5657,3870.7,3.34,7,4.52,3.63,10.1,56.7,349,6.16,04/05/15 17:24:54 CDT
NGC5682,2253.9,3.32,7,4.29,3.47,10.1,62.6,290,4.63,04/03/15 00:51:43 CDT
NGC5732,3722.2,2.32,7,4.82,3.18,10.7,64.2,309,4.81,04/03/15 00:55:38 CDT
NGC5784,5400.0,3.26,7,4.55,3.59,6.8,38.3,322,8.42,04/03/15 00:59:57 CDT
NGC5876,3231.8,2.88,7,4.47,3.84,11.0,59.1,286,4.83,04/03/15 01:04:00 CDT
NGC5908,3283.0,6.17,10,4.28,3.52,6.6,40.5,1117,27.56,04/03/15 01:14:28 CDT
NGC5930,2600.5,3.65,7,4.73,3.57,10.1,55.3,1649,29.84,04/03/15 01:20:21 CDT
NGC5934,5520.0,3.29,7,4.5,3.57,7.2,41.2,573,13.92,04/03/15 01:26:01 CDT
NGC5947,5777.4,3.33,7,4.86,3.58,7.9,41.9,193,4.61,04/03/15 01:29:57 CDT
NGC5953,1965.7,6.2,10,4.83,3.74,9.1,46.3,2644,57.11,04/03/15 01:38:59 CDT
NGC5980,4030.9,3.33,7,4.29,3.94,7.3,39.7,774,19.49,04/05/15 17:34:07 CDT
NGC6004,3785.0,3.98,7,4.84,3.79,9.8,49.1,456,9.29,04/03/15 01:48:24 CDT
NGC6021,4674.9,1.56,7,4.28,3.76,9.6,55.1,229,4.15,04/03/15 01:52:08 CDT
NGC6027,4370.1,2.35,7,4.53,3.52,9.0,52.2,254,4.86,04/03/15 01:55:48 CDT
NGC6060,4449.1,3.92,7,4.63,3.57,7.1,39.7,470,11.86,04/03/15 02:00:51 CDT
NGC6063,2831.1,2.34,7,4.88,3.84,13.6,66.7,330,4.95,04/03/15 02:04:30 CDT
NGC6081,5032.1,3.33,7,4.59,4.13,9.8,47.6,205,4.31,04/03/15 02:08:40 CDT
NGC6125,4555.8,3.34,7,5.09,3.5,8.9,46.2,189,4.09,04/03/15 02:12:50 CDT
NGC6146,8505.6,2.28,7,4.59,3.56,7.8,43.9,189,4.29,04/03/15 02:16:45 CDT
NGC6155,2400.2,3.96,7,5.28,3.44,9.8,49.7,438,8.8,04/03/15 02:21:05 CDT
NGC6168,2555.2,3.34,7,4.62,3.56,10.8,60.5,263,4.36,04/03/15 02:25:03 CDT
NGC6186,2917.4,3.35,7,4.52,3.69,10.7,59.0,1308,22.17,04/03/15 02:30:27 CDT
NGC6301,8148.2,3.31,7,4.45,3.79,7.5,41.2,252,6.12,04/03/15 02:34:30 CDT
NGC6310,3370.9,3.33,7,4.76,3.58,9.6,51.9,267,5.15,04/03/15 02:38:33 CDT
NGC6314,6530.0,3.32,7,4.23,3.68,5.5,32.8,285,8.69,04/05/15 17:41:58 CDT
NGC6361,3777.3,6.21,13,5.15,3.7,7.7,37.2,1224,32.89,04/03/15 02:55:11 CDT
NGC6394,8350.0,2.35,7,5.01,3.51,7.8,41.0,260,6.34,04/03/15 02:59:18 CDT
NGC6478,6645.4,4.68,10,4.58,3.73,7.8,42.1,534,12.69,04/03/15 03:07:15 CDT
NGC7819,4917.6,3.33,7,4.2,3.5,7.2,45.2,427,9.46,04/03/15 03:11:51 CDT
UGC00809,4142.1,3.31,7,3.97,3.38,7.8,53.9,284,5.28,04/03/15 03:16:00 CDT
UGC03253,4070.9,4.0,7,5.46,3.9,11.6,50.2,254,5.06,04/05/15 17:49:39 CDT
UGC03539,3270.9,3.33,7,5.17,4.02,10.3,45.6,554,12.16,04/03/15 03:24:51 CDT
UGC03969,7910.0,3.0,7,4.75,3.68,8.7,46.0,281,6.12,04/03/15 03:28:50 CDT
UGC03973,6453.5,3.33,7,4.38,4.07,8.1,41.9,247,5.9,04/05/15 17:57:05 CDT
UGC04029,4383.0,3.31,7,4.58,3.7,8.2,44.7,496,11.11,04/03/15 03:36:49 CDT
UGC04132,5119.4,3.35,7,4.95,3.63,9.0,46.3,745,16.07,04/03/15 03:42:38 CDT
UGC04280,3469.7,3.35,7,4.31,4.11,10.8,56.0,290,5.18,04/03/15 03:46:47 CDT
UGC04461,4906.5,3.33,7,4.44,3.85,9.3,49.9,385,7.7,04/03/15 03:51:11 CDT
UGC05108,7913.4,3.32,7,5.17,4.03,7.1,31.2,248,7.94,04/03/15 03:55:46 CDT
UGC05111,6595.5,3.32,7,4.6,4.04,9.5,47.1,440,9.33,04/05/15 18:05:30 CDT
UGC05244,2981.7,1.66,7,4.21,3.98,13.6,74.8,376,5.03,04/03/15 04:04:27 CDT
UGC05359,8249.5,3.32,7,6.29,4.19,8.5,29.8,153,5.14,04/03/15 04:08:29 CDT
UGC05498NED01,6174.4,3.27,7,5.02,3.62,10.6,53.7,282,5.25,04/03/15 04:12:14 CDT
UGC05598,5519.8,2.31,7,5.17,3.6,10.2,50.5,353,6.99,04/03/15 04:16:27 CDT
UGC06312,6201.5,2.28,7,4.4,4.4,7.8,37.0,170,4.6,04/03/15 04:20:30 CDT
UGC07012,3031.5,3.35,7,4.47,3.6,8.7,49.8,232,4.66,04/03/15 04:24:38 CDT
UGC08107,8076.9,3.22,7,4.52,4.1,6.6,32.9,292,8.89,04/03/15 04:29:43 CDT
UGC08250,5184.0,3.32,7,4.41,3.6,7.8,45.4,197,4.34,04/03/15 04:33:58 CDT
UGC08267,7078.6,3.51,7,4.29,3.6,7.9,47.1,509,10.8,04/03/15 04:38:58 CDT
UGC09067,7645.8,3.35,7,5.25,3.7,10.2,48.6,413,8.49,04/03/15 04:43:03 CDT
UGC09476,3236.1,3.34,7,4.64,3.49,9.9,56.5,314,5.57,04/03/15 04:47:16 CDT
UGC09537,8576.5,3.69,7,4.23,3.6,6.4,38.5,246,6.38,04/03/15 04:51:26 CDT
UGC09542,5386.6,3.32,7,4.49,3.29,8.4,52.7,324,6.15,04/03/15 04:55:39 CDT
UGC09665,2535.6,3.35,7,4.13,3.46,9.5,61.0,636,10.43,04/03/15 05:00:00 CDT
UGC09759,3408.4,3.31,7,4.6,3.43,8.6,50.1,721,14.37,04/03/15 05:04:49 CDT
UGC09873,5528.4,3.31,7,4.38,3.42,7.5,46.1,294,6.38,04/03/15 05:08:55 CDT
UGC09892,5569.7,3.01,7,4.44,3.79,7.2,39.3,228,5.81,04/03/15 05:12:54 CDT
UGC09919,3151.3,4.0,7,4.59,4.06,9.6,47.3,249,5.27,04/03/15 05:17:17 CDT
UGC10043,2153.2,3.95,7,4.5,3.72,10.4,57.3,607,10.59,04/03/15 05:22:15 CDT
UGC10123,3720.0,3.35,7,4.06,3.56,8.0,51.0,653,12.79,04/03/15 05:27:39 CDT
UGC10205,6432.9,2.3,7,5.07,3.83,8.0,37.7,230,6.11,04/05/15 18:12:49 CDT
UGC10331,4485.4,2.35,7,5.86,3.4,15.2,70.5,293,4.16,04/03/15 05:34:58 CDT
UGC10380,8510.7,3.35,7,4.54,4.04,8.2,41.1,274,6.68,04/03/15 05:39:00 CDT
UGC10384,4869.0,3.32,7,4.82,3.62,7.9,41.8,648,15.51,04/03/15 05:43:50 CDT
UGC10710,8153.9,3.35,7,4.58,3.58,8.7,48.6,278,5.72,04/03/15 05:47:39 CDT
