edge_pydb/dat_glob/obs/edge_hiflux.csv
# %ECSV 0.9
# ---
# datatype:
# - {name: Name, datatype: string, description: Galaxy Name}
# - {name: Refcode, datatype: string, description: Ref Code for spectrum}
# - {name: Vsys, unit: km / s, datatype: float32, description: 'Vsys from LEDA, optical barycentric'}
# - {name: Deltav, unit: km / s, datatype: float32, description: Velocity channel width}
# - {name: Robust_rms, unit: mJy, datatype: float32, description: rms noise from mad_std over noise region}
# - {name: RefInt, unit: Jy km / s, datatype: float32, description: integrated HI flux over fixed window of +/- 600.0}
# - {name: RefUnc, unit: Jy km / s, datatype: float32, description: uncertainty in RefInt}
# - {name: SigInt, unit: Jy km / s, datatype: float32, description: integrated HI flux over get_signal_range window}
# - {name: SigUnc, unit: Jy km / s, datatype: float32, description: uncertainty in SigInt}
# - {name: SigVmin, unit: km / s, datatype: float32, description: signal start from get_signal_range}
# - {name: SigVmax, unit: km / s, datatype: float32, description: signal end from get_signal_range}
# - {name: BadFlag, datatype: bool, description: True for poor signal}
# delimiter: ','
# schema: astropy-2.0
Name,Refcode,Vsys,Deltav,Robust_rms,RefInt,RefUnc,SigInt,SigUnc,SigVmin,SigVmax,BadFlag
ARP220,edge2015,5427.0,10.5751,1.91981,-15.3759,0.215814,-15.3437,0.337894,3965.65,6919.97,True
IC0480,edge2015,4624.3,10.5147,0.80644,4.56931,0.0901385,4.36842,0.0515789,4429.47,4821.42,False
IC0540,edge2015,2042.4,10.3438,1.36264,1.56644,0.151151,1.29401,0.0845692,1872.13,2250.39,False
IC0944,shg2005,6995.9,8.7,1.57378,2.4278,0.157308,2.50588,0.121696,6666.05,7357.94,False
IC1151,edge2015,2173.2,10.3825,1.74966,7.54567,0.194807,7.97362,0.0978262,2020.98,2317.94,False
IC1199,edge2015,4724.7,10.527,2.61292,-0.478914,0.292395,0.336397,0.327774,4503.26,6022.92,True
IC1256,shg2005,4733.0,8.4,1.35124,8.98001,0.134779,9.05259,0.0989509,4298.77,4939.43,False
IC1683,shg2005,4881.8,8.5,1.21825,0.795644,0.122961,0.768299,0.0746721,4654.58,5101.31,False
IC2247,edge2015,4292.7,10.4984,0.871695,2.83592,0.0972805,3.28419,0.06471,3964.88,4491.97,False
IC2487,edge2015,4339.1,10.5001,1.26765,7.87598,0.142117,7.75092,0.0852285,4124.19,4564.99,False
IC4566,edge2015,5582.0,10.6081,1.73306,5.96048,0.195431,6.5635,0.155998,5577.17,6352.81,False
IC5376,shg2005,5029.9,8.6,5.02024,5.37981,0.50718,5.55047,0.323085,4802.84,5286.48,False
NGC0444,shg2005,4837.0,8.6,2.0024,5.12449,0.203029,5.23137,0.104749,4693.84,5010.57,False
NGC0447,edge2015,5595.0,10.5871,1.11413,3.48317,0.12483,2.90734,0.0601447,5458.68,5734.89,False
NGC0477,shg2005,5858.4,11.4,4.30147,14.5175,0.502478,14.709,0.294221,5671.71,6072.1,False
NGC0496,shg2005,6005.1,8.6,2.48736,5.57268,0.243898,5.65621,0.138632,5847.9,6216.17,False
NGC0523,shg2005,4760.7,8.4,3.06928,11.4603,0.306144,11.358,0.203008,4496.82,5022.66,False
NGC0528,edge2015,4751.2,10.534,1.13639,-0.765486,0.12725,-0.69423,0.183507,3566.24,6062.36,True
NGC0551,shg2005,5189.2,8.5,5.88208,2.55018,0.593689,2.74421,0.339101,4991.88,5383.54,False
NGC1093,shg2005,5281.4,8.5,2.01412,9.70965,0.202566,9.53941,0.11984,5074.22,5491.37,False
NGC1167,shg2005,4952.4,8.6,3.35646,5.07061,0.34032,5.32649,0.221721,4703.16,5219.04,False
NGC2253,edge2015,3565.0,10.4481,1.77975,12.313,0.198541,11.2781,0.11157,3376.57,3761.71,False
NGC2347,edge2015,4423.8,10.508,1.13334,10.0763,0.126595,9.67749,0.0816445,4172.81,4668.03,False
NGC2410,edge2015,4678.4,10.5544,1.0414,6.8566,0.116839,6.8125,0.0800179,4395.17,4960.89,False
NGC2449,edge2015,4880.6,10.5379,0.948937,2.62187,0.105828,2.2979,0.0556763,4608.3,4933.7,False
NGC2480,edge2015,2343.2,10.3936,1.07868,1.70772,0.120229,1.91774,0.065373,2084.2,2443.46,False
NGC2481,edge2015,2180.4,10.3834,0.715657,1.85549,0.0793405,1.80943,0.0420356,2088.7,2423.39,False
NGC2486,edge2015,4637.3,10.5201,0.939007,4.11237,0.10501,4.35152,0.0739238,4411.29,5008.63,False
NGC2487,edge2015,4830.4,10.5334,0.90233,6.62416,0.100587,5.82395,0.0537663,4669.48,5010.44,False
NGC2604,edge2015,2083.5,10.3448,0.874217,15.7766,0.0969817,16.7192,0.0394201,1987.64,2190.61,False
NGC2623,edge2015,5499.0,10.7746,0.94324,0.0124283,0.106591,0.186989,0.165754,4118.32,7018.04,True
NGC2639,edge2015,3225.0,10.425,0.911295,2.24647,0.101435,2.16036,0.0865511,2849.11,3727.43,False
NGC2730,edge2015,3826.1,10.4968,2.26756,2.86691,0.254138,4.09345,0.109075,3728.87,3947.64,False
NGC2805,edge2015,1733.0,10.3272,0.86739,69.3863,0.0960611,67.177,0.0346932,1656.95,1813.83,False
NGC2880,edge2015,1481.0,10.3079,0.959782,-0.181061,0.106555,0.159904,0.0442444,2422.25,2629.87,True
NGC2906,edge2015,2283.0,10.3486,1.00738,4.00664,0.111795,3.84824,0.0651036,1941.4,2350.66,False
NGC2916,edge2015,3715.8,10.4572,1.01966,9.5179,0.113848,9.66184,0.0715287,3465.43,3946.22,False
NGC3057,edge2015,1525.1,10.3383,0.862788,10.5573,0.0960691,10.5427,0.0398905,1421.84,1629.13,False
NGC3106,edge2015,6193.4,10.6604,1.0388,6.7529,0.116672,6.28258,0.0585983,6051.42,6351.8,False
NGC3158,edge2015,6921.1,10.7,1.5991,0.226984,0.180269,0.351259,0.245581,5850.48,8078.43,True
NGC3303,edge2015,6275.7,10.6291,0.843895,2.82491,0.0949279,2.55569,0.0552938,6043.56,6461.9,False
NGC3381,edge2015,1628.1,10.3134,0.913291,14.8994,0.101009,13.9771,0.0364803,1551.61,1711.67,False
NGC3614,shg2005,2328.9,4.2,27.5622,36.1585,1.96112,34.3243,1.04185,2161.14,2500.04,False
NGC3687,edge2015,2502.6,10.3732,0.995621,8.84369,0.110753,8.50149,0.0505954,2379.02,2632.82,False
NGC3811,edge2015,3152.0,10.4125,1.33487,14.1287,0.148403,14.191,0.0786261,2920.5,3257.86,False
NGC3815,edge2015,3702.7,10.4562,0.892696,8.74673,0.0992235,8.65151,0.064669,3413.61,3915.6,False
NGC3994,edge2015,3076.0,10.4134,0.911983,33.9462,0.101399,32.238,0.0569813,2996.62,3374.17,False
NGC4003,edge2015,6550.1,10.6888,1.26761,0.464967,0.14275,0.50424,0.0856926,6345.01,6775.03,True
NGC4047,edge2015,3428.3,10.4378,1.47975,5.91679,0.164911,5.58512,0.0926718,3243.63,3623.75,False
NGC4149,edge2015,3063.3,10.413,0.938672,0.490228,0.104362,0.61709,0.111873,2828.02,4211.33,False
NGC4185,edge2015,3892.6,10.4679,1.11613,8.82364,0.124197,8.88457,0.0748109,3685.8,4120.11,False
NGC4210,edge2015,2711.1,10.3884,0.962589,3.73227,0.106768,3.93736,0.0556763,2563.21,2888.29,False
NGC4211NED02,edge2015,6571.2,10.6611,1.11551,3.02377,0.125296,3.13803,0.0897868,6282.38,6901.02,False
NGC4470,edge2015,2336.7,10.3946,1.49575,7.22669,0.166732,6.37087,0.0695319,2231.06,2441.62,False
NGC4644,edge2015,4927.8,10.5402,0.9477,3.76373,0.105713,3.91613,0.0647359,4696.43,5139.45,False
NGC4676A,edge2015,6566.0,10.8526,2.56295,-1.03741,0.290393,-0.809528,0.42183,5209.7,7726.69,True
NGC4676B,edge2015,6541.2,10.6501,1.59461,3.70577,0.178924,3.64863,0.133722,6248.15,6921.83,False
NGC4711,edge2015,4051.3,10.4811,0.955791,3.82942,0.10649,3.75471,0.0584128,3888.23,4250.68,False
NGC4961,edge2015,2531.7,10.3775,1.33997,11.0826,0.14912,11.5634,0.0709044,2396.49,2673.08,False
NGC5000,edge2015,5593.7,10.5857,1.08977,4.11145,0.122086,4.4685,0.0515909,5498.5,5719.7,False
NGC5016,edge2015,2609.1,10.381,1.59376,6.69484,0.176651,7.23731,0.0906198,2452.8,2766.45,False
NGC5056,shg2005,5592.8,8.4,2.13747,7.80087,0.213201,8.03874,0.123091,5387.62,5795.1,False
NGC5205,shg2005,1760.3,11.1,3.41562,19.3601,0.394007,18.1503,0.20417,1602.93,1931.36,False
NGC5218,shg2005,2860.4,11.1,1.60848,5.12186,0.184684,5.09652,0.108602,2713.88,3124.44,False
NGC5394,edge2015,3467.0,10.4355,1.31454,16.5711,0.146467,16.3358,0.106259,3150.87,3780.83,False
NGC5406,edge2015,5388.6,10.5723,1.13515,5.39909,0.127574,5.21848,0.0786968,5163.85,5629.1,False
NGC5480,shg2005,1906.5,11.1,2.30938,9.43544,0.266397,8.94053,0.133199,1712.04,2013.73,False
NGC5485,edge2015,1904.5,10.3093,1.39535,3.79191,0.154263,3.46487,0.0719256,1253.87,1511.77,False
NGC5520,edge2015,1877.0,10.3311,1.21411,5.12804,0.134509,5.4704,0.0720541,1706.33,2043.93,False
NGC5614,shg2005,3897.2,8.3,1.79091,2.62681,0.177132,2.45907,0.0786558,3756.27,4000.06,False
NGC5630,m2014,2672.1,5.1987,1.96716,13.0293,0.154419,12.2638,0.075843,2505.81,2797.31,False
NGC5631,edge2015,1953.4,10.3694,1.50062,4.75737,0.166869,4.8073,0.100844,1725.5,2160.06,False
NGC5633,shg2005,2325.8,11.1,3.56848,10.2073,0.369458,10.4214,0.224068,2141.41,2500.59,False
NGC5657,edge2015,3966.6,10.4707,0.933056,7.10228,0.103854,6.9343,0.0594271,3711.75,4106.93,False
NGC5682,shg2005,2276.9,11.1,5.68192,3.77702,0.652395,4.67259,0.308976,2149.12,2421.77,False
NGC5732,edge2015,3735.5,10.4603,1.28139,4.19694,0.143113,3.89218,0.074629,3573.17,3901.9,False
NGC5784,edge2015,5370.0,10.5748,0.94,1.97507,0.105667,1.97399,0.0716809,5188.32,5745.41,False
NGC5876,edge2015,3254.1,10.4472,1.12663,2.10448,0.125671,2.20623,0.0856879,2998.79,3553.09,False
NGC5908,shg2005,3332.8,4.2,20.587,39.1604,1.4597,38.0636,1.0625,3019.27,3653.61,False
NGC5930,edge2015,2588.2,10.3821,1.42318,3.98614,0.15776,4.08769,0.102368,2296.11,2794.85,False
NGC5934,vmg2001,5563.4,4.124,1.20359,3.48607,0.0806489,3.20576,0.0449473,5349.36,5703.66,False
NGC5947,edge2015,5934.6,10.6065,1.772,2.78736,0.198905,3.37608,0.0976603,5798.54,6084.12,False
NGC5953,edge2015,1969.8,10.3379,1.62068,9.79671,0.179671,9.67851,0.120818,1622.48,2157.71,False
NGC5980,edge2015,4087.4,10.4822,1.59614,8.00803,0.177853,7.19787,0.114702,3845.76,4343.59,False
NGC5987,shg2005,3006.2,4.1,9.90408,14.5385,0.68552,14.7307,0.48897,2706.77,3317.04,False
NGC6004,edge2015,3818.8,10.4648,1.61112,2.67177,0.180016,2.51586,0.0892149,3677.6,3977.01,False
NGC6021,edge2015,4740.2,10.5275,0.918052,1.46492,0.102738,1.38962,0.0869832,4490.04,5353.02,False
NGC6027,edge2015,4415.8,10.5062,1.33937,4.30802,0.149584,3.66478,0.0878778,4256.11,4671.8,False
NGC6060,edge2015,4404.3,10.5118,1.56076,26.9288,0.174401,26.368,0.11601,4179.46,4714.04,False
NGC6063,edge2015,2844.9,10.3979,1.85877,7.85622,0.20636,7.1729,0.109332,2679.47,3014.97,False
NGC6081,edge2015,5113.3,10.5533,2.02685,0.22078,0.226369,0.200473,0.320848,3936.6,6331.45,True
NGC6125,edge2015,4810.0,10.5196,0.729084,-0.0300775,0.0815295,-0.0322834,0.0785905,4228.37,5343.55,True
NGC6132,shg2005,4965.2,8.6,4.07226,7.21619,0.412897,7.28862,0.237527,4785.46,5185.21,False
NGC6146,edge2015,8816.8,10.8053,1.76762,-2.81892,0.200318,-2.17634,0.264652,8021.45,10114.5,True
NGC6154,shg2005,5965.7,11.3,3.36521,5.18913,0.38966,4.85607,0.161334,5870.58,6077.33,False
NGC6155,edge2015,2413.7,10.3684,1.14315,4.98102,0.126552,4.69181,0.0592634,2283.36,2551.31,False
NGC6168,edge2015,2523.2,10.3789,1.70578,6.65929,0.189855,7.83517,0.0969692,2361.45,2679.37,False
NGC6186,edge2015,2936.5,10.4042,1.68028,3.06546,0.187474,2.68205,0.100427,2793.81,3134.79,False
NGC6301,edge2015,8360.9,10.7791,1.28958,4.39398,0.14579,4.9636,0.0963054,8080.21,8596.35,False
NGC6310,edge2015,3400.1,10.4362,1.10355,2.04059,0.122966,2.23845,0.0789556,3158.59,3655.76,False
NGC6314,edge2015,6620.3,10.6902,1.68545,3.33292,0.18983,2.99156,0.0936234,6552.44,6841.67,False
NGC6361,edge2015,3798.9,10.4647,1.49132,14.5933,0.166629,14.5499,0.110353,3555.89,4082.48,False
NGC6394,edge2015,8522.4,10.8114,0.893671,1.50251,0.101794,1.42561,0.0754613,8130.32,8802.66,False
NGC6478,edge2015,6776.0,10.6695,1.74162,6.14392,0.195776,6.2707,0.136551,6486.06,7066.75,False
NGC6497,edge2015,6162.0,10.4183,0.97299,0.0,0.0,0.200932,0.158019,1922.48,4482.39,True
NGC6762,edge2015,2923.9,10.4035,1.06316,-0.928288,0.118094,-0.840805,0.182415,1526.02,4392.77,True
NGC7738,shg2005,6801.1,8.7,7.76468,2.18397,0.790685,2.02082,0.47767,6561.58,7001.14,True
NGC7819,shg2005,4955.8,8.6,2.74074,9.10297,0.276889,8.96539,0.139444,4822.06,5128.32,False
UGC00809,shg2005,4205.8,8.5,2.91124,5.0273,0.292793,4.92035,0.164143,4031.96,4407.18,False
UGC00841,shg2005,5573.3,8.6,2.15348,2.62438,0.191572,2.49702,0.118585,5411.53,5771.02,False
UGC00987,shg2005,4656.1,8.6,2.28677,5.46192,0.231025,5.29696,0.141815,4447.07,4895.16,False
UGC03253,edge2015,4123.7,10.4855,1.1586,7.11073,0.12914,7.28344,0.0748881,3919.38,4322.98,False
UGC03539,edge2015,3304.5,10.4291,1.37933,7.29617,0.153592,7.47181,0.085104,3125.97,3492.32,False
UGC03899,edge2015,3884.0,10.4683,0.943141,-4.96877,0.104953,1.57522,0.0312216,3739.32,3841.33,True
UGC03944,shg2005,3898.5,8.3,5.47036,7.25763,0.541051,6.93817,0.283548,3744.03,4071.95,False
UGC03969,edge2015,8169.0,10.7694,0.826678,1.75739,0.0937975,1.80152,0.0616808,7882.48,8398.42,False
UGC03973,edge2015,6653.5,10.6953,1.49158,3.00046,0.168829,2.99533,0.076507,6540.95,6784.91,False
UGC03995,edge2015,4763.4,10.5295,1.00453,6.31601,0.112438,6.17304,0.0732815,4492.88,5002.25,False
UGC04029,edge2015,4417.0,10.5075,1.91164,11.4734,0.213522,10.8209,0.123821,4213.81,4626.94,False
UGC04054,edge2015,2121.1,10.3805,0.959728,10.1269,0.106836,9.72809,0.0536495,1964.73,2271.36,False
UGC04132,edge2015,5195.2,10.5599,1.38275,9.08329,0.155217,9.04494,0.109269,4934.05,5532.08,False
UGC04280,edge2015,3512.3,10.4742,1.08908,3.82179,0.121796,3.53618,0.0703192,3309.25,3714.88,False
UGC04461,edge2015,4987.6,10.544,0.899469,6.66374,0.100817,7.00464,0.0544816,4821.45,5177.94,False
UGC05111,m2014,6731.3,5.3447,1.12715,2.53002,0.0899616,2.65412,0.0587174,6479.17,6991.18,False
UGC05244,edge2015,3014.4,10.4085,0.812342,5.69815,0.0902778,6.02354,0.0463116,2868.41,3178.88,False
UGC05359,edge2015,8470.9,10.7857,1.00077,5.15187,0.113208,5.28723,0.0739996,8217.99,8723.13,False
UGC05396,shg2005,5402.2,8.5,2.97825,5.11086,0.300601,5.11915,0.171696,5215.69,5605.96,False
UGC05498NED01,edge2015,6295.8,10.6345,0.988146,3.09887,0.111211,3.14099,0.0765026,6027.44,6595.67,False
UGC05598,edge2015,5636.6,10.5874,1.09591,4.53466,0.122794,4.42156,0.0705777,5435.14,5826.55,False
UGC05990,edge2015,1571.9,10.3131,1.52203,2.56125,0.169059,2.52515,0.0784838,1440.24,1704.48,False
UGC06312,edge2015,6330.9,10.6364,0.886254,4.57261,0.0997612,5.12463,0.0679758,6079.19,6638.71,False
UGC07012,shg2005,3073.2,8.4,3.52622,10.5076,0.354207,10.0585,0.164919,2954.57,3211.18,False
UGC07145,edge2015,6639.7,10.6581,1.52666,3.68809,0.172198,3.15437,0.101614,6441.27,6862.01,False
UGC08004,shg2005,6183.4,8.5,2.00848,4.35435,0.201277,4.68208,0.107973,6017.45,6360.57,False
UGC08107,edge2015,8296.1,10.7733,2.61187,5.15159,0.29512,5.35607,0.248513,7852.48,8698.87,False
UGC08250,edge2015,5267.6,10.5636,1.21574,2.48126,0.135914,3.21496,0.0715048,5109.93,5439.41,False
UGC08267,edge2015,7261.8,10.7002,1.90487,-0.361575,0.214744,-0.220648,0.331804,5839.86,8704.6,True
UGC08778,edge2015,3229.8,10.4242,1.47382,1.83421,0.164037,1.60434,0.0947067,3045.77,3446.43,False
UGC09067,shg2005,7840.4,8.6,1.2488,2.32797,0.126619,2.65415,0.0774447,7617.63,8066.17,False
UGC09476,shg2005,3270.7,2.7,8.35498,8.34929,0.45454,8.88138,0.238736,3141.9,3435.93,False
UGC09537,shg2005,8820.5,8.7,2.62702,11.5941,0.268487,11.2625,0.204422,8469.1,9173.11,False
UGC09542,shg2005,5458.2,11.3,3.6177,6.88137,0.418895,6.74937,0.241849,5261.62,5659.91,False
UGC09598,shg2005,5577.3,11.4,2.80879,3.96526,0.328109,3.60872,0.199966,5365.33,5814.0,False
UGC09665,shg2005,2557.6,11.1,6.36867,23.2337,0.731246,23.0944,0.509769,2374.23,2957.14,False
UGC09759,shg2005,3427.3,11.2,2.75275,11.3814,0.318916,11.1722,0.174405,3242.74,3606.59,False
UGC09873,shg2005,5618.2,11.3,2.40226,4.99973,0.278159,4.53674,0.15114,5433.6,5783.67,False
UGC09892,edge2015,5658.2,10.6131,1.62896,4.09892,0.182963,3.54152,0.105161,5474.99,5873.29,False
UGC09919,edge2015,3177.7,10.4201,1.19564,3.53526,0.133023,3.81594,0.0682392,3031.5,3346.79,False
UGC10043,edge2015,2156.9,10.3509,1.66808,20.211,0.185159,20.8159,0.105026,1964.43,2352.73,False
UGC10123,edge2015,3750.7,10.4606,0.955064,5.75357,0.10667,5.80852,0.067759,3516.61,4000.84,False
UGC10205,edge2015,6563.6,10.6535,1.36465,2.21575,0.153172,2.20496,0.192325,6224.61,8118.84,False
UGC10257,shg2005,3827.4,11.3,2.9019,7.45771,0.337609,7.39802,0.188372,3635.22,4008.29,False
UGC10297,shg2005,2305.4,8.5,2.4205,3.56465,0.24517,3.51746,0.119967,2181.41,2471.62,False
UGC10331,edge2015,4472.1,10.5146,0.908659,6.25291,0.101562,5.86987,0.0588958,4218.27,4617.71,False
UGC10337,shg2005,8758.9,8.7,1.52797,3.01177,0.155595,2.8539,0.112012,8469.01,9095.36,False
UGC10380,edge2015,8750.3,10.8053,1.99224,4.86794,0.225774,4.10167,0.159646,8451.04,9047.89,False
UGC10384,edge2015,4961.4,10.5414,1.01898,8.0401,0.114183,7.79214,0.0679349,4749.06,5178.64,False
UGC10650,shg2005,2964.1,5.3,5.89379,4.68536,0.446155,4.20422,0.190008,2879.55,3076.03,False
UGC10710,edge2015,8327.5,10.7794,1.54396,3.59579,0.175344,3.74559,0.120014,8048.18,8617.02,False
UGC10972,shg2005,4651.6,8.4,2.16549,8.50452,0.215996,8.39796,0.134901,4425.86,4889.45,False
UGC12864,shg2005,4683.0,8.6,4.64714,10.5818,0.45392,10.6954,0.2431,4533.19,4859.63,False
