edge_pydb/dat_glob/obs/edge_coflux_smo7.csv
# %ECSV 1.0
# ---
# datatype:
# - {name: Name, datatype: string, description: Galaxy Name}
# - {name: coRactr_smo7, unit: deg, datatype: float64, format: .4f, description: Reference R.A. of smo7 CARMA cube}
# - {name: coDectr_smo7, unit: deg, datatype: float64, format: .4f, description: Reference Dec. of smo7 CARMA cube}
# - {name: coCtrint_smo7, unit: K km / s, datatype: float64, format: .3f, description: Unmasked CO intensity at reference pixel}
# - {name: coNomask_smo7, unit: Jy km / s, datatype: float64, format: .3f, description: co flux from unmasked smo7 cube}
# - {name: coeNomask_smo7, unit: Jy km / s, datatype: float64, format: .3f, description: co flux uncertainty from unmasked smo7 cube}
# - {name: coNomaskDv_smo7, unit: km / s, datatype: float64, format: .3f, description: co velocity width for unmasked smo7 cube}
# - {name: coDilated_smo7, unit: Jy km / s, datatype: float64, format: .3f, description: co flux from dilated-masked smo7 cube}
# - {name: coeDilated_smo7, unit: Jy km / s, datatype: float64, format: .3f, description: co flux uncertainty from dilated-masked smo7
#     cube}
# - {name: coDilatedDv_smo7, unit: km / s, datatype: float64, format: .3f, description: co velocity width for dilated-masked smo7 cube}
# - {name: coSmooth_smo7, unit: Jy km / s, datatype: float64, format: .3f, description: co flux from smoothed-masked smo7 cube}
# - {name: coeSmooth_smo7, unit: Jy km / s, datatype: float64, format: .3f, description: co flux uncertainty from smoothed-masked smo7
#     cube}
# - {name: coSmoothDv_smo7, unit: km / s, datatype: float64, format: .3f, description: co velocity width for smooth-masked smo7 cube}
# - {name: coMask2d_smo7, unit: Jy km / s, datatype: float64, format: .3f, description: co flux from 2D masked smo7 cube}
# - {name: coeMask2d_smo7, unit: Jy km / s, datatype: float64, format: .3f, description: co flux uncertainty from 2D masked smo7 cube}
# - {name: coSNRmax_smo7, datatype: float64, format: .3f, description: Maximum SNR of co in smo7 cube}
# - {name: coSNR4pix_smo7, datatype: float64, format: .3f, description: Number of XY pixels with co peak Tb > 4 sigma}
# - {name: coSNR5pix_smo7, datatype: float64, format: .3f, description: Number of XY pixels with co peak Tb > 5 sigma}
# - {name: cottNomask_smo7, unit: Jy km / s, datatype: float64, format: .3f, description: 13co flux from unmasked smo7 cube}
# - {name: cotteNomask_smo7, unit: Jy km / s, datatype: float64, format: .3f, description: 13co flux uncertainty from unmasked smo7 cube}
# - {name: cottNomaskDv_smo7, unit: km / s, datatype: float64, format: .3f, description: 13co velocity width for unmasked smo7 cube}
# - {name: cottDilated_smo7, unit: Jy km / s, datatype: float64, format: .3f, description: 13co flux from dilated-masked smo7 cube}
# - {name: cotteDilated_smo7, unit: Jy km / s, datatype: float64, format: .3f, description: 13co flux uncertainty from dilated-masked
#     smo7 cube}
# - {name: cottDilatedDv_smo7, unit: km / s, datatype: float64, format: .3f, description: 13co velocity width for dilated-masked smo7
#     cube}
# - {name: cottSmooth_smo7, unit: Jy km / s, datatype: float64, format: .3f, description: 13co flux from smoothed-masked smo7 cube}
[...]
# - {name: cottMk12_di_smo7, unit: Jy km / s, datatype: float64, format: .3f, description: 13co flux in 12co dilated mask smo7 cube}
# - {name: cotteMk12_di_smo7, unit: Jy km / s, datatype: float64, format: .3f, description: 13co flux uncertainty in 12co dilated mask
#     smo7 cube}
# - {name: cottMk12_sm_smo7, unit: Jy km / s, datatype: float64, format: .3f, description: 13co flux in 12co smoothed mask smo7 cube}
# - {name: cotteMk12_sm_smo7, unit: Jy km / s, datatype: float64, format: .3f, description: 13co flux uncertainty in 12co smoothed mask
#     smo7 cube}
# - {name: cottSNRmax_smo7, datatype: float64, format: .3f, description: Maximum SNR of 13co in smo7 cube}
# - {name: cottSNR4pix_smo7, datatype: float64, format: .3f, description: Number of XY pixels with 13co peak Tb > 4 sigma}
# - {name: cottSNR5pix_smo7, datatype: float64, format: .3f, description: Number of XY pixels with 13co peak Tb > 5 sigma}
# delimiter: ','
# meta: !!omap
# - {date: '2023-03-16'}
# - {comments: Integrated CO fluxes from smo7 cubes}
# schema: astropy-2.0
Name,coRactr_smo7,coDectr_smo7,coCtrint_smo7,coNomask_smo7,coeNomask_smo7,coNomaskDv_smo7,coDilated_smo7,coeDilated_smo7,coDilatedDv_smo7,coSmooth_smo7,coeSmooth_smo7,coSmoothDv_smo7,coMask2d_smo7,coeMask2d_smo7,coSNRmax_smo7,coSNR4pix_smo7,coSNR5pix_smo7,cottNomask_smo7,cotteNomask_smo7,cottNomaskDv_smo7,cottDilated_smo7,cotteDilated_smo7,cottDilatedDv_smo7,cottSmooth_smo7,cotteSmooth_smo7,cottSmoothDv_smo7,cottMask2d_smo7,cotteMask2d_smo7,cottMk12_di_smo7,cotteMk12_di_smo7,cottMk12_sm_smo7,cotteMk12_sm_smo7,cottSNRmax_smo7,cottSNR4pix_smo7,cottSNR5pix_smo7
[from data line 67]
NGC5934,232.053333333,42.9298888889,66.18250274658203,87.22,27.93,860.0,89.39,2.15,680.0,93.13,4.01,740.0,65.82,7.96,15.587594032287598,313.0,249.0,9.38,17.84,860.0,nan,nan,nan,nan,nan,nan,nan,nan,7.8,1.34,9.22,2.49,4.0580973625183105,1.0,0.0
NGC5947,232.65,42.7169444444,4.084334373474121,15.62,25.64,860.0,10.12,1.08,140.0,20.75,2.45,280.0,8.51,7.1,6.398046016693115,156.0,60.0,-10.54,16.01,860.0,nan,nan,nan,nan,nan,nan,nan,nan,0.93,0.65,2.63,1.49,4.438241004943848,21.0,0.0
NGC5953,233.634991667,15.1939055556,124.73975372314453,292.12,35.07,860.0,357.64,3.85,420.0,371.19,6.97,440.0,305.37,15.6,79.03872680664062,1219.0,1054.0,14.85,15.19,860.0,22.9,0.98,340.0,27.03,1.95,380.0,20.25,4.82,24.97,1.64,18.45,2.97,14.1159029006958,346.0,230.0
NGC5980,235.376666667,15.7876944444,48.25181198120117,82.43,23.97,700.0,136.98,2.66,540.0,133.89,4.21,580.0,94.95,8.04,27.234399795532227,961.0,733.0,-2.13,11.62,700.0,6.78,0.54,500.0,14.72,1.22,500.0,12.6,2.38,13.7,1.26,11.22,1.99,6.311646461486816,122.0,30.0
NGC6004,237.594583333,18.9392777778,23.864572525024414,67.68,35.78,860.0,73.95,3.17,280.0,69.8,5.31,320.0,18.94,14.85,10.535065650939941,619.0,361.0,4.88,20.27,860.0,nan,nan,nan,nan,nan,nan,nan,nan,7.28,1.76,5.92,2.93,6.065671920776367,57.0,7.0
NGC6021,239.377916667,15.9560555556,7.365152359008789,5.63,46.12,860.0,nan,nan,nan,nan,nan,nan,nan,nan,3.6994035243988037,0.0,0.0,-19.28,23.47,860.0,nan,nan,nan,nan,nan,nan,nan,nan,nan,nan,nan,nan,5.142459869384766,32.0,3.0
NGC6027,239.802083333,20.7633611111,8.075483322143555,29.96,43.47,1240.0,nan,nan,nan,nan,nan,nan,nan,nan,4.725563049316406,42.0,0.0,7.26,18.62,860.0,nan,nan,nan,nan,nan,nan,nan,nan,nan,nan,nan,nan,4.529091835021973,12.0,0.0
NGC6060,241.466666667,21.4849166667,22.88125991821289,74.31,29.6,860.0,134.12,3.44,500.0,118.95,5.38,540.0,76.03,13.86,12.649560928344727,1480.0,1089.0,-5.33,15.49,860.0,5.46,0.68,120.0,nan,nan,nan,nan,nan,9.86,1.76,6.2,2.74,4.568186283111572,11.0,0.0
NGC6063,241.804166667,7.979,-2.5890305042266846,-3.82,45.81,860.0,nan,nan,nan,11.97,2.56,120.0,2.25,7.89,4.912989616394043,59.0,0.0,18.13,21.76,860.0,nan,nan,nan,nan,nan,nan,nan,nan,nan,nan,-0.21,1.19,4.05779504776001,2.0,0.0
NGC6081,243.236666667,9.86711111111,3.316343069076538,2.47,40.09,860.0,nan,nan,nan,nan,nan,nan,nan,nan,4.76893949508667,28.0,0.0,-19.06,21.86,860.0,nan,nan,nan,nan,nan,nan,nan,nan,nan,nan,nan,nan,4.688160419464111,18.0,0.0
NGC6125,244.797916667,57.9841388889,-3.349179267883301,2.67,31.67,860.0,nan,nan,nan,nan,nan,nan,nan,nan,4.2044997215271,12.0,0.0,13.12,17.88,860.0,3.18,0.71,80.0,nan,nan,nan,nan,nan,nan,nan,nan,nan,4.519936561584473,32.0,0.0
NGC6146,246.292916667,40.8928611111,7.413880348205566,-27.56,31.4,860.0,nan,nan,nan,nan,nan,nan,nan,nan,4.549156665802002,16.0,0.0,18.57,22.03,860.0,nan,nan,nan,nan,nan,nan,nan,nan,nan,nan,nan,nan,4.276632308959961,14.0,0.0
NGC6155,246.534583333,48.3668055556,16.051393508911133,18.83,36.2,860.0,82.36,2.94,240.0,69.31,4.59,280.0,49.55,12.29,12.853010177612305,1040.0,795.0,13.37,16.24,860.0,nan,nan,nan,5.41,0.89,140.0,-0.32,2.69,6.09,1.29,4.54,2.01,4.743268966674805,31.0,0.0
NGC6168,247.836666667,20.1856388889,7.721944332122803,-54.87,39.84,860.0,28.22,2.09,280.0,32.26,3.71,300.0,19.69,10.81,6.421030044555664,238.0,81.0,7.55,22.63,860.0,nan,nan,nan,nan,nan,nan,nan,nan,0.68,1.16,0.76,2.05,4.423786640167236,11.0,0.0
NGC6186,248.60625,21.5409166667,116.15077209472656,86.11,38.8,860.0,165.34,3.4,360.0,155.46,5.66,360.0,146.43,13.74,23.1669979095459,720.0,587.0,-18.38,19.97,860.0,9.82,0.84,340.0,nan,nan,nan,nan,nan,14.36,1.71,11.08,2.84,6.544197082519531,35.0,15.0
NGC6301,257.13625,42.3391111111,5.764569282531738,18.36,26.75,860.0,58.3,2.3,460.0,65.21,3.9,500.0,32.39,10.08,10.123173713684082,690.0,397.0,-17.88,19.57,860.0,nan,nan,nan,2.6,1.38,100.0,4.39,4.37,6.19,1.64,4.94,2.77,4.59449577331543,38.0,0.0
NGC6310,256.989583333,60.9901666667,4.638891696929932,-1.74,37.26,860.0,8.09,1.12,160.0,nan,nan,nan,nan,nan,5.607097625732422,54.0,16.0,2.03,19.2,860.0,nan,nan,nan,nan,nan,nan,nan,nan,1.3,0.56,nan,nan,4.179866313934326,5.0,0.0
NGC6314,258.16125,23.2700833333,31.710983276367188,28.04,21.11,660.0,31.36,1.47,540.0,36.3,2.36,540.0,21.37,4.49,7.857848167419434,165.0,76.0,0.63,13.71,660.0,nan,nan,nan,nan,nan,nan,nan,nan,1.96,0.94,1.2,1.5,4.209793567657471,10.0,0.0
NGC6361,259.67125,60.6081666667,122.70735168457031,336.3,30.89,860.0,376.11,3.3,520.0,364.13,5.75,560.0,328.74,12.8,43.56413650512695,1265.0,1132.0,6.39,16.34,860.0,32.01,1.2,540.0,40.35,2.49,580.0,26.5,6.21,31.92,1.73,23.45,3.02,8.133818626403809,538.0,276.0
NGC6394,262.589166667,59.6398888889,21.38323211669922,-19.64,31.01,860.0,37.12,1.88,540.0,45.81,3.2,580.0,27.8,7.12,7.194324016571045,224.0,92.0,31.79,22.14,860.0,nan,nan,nan,nan,nan,nan,nan,nan,4.17,1.31,4.63,2.23,5.074631214141846,57.0,2.0
NGC6478,267.159825,51.1570944444,41.01857376098633,92.58,31.86,820.0,142.94,2.88,580.0,142.86,4.55,560.0,111.78,9.47,19.86328887939453,866.0,738.0,-16.41,17.3,820.0,nan,nan,nan,nan,nan,nan,nan,nan,13.32,1.54,11.95,2.44,4.069587230682373,4.0,0.0
NGC7738,356.008583333,0.516627777778,134.11732482910156,102.99,16.87,780.0,98.72,1.33,540.0,96.53,2.48,560.0,90.91,4.6,35.23654556274414,352.0,272.0,0.64,11.41,780.0,5.56,0.48,480.0,nan,nan,nan,nan,nan,6.61,0.88,3.86,1.64,5.3054070472717285,33.0,4.0
NGC7819,1.10208333333,31.472,29.59031105041504,8.93,30.18,860.0,32.45,1.63,300.0,38.68,3.2,340.0,23.89,8.22,10.253029823303223,156.0,97.0,17.21,16.85,860.0,nan,nan,nan,nan,nan,nan,nan,nan,4.15,0.89,2.75,1.75,5.141031265258789,65.0,4.0
UGC00809,18.9658333333,33.8106944444,6.285003185272217,-14.73,32.32,860.0,5.71,0.87,120.0,8.67,1.61,160.0,6.61,4.94,4.841116428375244,55.0,0.0,-6.54,15.77,860.0,nan,nan,nan,nan,nan,nan,nan,nan,0.24,0.42,0.25,0.77,4.393014430999756,10.0,0.0
UGC03253,79.9245833333,84.0526111111,17.008760452270508,-14.55,31.4,760.0,13.36,1.36,240.0,20.79,2.7,300.0,26.33,6.83,7.253098487854004,58.0,27.0,34.73,16.0,760.0,nan,nan,nan,nan,nan,nan,nan,nan,0.07,0.68,1.34,1.34,4.7799153327941895,24.0,0.0
UGC03539,102.225,66.2616388889,27.89960479736328,53.39,34.23,860.0,55.03,2.09,400.0,53.8,3.92,420.0,40.2,9.54,13.1761474609375,334.0,253.0,7.89,18.88,860.0,nan,nan,nan,nan,nan,nan,nan,nan,5.11,1.13,2.12,2.11,5.654881477355957,85.0,7.0
UGC03969,115.309583333,27.6140555556,24.059274673461914,16.11,29.11,860.0,44.7,1.96,480.0,51.14,3.2,480.0,41.25,6.82,8.496539115905762,261.0,166.0,-1.02,20.81,860.0,nan,nan,nan,nan,nan,nan,nan,nan,5.28,1.37,7.62,2.23,4.8506269454956055,20.0,0.0
UGC03973,115.636666667,49.8096666667,18.482421875,1.4,26.31,720.0,39.06,2.02,380.0,35.38,3.09,340.0,22.0,7.0,6.6644086837768555,430.0,155.0,7.75,18.97,720.0,nan,nan,nan,nan,nan,nan,nan,nan,0.8,1.43,0.91,2.18,4.024133682250977,1.0,0.0
UGC04029,117.079166667,34.3322777778,37.99494171142578,38.81,29.88,860.0,55.21,2.04,380.0,59.46,3.76,400.0,42.28,9.65,14.361055374145508,439.0,324.0,22.69,15.54,860.0,nan,nan,nan,nan,nan,nan,nan,nan,4.19,1.04,2.9,1.91,4.173652648925781,3.0,0.0
UGC04132,119.804166667,32.9146666667,76.13823699951172,97.87,32.71,860.0,181.94,3.16,560.0,174.9,5.23,580.0,134.36,11.39,20.534231185913086,837.0,713.0,-1.49,19.99,860.0,nan,nan,nan,nan,nan,nan,nan,nan,12.85,1.88,8.34,3.12,4.725860595703125,30.0,0.0
UGC04280,123.63875,54.7995555556,19.34105682373047,38.24,37.08,860.0,13.0,1.27,260.0,nan,nan,nan,nan,nan,4.666925430297852,71.0,0.0,-9.93,20.43,860.0,nan,nan,nan,nan,nan,nan,nan,nan,0.46,0.69,nan,nan,5.22131872177124,35.0,4.0
UGC04461,128.344583333,52.5322777778,30.26249885559082,-40.08,35.38,860.0,31.41,1.71,300.0,33.4,2.89,340.0,33.75,6.96,9.822672843933105,242.0,133.0,-32.04,20.15,860.0,nan,nan,nan,nan,nan,nan,nan,nan,2.18,0.95,3.37,1.61,4.015588283538818,1.0,0.0
UGC05108,143.859583333,29.8126111111,41.8189811706543,8.66,26.14,860.0,25.95,1.37,500.0,36.79,2.77,560.0,20.41,6.04,8.23348617553711,94.0,45.0,-9.58,18.51,860.0,nan,nan,nan,nan,nan,nan,nan,nan,2.82,0.95,2.88,1.91,4.330256938934326,11.0,0.0
UGC05111,144.219166667,66.7883055556,32.958194732666016,15.65,26.2,800.0,89.7,2.24,480.0,87.28,3.7,500.0,66.83,8.01,15.821126937866211,656.0,557.0,6.69,15.21,800.0,nan,nan,nan,nan,nan,nan,nan,nan,8.13,1.26,4.39,2.08,5.061301231384277,20.0,1.0
UGC05244,147.199166667,64.1669166667,-2.494753122329712,26.63,43.59,860.0,nan,nan,nan,nan,nan,nan,nan,nan,4.2466230392456055,24.0,0.0,-19.15,20.0,860.0,nan,nan,nan,nan,nan,nan,nan,nan,nan,nan,nan,nan,3.956979990005493,0.0,0.0
UGC05359,149.715,19.2149722222,4.755944728851318,-24.98,25.32,860.0,14.82,1.19,380.0,31.88,3.2,500.0,21.79,8.92,5.962747573852539,133.0,31.0,20.28,18.19,860.0,nan,nan,nan,nan,nan,nan,nan,nan,1.35,0.83,7.77,2.23,5.15226936340332,51.0,2.0
UGC05498NED01,153.015,23.0854444444,28.885469436645508,33.16,41.84,860.0,nan,nan,nan,nan,nan,nan,nan,nan,4.755275249481201,22.0,0.0,6.72,27.48,860.0,nan,nan,nan,nan,nan,nan,nan,nan,nan,nan,nan,nan,4.715987682342529,21.0,0.0
UGC05598,155.558333333,20.5894166667,17.969993591308594,18.24,39.82,860.0,19.17,1.55,280.0,17.99,2.3,220.0,18.83,6.11,6.719289302825928,103.0,38.0,-29.41,24.7,860.0,nan,nan,nan,nan,nan,nan,nan,nan,1.01,0.94,0.39,1.4,4.27400016784668,10.0,0.0
UGC06312,169.500833333,7.84488888889,0.45258504152297974,20.76,33.19,860.0,nan,nan,nan,nan,nan,nan,nan,nan,4.4628705978393555,18.0,0.0,-15.03,21.6,860.0,nan,nan,nan,nan,nan,nan,nan,nan,nan,nan,nan,nan,4.4598774909973145,20.0,0.0
UGC07012,180.512916667,29.8479722222,4.657129764556885,-6.44,32.99,860.0,8.63,1.1,180.0,nan,nan,nan,nan,nan,7.053921222686768,123.0,29.0,-4.92,16.79,860.0,nan,nan,nan,nan,nan,nan,nan,nan,0.15,0.55,nan,nan,4.18927526473999,4.0,0.0
UGC08107,194.915833333,53.3411666667,51.10906219482422,-6.0,25.64,860.0,76.93,2.12,720.0,84.0,3.37,740.0,56.51,6.08,10.853702545166016,353.0,270.0,7.3,18.14,860.0,nan,nan,nan,nan,nan,nan,nan,nan,4.94,1.46,5.67,2.32,4.159268856048584,7.0,0.0
UGC08250,197.58375,32.4831944444,7.256339073181152,-58.0,29.56,860.0,nan,nan,nan,nan,nan,nan,nan,nan,4.049383163452148,4.0,0.0,-6.76,20.04,860.0,nan,nan,nan,nan,nan,nan,nan,nan,nan,nan,nan,nan,4.309656143188477,21.0,0.0
UGC08267,197.797083333,43.7263333333,35.939849853515625,63.88,30.6,860.0,49.46,1.84,480.0,53.3,3.17,500.0,41.69,6.99,11.609504699707031,321.0,227.0,11.67,20.26,860.0,nan,nan,nan,nan,nan,nan,nan,nan,4.41,1.19,2.73,2.05,4.434916019439697,18.0,0.0
UGC09067,212.689166667,15.2093888889,25.332324981689453,-13.12,33.62,860.0,43.86,2.02,420.0,50.36,3.35,460.0,37.05,7.14,10.274861335754395,309.0,211.0,-9.07,22.9,860.0,3.93,0.86,80.0,nan,nan,nan,nan,nan,2.74,1.34,-0.24,2.22,4.328456878662109,7.0,0.0
UGC09476,220.383333333,44.5127777778,3.012113094329834,-18.79,36.86,860.0,57.75,3.22,560.0,62.38,5.53,600.0,38.92,15.57,5.744563102722168,288.0,32.0,-13.42,20.54,860.0,nan,nan,nan,nan,nan,nan,nan,nan,3.16,1.75,5.5,3.0,4.170077323913574,3.0,0.0
UGC09537,222.11125,34.9980555556,14.445680618286133,28.53,26.3,860.0,40.18,2.05,660.0,39.75,3.11,460.0,40.73,7.71,6.705723285675049,267.0,100.0,7.53,19.81,860.0,nan,nan,nan,nan,nan,nan,nan,nan,7.57,1.5,8.08,2.28,3.959026575088501,0.0,0.0
UGC09542,222.255,42.4639166667,17.451906204223633,23.01,30.54,860.0,28.32,1.68,340.0,30.39,2.74,380.0,23.13,7.05,8.018610000610352,333.0,155.0,-6.54,18.96,860.0,nan,nan,nan,nan,nan,nan,nan,nan,2.81,1.02,2.0,1.66,4.244462013244629,6.0,0.0
UGC09665,225.385416667,48.3196944444,22.02810287475586,44.03,37.72,860.0,60.01,2.43,340.0,61.34,3.91,360.0,48.19,9.74,12.066893577575684,379.0,287.0,7.1,17.31,860.0,nan,nan,nan,nan,nan,nan,nan,nan,4.31,1.09,4.83,1.75,4.562935829162598,41.0,0.0
UGC09759,227.67125,55.3492777778,36.46269607543945,88.14,31.6,860.0,45.27,1.88,400.0,46.65,3.22,420.0,31.19,7.24,14.236035346984863,239.0,131.0,-0.66,17.96,860.0,1.9,0.39,120.0,nan,nan,nan,nan,nan,3.61,1.04,2.15,1.79,4.424458980560303,15.0,0.0
UGC09873,232.460833333,42.6289166667,15.717399597167969,-2.04,32.34,860.0,9.79,1.0,200.0,13.63,1.81,180.0,10.8,5.07,6.797250747680664,73.0,31.0,-13.67,19.22,860.0,nan,nan,nan,nan,nan,nan,nan,nan,0.93,0.58,1.12,1.05,4.124556064605713,4.0,0.0
UGC09892,233.21625,41.1914722222,5.281197547912598,-7.82,29.91,860.0,16.58,1.35,300.0,19.8,2.24,320.0,26.35,5.9,5.3046040534973145,121.0,7.0,16.15,17.7,860.0,nan,nan,nan,nan,nan,nan,nan,nan,1.52,0.78,2.18,1.3,4.700404644012451,29.0,0.0
UGC09919,233.915416667,12.6063888889,1.7524363994598389,-39.74,36.15,860.0,10.61,1.25,240.0,6.63,1.82,160.0,0.28,5.43,4.6678619384765625,82.0,0.0,5.2,18.31,860.0,nan,nan,nan,nan,nan,nan,nan,nan,-0.24,0.62,-0.04,0.9,4.379499435424805,13.0,0.0
UGC10043,237.1725,21.86975,22.64423179626465,13.62,38.07,860.0,66.58,2.57,380.0,69.39,4.18,400.0,63.78,9.48,13.352276802062988,348.0,260.0,3.07,18.88,860.0,nan,nan,nan,nan,nan,nan,nan,nan,7.7,1.24,7.05,2.03,4.685055732727051,35.0,0.0
UGC10123,239.7625,51.3046944444,33.54804229736328,79.74,32.83,860.0,96.9,2.5,460.0,106.73,4.73,520.0,79.19,10.65,16.137622833251953,516.0,429.0,1.91,18.42,860.0,6.05,0.65,280.0,nan,nan,nan,nan,nan,9.16,1.37,6.59,2.59,5.104278564453125,62.0,4.0
UGC10205,241.6675,30.0990555556,20.859081268310547,-8.82,29.01,760.0,35.72,1.91,540.0,43.16,3.14,580.0,26.8,6.91,6.596856594085693,216.0,88.0,4.4,18.4,760.0,nan,nan,nan,nan,nan,nan,nan,nan,0.92,1.18,-0.03,1.95,4.0205159187316895,1.0,0.0
UGC10331,244.337916667,59.3201388889,12.162023544311523,30.36,47.12,860.0,nan,nan,nan,nan,nan,nan,nan,nan,4.354457378387451,7.0,0.0,-5.73,25.59,860.0,nan,nan,nan,nan,nan,nan,nan,nan,nan,nan,nan,nan,4.305835723876953,12.0,0.0
UGC10380,246.457916667,16.5760555556,30.801088333129883,-7.12,30.43,860.0,16.5,1.42,400.0,28.17,3.49,400.0,29.31,8.89,5.194980144500732,64.0,4.0,-0.58,21.92,860.0,nan,nan,nan,nan,nan,nan,nan,nan,1.85,0.99,1.83,2.44,5.1503801345825195,22.0,3.0
UGC10384,246.694583333,11.5802777778,41.74480438232422,76.31,28.88,860.0,68.07,1.94,420.0,74.75,3.43,480.0,57.22,7.44,18.06678581237793,362.0,291.0,-1.96,15.43,860.0,2.94,0.57,100.0,nan,nan,nan,nan,nan,6.48,1.01,7.92,1.79,4.244293212890625,4.0,0.0
UGC10710,256.71875,43.1222222222,27.83055305480957,14.46,31.31,860.0,35.47,1.93,540.0,49.35,3.46,580.0,37.59,7.2,7.1536736488342285,138.0,45.0,6.55,21.64,860.0,2.48,0.58,60.0,2.71,1.09,100.0,4.71,3.46,4.67,1.3,6.39,2.33,5.023017883300781,36.0,1.0
