edge_pydb/dat_glob/obs/edge_coflux_e20.csv
# %ECSV 0.9
# ---
# datatype:
# - {name: Name, datatype: string, description: Galaxy Name}
# - {name: coRactr_e20, unit: deg, datatype: float64, format: .4f, description: Reference R.A. of e20 CARMA cube}
# - {name: coDectr_e20, unit: deg, datatype: float64, format: .4f, description: Reference Dec. of e20 CARMA cube}
# - {name: coCtrint_e20, unit: K km / s, datatype: float64, format: .3f, description: Unmasked CO intensity at reference pixel}
# - {name: coDvhel, unit: km / s, datatype: float64, format: .3f, description: Add this to go from LSR to Barycentric frame}
# - {name: coBmaj_e20, unit: arcsec, datatype: float64, format: .3f, description: Beam major axis of e20 co cube}
# - {name: coBmin_e20, unit: arcsec, datatype: float64, format: .3f, description: Beam minor axis of e20 co cube}
# - {name: coBpa_e20, unit: deg, datatype: float64, format: .3f, description: Beam pos ang (deg E of N) of e20 co cube}
# - {name: coNomask_e20, unit: Jy km / s, datatype: float64, format: .3f, description: co flux from unmasked e20 cube}
# - {name: coeNomask_e20, unit: Jy km / s, datatype: float64, format: .3f, description: co flux uncertainty from unmasked e20 cube}
# - {name: coNomaskDv_e20, unit: km / s, datatype: float64, format: .3f, description: co velocity width for unmasked e20 cube}
# - {name: coDilated_e20, unit: Jy km / s, datatype: float64, format: .3f, description: co flux from dilated-masked e20 cube}
# - {name: coeDilated_e20, unit: Jy km / s, datatype: float64, format: .3f, description: co flux uncertainty from dilated-masked e20 cube}
# - {name: coSmooth_e20, unit: Jy km / s, datatype: float64, format: .3f, description: co flux from smoothed-masked e20 cube}
# - {name: coeSmooth_e20, unit: Jy km / s, datatype: float64, format: .3f, description: co flux uncertainty from smoothed-masked e20 cube}
# - {name: coSmoothDv_e20, unit: km / s, datatype: float64, format: .3f, description: co velocity width for smooth-masked e20 cube}
# - {name: coMask2d_e20, unit: Jy km / s, datatype: float64, format: .3f, description: co flux from 2D masked e20 cube}
# - {name: coeMask2d_e20, unit: Jy km / s, datatype: float64, format: .3f, description: co flux uncertainty from 2D masked e20 cube}
# - {name: coSNRmax_e20, datatype: float64, format: .3f, description: Maximum SNR of co in e20 cube}
# - {name: coSNR4pix_e20, datatype: float64, format: .3f, description: Number of XY pixels with co peak Tb > 4 sigma}
# - {name: coSNR5pix_e20, datatype: float64, format: .3f, description: Number of XY pixels with co peak Tb > 5 sigma}
# - {name: cottBmaj_e20, unit: arcsec, datatype: float64, format: .3f, description: Beam major axis of e20 13co cube}
# - {name: cottBmin_e20, unit: arcsec, datatype: float64, format: .3f, description: Beam minor axis of e20 13co cube}
# - {name: cottBpa_e20, unit: deg, datatype: float64, format: .3f, description: Beam pos ang (deg E of N) of e20 13co cube}
# - {name: cottNomask_e20, unit: Jy km / s, datatype: float64, format: .3f, description: 13co flux from unmasked e20 cube}
# - {name: cotteNomask_e20, unit: Jy km / s, datatype: float64, format: .3f, description: 13co flux uncertainty from unmasked e20 cube}
# - {name: cottNomaskDv_e20, unit: km / s, datatype: float64, format: .3f, description: 13co velocity width for unmasked e20 cube}
[...]
#     cube}
# - {name: cottSmooth_e20, unit: Jy km / s, datatype: float64, format: .3f, description: 13co flux from smoothed-masked e20 cube}
# - {name: cotteSmooth_e20, unit: Jy km / s, datatype: float64, format: .3f, description: 13co flux uncertainty from smoothed-masked e20
#     cube}
# - {name: cottSmoothDv_e20, unit: km / s, datatype: float64, format: .3f, description: 13co velocity width for smooth-masked e20 cube}
# - {name: cottMask2d_e20, unit: Jy km / s, datatype: float64, format: .3f, description: 13co flux from 2D masked e20 cube}
# - {name: cotteMask2d_e20, unit: Jy km / s, datatype: float64, format: .3f, description: 13co flux uncertainty from 2D masked e20 cube}
# - {name: cottSNRmax_e20, datatype: float64, format: .3f, description: Maximum SNR of 13co in e20 cube}
# - {name: cottSNR4pix_e20, datatype: float64, format: .3f, description: Number of XY pixels with 13co peak Tb > 4 sigma}
# - {name: cottSNR5pix_e20, datatype: float64, format: .3f, description: Number of XY pixels with 13co peak Tb > 5 sigma}
# delimiter: ','
# meta: !!omap
# - {date: '2020-06-09'}
# schema: astropy-2.0
Name,coRactr_e20,coDectr_e20,coCtrint_e20,coDvhel,coBmaj_e20,coBmin_e20,coBpa_e20,coNomask_e20,coeNomask_e20,coNomaskDv_e20,coDilated_e20,coeDilated_e20,coSmooth_e20,coeSmooth_e20,coSmoothDv_e20,coMask2d_e20,coeMask2d_e20,coSNRmax_e20,coSNR4pix_e20,coSNR5pix_e20,cottBmaj_e20,cottBmin_e20,cottBpa_e20,cottNomask_e20,cotteNomask_e20,cottNomaskDv_e20,cottDilated_e20,cotteDilated_e20,cottSmooth_e20,cotteSmooth_e20,cottSmoothDv_e20,cottMask2d_e20,cotteMask2d_e20,cottSNRmax_e20,cottSNR4pix_e20,cottSNR5pix_e20
[from data line 139]
UGC06312,169.5008,7.8449,-7.878,2.074,7.210,6.830,-9.400,-49.430,86.280,860.000,nan,nan,nan,nan,nan,nan,nan,4.047,3.000,0.000,7.420,7.060,-14.800,-38.650,58.060,860.000,nan,nan,nan,nan,nan,nan,nan,4.377,8.000,0.000
UGC07012,180.5129,29.8480,0.401,-4.818,8.580,6.350,-39.700,40.910,45.530,860.000,6.180,1.310,7.930,2.550,100.000,1.040,8.000,5.262,67.000,4.000,8.890,6.550,-41.200,-6.950,23.370,860.000,nan,nan,nan,nan,nan,nan,nan,4.426,10.000,0.000
UGC07145,182.4625,38.2186,-2.681,-6.498,8.870,6.410,67.600,-12.460,40.130,720.000,nan,nan,nan,nan,nan,nan,nan,3.934,0.000,0.000,9.100,6.500,68.800,2.880,28.360,860.000,nan,nan,6.690,2.250,100.000,12.500,7.060,5.084,46.000,2.000
UGC08004,192.9083,31.3528,3.205,-8.225,9.330,6.570,-65.200,25.970,53.670,860.000,nan,nan,nan,nan,nan,nan,nan,4.521,12.000,0.000,9.410,6.730,-68.500,14.520,36.350,860.000,nan,nan,nan,nan,nan,nan,nan,4.046,2.000,0.000
UGC08107,194.9158,53.3412,47.624,-10.469,8.360,7.320,74.200,-59.060,35.290,860.000,80.670,3.680,105.570,6.990,740.000,63.260,13.380,6.758,247.000,122.000,8.720,7.560,76.600,0.440,24.630,860.000,nan,nan,nan,nan,nan,nan,nan,4.167,3.000,0.000
UGC08231,197.1562,54.0744,3.880,-10.886,9.310,6.340,-86.100,-43.080,54.190,860.000,nan,nan,nan,nan,nan,nan,nan,4.429,14.000,0.000,9.550,6.590,-85.300,-12.490,26.510,860.000,nan,nan,nan,nan,nan,nan,nan,4.461,18.000,0.000
UGC08234,197.1937,62.2717,-5.002,-11.057,8.290,6.890,63.600,-45.030,47.390,860.000,nan,nan,nan,nan,nan,nan,nan,4.131,2.000,0.000,8.570,7.190,65.400,2.800,33.510,860.000,nan,nan,nan,nan,nan,nan,nan,4.060,1.000,0.000
UGC08250,197.5838,32.4832,8.740,-9.511,8.830,6.480,85.600,-50.210,41.850,860.000,nan,nan,nan,nan,nan,nan,nan,4.373,10.000,0.000,9.100,6.570,84.300,-7.390,24.830,860.000,nan,nan,nan,nan,nan,nan,nan,4.250,7.000,0.000
UGC08267,197.7971,43.7263,25.381,-10.493,8.770,6.800,-71.500,-5.740,42.840,860.000,33.760,2.760,52.230,5.780,460.000,20.470,13.300,5.825,167.000,45.000,9.090,7.100,-71.200,1.370,27.670,860.000,nan,nan,nan,nan,nan,nan,nan,3.982,0.000,0.000
UGC08778,208.0279,38.0670,10.962,-12.331,8.480,5.910,88.300,-35.040,47.970,860.000,nan,nan,nan,nan,nan,nan,nan,5.020,22.000,1.000,8.730,6.140,-89.700,-26.210,27.570,860.000,nan,nan,nan,nan,nan,nan,nan,3.999,0.000,0.000
UGC08781,208.0946,21.5394,6.687,-10.988,9.570,6.610,-50.000,-7.030,49.310,860.000,nan,nan,nan,nan,nan,nan,nan,4.407,20.000,0.000,9.960,6.810,-49.700,-1.760,31.110,860.000,nan,nan,nan,nan,nan,nan,nan,4.480,14.000,0.000
UGC09067,212.6892,15.2094,18.704,-11.388,11.200,6.740,-76.800,-7.960,36.430,860.000,31.950,2.510,50.920,5.520,440.000,29.240,12.820,6.768,205.000,83.000,11.720,6.950,-76.300,-7.790,25.250,860.000,nan,nan,nan,nan,nan,nan,nan,4.130,4.000,0.000
UGC09476,220.3833,44.5128,4.327,-14.815,11.120,6.970,-72.000,-53.120,43.790,860.000,nan,nan,47.500,6.320,280.000,21.030,17.540,5.082,131.000,2.000,11.470,7.180,-71.000,8.260,25.010,860.000,nan,nan,nan,nan,nan,nan,nan,3.653,0.000,0.000
UGC09537,222.1113,34.9981,13.932,-15.038,9.340,7.130,-62.400,-22.840,36.090,860.000,nan,nan,nan,nan,nan,nan,nan,4.542,37.000,0.000,9.730,7.430,-61.800,-3.270,26.370,860.000,nan,nan,nan,nan,nan,nan,nan,4.651,20.000,0.000
UGC09542,222.2550,42.4639,10.192,-15.146,8.700,6.170,88.200,23.810,38.400,860.000,14.280,1.690,28.150,4.420,340.000,11.590,12.640,5.012,42.000,1.000,8.870,6.220,88.800,13.070,22.840,860.000,nan,nan,nan,nan,nan,nan,nan,4.040,3.000,0.000
UGC09598,223.7879,43.8186,7.238,-15.382,9.310,6.070,-80.700,-61.140,44.350,860.000,nan,nan,nan,nan,nan,nan,nan,3.827,0.000,0.000,9.530,6.230,-80.700,-9.480,28.030,860.000,nan,nan,nan,nan,nan,nan,nan,4.839,27.000,0.000
UGC09629,224.2967,52.3461,3.884,-15.138,9.920,8.550,-88.600,4.390,50.030,860.000,nan,nan,nan,nan,nan,nan,nan,4.241,4.000,0.000,10.220,8.820,-85.400,26.280,34.740,860.000,nan,nan,nan,nan,nan,nan,nan,4.131,6.000,0.000
UGC09665,225.3854,48.3197,26.958,-15.492,6.980,6.740,49.700,20.730,51.300,860.000,53.170,3.470,75.330,9.470,380.000,67.710,25.690,7.206,176.000,67.000,7.290,7.010,46.700,-3.430,24.990,860.000,nan,nan,10.320,2.320,160.000,10.250,7.210,4.562,24.000,0.000
UGC09759,227.6712,55.3493,28.410,-15.354,8.020,6.060,69.000,5.500,46.820,860.000,32.140,2.610,30.870,5.050,260.000,25.090,13.500,7.372,94.000,41.000,8.230,6.320,70.000,-41.580,25.470,860.000,nan,nan,nan,nan,nan,nan,nan,6.674,173.000,50.000
UGC09873,232.4608,42.6289,9.255,-16.711,11.960,6.260,-71.600,4.530,41.610,860.000,13.590,1.750,15.390,2.640,140.000,14.990,7.860,5.402,88.000,11.000,12.250,6.410,-71.100,-1.610,25.480,860.000,nan,nan,nan,nan,nan,nan,nan,4.215,8.000,0.000
UGC09892,233.2163,41.1915,4.633,-16.859,8.890,6.100,84.600,-76.720,38.890,860.000,nan,nan,nan,nan,nan,nan,nan,4.467,14.000,0.000,9.030,6.280,86.000,-6.790,24.780,860.000,nan,nan,nan,nan,nan,nan,nan,4.002,1.000,0.000
UGC09919,233.9154,12.6064,5.124,-15.658,13.760,6.760,-33.400,7.770,49.420,860.000,nan,nan,nan,nan,nan,nan,nan,4.848,49.000,0.000,14.350,6.960,-33.800,-8.760,25.410,860.000,nan,nan,nan,nan,nan,nan,nan,3.687,0.000,0.000
UGC10043,237.1725,21.8697,36.786,-17.063,7.890,6.370,-52.300,-5.950,72.030,860.000,78.330,4.810,85.320,9.160,400.000,87.180,21.810,7.915,198.000,90.000,8.120,6.560,-52.100,-12.730,32.670,860.000,nan,nan,nan,nan,nan,nan,nan,4.130,4.000,0.000
UGC10097,238.9304,47.8672,9.125,-17.232,8.920,6.430,-87.900,-39.020,41.360,860.000,nan,nan,nan,nan,nan,nan,nan,4.146,9.000,0.000,9.220,6.500,-87.600,-14.410,28.410,860.000,nan,nan,nan,nan,nan,nan,nan,4.210,14.000,0.000
UGC10123,239.7625,51.3047,33.673,-17.031,8.270,6.890,85.700,10.020,48.550,860.000,101.550,4.690,116.750,8.810,500.000,69.340,20.620,9.285,340.000,235.000,8.520,7.200,84.900,-29.090,29.100,860.000,nan,nan,nan,nan,nan,nan,nan,4.214,9.000,0.000
UGC10205,241.6675,30.0991,16.931,-18.060,11.970,6.190,-68.100,-36.640,37.340,760.000,nan,nan,8.950,2.300,120.000,21.260,6.730,4.202,15.000,0.000,12.270,6.220,-68.900,-8.530,26.950,860.000,nan,nan,nan,nan,nan,nan,nan,4.497,24.000,0.000
UGC10257,242.7812,38.2513,-7.863,-18.152,8.160,5.800,87.300,-14.320,91.730,860.000,nan,nan,nan,nan,nan,nan,nan,4.339,6.000,0.000,8.460,6.040,87.700,-15.220,59.370,860.000,nan,nan,nan,nan,nan,nan,nan,4.796,22.000,0.000
UGC10297,243.8704,18.9047,7.265,-17.813,8.980,6.500,-49.500,35.200,61.620,860.000,nan,nan,nan,nan,nan,nan,nan,4.139,9.000,0.000,9.300,6.710,-50.000,-9.450,29.650,860.000,nan,nan,nan,nan,nan,nan,nan,4.092,2.000,0.000
UGC10331,244.3379,59.3201,12.842,-16.463,8.420,6.950,65.500,13.500,46.080,860.000,nan,nan,nan,nan,nan,nan,nan,4.219,7.000,0.000,8.710,7.170,65.200,14.270,24.600,860.000,nan,nan,nan,nan,nan,nan,nan,4.045,2.000,0.000
UGC10337,244.8692,7.2787,1.551,-16.690,8.390,6.360,-43.000,18.580,42.400,860.000,nan,nan,nan,nan,nan,nan,nan,4.726,21.000,0.000,8.720,6.570,-45.000,11.940,30.100,860.000,nan,nan,nan,nan,nan,nan,nan,4.620,12.000,0.000
UGC10380,246.4579,16.5761,25.486,-17.945,9.460,6.610,-48.100,-38.980,43.320,860.000,22.670,2.730,nan,nan,nan,nan,nan,4.421,25.000,0.000,9.890,6.770,-48.200,-34.390,31.400,860.000,nan,nan,nan,nan,nan,nan,nan,5.270,54.000,6.000
UGC10384,246.6946,11.5803,40.463,-17.467,7.220,6.510,-37.900,18.970,39.680,860.000,76.670,3.150,82.940,6.020,440.000,66.100,12.940,11.773,262.000,193.000,7.470,6.720,-43.000,-6.820,22.160,860.000,nan,nan,nan,nan,nan,nan,nan,3.963,0.000,0.000
UGC10650,255.0608,23.1063,1.931,-19.232,8.430,6.340,-57.000,93.280,63.360,860.000,nan,nan,nan,nan,nan,nan,nan,4.640,31.000,0.000,8.730,6.510,-56.000,-4.740,33.220,860.000,nan,nan,nan,nan,nan,nan,nan,4.331,8.000,0.000
UGC10710,256.7188,43.1222,26.599,-19.062,7.610,7.260,-65.800,-52.280,35.610,860.000,24.000,2.060,37.010,4.240,300.000,42.790,10.390,5.277,87.000,3.000,7.950,7.460,-74.700,14.110,25.210,860.000,nan,nan,nan,nan,nan,nan,nan,4.636,12.000,0.000
UGC10796,259.1988,61.9201,-6.449,-16.768,11.000,7.020,-76.100,-9.100,49.970,860.000,nan,nan,nan,nan,nan,nan,nan,4.224,7.000,0.000,11.320,7.200,-74.800,3.620,25.260,860.000,nan,nan,nan,nan,nan,nan,nan,3.681,0.000,0.000
UGC10905,263.5267,25.3440,1.473,-19.790,7.710,6.330,-60.100,12.050,60.380,860.000,nan,nan,nan,nan,nan,nan,nan,4.124,2.000,0.000,8.040,6.540,-58.400,-28.050,41.260,860.000,nan,nan,nan,nan,nan,nan,nan,4.119,2.000,0.000
UGC10972,266.5913,26.5438,-16.436,-19.906,9.210,6.620,-55.500,-56.720,90.540,860.000,nan,nan,nan,nan,nan,nan,nan,3.865,0.000,0.000,9.510,6.820,-55.800,-35.460,49.610,860.000,nan,nan,nan,nan,nan,nan,nan,4.055,3.000,0.000
UGC12864,359.3496,30.9921,10.984,-5.564,6.820,6.110,-76.800,54.020,55.420,860.000,nan,nan,nan,nan,nan,nan,nan,4.477,13.000,0.000,7.000,6.230,-80.200,9.330,30.160,860.000,nan,nan,nan,nan,nan,nan,nan,5.187,20.000,3.000
