edge_pydb/dat_glob/obs/edge_coflux_smo7.csv
# %ECSV 1.0
# ---
# datatype:
# - {name: Name, datatype: string, description: Galaxy Name}
# - {name: coRactr_smo7, unit: deg, datatype: float64, format: .4f, description: Reference R.A. of smo7 CARMA cube}
# - {name: coDectr_smo7, unit: deg, datatype: float64, format: .4f, description: Reference Dec. of smo7 CARMA cube}
# - {name: coCtrint_smo7, unit: K km / s, datatype: float64, format: .3f, description: Unmasked CO intensity at reference pixel}
# - {name: coNomask_smo7, unit: Jy km / s, datatype: float64, format: .3f, description: co flux from unmasked smo7 cube}
# - {name: coeNomask_smo7, unit: Jy km / s, datatype: float64, format: .3f, description: co flux uncertainty from unmasked smo7 cube}
# - {name: coNomaskDv_smo7, unit: km / s, datatype: float64, format: .3f, description: co velocity width for unmasked smo7 cube}
# - {name: coDilated_smo7, unit: Jy km / s, datatype: float64, format: .3f, description: co flux from dilated-masked smo7 cube}
# - {name: coeDilated_smo7, unit: Jy km / s, datatype: float64, format: .3f, description: co flux uncertainty from dilated-masked smo7
#     cube}
# - {name: coDilatedDv_smo7, unit: km / s, datatype: float64, format: .3f, description: co velocity width for dilated-masked smo7 cube}
# - {name: coSmooth_smo7, unit: Jy km / s, datatype: float64, format: .3f, description: co flux from smoothed-masked smo7 cube}
# - {name: coeSmooth_smo7, unit: Jy km / s, datatype: float64, format: .3f, description: co flux uncertainty from smoothed-masked smo7
#     cube}
# - {name: coSmoothDv_smo7, unit: km / s, datatype: float64, format: .3f, description: co velocity width for smooth-masked smo7 cube}
# - {name: coMask2d_smo7, unit: Jy km / s, datatype: float64, format: .3f, description: co flux from 2D masked smo7 cube}
# - {name: coeMask2d_smo7, unit: Jy km / s, datatype: float64, format: .3f, description: co flux uncertainty from 2D masked smo7 cube}
# - {name: coSNRmax_smo7, datatype: float64, format: .3f, description: Maximum SNR of co in smo7 cube}
# - {name: coSNR4pix_smo7, datatype: float64, format: .3f, description: Number of XY pixels with co peak Tb > 4 sigma}
# - {name: coSNR5pix_smo7, datatype: float64, format: .3f, description: Number of XY pixels with co peak Tb > 5 sigma}
# - {name: cottNomask_smo7, unit: Jy km / s, datatype: float64, format: .3f, description: 13co flux from unmasked smo7 cube}
# - {name: cotteNomask_smo7, unit: Jy km / s, datatype: float64, format: .3f, description: 13co flux uncertainty from unmasked smo7 cube}
# - {name: cottNomaskDv_smo7, unit: km / s, datatype: float64, format: .3f, description: 13co velocity width for unmasked smo7 cube}
# - {name: cottDilated_smo7, unit: Jy km / s, datatype: float64, format: .3f, description: 13co flux from dilated-masked smo7 cube}
# - {name: cotteDilated_smo7, unit: Jy km / s, datatype: float64, format: .3f, description: 13co flux uncertainty from dilated-masked
#     smo7 cube}
# - {name: cottDilatedDv_smo7, unit: km / s, datatype: float64, format: .3f, description: 13co velocity width for dilated-masked smo7
#     cube}
# - {name: cottSmooth_smo7, unit: Jy km / s, datatype: float64, format: .3f, description: 13co flux from smoothed-masked smo7 cube}
[...]
# - {name: cottMk12_di_smo7, unit: Jy km / s, datatype: float64, format: .3f, description: 13co flux in 12co dilated mask smo7 cube}
# - {name: cotteMk12_di_smo7, unit: Jy km / s, datatype: float64, format: .3f, description: 13co flux uncertainty in 12co dilated mask
#     smo7 cube}
# - {name: cottMk12_sm_smo7, unit: Jy km / s, datatype: float64, format: .3f, description: 13co flux in 12co smoothed mask smo7 cube}
# - {name: cotteMk12_sm_smo7, unit: Jy km / s, datatype: float64, format: .3f, description: 13co flux uncertainty in 12co smoothed mask
#     smo7 cube}
# - {name: cottSNRmax_smo7, datatype: float64, format: .3f, description: Maximum SNR of 13co in smo7 cube}
# - {name: cottSNR4pix_smo7, datatype: float64, format: .3f, description: Number of XY pixels with 13co peak Tb > 4 sigma}
# - {name: cottSNR5pix_smo7, datatype: float64, format: .3f, description: Number of XY pixels with 13co peak Tb > 5 sigma}
# delimiter: ','
# meta: !!omap
# - {date: '2023-03-16'}
# - {comments: Integrated CO fluxes from smo7 cubes}
# schema: astropy-2.0
Name,coRactr_smo7,coDectr_smo7,coCtrint_smo7,coNomask_smo7,coeNomask_smo7,coNomaskDv_smo7,coDilated_smo7,coeDilated_smo7,coDilatedDv_smo7,coSmooth_smo7,coeSmooth_smo7,coSmoothDv_smo7,coMask2d_smo7,coeMask2d_smo7,coSNRmax_smo7,coSNR4pix_smo7,coSNR5pix_smo7,cottNomask_smo7,cotteNomask_smo7,cottNomaskDv_smo7,cottDilated_smo7,cotteDilated_smo7,cottDilatedDv_smo7,cottSmooth_smo7,cotteSmooth_smo7,cottSmoothDv_smo7,cottMask2d_smo7,cotteMask2d_smo7,cottMk12_di_smo7,cotteMk12_di_smo7,cottMk12_sm_smo7,cotteMk12_sm_smo7,cottSNRmax_smo7,cottSNR4pix_smo7,cottSNR5pix_smo7
ARP220,233.738333333,23.5036666667,516.2120361328125,457.37,33.78,1600.0,448.81,2.84,880.0,488.72,5.87,840.0,520.93,13.64,95.70772552490234,457.0,292.0,-29.43,20.3,1600.0,15.63,0.84,740.0,17.83,1.38,620.0,15.88,3.57,14.02,1.67,15.31,3.44,5.850044250488281,64.0,14.0
IC0480,118.846666667,26.7411111111,33.43143081665039,68.65,32.73,860.0,77.69,2.13,380.0,77.32,3.72,400.0,66.4,8.4,18.944639205932617,407.0,332.0,13.84,17.18,860.0,nan,nan,nan,nan,nan,nan,nan,nan,4.54,1.1,2.41,1.91,5.097535133361816,51.0,2.0
IC0540,142.542916667,7.90275,28.97010040283203,37.44,45.23,860.0,20.03,1.74,240.0,23.15,2.9,260.0,36.47,7.84,6.499837875366211,81.0,31.0,9.72,20.22,860.0,nan,nan,nan,nan,nan,nan,nan,nan,1.8,0.76,2.47,1.26,4.185805320739746,17.0,0.0
IC0944,207.87875,14.0922222222,51.41030502319336,-32.15,29.68,860.0,89.64,2.87,660.0,95.42,4.63,680.0,59.11,9.72,8.430190086364746,513.0,294.0,-3.9,16.68,860.0,nan,nan,nan,nan,nan,nan,nan,nan,8.65,1.57,6.86,2.53,4.5319061279296875,27.0,0.0
IC1151,239.634583333,17.4414444444,6.623892784118652,-23.25,48.52,860.0,nan,nan,nan,nan,nan,nan,nan,nan,4.699942588806152,35.0,0.0,3.97,21.94,860.0,nan,nan,nan,nan,nan,nan,nan,nan,nan,nan,nan,nan,4.55564022064209,25.0,0.0
IC1199,242.642916667,10.0403611111,22.314878463745117,-24.44,31.17,860.0,44.51,2.16,440.0,47.35,3.35,500.0,23.63,8.33,9.489327430725098,379.0,202.0,8.89,15.39,860.0,nan,nan,nan,nan,nan,nan,nan,nan,4.0,1.04,2.67,1.62,4.143141746520996,3.0,0.0
IC1683,20.6620833333,34.4371111111,93.13352966308594,96.54,30.72,860.0,89.21,2.14,480.0,93.19,3.63,540.0,75.71,6.96,19.184354782104492,330.0,266.0,22.92,16.68,860.0,nan,nan,nan,nan,nan,nan,nan,nan,6.43,1.14,4.14,1.93,4.480617523193359,13.0,0.0
IC2247,123.99625,23.1996111111,34.231719970703125,35.86,25.63,860.0,69.79,2.06,460.0,72.19,3.25,500.0,62.1,7.21,12.721165657043457,428.0,332.0,0.65,12.24,860.0,nan,nan,nan,nan,nan,nan,nan,nan,4.67,0.96,2.14,1.52,4.472327709197998,17.0,0.0
IC2487,142.538333333,20.0908333333,17.331405639648438,45.88,34.49,860.0,51.67,2.36,460.0,53.56,3.71,440.0,29.43,9.3,8.60473346710205,365.0,194.0,2.69,17.07,860.0,nan,nan,nan,nan,nan,nan,nan,nan,3.84,1.14,2.72,1.79,5.159538269042969,26.0,3.0
IC4566,234.175833333,43.5393055556,3.9094340801239014,15.11,30.27,860.0,50.72,2.31,440.0,54.94,3.68,460.0,34.45,8.48,8.099281311035156,474.0,233.0,2.94,19.48,860.0,nan,nan,nan,nan,nan,nan,nan,nan,6.81,1.45,9.71,2.31,4.660714149475098,14.0,0.0
IC5376,0.3325,34.5256666667,7.540372371673584,-11.23,30.99,860.0,13.98,1.31,320.0,33.23,3.21,580.0,21.71,8.09,4.644647598266602,42.0,0.0,-16.99,17.2,860.0,nan,nan,nan,nan,nan,nan,nan,nan,0.47,0.71,-1.24,1.74,4.487113952636719,24.0,0.0
NGC0444,18.9566666667,31.0806111111,5.031947135925293,0.49,35.96,860.0,nan,nan,nan,nan,nan,nan,nan,nan,4.510300636291504,28.0,0.0,-5.08,19.41,860.0,2.58,0.61,100.0,nan,nan,nan,nan,nan,nan,nan,nan,nan,4.288366794586182,10.0,0.0
NGC0447,18.9066666667,33.0677777778,35.058284759521484,12.9,25.42,860.0,34.5,1.57,260.0,40.85,3.34,340.0,32.77,8.94,13.945660591125488,309.0,190.0,4.6,15.39,860.0,nan,nan,nan,nan,nan,nan,nan,nan,2.5,0.92,3.4,1.96,4.525355815887451,32.0,0.0
NGC0477,20.3354166667,40.4881388889,7.931397438049316,12.65,32.33,860.0,42.7,2.44,380.0,46.72,3.9,380.0,16.44,10.24,7.444036483764648,187.0,46.0,8.29,20.3,860.0,nan,nan,nan,nan,nan,nan,nan,nan,4.39,1.5,3.56,2.39,4.002655506134033,1.0,0.0
NGC0496,20.7983333333,33.5292777778,19.386661529541016,44.05,28.47,860.0,41.8,1.71,280.0,43.83,3.2,340.0,29.89,8.33,11.970998764038086,490.0,354.0,14.52,19.38,860.0,nan,nan,nan,nan,nan,nan,nan,nan,4.79,1.14,3.33,2.13,4.5766706466674805,35.0,0.0
NGC0523,21.33625,34.0249444444,25.43645668029785,37.97,31.52,860.0,96.53,2.67,520.0,100.76,5.07,560.0,61.59,12.49,15.623775482177734,607.0,456.0,11.41,16.72,860.0,nan,nan,nan,nan,nan,nan,nan,nan,4.6,1.38,1.44,2.62,4.942728042602539,28.0,0.0
NGC0528,21.39,33.6714444444,12.146086692810059,31.9,30.32,860.0,nan,nan,nan,nan,nan,nan,nan,nan,4.635830879211426,16.0,0.0,17.47,17.21,860.0,nan,nan,nan,nan,nan,nan,nan,nan,nan,nan,nan,nan,4.455529689788818,11.0,0.0
NGC0551,21.9191666667,37.1829722222,1.57106351852417,-0.45,27.1,860.0,38.59,1.99,400.0,40.59,3.17,440.0,34.91,8.21,9.224080085754395,364.0,167.0,-29.41,15.51,860.0,nan,nan,nan,nan,nan,nan,nan,nan,1.9,1.11,1.17,1.77,4.410248756408691,15.0,0.0
NGC1167,45.42625,35.2056111111,3.9241111278533936,34.97,30.53,860.0,15.48,1.64,200.0,38.53,4.73,580.0,-0.71,14.16,5.989215850830078,162.0,38.0,15.95,17.1,860.0,nan,nan,nan,nan,nan,nan,nan,nan,1.62,0.89,8.66,2.57,4.541445255279541,32.0,0.0
NGC2253,100.924166667,65.2063611111,61.52436447143555,70.71,32.67,860.0,167.17,3.39,320.0,154.26,5.62,360.0,128.14,14.43,20.314271926879883,1595.0,1357.0,-2.9,16.91,860.0,nan,nan,nan,10.0,1.64,600.0,1.24,5.0,11.05,1.71,6.47,2.83,5.715909481048584,77.0,13.0
NGC2347,109.017083333,64.7113333333,30.866474151611328,32.42,26.12,860.0,81.58,2.34,500.0,87.67,4.25,520.0,42.01,10.1,17.652780532836914,631.0,453.0,-12.52,13.63,860.0,2.88,0.41,140.0,4.51,0.93,200.0,8.42,2.84,9.29,1.19,11.84,2.16,6.044829368591309,39.0,13.0
NGC2410,113.759583333,32.8221111111,21.44072914123535,43.57,36.32,860.0,83.4,2.86,540.0,92.05,4.74,580.0,62.05,11.04,8.34310531616211,599.0,361.0,2.43,18.13,860.0,5.58,0.92,280.0,nan,nan,nan,nan,nan,7.35,1.41,7.81,2.35,5.526348114013672,82.0,9.0
NGC2480,119.293333333,23.7798055556,9.578923225402832,21.64,36.43,860.0,12.55,1.21,100.0,14.63,2.31,140.0,12.1,6.81,8.143783569335938,157.0,90.0,-0.4,16.23,860.0,nan,nan,nan,nan,nan,nan,nan,nan,0.67,0.53,0.09,1.01,4.203597068786621,22.0,0.0
NGC2486,119.485416667,25.1608611111,2.3214614391326904,9.87,55.97,860.0,nan,nan,nan,nan,nan,nan,nan,nan,4.777371883392334,34.0,0.0,-2.6,28.11,860.0,nan,nan,nan,nan,nan,nan,nan,nan,nan,nan,nan,nan,4.2477827072143555,7.0,0.0
NGC2487,119.585416667,25.1492222222,36.563819885253906,29.34,37.35,860.0,53.29,2.86,260.0,61.45,5.37,300.0,12.04,14.86,9.326105117797852,263.0,96.0,-36.41,22.07,860.0,nan,nan,nan,nan,nan,nan,nan,nan,2.88,1.65,-0.41,3.09,4.563754558563232,19.0,0.0
NGC2623,129.600416667,25.7547222222,189.5704803466797,136.2,19.19,860.0,123.97,1.52,600.0,128.96,2.81,620.0,114.26,5.05,45.94678497314453,299.0,239.0,10.77,12.02,820.0,nan,nan,nan,nan,nan,nan,nan,nan,5.69,0.96,3.67,1.76,5.142213344573975,28.0,2.0
NGC2639,130.90875,50.2055277778,12.090164184570312,55.44,34.79,860.0,103.49,3.42,760.0,103.25,5.05,700.0,69.65,11.07,14.874202728271484,698.0,395.0,-14.95,17.76,860.0,5.23,0.59,640.0,3.7,0.74,120.0,-0.56,2.25,9.58,1.69,7.55,2.51,5.117595195770264,35.0,1.0
NGC2730,135.565833333,16.8382777778,4.609797477722168,-32.64,32.48,860.0,31.37,2.26,200.0,35.68,4.22,260.0,24.36,12.44,6.348438739776611,242.0,52.0,-15.42,18.86,860.0,nan,nan,nan,nan,nan,nan,nan,nan,0.22,1.28,-1.39,2.39,5.185201644897461,50.0,3.0
NGC2880,142.394166667,62.4905555556,8.489378929138184,29.3,33.71,720.0,nan,nan,nan,nan,nan,nan,nan,nan,5.111546993255615,43.0,3.0,7.7,15.01,720.0,nan,nan,nan,nan,nan,nan,nan,nan,nan,nan,nan,nan,3.9960741996765137,0.0,0.0
NGC2906,143.025833333,8.44177777778,22.732383728027344,-10.21,37.85,860.0,91.2,3.27,400.0,88.04,5.06,440.0,46.51,12.6,12.028772354125977,789.0,551.0,-9.55,17.16,860.0,nan,nan,nan,nan,nan,nan,nan,nan,9.56,1.45,6.56,2.24,4.380038261413574,17.0,0.0
NGC2916,143.74,21.70525,-0.49685829877853394,26.92,34.4,860.0,28.57,2.09,420.0,43.74,4.9,460.0,30.01,14.86,8.064006805419922,237.0,84.0,-9.71,20.75,860.0,nan,nan,nan,nan,nan,nan,nan,nan,3.07,1.23,6.25,2.87,4.817732334136963,19.0,0.0
NGC2918,143.933333333,31.7054722222,-0.08216339349746704,0.18,34.77,820.0,nan,nan,nan,nan,nan,nan,nan,nan,4.19070291519165,7.0,0.0,22.75,21.48,820.0,2.14,0.45,100.0,nan,nan,nan,nan,nan,nan,nan,nan,nan,4.784630298614502,52.0,0.0
NGC3303,159.250416667,18.1358888889,37.8179931640625,83.65,31.63,860.0,32.11,1.77,500.0,35.21,2.58,380.0,31.37,5.92,7.458241939544678,104.0,39.0,-16.15,20.75,860.0,nan,nan,nan,nan,nan,nan,nan,nan,1.5,1.14,1.68,1.66,4.386457443237305,20.0,0.0
NGC3381,162.103333333,34.7114166667,9.887134552001953,-21.22,42.26,800.0,15.77,1.74,120.0,21.65,3.42,160.0,12.2,9.93,8.444050788879395,180.0,58.0,-22.86,18.34,800.0,nan,nan,nan,nan,nan,nan,nan,nan,2.17,0.74,2.27,1.45,3.8867995738983154,0.0,0.0
NGC3687,172.0025,29.5110555556,4.918911457061768,1.08,44.68,860.0,nan,nan,nan,16.94,3.52,180.0,17.88,10.65,4.7972002029418945,52.0,0.0,-17.14,20.17,860.0,nan,nan,nan,nan,nan,nan,nan,nan,nan,nan,-0.08,1.55,4.2789130210876465,18.0,0.0
NGC3811,175.319166667,47.6908055556,67.29547119140625,62.42,34.36,860.0,95.97,3.14,320.0,91.85,5.12,380.0,45.31,13.25,18.574071884155273,715.0,463.0,2.8,17.77,860.0,nan,nan,nan,nan,nan,nan,nan,nan,6.92,1.58,2.98,2.58,4.4563775062561035,8.0,0.0
NGC3815,175.41375,24.8005,11.804953575134277,28.59,32.57,860.0,44.65,2.03,400.0,52.02,3.82,420.0,32.87,9.68,10.911457061767578,378.0,224.0,11.94,19.02,860.0,nan,nan,nan,nan,nan,nan,nan,nan,4.66,1.15,5.87,2.18,3.903979539871216,0.0,0.0
NGC3994,179.40375,32.2776111111,42.31049346923828,29.08,35.69,860.0,77.52,2.61,500.0,85.59,4.46,520.0,56.92,9.19,16.507234573364258,323.0,242.0,24.42,18.51,860.0,nan,nan,nan,nan,nan,nan,nan,nan,7.66,1.32,7.08,2.25,4.752906322479248,44.0,0.0
NGC4047,180.71125,48.6361944444,44.52153778076172,133.75,37.18,860.0,197.68,3.38,340.0,185.95,5.58,440.0,158.94,12.42,28.818912506103516,1188.0,1015.0,5.9,20.29,860.0,16.66,1.08,340.0,19.08,1.75,380.0,13.29,4.34,17.51,1.8,11.66,2.97,6.827280521392822,199.0,82.0
NGC4149,182.636666667,58.3041388889,53.842525482177734,81.32,35.31,860.0,77.26,2.27,500.0,78.58,4.04,540.0,74.68,8.02,15.909369468688965,342.0,285.0,-14.22,17.37,860.0,2.01,0.35,100.0,5.19,0.99,480.0,6.82,2.41,6.32,1.09,4.51,1.93,5.208427429199219,43.0,4.0
NGC4185,183.3425,28.5109722222,-1.1543505191802979,-5.7,39.31,860.0,13.12,1.6,120.0,51.85,5.45,420.0,18.91,16.06,6.895175933837891,189.0,41.0,-13.0,22.03,860.0,nan,nan,nan,nan,nan,nan,nan,nan,2.81,0.88,11.0,2.97,5.202144622802734,43.0,2.0
NGC4210,183.815958333,65.9853333333,3.3454487323760986,-12.85,27.67,800.0,49.97,2.46,300.0,46.75,3.79,340.0,15.46,10.41,10.156327247619629,704.0,415.0,1.32,14.86,800.0,nan,nan,nan,nan,nan,nan,nan,nan,3.44,1.29,2.48,1.99,4.165325164794922,11.0,0.0
NGC4211NED02,183.905416667,28.1696111111,33.524383544921875,-24.13,35.05,760.0,17.29,1.34,300.0,24.59,3.1,320.0,20.08,7.34,7.047414779663086,81.0,40.0,7.39,21.0,760.0,nan,nan,nan,nan,nan,nan,nan,nan,1.91,0.78,3.4,1.81,3.8585174083709717,0.0,0.0
NGC4470,187.4075,7.82419444444,11.992179870605469,27.5,40.09,860.0,35.87,2.38,160.0,34.4,4.15,240.0,35.5,12.07,11.23832893371582,507.0,269.0,-0.84,19.54,860.0,nan,nan,nan,nan,nan,nan,nan,nan,2.8,1.13,2.19,1.98,4.640600681304932,15.0,0.0
NGC4644,190.677916667,55.1455277778,4.7596516609191895,-11.99,24.26,860.0,28.99,1.54,420.0,30.27,2.59,420.0,13.84,6.42,8.5504732131958,367.0,188.0,-12.62,13.57,860.0,nan,nan,nan,nan,nan,nan,nan,nan,2.2,0.84,2.11,1.41,4.2649970054626465,12.0,0.0
NGC4676A,191.542083333,30.7319166667,95.61388397216797,59.63,35.18,780.0,75.78,2.3,540.0,97.29,5.16,560.0,89.26,11.48,16.922033309936523,177.0,130.0,-19.84,17.86,780.0,nan,nan,nan,nan,nan,nan,nan,nan,6.2,1.18,7.21,2.64,4.2358317375183105,19.0,0.0
NGC4711,192.19125,35.3326944444,11.494294166564941,34.94,32.03,720.0,41.48,2.2,320.0,44.4,3.76,360.0,30.41,9.4,10.800272941589355,482.0,257.0,-7.89,16.73,720.0,nan,nan,nan,nan,nan,nan,nan,nan,3.86,1.12,3.83,1.91,4.410496711730957,9.0,0.0
NGC4961,196.448333333,27.7341388889,7.174624443054199,8.7,37.99,860.0,21.63,1.68,200.0,19.99,2.67,240.0,19.63,7.19,7.341892719268799,259.0,104.0,-5.59,17.15,860.0,nan,nan,nan,nan,nan,nan,nan,nan,1.15,0.74,1.54,1.18,5.27596378326416,80.0,4.0
NGC5000,197.447916667,28.9069444444,53.56135559082031,19.41,28.58,860.0,43.89,1.79,240.0,41.91,3.02,260.0,38.48,8.17,19.702537536621094,343.0,220.0,2.12,17.06,860.0,nan,nan,nan,nan,nan,nan,nan,nan,2.47,1.05,0.95,1.76,4.348357677459717,14.0,0.0
NGC5016,198.027916667,24.095,11.480111122131348,37.53,35.71,860.0,68.14,2.65,280.0,59.3,4.5,320.0,39.41,12.16,10.890933990478516,782.0,537.0,-10.84,18.16,860.0,nan,nan,nan,nan,nan,nan,nan,nan,6.1,1.31,5.1,2.24,5.390726566314697,24.0,5.0
NGC5056,199.05125,30.9503055556,18.941551208496094,-11.14,28.96,860.0,40.01,1.89,360.0,41.11,3.12,420.0,24.53,7.8,8.31307601928711,418.0,216.0,20.19,17.4,860.0,nan,nan,nan,nan,nan,nan,nan,nan,3.24,1.11,2.74,1.82,4.378056049346924,6.0,0.0
NGC5205,202.515,62.5115555556,4.492917060852051,24.93,42.45,860.0,24.08,2.1,240.0,38.72,5.19,320.0,15.75,15.1,5.624539375305176,213.0,34.0,-3.07,18.85,860.0,nan,nan,nan,nan,nan,nan,nan,nan,2.48,0.91,0.74,2.24,4.1953444480896,4.0,0.0
NGC5218,203.043333333,62.7677222222,409.04522705078125,388.05,36.03,860.0,426.01,4.33,460.0,488.71,9.12,480.0,407.24,22.12,93.16932678222656,950.0,800.0,40.36,17.22,860.0,17.86,0.78,300.0,22.94,1.6,360.0,17.7,3.88,20.96,2.01,23.09,4.22,16.21238136291504,170.0,116.0
NGC5394,209.638333333,37.4536388889,82.28109741210938,165.72,38.68,860.0,168.6,2.06,220.0,164.43,3.83,260.0,157.92,9.07,71.03075408935547,405.0,354.0,-14.64,21.11,860.0,8.23,0.67,160.0,9.08,1.36,180.0,9.94,3.86,7.84,1.1,8.18,2.04,9.141366958618164,161.0,106.0
NGC5406,210.08375,38.9154166667,5.254114151000977,-10.85,34.08,860.0,63.11,3.14,420.0,84.41,5.88,480.0,40.08,15.83,5.563819408416748,263.0,25.0,4.76,20.4,860.0,nan,nan,nan,nan,nan,nan,nan,nan,2.5,1.83,4.06,3.43,4.541253089904785,17.0,0.0
NGC5480,211.59,50.7250555556,28.010265350341797,59.7,37.4,860.0,140.07,3.68,280.0,116.25,6.33,280.0,87.22,18.15,15.698867797851562,1552.0,1247.0,-15.93,15.84,860.0,8.17,0.75,120.0,13.27,1.49,280.0,15.29,4.11,13.56,1.52,10.74,2.6,5.5903639793396,134.0,17.0
NGC5485,211.797083333,55.0016388889,7.386788845062256,23.93,36.62,860.0,nan,nan,nan,nan,nan,nan,nan,nan,5.401905536651611,26.0,7.0,-12.49,15.99,860.0,2.21,0.49,100.0,nan,nan,nan,nan,nan,nan,nan,nan,nan,4.198709487915039,10.0,0.0
NGC5520,213.095,50.3484166667,28.056861877441406,36.28,34.79,860.0,65.25,2.42,340.0,61.13,4.04,360.0,36.66,9.71,14.017062187194824,503.0,376.0,14.28,15.68,860.0,nan,nan,nan,nan,nan,nan,nan,nan,6.51,1.06,4.79,1.76,4.355335235595703,23.0,0.0
NGC5614,216.031666667,34.8588611111,74.9764404296875,124.74,44.89,860.0,212.99,4.17,420.0,209.76,7.28,440.0,157.22,17.12,21.2536563873291,879.0,712.0,-5.53,20.82,860.0,4.28,0.59,140.0,nan,nan,nan,nan,nan,11.68,1.89,7.39,3.29,5.938094615936279,90.0,18.0
NGC5633,216.868333333,46.1465833333,26.24842643737793,113.29,37.22,860.0,134.84,3.07,340.0,131.3,5.53,380.0,99.62,13.98,19.105003356933594,982.0,844.0,-25.89,17.36,860.0,10.87,0.85,320.0,13.82,1.56,380.0,6.88,4.2,11.67,1.4,12.21,2.51,5.894101619720459,108.0,31.0
NGC5657,217.681666667,29.1808333333,41.338417053222656,19.18,34.47,820.0,28.31,1.74,360.0,37.83,3.03,380.0,42.98,6.04,7.46783447265625,109.0,43.0,-17.72,22.34,820.0,nan,nan,nan,nan,nan,nan,nan,nan,-0.2,1.1,1.64,1.92,4.3188862800598145,12.0,0.0
NGC5682,218.6875,48.6702222222,3.6485230922698975,-12.16,38.71,860.0,nan,nan,nan,nan,nan,nan,nan,nan,4.040132522583008,1.0,0.0,13.13,18.17,860.0,nan,nan,nan,nan,nan,nan,nan,nan,nan,nan,nan,nan,4.4602813720703125,12.0,0.0
NGC5732,220.162083333,38.6378333333,10.887005805969238,-4.48,38.12,860.0,18.02,1.68,280.0,12.52,2.12,140.0,15.75,6.21,5.511227130889893,86.0,11.0,-14.88,19.99,860.0,nan,nan,nan,nan,nan,nan,nan,nan,1.15,0.86,1.12,1.09,4.99586820602417,63.0,0.0
NGC5784,223.568333333,42.5578888889,18.736225128173828,1.34,26.43,860.0,31.18,1.67,580.0,38.59,2.99,620.0,29.09,6.04,9.59339714050293,202.0,110.0,3.75,15.53,860.0,nan,nan,nan,nan,nan,nan,nan,nan,4.24,0.96,5.39,1.72,3.872464179992676,0.0,0.0
NGC5876,227.381666667,54.5064722222,4.361591815948486,-18.01,35.7,860.0,nan,nan,nan,nan,nan,nan,nan,nan,4.902249336242676,32.0,0.0,-17.71,20.88,860.0,nan,nan,nan,nan,nan,nan,nan,nan,nan,nan,nan,nan,4.093821048736572,2.0,0.0
NGC5908,229.18,55.4095555556,55.507591247558594,342.48,26.31,860.0,393.07,3.8,740.0,392.73,6.98,800.0,437.15,16.31,34.589534759521484,1340.0,1168.0,55.75,14.4,860.0,38.91,1.26,740.0,45.95,2.23,820.0,34.99,4.55,42.18,2.02,35.48,3.71,8.936142921447754,561.0,364.0
