edge_pydb/dat_glob/obs/edge_coflux_e20.csv
# %ECSV 0.9
# ---
# datatype:
# - {name: Name, datatype: string, description: Galaxy Name}
# - {name: coRactr_e20, unit: deg, datatype: float64, format: .4f, description: Reference R.A. of e20 CARMA cube}
# - {name: coDectr_e20, unit: deg, datatype: float64, format: .4f, description: Reference Dec. of e20 CARMA cube}
# - {name: coCtrint_e20, unit: K km / s, datatype: float64, format: .3f, description: Unmasked CO intensity at reference pixel}
# - {name: coDvhel, unit: km / s, datatype: float64, format: .3f, description: Add this to go from LSR to Barycentric frame}
# - {name: coBmaj_e20, unit: arcsec, datatype: float64, format: .3f, description: Beam major axis of e20 co cube}
# - {name: coBmin_e20, unit: arcsec, datatype: float64, format: .3f, description: Beam minor axis of e20 co cube}
# - {name: coBpa_e20, unit: deg, datatype: float64, format: .3f, description: Beam pos ang (deg E of N) of e20 co cube}
# - {name: coNomask_e20, unit: Jy km / s, datatype: float64, format: .3f, description: co flux from unmasked e20 cube}
# - {name: coeNomask_e20, unit: Jy km / s, datatype: float64, format: .3f, description: co flux uncertainty from unmasked e20 cube}
# - {name: coNomaskDv_e20, unit: km / s, datatype: float64, format: .3f, description: co velocity width for unmasked e20 cube}
# - {name: coDilated_e20, unit: Jy km / s, datatype: float64, format: .3f, description: co flux from dilated-masked e20 cube}
# - {name: coeDilated_e20, unit: Jy km / s, datatype: float64, format: .3f, description: co flux uncertainty from dilated-masked e20 cube}
# - {name: coSmooth_e20, unit: Jy km / s, datatype: float64, format: .3f, description: co flux from smoothed-masked e20 cube}
# - {name: coeSmooth_e20, unit: Jy km / s, datatype: float64, format: .3f, description: co flux uncertainty from smoothed-masked e20 cube}
# - {name: coSmoothDv_e20, unit: km / s, datatype: float64, format: .3f, description: co velocity width for smooth-masked e20 cube}
# - {name: coMask2d_e20, unit: Jy km / s, datatype: float64, format: .3f, description: co flux from 2D masked e20 cube}
# - {name: coeMask2d_e20, unit: Jy km / s, datatype: float64, format: .3f, description: co flux uncertainty from 2D masked e20 cube}
# - {name: coSNRmax_e20, datatype: float64, format: .3f, description: Maximum SNR of co in e20 cube}
# - {name: coSNR4pix_e20, datatype: float64, format: .3f, description: Number of XY pixels with co peak Tb > 4 sigma}
# - {name: coSNR5pix_e20, datatype: float64, format: .3f, description: Number of XY pixels with co peak Tb > 5 sigma}
# - {name: cottBmaj_e20, unit: arcsec, datatype: float64, format: .3f, description: Beam major axis of e20 13co cube}
# - {name: cottBmin_e20, unit: arcsec, datatype: float64, format: .3f, description: Beam minor axis of e20 13co cube}
# - {name: cottBpa_e20, unit: deg, datatype: float64, format: .3f, description: Beam pos ang (deg E of N) of e20 13co cube}
# - {name: cottNomask_e20, unit: Jy km / s, datatype: float64, format: .3f, description: 13co flux from unmasked e20 cube}
# - {name: cotteNomask_e20, unit: Jy km / s, datatype: float64, format: .3f, description: 13co flux uncertainty from unmasked e20 cube}
# - {name: cottNomaskDv_e20, unit: km / s, datatype: float64, format: .3f, description: 13co velocity width for unmasked e20 cube}
[...]
#     cube}
# - {name: cottSmooth_e20, unit: Jy km / s, datatype: float64, format: .3f, description: 13co flux from smoothed-masked e20 cube}
# - {name: cotteSmooth_e20, unit: Jy km / s, datatype: float64, format: .3f, description: 13co flux uncertainty from smoothed-masked e20
#     cube}
# - {name: cottSmoothDv_e20, unit: km / s, datatype: float64, format: .3f, description: 13co velocity width for smooth-masked e20 cube}
# - {name: cottMask2d_e20, unit: Jy km / s, datatype: float64, format: .3f, description: 13co flux from 2D masked e20 cube}
# - {name: cotteMask2d_e20, unit: Jy km / s, datatype: float64, format: .3f, description: 13co flux uncertainty from 2D masked e20 cube}
# - {name: cottSNRmax_e20, datatype: float64, format: .3f, description: Maximum SNR of 13co in e20 cube}
# - {name: cottSNR4pix_e20, datatype: float64, format: .3f, description: Number of XY pixels with 13co peak Tb > 4 sigma}
# - {name: cottSNR5pix_e20, datatype: float64, format: .3f, description: Number of XY pixels with 13co peak Tb > 5 sigma}
# delimiter: ','
# meta: !!omap
# - {date: '2020-06-09'}
# schema: astropy-2.0
Name,coRactr_e20,coDectr_e20,coCtrint_e20,coDvhel,coBmaj_e20,coBmin_e20,coBpa_e20,coNomask_e20,coeNomask_e20,coNomaskDv_e20,coDilated_e20,coeDilated_e20,coSmooth_e20,coeSmooth_e20,coSmoothDv_e20,coMask2d_e20,coeMask2d_e20,coSNRmax_e20,coSNR4pix_e20,coSNR5pix_e20,cottBmaj_e20,cottBmin_e20,cottBpa_e20,cottNomask_e20,cotteNomask_e20,cottNomaskDv_e20,cottDilated_e20,cotteDilated_e20,cottSmooth_e20,cotteSmooth_e20,cottSmoothDv_e20,cottMask2d_e20,cotteMask2d_e20,cottSNRmax_e20,cottSNR4pix_e20,cottSNR5pix_e20
ARP220,233.7383,23.5037,374.232,-16.613,12.390,6.060,-66.500,300.050,47.410,1600.000,452.590,5.360,476.660,8.680,780.000,433.870,18.660,42.650,433.000,312.000,12.850,6.240,-65.800,-60.450,29.310,1600.000,nan,nan,nan,nan,nan,nan,nan,4.277,15.000,0.000
IC0480,118.8467,26.7411,27.309,9.209,7.870,6.440,-87.300,16.190,57.340,860.000,76.820,4.170,106.340,10.030,420.000,91.130,25.630,8.354,179.000,114.000,8.060,6.630,87.700,6.290,29.350,860.000,nan,nan,nan,nan,nan,nan,nan,4.106,7.000,0.000
IC0540,142.5429,7.9028,30.111,9.316,7.400,6.590,-22.600,-65.520,74.760,860.000,nan,nan,nan,nan,nan,nan,nan,4.453,16.000,0.000,7.740,6.700,-26.300,24.910,32.450,860.000,nan,nan,nan,nan,nan,nan,nan,4.346,14.000,0.000
IC0944,207.8787,14.0922,41.464,-10.014,13.500,6.450,-73.200,-55.610,34.460,860.000,82.270,4.170,89.980,6.650,640.000,64.170,14.440,6.982,350.000,104.000,14.040,6.650,-72.800,-6.140,20.540,860.000,nan,nan,nan,nan,nan,nan,nan,4.658,18.000,0.000
IC1151,239.6346,17.4414,1.063,-17.096,8.270,6.570,-41.600,-121.900,75.220,860.000,nan,nan,nan,nan,nan,nan,nan,4.390,9.000,0.000,8.660,6.780,-41.600,-11.700,32.990,860.000,nan,nan,nan,nan,nan,nan,nan,4.403,26.000,0.000
IC1199,242.6429,10.0404,23.082,-16.748,8.630,6.220,-50.800,-21.370,52.470,860.000,nan,nan,38.690,7.570,340.000,11.490,20.960,4.370,13.000,0.000,9.010,6.410,-51.000,11.570,26.060,860.000,nan,nan,nan,nan,nan,nan,nan,4.323,8.000,0.000
IC1256,260.9471,26.4865,-1.950,-19.712,8.570,6.010,-59.200,35.120,117.520,860.000,nan,nan,nan,nan,nan,nan,nan,4.746,18.000,0.000,9.020,6.250,-58.100,-5.590,66.810,860.000,nan,nan,nan,nan,nan,nan,nan,4.220,9.000,0.000
IC1683,20.6621,34.4371,64.616,-0.830,11.350,6.740,64.100,21.900,43.080,860.000,86.380,4.020,92.500,6.760,420.000,66.890,13.440,10.100,256.000,157.000,11.870,6.850,64.400,-11.270,23.900,860.000,nan,nan,nan,nan,nan,nan,nan,4.014,1.000,0.000
IC2247,123.9963,23.1996,40.349,9.443,10.080,6.690,-52.700,-31.530,46.970,860.000,80.280,4.240,106.970,7.990,480.000,108.600,17.570,6.955,282.000,160.000,10.230,6.850,-54.300,7.770,25.540,860.000,nan,nan,nan,nan,nan,nan,nan,4.544,28.000,0.000
IC2487,142.5383,20.0908,14.173,6.711,11.360,7.840,-85.300,-6.540,47.730,860.000,36.570,3.400,56.940,6.830,420.000,26.170,17.290,5.052,133.000,2.000,11.740,7.970,-86.700,3.520,25.170,860.000,nan,nan,nan,nan,nan,nan,nan,3.876,0.000,0.000
IC4566,234.1758,43.5393,3.995,-16.910,8.370,6.220,84.200,-33.860,43.340,860.000,17.900,2.140,52.440,6.370,460.000,30.980,17.560,5.854,56.000,11.000,8.540,6.370,84.500,-4.770,27.050,860.000,nan,nan,nan,nan,nan,nan,nan,4.446,10.000,0.000
IC5376,0.3325,34.5257,4.321,-5.819,8.540,6.530,-65.000,-37.740,40.900,860.000,nan,nan,nan,nan,nan,nan,nan,4.505,30.000,0.000,8.800,6.700,-65.600,11.690,22.860,860.000,nan,nan,nan,nan,nan,nan,nan,5.370,49.000,5.000
NGC0444,18.9567,31.0806,0.662,-0.573,7.370,6.370,-43.000,2.370,43.840,860.000,nan,nan,nan,nan,nan,nan,nan,4.341,19.000,0.000,7.420,6.540,-46.700,1.710,23.660,860.000,nan,nan,nan,nan,nan,nan,nan,5.154,67.000,1.000
NGC0447,18.9067,33.0678,42.492,-0.976,7.080,6.330,-60.900,-8.380,46.160,860.000,29.210,2.160,45.970,5.710,280.000,29.230,16.190,7.362,93.000,55.000,7.310,6.430,-60.300,-6.080,29.680,860.000,nan,nan,nan,nan,nan,nan,nan,4.993,36.000,0.000
NGC0477,20.3354,40.4881,12.044,-2.109,7.030,6.640,-60.100,3.300,39.300,860.000,nan,nan,nan,nan,nan,nan,nan,4.606,23.000,0.000,7.300,6.740,-61.100,0.030,25.690,860.000,nan,nan,nan,nan,nan,nan,nan,4.711,19.000,0.000
NGC0496,20.7983,33.5293,18.561,-0.615,8.720,7.030,-80.300,-16.020,45.400,860.000,51.700,3.170,72.210,6.860,340.000,56.590,16.530,6.862,294.000,138.000,8.980,7.110,-80.200,13.400,31.720,860.000,nan,nan,nan,nan,nan,nan,nan,4.123,2.000,0.000
NGC0523,21.3362,34.0249,22.139,-0.588,7.590,6.450,-85.500,-19.370,52.530,860.000,108.110,4.870,135.590,10.840,520.000,40.440,26.810,8.178,297.000,152.000,7.830,6.520,-86.300,1.720,29.220,860.000,nan,nan,nan,nan,nan,nan,nan,4.569,13.000,0.000
NGC0528,21.3900,33.6714,7.700,-0.504,7.500,6.560,-44.600,38.460,45.440,860.000,nan,nan,nan,nan,nan,nan,nan,4.480,13.000,0.000,7.600,6.700,-50.300,-2.790,25.800,860.000,nan,nan,nan,nan,nan,nan,nan,3.846,0.000,0.000
NGC0551,21.9192,37.1830,10.842,-1.096,6.920,6.440,-51.900,-59.880,42.970,860.000,nan,nan,nan,nan,nan,nan,nan,5.918,118.000,33.000,7.080,6.550,-57.000,-6.050,26.540,860.000,nan,nan,nan,nan,nan,nan,nan,4.335,7.000,0.000
NGC1093,42.0671,34.4198,7.507,3.757,12.290,6.690,58.700,-73.590,62.030,860.000,nan,nan,nan,nan,nan,nan,nan,4.261,12.000,0.000,12.700,6.900,59.500,-15.250,36.970,860.000,nan,nan,nan,nan,nan,nan,nan,4.130,7.000,0.000
NGC1167,45.4263,35.2056,-14.703,4.166,7.860,6.760,67.300,2.860,58.540,860.000,4.840,1.640,nan,nan,nan,nan,nan,4.710,27.000,0.000,8.160,7.000,69.400,40.330,34.600,860.000,nan,nan,nan,nan,nan,nan,nan,3.892,0.000,0.000
NGC2253,100.9242,65.2064,29.957,-1.879,11.140,6.640,-88.800,-12.530,48.080,860.000,158.510,6.300,162.270,9.620,380.000,100.670,23.540,8.728,919.000,592.000,11.540,6.880,-88.500,-19.560,26.850,860.000,nan,nan,10.680,2.900,160.000,12.620,8.830,4.742,35.000,0.000
NGC2347,109.0171,64.7113,26.440,-1.961,8.880,6.480,82.700,4.360,25.020,860.000,85.310,3.210,93.160,6.290,520.000,40.610,14.590,13.035,536.000,333.000,9.210,6.670,81.800,-7.200,13.750,860.000,2.530,0.480,4.310,0.940,140.000,7.360,2.900,4.173,7.000,0.000
NGC2410,113.7596,32.8221,12.006,8.037,8.800,6.700,89.800,-59.220,46.430,860.000,80.600,4.330,118.390,8.400,540.000,54.320,19.970,6.654,276.000,80.000,8.960,6.960,88.800,-31.480,24.820,860.000,nan,nan,nan,nan,nan,nan,nan,4.235,7.000,0.000
NGC2449,116.8346,26.9302,30.264,9.402,7.310,6.440,89.900,-95.970,65.200,860.000,nan,nan,nan,nan,nan,nan,nan,4.696,18.000,0.000,7.540,6.570,-89.200,43.270,38.930,860.000,nan,nan,nan,nan,nan,nan,nan,4.748,17.000,0.000
NGC2480,119.2933,23.7798,8.664,9.955,7.130,6.540,-76.600,41.790,44.750,860.000,12.610,1.770,14.640,3.400,120.000,14.170,10.470,5.185,57.000,4.000,7.330,6.730,-78.800,6.630,20.100,860.000,nan,nan,nan,nan,nan,nan,nan,4.491,16.000,0.000
NGC2481,119.3075,23.7677,-1.286,9.956,8.600,6.730,82.000,-24.670,70.640,860.000,nan,nan,nan,nan,nan,nan,nan,4.430,9.000,0.000,8.920,6.960,80.700,19.050,33.190,860.000,nan,nan,nan,nan,nan,nan,nan,4.161,12.000,0.000
NGC2486,119.4854,25.1609,3.554,9.559,9.860,6.610,74.200,44.520,113.090,860.000,nan,nan,nan,nan,nan,nan,nan,4.327,7.000,0.000,10.210,6.710,73.400,-61.520,59.870,860.000,nan,nan,6.190,3.230,100.000,13.570,9.990,4.095,5.000,0.000
NGC2487,119.5854,25.1492,29.889,9.549,7.540,6.710,-88.400,-27.420,58.170,860.000,19.950,2.480,50.030,9.230,200.000,73.470,28.100,5.546,42.000,6.000,7.840,6.840,87.500,-31.070,31.890,860.000,nan,nan,nan,nan,nan,nan,nan,4.651,22.000,0.000
NGC2604,128.3462,29.5388,-1.953,7.084,8.030,6.470,85.900,-66.050,46.380,860.000,nan,nan,nan,nan,nan,nan,nan,4.583,12.000,0.000,8.400,6.630,86.900,6.210,19.590,860.000,nan,nan,nan,nan,nan,nan,nan,4.603,25.000,0.000
NGC2623,129.6000,25.7545,100.456,7.879,13.490,6.480,57.100,78.160,33.230,860.000,118.820,3.550,146.330,7.570,520.000,135.880,17.760,17.282,324.000,216.000,13.930,6.680,57.600,-1.130,19.930,860.000,nan,nan,nan,nan,nan,nan,nan,4.002,1.000,0.000
NGC2639,130.9087,50.2055,10.827,0.863,9.980,7.230,67.600,-32.550,40.960,860.000,67.940,3.900,89.760,6.580,660.000,73.400,15.620,8.929,373.000,177.000,10.330,7.310,66.900,-5.310,19.950,860.000,nan,nan,nan,nan,nan,nan,nan,4.015,2.000,0.000
NGC2730,135.5658,16.8383,5.075,8.941,9.400,7.340,-43.400,-46.460,40.340,860.000,nan,nan,40.210,5.960,240.000,37.190,17.570,5.714,110.000,13.000,9.480,7.610,-44.500,15.830,22.900,860.000,nan,nan,nan,nan,nan,nan,nan,5.050,81.000,1.000
NGC2805,140.0850,64.1030,6.102,-3.996,10.020,7.860,79.800,-65.240,95.990,860.000,nan,nan,nan,nan,nan,nan,nan,4.066,3.000,0.000,10.320,8.140,78.100,0.180,50.310,860.000,nan,nan,nan,nan,nan,nan,nan,3.820,0.000,0.000
NGC2880,142.3942,62.4906,3.625,-3.832,8.840,6.280,72.800,2.280,38.580,720.000,nan,nan,nan,nan,nan,nan,nan,4.771,12.000,0.000,9.140,6.450,73.600,1.660,17.350,860.000,nan,nan,nan,nan,nan,nan,nan,4.130,2.000,0.000
NGC2906,143.0258,8.4418,23.303,9.095,7.530,7.080,-18.300,-22.110,52.570,860.000,87.840,4.900,109.730,10.330,420.000,76.730,27.390,7.772,322.000,101.000,7.700,7.320,-7.200,-23.070,22.820,860.000,nan,nan,nan,nan,nan,nan,nan,4.836,34.000,0.000
NGC2916,143.7400,21.7052,-9.544,6.074,7.160,6.630,-66.000,45.670,56.860,860.000,25.220,2.910,37.140,6.820,180.000,28.810,20.330,6.535,89.000,34.000,7.330,6.850,-72.700,-5.880,30.470,860.000,nan,nan,nan,nan,nan,nan,nan,4.732,28.000,0.000
NGC2918,143.9333,31.7055,1.100,3.662,7.490,6.350,-78.700,17.290,49.620,820.000,nan,nan,nan,nan,nan,nan,nan,4.516,21.000,0.000,7.760,6.460,-79.100,6.320,28.630,860.000,nan,nan,nan,nan,nan,nan,nan,4.377,13.000,0.000
NGC3057,151.4146,80.2867,-0.256,-8.368,9.520,6.330,-45.300,-92.910,71.100,720.000,nan,nan,nan,nan,nan,nan,nan,4.494,12.000,0.000,9.770,6.600,-45.700,9.290,35.510,840.000,nan,nan,nan,nan,nan,nan,nan,4.303,7.000,0.000
NGC3106,151.0221,31.1854,2.953,2.261,8.320,6.090,85.900,-35.030,26.620,860.000,nan,nan,nan,nan,nan,nan,nan,4.298,11.000,0.000,8.610,6.300,85.100,11.330,17.880,860.000,nan,nan,nan,nan,nan,nan,nan,3.908,0.000,0.000
NGC3158,153.4604,38.7649,10.478,0.022,7.810,6.040,87.100,-13.980,23.790,860.000,nan,nan,nan,nan,nan,nan,nan,4.321,10.000,0.000,8.210,6.280,87.100,5.770,14.410,860.000,nan,nan,nan,nan,nan,nan,nan,4.566,13.000,0.000
NGC3160,153.4796,38.8429,1.213,0.000,8.560,5.940,75.200,-25.730,24.520,860.000,nan,nan,nan,nan,nan,nan,nan,4.347,15.000,0.000,8.960,6.240,75.600,0.100,14.360,860.000,nan,nan,nan,nan,nan,nan,nan,4.291,5.000,0.000
NGC3303,159.2504,18.1359,38.568,3.013,7.140,6.510,-43.000,-7.210,41.900,860.000,nan,nan,45.990,5.820,400.000,20.350,14.640,4.588,22.000,0.000,7.340,6.690,-46.300,-2.870,29.530,860.000,nan,nan,nan,nan,nan,nan,nan,4.466,29.000,0.000
NGC3381,162.1033,34.7114,7.133,-1.047,9.820,6.530,75.500,-20.900,61.030,800.000,nan,nan,25.660,5.930,100.000,21.700,17.710,4.929,51.000,0.000,10.240,6.750,75.700,-18.010,27.700,860.000,nan,nan,nan,nan,nan,nan,nan,4.250,10.000,0.000
NGC3614,169.5888,45.7482,-2.886,-4.731,8.670,6.250,-89.600,-17.120,55.700,860.000,nan,nan,nan,nan,nan,nan,nan,4.338,11.000,0.000,8.920,6.460,-89.100,15.350,26.010,860.000,nan,nan,nan,nan,nan,nan,nan,4.467,28.000,0.000
NGC3687,172.0025,29.5111,6.389,-2.536,7.370,6.390,-45.500,-78.970,55.660,860.000,nan,nan,27.570,6.270,180.000,40.180,18.440,4.618,15.000,0.000,7.590,6.620,-48.600,-13.150,25.710,860.000,nan,nan,nan,nan,nan,nan,nan,4.858,38.000,0.000
NGC3811,175.3192,47.6908,48.085,-6.201,9.110,6.500,-83.700,-44.120,44.480,860.000,84.690,4.500,106.950,8.780,360.000,54.620,23.180,8.107,237.000,99.000,9.400,6.730,-84.000,-14.500,21.720,860.000,nan,nan,nan,nan,nan,nan,nan,4.433,20.000,0.000
NGC3815,175.4137,24.8005,12.253,-2.635,10.320,6.230,-29.900,-18.110,42.830,860.000,46.790,3.320,57.560,6.020,420.000,16.610,14.320,5.655,191.000,60.000,10.720,6.410,-30.700,11.500,23.960,860.000,nan,nan,12.980,3.260,160.000,16.330,10.180,4.894,47.000,0.000
NGC3994,179.4038,32.2776,43.489,-4.899,7.880,6.810,-46.500,-82.010,39.930,860.000,93.730,3.860,115.150,7.440,520.000,79.830,14.990,11.329,300.000,202.000,8.130,7.140,-44.600,-1.070,20.950,860.000,nan,nan,nan,nan,nan,nan,nan,4.036,1.000,0.000
NGC4003,179.4958,23.1249,23.419,-3.482,10.710,7.200,-45.900,-27.790,35.420,780.000,11.370,1.670,nan,nan,nan,nan,nan,4.204,7.000,0.000,10.960,7.320,-47.200,-11.480,25.650,860.000,nan,nan,nan,nan,nan,nan,nan,4.665,20.000,0.000
NGC4047,180.7113,48.6362,53.073,-7.407,9.460,6.650,-45.400,19.960,45.860,860.000,193.750,5.370,197.050,8.560,400.000,141.520,19.180,17.145,904.000,746.000,9.720,6.890,-46.100,-7.160,26.090,860.000,6.030,0.950,24.970,3.200,360.000,15.890,7.920,4.868,49.000,0.000
NGC4149,182.6367,58.3041,41.801,-8.726,7.810,6.180,-57.300,-24.470,48.030,860.000,74.190,3.730,93.610,7.750,540.000,76.200,18.040,9.206,226.000,139.000,8.190,6.380,-55.700,-17.900,26.140,860.000,nan,nan,nan,nan,nan,nan,nan,4.656,16.000,0.000
NGC4185,183.3425,28.5110,-4.336,-5.365,7.780,6.520,-53.000,-36.080,57.700,860.000,nan,nan,38.900,6.380,200.000,26.470,18.010,4.705,31.000,0.000,8.040,6.740,-51.900,-7.240,33.080,860.000,nan,nan,nan,nan,nan,nan,nan,4.238,8.000,0.000
NGC4210,183.8158,65.9853,5.447,-9.437,8.850,7.240,71.200,-74.930,47.800,860.000,16.620,2.660,51.350,7.260,340.000,25.510,20.970,5.658,77.000,17.000,9.060,7.520,73.400,21.150,22.770,860.000,nan,nan,nan,nan,nan,nan,nan,4.445,14.000,0.000
NGC4211N,183.9054,28.1696,29.592,-5.465,8.990,6.310,-82.000,3.940,43.810,760.000,nan,nan,nan,nan,nan,nan,nan,5.056,36.000,2.000,9.200,6.510,-80.600,-34.150,28.330,860.000,nan,nan,nan,nan,nan,nan,nan,4.017,1.000,0.000
NGC4470,187.4075,7.8242,6.348,-3.260,11.460,5.830,-30.100,-61.270,53.800,860.000,30.460,3.590,47.040,7.250,220.000,45.740,21.570,6.385,111.000,38.000,11.880,6.050,-30.600,9.050,26.320,860.000,nan,nan,nan,nan,nan,nan,nan,4.414,24.000,0.000
NGC4644,190.6779,55.1455,5.644,-9.829,7.330,6.260,-77.900,-41.950,24.220,860.000,10.230,1.260,18.680,3.410,220.000,3.910,9.400,5.148,64.000,1.000,7.600,6.470,-79.000,-14.370,14.160,860.000,nan,nan,nan,nan,nan,nan,nan,4.642,20.000,0.000
NGC4676A,191.5421,30.7319,63.041,-7.804,11.200,6.920,83.500,23.350,56.160,860.000,71.230,5.020,111.140,11.110,600.000,69.980,27.130,6.887,126.000,54.000,11.620,7.180,83.200,-35.290,28.280,860.000,nan,nan,nan,nan,nan,nan,nan,4.228,8.000,0.000
NGC4676B,191.5467,30.7228,14.072,-7.804,8.720,6.190,-84.800,-22.400,42.680,800.000,72.540,4.360,83.190,7.260,440.000,78.820,13.350,7.207,82.000,44.000,8.970,6.270,-84.500,21.540,27.790,860.000,nan,nan,nan,nan,nan,nan,nan,4.512,25.000,0.000
NGC4711,192.1912,35.3327,10.735,-8.493,7.850,6.430,-79.700,21.070,42.800,720.000,40.740,3.290,53.720,6.280,360.000,38.120,15.520,5.636,123.000,22.000,8.070,6.690,-78.400,-25.320,25.370,860.000,nan,nan,3.970,1.810,120.000,8.840,5.690,4.576,29.000,0.000
NGC4956,196.2537,35.1780,-1.935,-9.454,7.370,6.490,-64.200,-63.000,61.200,860.000,nan,nan,nan,nan,nan,nan,nan,4.123,1.000,0.000,7.560,6.670,-66.900,32.200,34.250,860.000,nan,nan,nan,nan,nan,nan,nan,4.242,9.000,0.000
NGC4961,196.4483,27.7341,17.058,-8.710,9.300,7.120,-46.000,-38.390,50.390,860.000,nan,nan,23.690,4.970,220.000,25.160,14.180,5.489,39.000,10.000,9.610,7.260,-48.500,-6.070,21.880,860.000,nan,nan,3.850,1.640,100.000,2.550,5.090,4.829,55.000,0.000
NGC5000,197.4479,28.9069,54.624,-9.099,7.970,6.330,83.800,0.280,44.030,860.000,34.250,2.310,48.250,5.580,220.000,50.250,15.500,9.810,154.000,81.000,8.300,6.580,83.900,-15.420,25.520,860.000,nan,nan,nan,nan,nan,nan,nan,4.780,33.000,0.000
NGC5016,198.0279,24.0950,11.749,-8.688,8.570,6.530,-53.100,-14.940,45.880,860.000,72.290,4.120,72.630,7.110,300.000,56.430,18.640,7.615,432.000,160.000,8.920,6.720,-53.400,-19.760,20.200,860.000,nan,nan,nan,nan,nan,nan,nan,4.423,18.000,0.000
NGC5029,198.1567,47.0633,3.762,-10.764,7.920,5.790,-79.700,12.340,45.230,860.000,nan,nan,nan,nan,nan,nan,nan,4.006,1.000,0.000,8.270,6.100,-81.300,15.030,30.220,860.000,nan,nan,nan,nan,nan,nan,nan,4.760,24.000,0.000
NGC5056,199.0513,30.9503,22.464,-9.717,7.480,6.610,-65.700,-55.540,39.690,860.000,30.520,2.600,33.540,4.270,280.000,39.170,11.670,4.821,48.000,0.000,7.650,6.820,-64.700,16.680,25.020,860.000,nan,nan,nan,nan,nan,nan,nan,4.100,2.000,0.000
NGC5205,202.5150,62.5116,0.877,-11.761,8.870,6.880,78.200,-8.660,54.330,860.000,nan,nan,nan,nan,nan,nan,nan,4.492,20.000,0.000,9.090,7.100,79.900,22.670,25.250,860.000,nan,nan,nan,nan,nan,nan,nan,4.115,2.000,0.000
NGC5218,203.0433,62.7677,300.477,-11.824,8.050,6.140,-31.700,64.570,55.930,860.000,360.830,6.470,370.550,11.730,420.000,299.970,25.400,35.975,631.000,456.000,8.360,6.300,-33.100,15.380,28.440,860.000,13.310,1.230,19.560,2.830,240.000,10.920,7.290,7.182,77.000,34.000
NGC5394,209.6383,37.4536,83.092,-12.641,8.750,7.080,-71.800,139.050,45.890,860.000,164.510,3.450,167.790,6.470,240.000,164.430,15.800,42.717,401.000,359.000,9.110,7.360,-71.600,-8.260,23.370,860.000,8.650,0.980,17.060,2.300,200.000,13.110,6.340,6.490,114.000,51.000
