dat_glob/external/edge_califa.csv
# %ECSV 0.9
# ---
# datatype:
# - {name: Name, datatype: string}
# - {name: caMass, unit: dex(solMass), datatype: float64, description: Stellar mass from col 149 in Pipe3D_NSA_CALIFA-DR3_candidates.csv}
# - {name: caeMass, unit: dex(solMass), datatype: float64, description: Error in stellar mass from col 150 in Pipe3D_NSA_CALIFA-DR3_candidates.csv}
# - {name: caSFR, unit: dex(solMass / yr), datatype: float64, description: SFR from col 151 in Pipe3D_NSA_CALIFA-DR3_candidates.csv}
# - {name: caeSFR, unit: dex(solMass / yr), datatype: float64, description: Error in SFR from col 152 in Pipe3D_NSA_CALIFA-DR3_candidates.csv}
# - {name: caOH, unit: dex, datatype: float64, description: Oxygen abundance as 12+log(O/H) from col 153 in Pipe3D_NSA_CALIFA-DR3_candidates.csv}
# - {name: caeOH, unit: dex, datatype: float64, description: Error in oxygen abundance from col 154 in Pipe3D_NSA_CALIFA-DR3_candidates.csv}
# - {name: caAvgas, unit: mag, datatype: float64, description: Nebular extinction as Av from col 155 in Pipe3D_NSA_CALIFA-DR3_candidates.csv}
# - {name: caeAvgas, unit: mag, datatype: float64, description: Error in nebular extinction from col 156 in Pipe3D_NSA_CALIFA-DR3_candidates.csv}
# - {name: caAvstars, unit: mag, datatype: float64, description: Stellar extinction as Av from col 157 in Pipe3D_NSA_CALIFA-DR3_candidates.csv}
# - {name: caeAvstars, unit: mag, datatype: float64, description: Error in stellar extinction from col 158 in Pipe3D_NSA_CALIFA-DR3_candidates.csv}
# - {name: Su, unit: mag, datatype: float64, description: SDSS u magnitude from col 4 in get_mag_cubes_v2.2.csv. From CALIFA synthetic
#     photometry corrected for foreground extinction}
# - {name: Sg, unit: mag, datatype: float64, description: SDSS g magnitude from col 8 in get_mag_cubes_v2.2.csv. From CALIFA synthetic
#     photometry corrected for foreground extinction}
# - {name: Sr, unit: mag, datatype: float64, description: SDSS r magnitude from col 12 in get_mag_cubes_v2.2.csv. From CALIFA synthetic
#     photometry corrected for foreground extinction}
# - {name: Si, unit: mag, datatype: float64, description: SDSS i magnitude from col 16 in get_mag_cubes_v2.2.csv. From CALIFA synthetic
#     photometry corrected for foreground extinction}
# - {name: caB, unit: mag, datatype: float64, description: B magnitude from col 20 in get_mag_cubes_v2.2.csv. From CALIFA synthetic photometry
#     corrected for foreground extinction}
# - {name: caV, unit: mag, datatype: float64, description: V magnitude from col 24 in get_mag_cubes_v2.2.csv. From CALIFA synthetic photometry
#     corrected for foreground extinction}
# - {name: caR, unit: mag, datatype: float64, description: R magnitude from col 28 in get_mag_cubes_v2.2.csv. From CALIFA synthetic photometry
#     corrected for foreground extinction}
# - {name: caRe, unit: arcsec, datatype: float64, description: Equivalent radius Re from col 34 in get_mag_cubes_v2.2.csv}
# - {name: caeRe, unit: arcsec, datatype: float64, description: Error in equivalent radius from col 35 in get_mag_cubes_v2.2.csv}
# - {name: caEllipticity, datatype: float64, description: Ellipticity sqrt(1-b^2/a^2) from col 38 in get_mag_cubes_v2.2.csv}
# - {name: caPA, unit: deg, datatype: float64, description: PA from col 39 in get_mag_cubes_v2.2.csv}
[...]
#     <log_F_Ha_cor> column 146 in get_proc_elines_CALIFA.csv'}
# - {name: caLHacorr, unit: dex(erg / s), datatype: float64, description: 'Log of Halpha luminosity, extinction corrected, from <log_L_Ha_cor>
#     column 147 in get_proc_elines_CALIFA.csv'}
# - {name: caMstars, unit: dex(solMass), datatype: float64, description: 'Log of stellar mass, from column 73 log_Mass in get_proc_elines_CALIFA.csv'}
# - {name: caDistMpc, unit: Mpc, datatype: float64, description: 'Luminosity distance in Mpc computed from caZgas assuming Ho=70, Om=0.27,
#     Ol=0.73'}
# - {name: caFlgWav5, datatype: int64, description: Flag (-1/0/1/2=NA/good/minor/bad) for wavelength calibration V500}
# - {name: caFlgReg5, datatype: int64, description: Flag (-1/0/1/2=NA/good/minor/bad) for 2D registration rel to SDSS V500}
# - {name: caFlgImg5, datatype: int64, description: Flag (-1/0/1/2=NA/good/minor/bad) for reconstructed image quality V500}
# - {name: caFlgWav12, datatype: int64, description: Flag (-1/0/1/2=NA/good/minor/bad) for wavelength calibration V1200}
# - {name: caFlgReg12, datatype: int64, description: Flag (-1/0/1/2=NA/good/minor/bad) for 2D registration rel to SDSS V1200}
# - {name: caFlgImg12, datatype: int64, description: Flag (-1/0/1/2=NA/good/minor/bad) for reconstructed image quality V1200}
# delimiter: ','
# schema: astropy-2.0
Name,caMass,caeMass,caSFR,caeSFR,caOH,caeOH,caAvgas,caeAvgas,caAvstars,caeAvstars,Su,Sg,Sr,Si,caB,caV,caR,caRe,caeRe,caEllipticity,caPA,caR50,caeR50,caR90,caeR90,caOH_O3N2,caZgas,caZstars,caAge,caeAge,caFHa,caFHacorr,caLHacorr,caMstars,caDistMpc,caFlgWav5,caFlgReg5,caFlgImg5,caFlgWav12,caFlgReg12,caFlgImg12
ARP220,10.9099,0.0872049,1.57499,0.180915,nan,nan,5.3402,0.700156,0.401422,1.76844,15.4727663,14.11019518,13.42762456,13.10010398,14.3881919,13.74703758,13.3581267,22.57252232,22.57252232,0.55050123,12.60185186,19.6445391,0.41902297,41.53416839,0.00725311,nan,0.01793838,0.01800146,8.95270263,0.40709788,3.09833195,4.88371559,42.67841756,11.1161373,77.97227561,0,0,0,0,0,0
IC0480,10.2656,0.134175,0.113128,0.10015,8.48813,0.0458044,1.28283,0.0682296,0.401506,1.33692,16.11139949,15.0510197,14.47673959,14.17375345,15.26121259,14.76638769,14.41251353,20.20523629,20.20523629,0.98072158,-12.39856666,20.62375599,0.46026049,42.91970841,0.16740285,8.48941,0.01528139,0.01527649,8.75405618,0.40396314,3.11992931,3.26047552,40.94567316,10.39968968,66.2859101,1,0,0,0,1,0
IC0540,9.83805,0.121659,-1.08698,0.168827,nan,nan,1.6987,0.166415,0.41111,1.17407,15.81320321,14.48014295,13.80028433,13.43598517,14.77664606,14.11232722,13.71945744,14.59989845,14.59989845,0.9328259,-10.81003109,14.03181364,0.02602377,36.48271547,0.36140377,nan,0.00694005,0.00665258,9.17059955,0.52757173,2.59938232,2.97963112,39.8668276,9.95781408,29.90732793,0,0,0,0,0,0
IC0944,11.2574,0.104271,0.413573,0.150149,8.52266,0.0593436,1.96414,0.0735613,0.253923,1.18218,15.84136352,14.22485277,13.47832435,13.11505758,14.55508231,13.82181189,13.39754428,13.91326134,13.91326134,0.87723632,21.38864617,16.83817637,0.07767265,40.97289584,0.45133636,8.53157,0.02309926,0.02308014,9.51147823,0.3486888,2.82333692,3.1931791,41.25154827,11.38660526,100.80702181,0,0,0,0,1,0
IC1151,10.0209,0.101915,-0.200551,0.0576623,8.40887,0.0431561,0.382791,0.0171831,0.177511,0.781153,14.79996014,14.01844969,13.62369489,13.4180566,14.17042328,13.83224904,13.58703438,22.50904302,22.50904302,0.83067323,44.35024556,23.01217438,1.30553525,43.21798602,0.27787089,8.41127,0.00714718,0.0071187,8.62019978,0.44191678,3.74676559,3.81235861,40.83347371,9.92446641,30.80494791,0,0,0,0,0,0
IC1199,10.7797,0.102053,0.162737,0.0708585,8.53268,0.0640878,0.991203,0.0513154,0.263664,0.742965,15.38950782,14.14325053,13.53609327,13.2272078,14.39400541,13.82308175,13.47295935,17.73630762,17.73630762,0.91449081,-16.52567155,17.83676193,1.37479623,35.11612506,0.59132998,8.56869,0.0157295,0.01565002,9.14082474,0.48050289,3.29021249,3.53862932,41.22399191,10.84534071,68.25350427,0,0,0,0,-1,0
IC1683,10.7619,0.11059,0.537945,0.0668146,8.57383,0.0497936,2.02567,0.286497,0.269034,1.11359,15.57185364,14.24566581,13.56636088,13.25284287,14.52740942,13.88866824,13.49860028,13.43998179,13.43998179,0.77711629,-13.21249035,14.5866093,0.74584647,37.58857011,0.28851346,8.56374,0.01606476,0.01603699,9.35153518,0.35799331,3.22823159,3.83368094,41.57508194,10.82029485,69.72648289,0,0,0,0,1,0
IC2247,10.4386,0.110548,0.233891,0.145963,8.50819,0.0408138,1.56448,0.0846089,0.563862,1.4222,15.89889321,14.59295501,13.87160558,13.48341061,14.88658304,14.22139554,13.78248996,21.00696764,21.00696764,0.9637531,39.39185493,53.09799749,0.90410775,58.74672062,0.89448651,8.50218,0.01431079,0.01438023,8.86615811,0.56751005,3.17334982,3.39696588,41.02200121,10.77567376,62.02869972,0,-1,1,0,-1,1
IC2487,10.5939,0.120517,0.166782,0.0771087,8.51625,0.0473492,1.10969,0.0331798,0.387944,0.928248,15.77042362,14.50194652,13.89056196,13.56363672,14.75653928,14.17641279,13.82223442,19.45126354,19.45126354,0.9484922,-16.75575927,20.76708419,0.86383278,43.77925857,0.62000446,8.49021,0.01438357,0.01422584,8.92051984,0.49960374,3.28292371,3.48704086,41.11206543,10.65243957,62.3477058,0,0,0,0,0,2
IC4566,11.0199,0.101176,0.149862,0.13895,8.55198,0.0679942,1.40576,0.0993071,0.189518,0.863329,15.76565814,14.24231698,13.53889429,13.2006371,14.54983444,13.85720206,13.46779821,15.17179657,15.17179657,0.87031696,-14.24543558,19.6445391,0.53358285,39.85035075,0.89868662,8.53938,0.01856817,0.01858339,9.32620222,0.29690941,2.95486275,3.20724668,41.0516726,11.04831958,80.74927527,0,0,0,0,0,0
IC5376,10.659,0.108351,0.00627771,0.105699,8.53339,0.0453083,1.24311,0.039926,0.571509,1.17008,16.18514711,14.51483866,13.77469962,13.41524231,14.84333113,14.10978656,13.69561336,12.23677893,12.23677893,0.90926088,4.43364442,14.03181364,0.27960174,39.85035075,0.23295481,8.511,0.01678927,0.01674878,8.98919585,0.57627114,2.96985881,3.15850501,40.90019921,10.84891797,72.91224253,0,0,0,0,1,0
NGC0444,10.2537,0.115396,-0.176138,0.0880183,8.40832,0.0494942,0.539394,0.0212309,0.179457,0.992421,15.9860073,15.14641704,14.70845898,14.47906041,15.32472901,14.91399756,14.67096083,19.41306411,19.41306411,0.97405294,-19.93364712,21.32835674,0.31951666,42.65671348,0.21415625,8.40535,0.01614517,0.01599008,8.77784661,0.34305493,3.06035259,3.14945069,40.89085471,10.18838614,70.07987865,0,1,0,0,0,0
NGC0447,11.4315,0.0954315,-0.0320782,0.278027,8.54255,0.0693075,0.616394,0.0374761,0.0836326,0.741902,15.57495077,13.88332949,13.21181771,12.90414848,14.20600578,13.5052421,13.15066652,16.65191297,16.65191297,0.93762305,31.13392991,27.67874337,3.68472611,46.31952972,0.46494822,8.55015,0.01833792,0.01846847,9.47765819,0.26286365,2.99747613,3.35503444,41.199402,11.4491848,79.73369285,0,-1,1,0,1,0
NGC0477,10.8997,0.116879,0.492345,0.0848282,8.49148,0.0644811,0.917227,0.0251339,0.0943416,0.491084,15.4610509,14.26217414,13.76009969,13.51033065,14.47739293,13.99080606,13.71585218,17.90602978,17.90602978,0.71863954,-15.93472952,26.19774409,0.38537735,48.49369651,0.00709192,8.48912,0.01962673,0.01969016,8.93073685,0.37392273,3.40359646,3.57177188,41.46344984,10.86470173,85.42287314,0,1,0,0,0,0
NGC0496,10.8486,0.128898,0.659618,0.0720208,8.45981,0.0557284,0.996325,0.0343421,0.271604,1.03922,15.45184682,14.4935339,14.02907221,13.78514344,14.66846294,14.26718986,13.98237871,21.61280952,21.61280952,0.84725494,39.96791363,22.29595242,0.60695748,42.3623096,0.01485396,8.47933,0.02008877,0.02010203,8.71525463,0.37788089,3.50205326,3.76981148,41.70605228,10.8478821,87.46515003,0,0,0,0,0,2
NGC0523,10.8862,0.0944389,0.580419,0.0648796,8.49906,0.0545372,1.38418,0.114678,0.198176,0.885921,15.38654789,14.09798821,13.51623841,13.21275507,14.34933136,13.78918474,13.45491134,14.17500953,14.17500953,0.9904795,-3.6412387,28.24361568,0.22000321,52.53312517,0.05272088,8.47913,0.01564687,0.01548378,9.02612723,0.38794768,3.55777777,3.61375336,41.29904604,10.90460428,67.8906106,0,1,1,0,-1,0
NGC0528,11.0553,0.100023,-0.1575,0.328883,nan,nan,2.70557,1.60734,0.0241207,0.365278,15.17075349,13.51030178,12.82499219,12.49010067,13.84236713,13.12815821,12.75518413,11.93268129,11.93268129,0.728991,-32.60621076,11.78672346,0.40133206,34.79889784,0.44691057,8.47889,0.01586353,0.01580466,9.61058879,0.21524409,2.43917427,3.05195357,40.73737048,11.10588423,68.84230719,0,0,0,0,-1,0
NGC0551,10.9541,0.112553,0.309515,0.0707058,8.58807,0.043767,0.842653,0.0244335,0.104899,0.598536,15.49933054,14.18098565,13.60743376,13.33044425,14.43223632,13.87232404,13.55359736,19.41386359,19.41386359,0.92095426,-35.11159559,20.76708419,0.86500301,39.85035075,0.62055025,8.55022,0.01714927,0.01717746,9.08473513,0.40811088,3.34056267,3.52670165,41.32106197,10.89500659,74.49650907,0,0,0,0,1,0
NGC1167,11.4806,0.0884428,0.462321,0.211402,8.54532,0.0611908,1.97698,0.469181,0.126929,0.550363,14.65734746,13.04284919,12.38177616,12.10562168,13.36499609,12.66941564,12.32868197,15.37805281,15.37805281,0.87402687,-15.98210278,21.32835674,1.20885419,45.46307621,1.44034351,8.55293,0.01633156,0.01635112,9.513057,0.6053985,3.13980253,3.45889021,41.20041241,11.46941632,70.89924843,0,1,0,0,1,0
NGC2253,10.8061,0.107818,0.495491,0.0611134,8.59105,0.0378037,1.13428,0.0401005,0.302639,0.749395,14.67966876,13.45704302,12.88167753,12.57613298,13.69304614,13.1583077,12.81861809,17.58700184,17.58700184,0.65031686,16.23580891,21.73855361,2.4694327,41.80491078,1.19037336,8.5518,0.01182514,0.01179166,8.80746008,0.37768731,3.8051637,4.14721085,41.56222139,10.81862267,51.15530197,0,0,0,0,1,2
NGC2347,11.0407,0.104507,0.542058,0.066141,8.56882,0.04055,0.684347,0.0239577,0.256082,0.662026,14.62379285,13.41637017,12.83244083,12.5324424,13.65204932,13.11087851,12.77097664,15.23997413,15.23997413,0.81185002,5.36144014,17.51104172,2.65188759,40.10593427,0.01095653,8.50162,0.01470321,0.01462833,8.6570098,0.55341667,3.72630379,3.9179286,41.54310533,10.97244583,63.74914437,0,-1,0,0,1,0
NGC2410,11.0322,0.0952107,0.54997,0.112863,8.51689,0.0491276,1.563,0.104528,0.345015,1.04001,15.26953764,13.83333647,13.1497501,12.83697911,14.12192152,13.48305407,13.08179677,14.32451292,14.32451292,0.86135352,25.63555208,16.94616941,1.35484809,42.36542353,0.24360845,8.4983,0.01555937,0.01557562,9.21327516,0.30937452,3.39797221,3.8095846,41.49490127,10.96639407,67.50634515,0,-1,0,0,1,0
NGC2480,9.61935,0.129606,-0.354485,0.0784412,8.41516,0.0443234,0.951032,0.10423,0.355749,1.3777,15.25735987,14.6482704,14.29623561,14.14090376,14.75266889,14.52280526,14.26706965,15.28993115,15.28993115,0.95182029,-21.71394683,19.6445391,0.31256185,44.34053112,0.06536462,8.41842,0.00766965,0.00761393,8.48118761,0.43477057,3.4301141,3.63708249,40.65841266,9.63865707,33.07046783,0,1,0,0,1,0
NGC2486,10.7927,0.0922277,-0.0479639,0.259379,8.47148,0.072061,1.40744,0.054638,0.177371,0.954049,12.74864423,11.9061938,11.14497774,11.19680735,12.26766648,11.5562707,11.15533953,10.46126828,10.46126828,0.75370053,-24.57418549,32.19772188,9.47770561,11.29744627,1.06161716,nan,0.01556021,0.01562737,9.09769938,0.65878648,3.42099504,3.42099504,41.1063416,11.70002607,67.51002746,2,-1,2,0,1,1
NGC2487,11.065,0.0988165,0.247578,0.131233,8.54433,0.0667549,0.808576,0.0212387,0.0963412,0.922448,15.67125335,14.1709992,13.49445128,13.18648099,14.47478109,13.80186718,13.43083204,18.4598493,18.4598493,0.84435016,11.55672895,28.06362729,1.57498989,46.5856213,0.11459687,8.54814,0.01624402,0.016167,9.19163653,0.31720693,3.34830143,3.49219137,41.23365268,11.05992142,70.51441421,0,0,0,0,1,0
NGC2623,10.6569,0.105073,0.741403,0.127472,nan,nan,3.59849,0.582394,0.271639,1.14037,15.1720496,14.03422311,13.58281964,13.2944331,14.21874505,13.80065711,13.5302957,13.64585567,13.64585567,0.57267673,-13.49784826,12.34799601,0.62836482,31.99253511,0.36042303,nan,0.01844607,0.01827764,8.82352792,0.3423262,2.82387506,4.13433692,41.97863959,10.75504047,80.21065276,0,0,0,0,0,0
NGC2639,11.1652,0.0865269,0.416232,0.104462,8.57528,0.0398105,2.05324,0.325641,0.0914589,0.456473,14.45446011,12.81603108,12.15094754,11.83282433,13.12821398,12.44955983,12.0844035,14.42902816,14.42902816,0.79444299,-41.82949489,16.3812971,4.23619796,40.10593427,1.00773601,8.56645,0.01058386,0.01051233,9.45266884,0.35754167,3.42448853,4.30575409,41.63761765,11.01661248,45.74097209,0,-1,0,0,-1,0
NGC2730,10.135,0.0871216,0.232938,0.0626452,8.44969,0.0448242,0.540922,0.0181538,0.952782,0.174365,15.55201604,14.64332178,14.1959196,13.9240597,14.81513029,14.42811147,14.1424804,25.10351542,25.10351542,0.86210581,-38.23061025,27.50235474,0.56061756,44.90180366,0.65078881,8.45699,0.0126552,0.01254138,8.58347029,0.41906647,3.66543747,3.7624591,41.25320905,10.30615005,54.78173107,0,0,0,0,0,0
NGC2880,10.5561,0.0838236,-2.27501,0.655485,nan,nan,0.0,0.0,-0.00900344,0.177082,14.5545381,12.7488128,12.06765875,11.74499223,13.08436023,12.36503186,12.0013317,12.63773919,12.63773919,0.59668745,22.07971862,14.49236907,2.66248784,41.24751197,0.27893673,nan,0.00527773,0.00517207,9.75023364,0.1711285,2.23221499,2.23221499,38.96057867,10.45753965,22.71389861,0,0,0,0,-1,0
NGC2906,10.5882,0.0878112,-0.0954447,0.0606621,8.60414,0.040376,0.813703,0.026319,0.121002,0.761348,14.86973007,13.37563824,12.7342163,12.39997003,13.65711164,13.03592552,12.66236532,18.13408269,18.13408269,0.68891877,4.24503899,21.88962928,1.97045483,40.97289584,1.43829325,8.58245,0.00874281,0.00713974,9.4589811,0.24683103,3.71310819,3.97408458,40.99520315,10.45554637,37.72968303,0,0,0,0,1,0
NGC2916,10.9637,0.0828486,0.348118,0.0745739,8.55027,0.055414,0.644416,0.0371383,0.107764,0.687907,14.8447735,13.37324507,12.85318963,12.56949121,13.63172151,13.08126628,12.80066719,22.0316079,22.0316079,0.83371297,5.61182262,25.81853711,0.51561563,45.46307621,0.79016958,8.54044,0.01230016,0.01224612,8.84803288,0.37383167,3.73577121,3.73931503,41.22993246,10.70804953,53.23001566,0,1,0,0,-1,0
NGC2918,11.3208,0.0962452,-0.788097,0.58842,nan,nan,0.482063,0.301948,0.0724788,0.550723,15.15089441,13.49592348,12.89631332,12.62064994,13.80153521,13.15292591,12.84465025,13.00515156,13.00515156,0.63017947,-27.30933576,13.4705411,2.39810299,36.48271547,0.66431199,nan,0.02215958,0.02240657,9.39415943,0.21183223,2.29076182,2.2919414,40.31159945,11.31664543,96.63603374,0,0,0,0,0,0
NGC3303,11.1693,0.0997335,0.414771,0.136293,8.52698,0.0523387,1.42652,0.140454,0.103764,0.822867,15.55894523,14.08017805,13.35071093,13.01995636,14.41407695,13.69237422,13.27756296,13.54999641,13.54999641,0.85770179,41.71306966,14.59308619,1.57722546,38.16653311,0.14811082,8.52437,0.02062046,0.02058929,9.55685621,0.20650277,3.10817867,3.41986137,41.35631188,11.24072339,89.81707956,0,0,0,0,1,0
NGC3381,9.88051,0.0908265,-0.407184,0.0558221,8.52431,0.0373736,0.370589,0.0298495,0.0574758,0.592926,14.65734485,13.92628087,13.56459387,13.38017779,14.05395672,13.76642792,13.53168976,21.42359665,21.42359665,0.9625217,-10.69632679,26.15092945,1.04366961,46.61687424,0.19597106,8.50753,0.00543718,0.00544402,8.83012581,0.25761523,3.83116563,3.85056797,40.57904751,9.72974224,23.40307802,0,0,0,0,0,0
NGC3687,10.5148,0.107951,-0.333828,0.0720356,8.53982,0.0476294,0.322597,0.00929198,0.050181,0.498256,15.09712717,13.69541704,13.12137959,12.8322208,13.95994492,13.38318655,13.06417899,16.32352647,16.32352647,0.67565126,-3.04155807,22.29595242,1.98430013,42.91970841,0.44191621,8.52055,0.00835396,0.00832439,9.1310223,0.28402097,3.51838562,3.58357834,40.72102353,10.4141873,36.04059154,0,0,0,0,1,0
NGC3811,10.6406,0.109333,0.351876,0.0723371,8.55916,0.037884,0.941658,0.0498489,0.130293,0.721851,15.07278976,13.74376744,13.1233062,12.8057899,14.00218204,13.42298001,13.05545028,16.18833299,16.18833299,0.65598736,34.09576681,23.57344692,0.82075964,43.21798602,1.3018307,8.52504,0.01024202,0.01032007,8.91342012,0.31626266,3.80920042,4.07108159,41.40283181,10.65513084,44.251723,0,0,0,0,1,0
NGC3815,10.5287,0.0933588,0.0486261,0.0720703,8.54739,0.0320988,0.751805,0.0305007,0.417582,1.08827,15.10944104,13.94019892,13.37074929,13.08574794,14.16343113,13.64849417,13.31345248,15.89689774,15.89689774,0.89834252,-19.4375113,17.51104172,0.22059492,46.88440204,0.05733172,8.48662,0.01238356,0.01234895,8.84624542,0.60489812,3.47274374,3.64895078,41.13960194,10.61108557,53.59444526,0,-1,1,0,1,0
NGC3994,10.5916,0.113145,0.565596,0.0528791,8.49859,0.0258415,0.995446,0.063559,0.186235,0.905738,14.1998644,13.24709078,12.68942468,12.40819428,13.44388533,13.00262388,12.62536324,12.12822494,12.12822494,0.84161206,13.29886665,11.14797621,1.48541628,31.21433339,0.1076787,8.49631,0.0103556,0.01042881,8.99463449,0.32870507,4.02342627,4.31917806,41.65097278,10.69932833,44.74647228,0,0,0,0,0,0
NGC4047,10.8702,0.0994639,0.560749,0.0561497,8.56955,0.0403007,1.06986,0.0316383,0.200921,0.925046,14.24802509,13.18095292,12.65307329,12.37350416,13.38366503,12.91631697,12.59659775,18.53776511,18.53776511,0.53966844,-0.52303482,19.50895837,0.92538494,40.69011316,0.51981557,8.5252,0.01134489,0.01127876,9.06806771,0.26425274,3.87891593,4.2164082,41.63120626,10.84980628,49.05927324,0,0,0,0,-1,2
NGC4149,10.4502,0.106836,-0.355071,0.120472,8.52536,0.0362148,1.56179,0.119445,0.232414,0.961997,15.44003086,14.02634941,13.37186115,13.02191981,14.31478215,13.67493119,13.29652568,14.89871413,14.89871413,0.98888871,-4.00473353,16.94616941,0.65764012,38.97618965,0.34697787,8.52259,0.01020045,0.01018424,9.18890831,0.48632286,2.95087575,3.16803704,40.49973934,10.57754136,44.070664,0,-1,0,0,-1,0
