dat_prof/radprof/rprof_de20_smo.csv
# %ECSV 0.9
# ---
# datatype:
# - {name: Name, datatype: string, description: Galaxy Name}
# - {name: r_arcs, unit: arcsec, datatype: float64, description: outer radius of ring in arcsec}
# - {name: r_kpc, unit: kpc, datatype: float64, format: 10.3f, description: outer radius of ring in kpc}
# - {name: r_r25, unit: '', datatype: float64, format: 10.3f, description: outer radius of ring as frac of opt radius}
# - {name: npix, datatype: int64, description: number of available pixels in the ring}
# - {name: ngood, datatype: int64, description: number of unmasked pixels in the ring}
# - {name: ico_avg, unit: K km / s, datatype: float64, format: 10.3f, description: average face-on intensity in ring if ngood/npix > 0.1
#     and setting blanks to zero}
# - {name: ico_rms, unit: K km / s, datatype: float32, description: rms face-on intensity in ring for unmasked pixels}
# - {name: detlim, unit: K km / s, datatype: float64, format: 10.3f, description: 3 sigma detection limit based on emom0max}
# - {name: sigmol, unit: solMass / pc2, datatype: float64, format: 10.3f, description: average face-on surface density including He with
#     alphaco=4.3}
# - {name: cumlum, unit: K km pc2 / s, datatype: float32, format: 10.4e, description: total CO luminosity within the given radius}
# - {name: cummass, unit: solMass, datatype: float32, format: 10.4e, description: total molecular gas mass within the given radius}
# delimiter: ','
# schema: astropy-2.0
Name,r_arcs,r_kpc,r_r25,npix,ngood,ico_avg,ico_rms,detlim,sigmol,cumlum,cummass
[from data line 403]
NGC0523,37.0,12.178,0.490,143,90,0.564,2.347547,1.215,2.426,1.0110e+09,4.3473e+09
NGC0523,39.0,12.837,0.516,163,69,0.443,1.7855084,1.155,1.904,1.0358e+09,4.4538e+09
NGC0523,41.0,13.495,0.543,160,63,0.420,1.5124586,1.212,1.807,1.0588e+09,4.5530e+09
NGC0523,43.0,14.153,0.569,167,60,0.232,0.9891533,1.211,0.996,1.0721e+09,4.6101e+09
NGC0523,45.0,14.811,0.596,183,54,0.130,0.6726956,1.178,0.559,1.0803e+09,4.6452e+09
NGC0523,47.0,15.470,0.622,183,46,0.006,0.62508154,1.234,0.024,1.0806e+09,4.6467e+09
NGC0523,49.0,16.128,0.649,196,38,-0.019,0.50945973,1.234,-0.084,1.0793e+09,4.6411e+09
NGC0523,51.0,16.786,0.675,190,39,-0.065,0.42503148,1.248,-0.279,1.0751e+09,4.6229e+09
NGC0523,53.0,17.445,0.702,171,27,-0.062,0.344275,1.310,-0.266,1.0715e+09,4.6073e+09
NGC0523,55.0,18.103,0.728,166,26,-0.044,0.31230953,1.310,-0.188,1.0690e+09,4.5966e+09
NGC0523,57.0,18.761,0.755,162,21,-0.033,0.34453508,1.322,-0.143,1.0671e+09,4.5886e+09
NGC0523,59.0,19.419,0.781,152,16,-0.020,0.27411935,1.361,-0.086,1.0661e+09,4.5841e+09
NGC0523,61.0,20.078,0.808,149,6,nan,nan,1.391,nan,1.0661e+09,4.5841e+09
NGC0523,63.0,20.736,0.834,157,3,nan,nan,1.348,nan,1.0661e+09,4.5841e+09
NGC0528,1.0,0.334,0.019,6,0,nan,nan,6.830,nan,0.0000e+00,0.0000e+00
NGC0528,3.0,1.001,0.056,18,0,nan,nan,3.948,nan,0.0000e+00,0.0000e+00
NGC0528,5.0,1.669,0.094,29,0,nan,nan,3.117,nan,0.0000e+00,0.0000e+00
NGC0528,7.0,2.336,0.132,47,0,nan,nan,2.457,nan,0.0000e+00,0.0000e+00
NGC0528,9.0,3.004,0.169,52,0,nan,nan,2.347,nan,0.0000e+00,0.0000e+00
NGC0528,11.0,3.671,0.207,66,0,nan,nan,2.094,nan,0.0000e+00,0.0000e+00
NGC0528,13.0,4.339,0.245,79,0,nan,nan,1.929,nan,0.0000e+00,0.0000e+00
NGC0528,15.0,5.006,0.282,91,0,nan,nan,1.810,nan,0.0000e+00,0.0000e+00
NGC0528,17.0,5.674,0.320,105,0,nan,nan,1.702,nan,0.0000e+00,0.0000e+00
NGC0528,19.0,6.341,0.358,113,1,nan,nan,1.658,nan,0.0000e+00,0.0000e+00
NGC0528,21.0,7.009,0.395,128,15,-0.053,0.3197939,1.577,-0.228,-1.5650e+06,-6.7296e+06
NGC0528,23.0,7.676,0.433,137,21,0.160,0.54344577,1.546,0.689,3.4951e+06,1.5029e+07
NGC0528,25.0,8.344,0.471,159,30,0.328,0.8119408,1.457,1.411,1.5521e+07,6.6740e+07
NGC0528,27.0,9.011,0.508,158,27,0.271,0.7157958,1.485,1.165,2.5386e+07,1.0916e+08
NGC0528,29.0,9.679,0.546,182,31,0.180,0.657736,1.409,0.774,3.2936e+07,1.4163e+08
NGC0528,31.0,10.346,0.584,182,27,0.039,0.4100219,1.442,0.166,3.4557e+07,1.4860e+08
NGC0528,33.0,11.014,0.621,200,22,0.061,0.5111062,1.401,0.264,3.7386e+07,1.6076e+08
NGC0528,35.0,11.681,0.659,215,23,0.073,0.58991134,1.388,0.313,4.0999e+07,1.7629e+08
NGC0528,37.0,12.349,0.697,228,19,nan,nan,1.374,nan,4.0999e+07,1.7629e+08
NGC0528,39.0,13.017,0.734,228,13,nan,nan,1.421,nan,4.0999e+07,1.7629e+08
NGC0528,41.0,13.684,0.772,259,16,nan,nan,1.370,nan,4.0999e+07,1.7629e+08
NGC0528,43.0,14.352,0.810,255,11,nan,nan,1.434,nan,4.0999e+07,1.7629e+08
NGC0528,45.0,15.019,0.847,273,2,nan,nan,1.414,nan,4.0999e+07,1.7629e+08
NGC0551,1.0,0.361,0.022,5,5,2.711,0.5681941,7.615,11.659,4.0631e+06,1.7471e+07
NGC0551,3.0,1.084,0.067,17,17,2.169,0.8976724,3.993,9.327,1.5114e+07,6.4992e+07
NGC0551,5.0,1.806,0.112,28,28,1.451,1.093343,3.069,6.241,2.7294e+07,1.1736e+08
NGC0551,7.0,2.528,0.157,40,40,1.372,1.3728929,2.542,5.899,4.3740e+07,1.8808e+08
NGC0551,9.0,3.251,0.202,47,47,1.468,1.5726333,2.269,6.311,6.4414e+07,2.7698e+08
NGC0551,11.0,3.973,0.247,54,54,1.161,1.7717706,2.107,4.991,8.3200e+07,3.5776e+08
NGC0551,13.0,4.695,0.292,80,80,1.644,1.3988447,1.637,7.071,1.2263e+08,5.2730e+08
NGC0551,15.0,5.418,0.336,83,83,1.886,1.1673368,1.579,8.112,1.6956e+08,7.2909e+08
NGC0551,17.0,6.140,0.381,89,89,1.920,0.9790807,1.517,8.255,2.2076e+08,9.4928e+08
NGC0551,19.0,6.862,0.426,107,107,1.832,1.2851,1.387,7.876,2.7950e+08,1.2019e+09
NGC0551,21.0,7.585,0.471,114,114,1.632,1.3396877,1.352,7.017,3.3526e+08,1.4416e+09
NGC0551,23.0,8.307,0.516,125,125,1.230,1.1944991,1.296,5.290,3.8135e+08,1.6398e+09
NGC0551,25.0,9.029,0.561,137,137,0.850,1.1109561,1.256,3.655,4.1625e+08,1.7899e+09
NGC0551,27.0,9.752,0.606,143,143,0.610,1.1264012,1.249,2.624,4.4240e+08,1.9023e+09
NGC0551,29.0,10.474,0.651,162,161,0.689,1.03052,1.192,2.961,4.7584e+08,2.0461e+09
NGC0551,31.0,11.196,0.695,169,166,0.593,0.9803757,1.188,2.550,5.0587e+08,2.1753e+09
NGC0551,33.0,11.919,0.740,178,161,0.375,0.91801786,1.183,1.613,5.2589e+08,2.2613e+09
NGC0551,35.0,12.641,0.785,190,140,0.217,0.79616314,1.173,0.935,5.3826e+08,2.3145e+09
NGC0551,37.0,13.363,0.830,199,129,0.168,0.6581406,1.180,0.721,5.4827e+08,2.3575e+09
NGC0551,39.0,14.086,0.875,227,111,0.127,0.5854383,1.129,0.544,5.5688e+08,2.3946e+09
NGC0551,41.0,14.808,0.920,220,71,0.121,0.5569208,1.183,0.519,5.6484e+08,2.4288e+09
NGC0551,43.0,15.530,0.965,233,54,0.131,0.49723727,1.188,0.565,5.7401e+08,2.4683e+09
NGC0551,45.0,16.253,1.009,246,35,0.052,0.4083722,1.193,0.224,5.7785e+08,2.4848e+09
NGC0551,47.0,16.975,1.054,253,22,nan,nan,1.224,nan,5.7785e+08,2.4848e+09
NGC0551,49.0,17.697,1.099,275,10,nan,nan,1.204,nan,5.7785e+08,2.4848e+09
NGC0551,51.0,18.420,1.144,279,4,nan,nan,1.274,nan,5.7785e+08,2.4848e+09
NGC1167,1.0,0.344,0.018,9,0,nan,nan,8.924,nan,0.0000e+00,0.0000e+00
NGC1167,3.0,1.031,0.055,31,0,nan,nan,4.816,nan,0.0000e+00,0.0000e+00
NGC1167,5.0,1.719,0.092,47,0,nan,nan,3.922,nan,0.0000e+00,0.0000e+00
NGC1167,7.0,2.406,0.128,69,6,nan,nan,3.252,nan,0.0000e+00,0.0000e+00
NGC1167,9.0,3.094,0.165,87,14,0.390,0.95438755,2.913,1.676,5.1926e+06,2.2328e+07
NGC1167,11.0,3.781,0.201,104,12,0.110,0.6131435,2.685,0.471,6.9380e+06,2.9833e+07
NGC1167,13.0,4.468,0.238,131,21,0.048,0.53391397,2.413,0.207,7.9017e+06,3.3977e+07
NGC1167,15.0,5.156,0.275,143,16,-0.019,0.24251634,2.336,-0.083,7.4809e+06,3.2168e+07
NGC1167,17.0,5.843,0.311,166,46,-0.133,0.742576,2.193,-0.570,4.1112e+06,1.7678e+07
NGC1167,19.0,6.531,0.348,181,86,-0.129,1.0681214,2.132,-0.553,5.4739e+05,2.3538e+06
NGC1167,21.0,7.218,0.385,207,112,0.084,1.4544356,2.023,0.361,3.2109e+06,1.3807e+07
NGC1167,23.0,7.906,0.421,218,135,0.795,1.943214,2.008,3.418,2.9743e+07,1.2790e+08
NGC1167,25.0,8.593,0.458,246,159,1.636,2.1399865,1.925,7.035,9.1371e+07,3.9290e+08
NGC1167,27.0,9.281,0.495,263,171,1.666,2.2899163,1.905,7.164,1.5846e+08,6.8139e+08
NGC1167,29.0,9.968,0.531,280,179,1.096,2.1729574,1.888,4.714,2.0546e+08,8.8349e+08
NGC1167,31.0,10.656,0.568,307,188,0.702,1.9497105,1.849,3.021,2.3848e+08,1.0255e+09
NGC1167,33.0,11.343,0.604,311,180,0.233,1.6615064,1.889,1.002,2.4958e+08,1.0732e+09
NGC1167,35.0,12.031,0.641,346,194,0.345,1.6192266,1.841,1.483,2.6785e+08,1.1518e+09
NGC1167,37.0,12.718,0.678,351,188,0.697,2.1348128,1.892,2.999,3.0534e+08,1.3129e+09
NGC1167,39.0,13.405,0.714,385,166,0.806,2.0583398,1.866,3.466,3.5285e+08,1.5173e+09
NGC1167,41.0,14.093,0.751,388,126,0.539,1.8861095,1.928,2.317,3.8487e+08,1.6549e+09
NGC1167,43.0,14.780,0.788,424,115,0.445,1.5848097,1.912,1.914,4.1377e+08,1.7792e+09
NGC1167,45.0,15.468,0.824,432,94,0.313,1.2924469,1.979,1.345,4.3446e+08,1.8682e+09
NGC1167,47.0,16.155,0.861,461,63,-0.007,0.7436395,1.994,-0.032,4.3394e+08,1.8659e+09
NGC1167,49.0,16.843,0.898,472,48,-0.002,0.59097767,2.065,-0.009,4.3378e+08,1.8653e+09
NGC1167,51.0,17.530,0.934,455,17,nan,nan,2.200,nan,4.3378e+08,1.8653e+09
NGC1167,53.0,18.218,0.971,418,24,nan,nan,2.434,nan,4.3378e+08,1.8653e+09
NGC1167,55.0,18.905,1.007,391,15,nan,nan,2.705,nan,4.3378e+08,1.8653e+09
NGC1167,57.0,19.593,1.044,391,25,nan,nan,2.869,nan,4.3378e+08,1.8653e+09
NGC1167,59.0,20.280,1.081,367,13,nan,nan,3.281,nan,4.3378e+08,1.8653e+09
NGC1167,61.0,20.967,1.117,369,17,nan,nan,3.537,nan,4.3378e+08,1.8653e+09
NGC1167,63.0,21.655,1.154,358,8,nan,nan,4.454,nan,4.3378e+08,1.8653e+09
NGC1167,65.0,22.342,1.191,348,6,nan,nan,6.334,nan,4.3378e+08,1.8653e+09
NGC2253,1.0,0.248,0.023,8,8,62.738,5.161752,11.065,269.772,4.5608e+07,1.9611e+08
NGC2253,3.0,0.744,0.070,26,26,40.610,10.722479,6.211,174.622,1.4155e+08,6.0868e+08
NGC2253,5.0,1.240,0.117,42,42,18.533,8.914472,4.901,79.690,2.1228e+08,9.1282e+08
NGC2253,7.0,1.736,0.164,62,62,7.597,5.140544,3.984,32.666,2.5508e+08,1.0969e+09
NGC2253,9.0,2.232,0.210,78,78,7.436,3.507205,3.442,31.975,3.0779e+08,1.3235e+09
NGC2253,11.0,2.728,0.257,93,93,9.790,3.0847485,2.923,42.097,3.9052e+08,1.6792e+09
NGC2253,13.0,3.224,0.304,109,109,10.016,2.8340468,2.610,43.070,4.8973e+08,2.1059e+09
NGC2253,15.0,3.720,0.351,121,121,7.951,3.1038415,2.373,34.188,5.7715e+08,2.4818e+09
NGC2253,17.0,4.216,0.397,152,152,5.358,3.0145528,2.088,23.038,6.5115e+08,2.8000e+09
NGC2253,19.0,4.712,0.444,158,158,3.869,2.6654828,2.055,16.635,7.0670e+08,3.0388e+09
NGC2253,21.0,5.208,0.491,185,185,3.561,2.0959785,1.907,15.313,7.6656e+08,3.2962e+09
NGC2253,23.0,5.704,0.538,193,193,3.276,2.2166154,1.891,14.087,8.2402e+08,3.5433e+09
NGC2253,25.0,6.200,0.585,213,213,2.344,2.2850087,1.831,10.078,8.6938e+08,3.7383e+09
NGC2253,27.0,6.696,0.631,230,230,1.723,1.9475175,1.796,7.408,9.0539e+08,3.8932e+09
NGC2253,29.0,7.192,0.678,243,243,1.144,2.0410671,1.783,4.920,9.3066e+08,4.0018e+09
NGC2253,31.0,7.688,0.725,264,263,0.531,1.8561392,1.749,2.283,9.4339e+08,4.0566e+09
NGC2253,33.0,8.184,0.772,285,266,0.239,1.4055725,1.729,1.029,9.4959e+08,4.0832e+09
NGC2253,35.0,8.680,0.818,301,240,0.205,1.2255633,1.730,0.881,9.5520e+08,4.1074e+09
NGC2253,37.0,9.176,0.865,312,197,0.136,1.0590315,1.751,0.585,9.5906e+08,4.1240e+09
NGC2253,39.0,9.672,0.912,328,165,0.328,1.0393254,1.757,1.411,9.6884e+08,4.1660e+09
NGC2253,41.0,10.168,0.959,339,83,0.285,0.764188,1.790,1.227,9.7763e+08,4.2038e+09
NGC2253,43.0,10.664,1.005,373,55,0.117,0.565978,1.766,0.504,9.8160e+08,4.2209e+09
NGC2253,45.0,11.160,1.052,387,40,0.048,0.6752838,1.807,0.206,9.8328e+08,4.2281e+09
NGC2253,47.0,11.656,1.099,402,41,0.047,0.7348748,1.843,0.201,9.8499e+08,4.2355e+09
NGC2253,49.0,12.152,1.146,414,24,nan,nan,1.896,nan,9.8499e+08,4.2355e+09
NGC2253,51.0,12.648,1.192,438,6,nan,nan,1.996,nan,9.8499e+08,4.2355e+09
NGC2347,1.0,0.309,0.020,9,9,17.999,3.3361547,10.514,77.394,2.4173e+07,1.0394e+08
NGC2347,3.0,0.927,0.061,22,22,16.181,4.5699744,6.582,69.580,7.7295e+07,3.3237e+08
NGC2347,5.0,1.545,0.101,40,40,13.846,4.387691,4.749,59.540,1.5995e+08,6.8777e+08
NGC2347,7.0,2.163,0.142,57,57,11.452,3.709816,3.865,49.245,2.5736e+08,1.1066e+09
NGC2347,9.0,2.782,0.182,72,72,9.736,3.3509593,3.284,41.865,3.6196e+08,1.5564e+09
NGC2347,11.0,3.400,0.223,88,88,6.929,2.6532414,2.790,29.794,4.5295e+08,1.9477e+09
NGC2347,13.0,4.018,0.264,103,103,4.947,2.2847726,2.448,21.272,5.2899e+08,2.2747e+09
NGC2347,15.0,4.636,0.304,123,123,3.442,2.3691752,2.186,14.800,5.9216e+08,2.5463e+09
NGC2347,17.0,5.254,0.345,133,133,2.812,1.9162954,1.992,12.091,6.4797e+08,2.7863e+09
NGC2347,19.0,5.872,0.385,154,154,2.516,1.3509797,1.807,10.817,7.0578e+08,3.0349e+09
NGC2347,21.0,6.490,0.426,169,169,2.138,1.1870705,1.713,9.193,7.5970e+08,3.2667e+09
NGC2347,23.0,7.108,0.466,189,181,1.607,1.4254246,1.609,6.912,8.0503e+08,3.4616e+09
NGC2347,25.0,7.727,0.507,195,184,1.026,1.3433226,1.587,4.411,8.3488e+08,3.5900e+09
NGC2347,27.0,8.345,0.547,224,195,0.416,1.1637578,1.505,1.787,8.4878e+08,3.6498e+09
NGC2347,29.0,8.963,0.588,228,148,0.118,0.8515671,1.531,0.509,8.5281e+08,3.6671e+09
NGC2347,31.0,9.581,0.628,254,89,0.119,0.5697817,1.487,0.511,8.5732e+08,3.6865e+09
NGC2347,33.0,10.199,0.669,262,26,nan,nan,1.507,nan,8.5732e+08,3.6865e+09
NGC2410,1.0,0.327,0.015,4,4,8.842,0.10474703,9.795,38.020,1.2002e+07,5.1607e+07
NGC2410,3.0,0.982,0.046,14,14,7.975,1.1553617,5.065,34.293,4.9890e+07,2.1453e+08
NGC2410,5.0,1.636,0.077,19,19,6.973,1.666132,4.234,29.984,9.4848e+07,4.0785e+08
NGC2410,7.0,2.291,0.108,28,28,6.191,1.9386929,3.403,26.622,1.5367e+08,6.6080e+08
NGC2410,9.0,2.946,0.138,36,36,5.452,2.4239779,2.921,23.442,2.2027e+08,9.4718e+08
NGC2410,11.0,3.600,0.169,43,43,5.197,2.0474873,2.592,22.347,2.9611e+08,1.2733e+09
NGC2410,13.0,4.255,0.200,54,54,4.753,1.9328998,2.240,20.437,3.8320e+08,1.6477e+09
NGC2410,15.0,4.909,0.231,56,56,3.858,2.363669,2.132,16.588,4.5650e+08,1.9630e+09
NGC2410,17.0,5.564,0.261,69,69,3.079,2.4051466,1.884,13.240,5.2859e+08,2.2730e+09
NGC2410,19.0,6.218,0.292,78,78,2.361,1.9854851,1.704,10.153,5.9109e+08,2.5417e+09
NGC2410,21.0,6.873,0.323,80,80,2.099,1.6646299,1.663,9.027,6.4808e+08,2.7867e+09
NGC2410,23.0,7.527,0.354,89,89,1.516,1.3207645,1.549,6.520,6.9387e+08,2.9837e+09
NGC2410,25.0,8.182,0.384,105,105,1.298,1.2106034,1.390,5.580,7.4011e+08,3.1825e+09
NGC2410,27.0,8.837,0.415,104,104,1.034,1.032792,1.370,4.446,7.7661e+08,3.3394e+09
NGC2410,29.0,9.491,0.446,111,111,0.972,0.9260294,1.304,4.179,8.1321e+08,3.4968e+09
NGC2410,31.0,10.146,0.477,130,130,0.805,0.91228324,1.194,3.460,8.4871e+08,3.6495e+09
NGC2410,33.0,10.800,0.507,125,124,0.763,0.96990734,1.213,3.281,8.8108e+08,3.7886e+09
NGC2410,35.0,11.455,0.538,137,133,0.704,0.9722499,1.154,3.026,9.1379e+08,3.9293e+09
NGC2410,37.0,12.109,0.569,151,145,0.672,0.80573773,1.105,2.891,9.4825e+08,4.0775e+09
NGC2410,39.0,12.764,0.600,147,139,0.471,0.7360705,1.132,2.027,9.7176e+08,4.1786e+09
NGC2410,41.0,13.418,0.630,162,137,0.290,0.7031741,1.087,1.247,9.8770e+08,4.2471e+09
NGC2410,43.0,14.073,0.661,168,119,0.251,0.59624314,1.079,1.081,1.0020e+09,4.3087e+09
NGC2410,45.0,14.728,0.692,186,109,0.092,0.56096303,1.039,0.396,1.0078e+09,4.3337e+09
NGC2410,47.0,15.382,0.723,183,72,0.013,0.42520458,1.061,0.055,1.0086e+09,4.3371e+09
NGC2410,49.0,16.037,0.753,189,49,0.022,0.32037514,1.060,0.094,1.0100e+09,4.3432e+09
NGC2410,51.0,16.691,0.784,213,36,0.026,0.2351496,1.016,0.112,1.0119e+09,4.3513e+09
NGC2410,53.0,17.346,0.815,209,24,0.032,0.18617363,1.052,0.139,1.0142e+09,4.3611e+09
NGC2410,55.0,18.000,0.846,214,18,nan,nan,1.056,nan,1.0142e+09,4.3611e+09
NGC2410,57.0,18.655,0.877,226,10,nan,nan,1.050,nan,1.0142e+09,4.3611e+09
NGC2410,59.0,19.310,0.907,237,8,nan,nan,1.061,nan,1.0142e+09,4.3611e+09
NGC2410,61.0,19.964,0.938,242,6,nan,nan,1.068,nan,1.0142e+09,4.3611e+09
NGC2410,63.0,20.619,0.969,245,5,nan,nan,1.087,nan,1.0142e+09,4.3611e+09
NGC2410,65.0,21.273,1.000,269,4,nan,nan,1.083,nan,1.0142e+09,4.3611e+09
NGC2410,67.0,21.928,1.030,263,3,nan,nan,1.120,nan,1.0142e+09,4.3611e+09
NGC2410,69.0,22.582,1.061,267,3,nan,nan,1.159,nan,1.0142e+09,4.3611e+09
NGC2410,71.0,23.237,1.092,291,2,nan,nan,1.160,nan,1.0142e+09,4.3611e+09
NGC2480,1.0,0.160,0.025,7,7,7.664,0.6460623,8.711,32.954,2.4285e+06,1.0443e+07
NGC2480,3.0,0.481,0.076,22,22,5.302,1.489745,4.920,22.801,7.7093e+06,3.3150e+07
NGC2480,5.0,0.802,0.126,33,33,3.273,1.7415504,4.027,14.075,1.2599e+07,5.4177e+07
NGC2480,7.0,1.122,0.177,49,49,1.947,1.2466443,3.316,8.371,1.6917e+07,7.2745e+07
NGC2480,9.0,1.443,0.228,67,67,1.390,1.1735375,2.851,5.978,2.1134e+07,9.0877e+07
NGC2480,11.0,1.764,0.278,79,79,1.757,2.0476708,2.643,7.555,2.7418e+07,1.1790e+08
NGC2480,13.0,2.084,0.329,91,89,1.202,2.4346523,2.480,5.168,3.2369e+07,1.3919e+08
NGC2480,15.0,2.405,0.379,113,95,0.434,2.5492887,2.247,1.865,3.4588e+07,1.4873e+08
NGC2480,17.0,2.726,0.430,117,57,0.543,1.7060363,2.232,2.336,3.7465e+07,1.6110e+08
NGC2480,19.0,3.046,0.480,133,42,0.313,1.1457891,2.118,1.346,3.9350e+07,1.6920e+08
NGC2480,21.0,3.367,0.531,155,48,0.140,0.68192756,1.989,0.600,4.0330e+07,1.7342e+08
NGC2480,23.0,3.688,0.582,163,42,0.115,0.5898806,1.967,0.495,4.1178e+07,1.7707e+08
NGC2480,25.0,4.008,0.632,182,41,0.095,0.6048089,1.895,0.407,4.1959e+07,1.8042e+08
NGC2480,27.0,4.329,0.683,185,25,0.079,0.4838846,1.913,0.341,4.2624e+07,1.8328e+08
NGC2480,29.0,4.650,0.733,206,14,nan,nan,1.851,nan,4.2624e+07,1.8328e+08
NGC2487,1.0,0.342,0.019,10,10,42.529,3.856274,14.426,182.874,5.8232e+07,2.5040e+08
NGC2487,3.0,1.026,0.058,35,35,25.510,7.7246113,7.689,109.694,1.8048e+08,7.7608e+08
NGC2487,5.0,1.709,0.096,51,51,7.211,5.306805,6.268,31.006,2.3084e+08,9.9260e+08
NGC2487,7.0,2.393,0.135,75,75,1.027,4.7132926,4.918,4.417,2.4138e+08,1.0380e+09
NGC2487,9.0,3.077,0.173,93,93,-0.237,3.6768262,4.049,-1.019,2.3837e+08,1.0250e+09
NGC2487,11.0,3.760,0.212,124,89,0.547,2.57267,3.319,2.353,2.4766e+08,1.0649e+09
NGC2487,13.0,4.444,0.251,138,72,0.712,2.34337,3.182,3.062,2.6111e+08,1.1228e+09
NGC2487,15.0,5.128,0.289,162,91,0.092,1.65937,2.979,0.398,2.6317e+08,1.1316e+09
