dat_prof/radprof/rprof_de20_smo.csv
# %ECSV 0.9
# ---
# datatype:
# - {name: Name, datatype: string, description: Galaxy Name}
# - {name: r_arcs, unit: arcsec, datatype: float64, description: outer radius of ring in arcsec}
# - {name: r_kpc, unit: kpc, datatype: float64, format: 10.3f, description: outer radius of ring in kpc}
# - {name: r_r25, unit: '', datatype: float64, format: 10.3f, description: outer radius of ring as frac of opt radius}
# - {name: npix, datatype: int64, description: number of available pixels in the ring}
# - {name: ngood, datatype: int64, description: number of unmasked pixels in the ring}
# - {name: ico_avg, unit: K km / s, datatype: float64, format: 10.3f, description: average face-on intensity in ring if ngood/npix > 0.1
#     and setting blanks to zero}
# - {name: ico_rms, unit: K km / s, datatype: float32, description: rms face-on intensity in ring for unmasked pixels}
# - {name: detlim, unit: K km / s, datatype: float64, format: 10.3f, description: 3 sigma detection limit based on emom0max}
# - {name: sigmol, unit: solMass / pc2, datatype: float64, format: 10.3f, description: average face-on surface density including He with
#     alphaco=4.3}
# - {name: cumlum, unit: K km pc2 / s, datatype: float32, format: 10.4e, description: total CO luminosity within the given radius}
# - {name: cummass, unit: solMass, datatype: float32, format: 10.4e, description: total molecular gas mass within the given radius}
# delimiter: ','
# schema: astropy-2.0
Name,r_arcs,r_kpc,r_r25,npix,ngood,ico_avg,ico_rms,detlim,sigmol,cumlum,cummass
[from data line 1994]
UGC03253,19.0,5.477,0.461,124,53,0.382,0.801864,1.754,1.644,1.1901e+08,5.1176e+08
UGC03253,21.0,6.054,0.509,139,50,0.391,0.8338127,1.680,1.682,1.2761e+08,5.4873e+08
UGC03253,23.0,6.630,0.558,152,50,0.471,0.79705846,1.635,2.026,1.3894e+08,5.9744e+08
UGC03253,25.0,7.207,0.606,164,49,0.438,0.7598804,1.602,1.885,1.5031e+08,6.4632e+08
UGC03253,27.0,7.783,0.655,182,53,0.366,0.7436988,1.548,1.575,1.6085e+08,6.9165e+08
UGC03253,29.0,8.360,0.704,191,44,0.173,0.52817076,1.547,0.745,1.6608e+08,7.1415e+08
UGC03253,31.0,8.936,0.752,206,39,0.097,0.4900484,1.527,0.419,1.6926e+08,7.2780e+08
UGC03253,33.0,9.513,0.801,218,29,0.128,0.5166305,1.520,0.549,1.7366e+08,7.4672e+08
UGC03253,35.0,10.089,0.849,231,30,0.097,0.46224105,1.521,0.419,1.7721e+08,7.6202e+08
UGC03253,37.0,10.666,0.898,244,25,0.048,0.3322473,1.524,0.205,1.7906e+08,7.6994e+08
UGC03253,39.0,11.242,0.946,254,26,-0.003,0.29350254,1.540,-0.015,1.7892e+08,7.6934e+08
UGC03253,41.0,11.819,0.995,275,13,nan,nan,1.532,nan,1.7892e+08,7.6934e+08
UGC03253,43.0,12.395,1.043,280,11,nan,nan,1.574,nan,1.7892e+08,7.6934e+08
UGC03253,45.0,12.972,1.092,295,10,nan,nan,1.587,nan,1.7892e+08,7.6934e+08
UGC03253,47.0,13.548,1.140,307,9,nan,nan,1.626,nan,1.7892e+08,7.6934e+08
UGC03253,49.0,14.125,1.189,304,8,nan,nan,1.656,nan,1.7892e+08,7.6934e+08
UGC03253,51.0,14.702,1.237,274,7,nan,nan,1.749,nan,1.7892e+08,7.6934e+08
UGC03253,53.0,15.278,1.286,252,6,nan,nan,1.845,nan,1.7892e+08,7.6934e+08
UGC03539,1.0,0.228,0.018,4,4,13.260,0.40338567,7.421,57.017,9.0062e+06,3.8727e+07
UGC03539,3.0,0.685,0.055,11,11,11.701,1.2580189,4.389,50.313,3.0861e+07,1.3270e+08
UGC03539,5.0,1.142,0.091,19,19,10.018,1.6352046,3.326,43.076,6.3181e+07,2.7168e+08
UGC03539,7.0,1.599,0.127,27,27,8.492,2.0962875,2.816,36.516,1.0211e+08,4.3909e+08
UGC03539,9.0,2.056,0.164,34,34,6.810,2.8593256,2.453,29.284,1.4143e+08,6.0816e+08
UGC03539,11.0,2.513,0.200,43,43,5.727,3.0104623,2.169,24.625,1.8325e+08,7.8797e+08
UGC03539,13.0,2.970,0.236,55,55,4.063,2.7579885,1.875,17.470,2.2119e+08,9.5113e+08
UGC03539,15.0,3.427,0.273,55,55,2.606,2.0758193,1.819,11.204,2.4553e+08,1.0558e+09
UGC03539,17.0,3.884,0.309,66,66,1.560,1.7138146,1.631,6.707,2.6301e+08,1.1309e+09
UGC03539,19.0,4.341,0.346,73,73,0.948,1.5176508,1.535,4.075,2.7475e+08,1.1814e+09
UGC03539,21.0,4.798,0.382,82,82,0.716,1.2395629,1.437,3.079,2.8472e+08,1.2243e+09
UGC03539,23.0,5.254,0.418,89,89,0.353,1.1276085,1.373,1.518,2.9006e+08,1.2473e+09
UGC03539,25.0,5.711,0.455,91,91,0.191,1.0754884,1.363,0.822,2.9301e+08,1.2600e+09
UGC03539,27.0,6.168,0.491,113,104,0.192,0.90565526,1.225,0.824,2.9669e+08,1.2758e+09
UGC03539,29.0,6.625,0.528,111,90,0.157,0.9156019,1.246,0.676,2.9965e+08,1.2885e+09
UGC03539,31.0,7.082,0.564,116,69,0.100,0.8450242,1.228,0.430,3.0163e+08,1.2970e+09
UGC03539,33.0,7.539,0.600,128,61,0.076,0.6109133,1.191,0.326,3.0327e+08,1.3041e+09
UGC03539,35.0,7.996,0.637,132,49,-0.010,0.42346781,1.196,-0.042,3.0306e+08,1.3031e+09
UGC03539,37.0,8.453,0.673,145,39,-0.024,0.3083319,1.158,-0.105,3.0246e+08,1.3006e+09
UGC03539,39.0,8.910,0.709,150,27,-0.008,0.2235693,1.177,-0.035,3.0225e+08,1.2997e+09
UGC03539,41.0,9.367,0.746,158,17,-0.001,0.10040264,1.177,-0.005,3.0222e+08,1.2995e+09
UGC03539,43.0,9.823,0.782,165,9,nan,nan,1.187,nan,3.0222e+08,1.2995e+09
UGC03539,45.0,10.280,0.819,174,3,nan,nan,1.183,nan,3.0222e+08,1.2995e+09
UGC03539,47.0,10.737,0.855,185,2,nan,nan,1.207,nan,3.0222e+08,1.2995e+09
UGC03539,49.0,11.194,0.891,191,1,nan,nan,1.216,nan,3.0222e+08,1.2995e+09
UGC03969,1.0,0.574,0.026,5,5,8.958,0.5996162,7.539,38.518,4.3146e+07,1.8553e+08
UGC03969,3.0,1.722,0.079,11,11,8.796,1.1571884,5.053,37.821,1.3635e+08,5.8631e+08
UGC03969,5.0,2.870,0.131,23,23,7.890,1.2400557,3.409,33.925,3.1116e+08,1.3380e+09
UGC03969,7.0,4.018,0.184,28,28,6.342,1.4156821,3.032,27.270,4.8222e+08,2.0735e+09
UGC03969,9.0,5.166,0.237,40,40,5.236,1.4498882,2.500,22.514,6.8397e+08,2.9411e+09
UGC03969,11.0,6.314,0.289,44,44,4.225,1.4703231,2.338,18.166,8.6304e+08,3.7111e+09
UGC03969,13.0,7.462,0.342,58,58,3.687,1.5071377,2.005,15.853,1.0690e+09,4.5968e+09
UGC03969,15.0,8.610,0.394,63,63,2.968,1.3068871,1.913,12.764,1.2492e+09,5.3715e+09
UGC03969,17.0,9.758,0.447,78,78,2.429,1.5146472,1.645,10.446,1.4317e+09,6.1564e+09
UGC03969,19.0,10.906,0.500,77,77,1.766,1.5640188,1.595,7.593,1.5627e+09,6.7196e+09
UGC03969,21.0,12.054,0.552,94,94,1.169,1.348981,1.387,5.027,1.6686e+09,7.1749e+09
UGC03969,23.0,13.202,0.605,98,98,0.391,1.0313494,1.316,1.682,1.7055e+09,7.3336e+09
UGC03969,25.0,14.350,0.657,110,110,0.190,0.8643556,1.216,0.816,1.7256e+09,7.4201e+09
UGC03969,27.0,15.498,0.710,118,112,0.038,0.768425,1.165,0.162,1.7299e+09,7.4385e+09
UGC03969,29.0,16.646,0.763,121,104,-0.025,0.7066658,1.145,-0.109,1.7269e+09,7.4258e+09
UGC03969,31.0,17.794,0.815,131,82,-0.000,0.6143486,1.106,-0.002,1.7269e+09,7.4256e+09
UGC03969,33.0,18.942,0.868,146,69,0.067,0.54794204,1.068,0.289,1.7363e+09,7.4662e+09
UGC03969,35.0,20.090,0.920,150,57,0.088,0.5389948,1.072,0.379,1.7491e+09,7.5210e+09
UGC03969,37.0,21.238,0.973,159,36,0.044,0.35706595,1.071,0.189,1.7558e+09,7.5499e+09
UGC03969,39.0,22.386,1.026,167,23,0.035,0.20227511,1.068,0.152,1.7615e+09,7.5744e+09
UGC03969,41.0,23.534,1.078,179,14,nan,nan,1.066,nan,1.7615e+09,7.5744e+09
UGC03969,43.0,24.682,1.131,184,11,nan,nan,1.079,nan,1.7615e+09,7.5744e+09
UGC03969,45.0,25.830,1.183,185,8,nan,nan,1.112,nan,1.7615e+09,7.5744e+09
UGC03969,47.0,26.978,1.236,204,6,nan,nan,1.097,nan,1.7615e+09,7.5744e+09
UGC03969,49.0,28.126,1.288,211,7,nan,nan,1.109,nan,1.7615e+09,7.5744e+09
UGC03969,51.0,29.274,1.341,221,5,nan,nan,1.157,nan,1.7615e+09,7.5744e+09
UGC03969,53.0,30.422,1.394,222,4,nan,nan,1.184,nan,1.7615e+09,7.5744e+09
UGC03969,55.0,31.570,1.446,245,3,nan,nan,1.198,nan,1.7615e+09,7.5744e+09
UGC03969,57.0,32.718,1.499,234,2,nan,nan,1.231,nan,1.7615e+09,7.5744e+09
UGC03973,1.0,0.465,0.025,10,10,9.416,4.0682874,11.514,40.488,2.6246e+07,1.1286e+08
UGC03973,3.0,1.395,0.075,31,31,8.758,7.910756,6.563,37.661,1.0193e+08,4.3829e+08
UGC03973,5.0,2.325,0.124,46,46,7.411,7.107624,5.031,31.866,1.9695e+08,8.4688e+08
UGC03973,7.0,3.256,0.174,68,68,6.647,5.252032,3.955,28.582,3.2294e+08,1.3886e+09
UGC03973,9.0,4.186,0.224,86,86,4.317,3.903018,3.340,18.564,4.2643e+08,1.8337e+09
UGC03973,11.0,5.116,0.274,109,109,2.481,2.9777737,2.773,10.669,5.0182e+08,2.1578e+09
UGC03973,13.0,6.046,0.323,130,130,1.980,2.488578,2.479,8.516,5.7358e+08,2.4664e+09
UGC03973,15.0,6.976,0.373,145,145,1.433,2.517508,2.268,6.163,6.3151e+08,2.7155e+09
UGC03973,17.0,7.907,0.423,168,162,1.137,2.298052,2.060,4.889,6.8475e+08,2.9444e+09
UGC03973,19.0,8.837,0.473,177,137,0.512,1.891201,2.027,2.200,7.0999e+08,3.0530e+09
UGC03973,21.0,9.767,0.523,208,155,0.354,1.3957167,1.888,1.520,7.3049e+08,3.1411e+09
UGC03973,23.0,10.697,0.572,223,144,0.188,1.2585325,1.854,0.808,7.4217e+08,3.1913e+09
UGC03973,25.0,11.627,0.622,246,129,0.425,1.3898396,1.802,1.827,7.7130e+08,3.3166e+09
UGC03973,27.0,12.558,0.672,268,99,0.336,1.4288934,1.765,1.444,7.9639e+08,3.4245e+09
UGC03973,29.0,13.488,0.722,284,87,0.095,1.2209511,1.753,0.410,8.0394e+08,3.4569e+09
UGC03973,31.0,14.418,0.771,301,61,-0.121,0.86992157,1.748,-0.522,7.9375e+08,3.4131e+09
UGC03973,33.0,15.348,0.821,315,47,-0.133,0.71989375,1.756,-0.571,7.8210e+08,3.3630e+09
UGC03973,35.0,16.278,0.871,339,27,nan,nan,1.745,nan,7.8210e+08,3.3630e+09
UGC03973,37.0,17.209,0.921,368,11,nan,nan,1.727,nan,7.8210e+08,3.3630e+09
UGC04029,1.0,0.308,0.018,3,3,15.003,0.4167571,5.490,64.513,1.9862e+07,8.5408e+07
UGC04029,3.0,0.923,0.055,8,8,11.692,2.4222744,3.388,50.274,6.1138e+07,2.6289e+08
UGC04029,5.0,1.539,0.092,14,14,8.241,3.3218634,2.539,35.437,1.1205e+08,4.8183e+08
UGC04029,7.0,2.155,0.129,18,18,5.704,3.2163062,2.190,24.526,1.5736e+08,6.7664e+08
UGC04029,9.0,2.770,0.166,26,26,4.182,2.658756,1.790,17.981,2.0534e+08,8.8294e+08
UGC04029,11.0,3.386,0.203,28,28,2.840,1.9920303,1.669,12.211,2.4042e+08,1.0338e+09
UGC04029,13.0,4.002,0.240,37,37,2.664,1.2952198,1.447,11.454,2.8392e+08,1.2208e+09
UGC04029,15.0,4.617,0.277,40,40,2.283,0.98274994,1.361,9.817,3.2422e+08,1.3941e+09
UGC04029,17.0,5.233,0.314,44,44,1.960,1.0148995,1.269,8.429,3.6228e+08,1.5578e+09
UGC04029,19.0,5.849,0.351,49,49,1.735,0.9921426,1.183,7.460,3.9979e+08,1.7191e+09
UGC04029,21.0,6.464,0.388,57,57,1.487,1.1083105,1.068,6.395,4.3721e+08,1.8800e+09
UGC04029,23.0,7.080,0.425,59,59,1.190,1.0196632,1.061,5.117,4.6819e+08,2.0132e+09
UGC04029,25.0,7.696,0.462,73,73,0.919,0.8902776,0.948,3.953,4.9781e+08,2.1406e+09
UGC04029,27.0,8.311,0.499,71,71,0.718,0.68967515,0.967,3.088,5.2031e+08,2.2373e+09
UGC04029,29.0,8.927,0.536,76,76,0.419,0.6299338,0.940,1.801,5.3435e+08,2.2977e+09
UGC04029,31.0,9.543,0.573,86,84,0.224,0.5707956,0.897,0.964,5.4286e+08,2.3343e+09
UGC04029,33.0,10.158,0.610,86,77,0.122,0.4982585,0.911,0.523,5.4748e+08,2.3542e+09
UGC04029,35.0,10.774,0.647,99,84,0.035,0.47682506,0.861,0.152,5.4902e+08,2.3608e+09
UGC04029,37.0,11.390,0.684,101,80,-0.060,0.44706395,0.873,-0.260,5.4633e+08,2.3492e+09
UGC04029,39.0,12.005,0.721,104,66,-0.053,0.4074064,0.868,-0.229,5.4389e+08,2.3387e+09
UGC04029,41.0,12.621,0.758,111,59,-0.038,0.33627898,0.871,-0.163,5.4203e+08,2.3307e+09
UGC04029,43.0,13.237,0.795,118,53,-0.030,0.29862273,0.868,-0.131,5.4044e+08,2.3239e+09
UGC04029,45.0,13.852,0.832,123,52,-0.010,0.27971688,0.877,-0.043,5.3990e+08,2.3216e+09
UGC04029,47.0,14.468,0.869,129,50,-0.001,0.2822754,0.885,-0.002,5.3987e+08,2.3214e+09
UGC04029,49.0,15.084,0.906,124,40,0.032,0.26989332,0.929,0.138,5.4163e+08,2.3290e+09
UGC04029,51.0,15.699,0.943,141,38,0.019,0.22642225,0.914,0.082,5.4282e+08,2.3341e+09
UGC04029,53.0,16.315,0.980,140,33,0.033,0.24440497,0.960,0.141,5.4484e+08,2.3428e+09
UGC04029,55.0,16.931,1.017,153,25,0.041,0.229781,0.935,0.175,5.4759e+08,2.3546e+09
UGC04029,57.0,17.546,1.054,138,17,0.040,0.20791155,0.972,0.173,5.5003e+08,2.3651e+09
UGC04029,59.0,18.162,1.091,126,16,0.026,0.1937937,0.985,0.111,5.5147e+08,2.3713e+09
UGC04029,61.0,18.778,1.128,124,15,0.018,0.14272651,0.965,0.077,5.5246e+08,2.3756e+09
UGC04029,63.0,19.393,1.165,117,13,0.006,0.14722523,1.003,0.026,5.5277e+08,2.3769e+09
UGC04029,65.0,20.009,1.202,119,12,-0.008,0.13064852,0.978,-0.034,5.5236e+08,2.3751e+09
UGC04029,67.0,20.625,1.239,113,9,nan,nan,1.006,nan,5.5236e+08,2.3751e+09
UGC04029,69.0,21.240,1.276,109,9,nan,nan,1.020,nan,5.5236e+08,2.3751e+09
UGC04029,71.0,21.856,1.313,112,8,nan,nan,1.021,nan,5.5236e+08,2.3751e+09
UGC04029,73.0,22.472,1.350,108,6,nan,nan,1.025,nan,5.5236e+08,2.3751e+09
UGC04029,75.0,23.087,1.387,109,7,nan,nan,1.036,nan,5.5236e+08,2.3751e+09
UGC04029,77.0,23.703,1.424,107,5,nan,nan,1.023,nan,5.5236e+08,2.3751e+09
UGC04029,79.0,24.319,1.461,107,5,nan,nan,1.044,nan,5.5236e+08,2.3751e+09
UGC04029,81.0,24.934,1.497,105,4,nan,nan,1.045,nan,5.5236e+08,2.3751e+09
UGC04029,83.0,25.550,1.534,111,4,nan,nan,1.016,nan,5.5236e+08,2.3751e+09
UGC04029,85.0,26.166,1.571,102,3,nan,nan,1.041,nan,5.5236e+08,2.3751e+09
UGC04029,87.0,26.781,1.608,106,3,nan,nan,1.063,nan,5.5236e+08,2.3751e+09
UGC04029,89.0,27.397,1.645,106,2,nan,nan,1.035,nan,5.5236e+08,2.3751e+09
UGC04132,1.0,0.365,0.027,4,4,28.815,1.3449174,8.986,123.904,4.9775e+07,2.1403e+08
UGC04132,3.0,1.096,0.081,11,11,25.588,2.9927921,5.367,110.030,1.7133e+08,7.3672e+08
UGC04132,5.0,1.827,0.135,22,22,20.975,4.7779593,3.769,90.194,3.7061e+08,1.5936e+09
UGC04132,7.0,2.557,0.189,23,23,17.718,4.9052444,3.608,76.189,5.4660e+08,2.3504e+09
UGC04132,9.0,3.288,0.243,37,37,15.231,4.620547,2.710,65.494,7.8997e+08,3.3969e+09
UGC04132,11.0,4.018,0.297,47,47,12.118,3.7981324,2.291,52.109,1.0359e+09,4.4545e+09
UGC04132,13.0,4.749,0.351,48,48,10.001,3.8603182,2.238,43.004,1.2433e+09,5.3460e+09
UGC04132,15.0,5.480,0.405,59,59,8.012,3.4041972,1.953,34.451,1.4474e+09,6.2238e+09
UGC04132,17.0,6.210,0.460,63,63,6.474,2.651268,1.841,27.837,1.6235e+09,6.9811e+09
UGC04132,19.0,6.941,0.514,74,74,5.390,2.2232335,1.662,23.177,1.7958e+09,7.7218e+09
UGC04132,21.0,7.671,0.568,83,83,4.230,2.1136038,1.525,18.191,1.9474e+09,8.3738e+09
UGC04132,23.0,8.402,0.622,91,91,3.634,1.9837136,1.446,15.628,2.0902e+09,8.9880e+09
UGC04132,25.0,9.133,0.676,93,93,2.928,2.046119,1.419,12.590,2.2078e+09,9.4936e+09
UGC04132,27.0,9.863,0.730,106,106,2.198,1.7017416,1.318,9.452,2.3084e+09,9.9263e+09
UGC04132,29.0,10.594,0.784,106,106,1.556,1.3187654,1.323,6.691,2.3797e+09,1.0233e+10
UGC04132,31.0,11.325,0.838,128,128,0.806,1.0270717,1.203,3.466,2.4242e+09,1.0424e+10
UGC04132,33.0,12.055,0.892,130,130,0.363,1.0039008,1.198,1.559,2.4446e+09,1.0512e+10
UGC04132,35.0,12.786,0.946,130,130,-0.041,0.8946017,1.198,-0.177,2.4423e+09,1.0502e+10
UGC04132,37.0,13.516,1.000,142,110,-0.106,0.68569756,1.163,-0.457,2.4357e+09,1.0474e+10
UGC04132,39.0,14.247,1.054,151,99,-0.102,0.69233495,1.146,-0.438,2.4291e+09,1.0445e+10
UGC04132,41.0,14.978,1.108,167,93,-0.072,0.6276159,1.114,-0.311,2.4239e+09,1.0423e+10
UGC04132,43.0,15.708,1.162,158,79,-0.036,0.5963403,1.171,-0.153,2.4215e+09,1.0412e+10
UGC04132,45.0,16.439,1.216,185,77,0.020,0.5268647,1.111,0.084,2.4230e+09,1.0419e+10
UGC04132,47.0,17.170,1.271,177,56,0.118,0.60181195,1.177,0.506,2.4320e+09,1.0458e+10
UGC04132,49.0,17.900,1.325,191,46,0.115,0.50286543,1.160,0.494,2.4415e+09,1.0498e+10
UGC04132,51.0,18.631,1.379,200,39,0.104,0.4012078,1.205,0.449,2.4505e+09,1.0537e+10
UGC04132,53.0,19.361,1.433,212,35,0.050,0.34142345,1.224,0.217,2.4551e+09,1.0557e+10
UGC04132,55.0,20.092,1.487,210,26,0.022,0.26820478,1.270,0.093,2.4571e+09,1.0565e+10
UGC04132,57.0,20.823,1.541,219,21,nan,nan,1.266,nan,2.4571e+09,1.0565e+10
UGC04132,59.0,21.553,1.595,212,21,nan,nan,1.290,nan,2.4571e+09,1.0565e+10
UGC04132,61.0,22.284,1.649,199,18,nan,nan,1.326,nan,2.4571e+09,1.0565e+10
UGC04132,63.0,23.014,1.703,193,17,nan,nan,1.299,nan,2.4571e+09,1.0565e+10
UGC04132,65.0,23.745,1.757,176,16,nan,nan,1.354,nan,2.4571e+09,1.0565e+10
UGC04132,67.0,24.476,1.811,181,17,nan,nan,1.317,nan,2.4571e+09,1.0565e+10
UGC04132,69.0,25.206,1.865,166,16,nan,nan,1.396,nan,2.4571e+09,1.0565e+10
UGC04132,71.0,25.937,1.919,179,18,0.086,0.28302786,1.339,0.371,2.4638e+09,1.0594e+10
UGC04132,73.0,26.668,1.973,165,14,nan,nan,1.406,nan,2.4638e+09,1.0594e+10
UGC04132,75.0,27.398,2.027,168,12,nan,nan,1.387,nan,2.4638e+09,1.0594e+10
UGC04132,77.0,28.129,2.081,164,13,nan,nan,1.424,nan,2.4638e+09,1.0594e+10
UGC04132,79.0,28.859,2.136,161,8,nan,nan,1.425,nan,2.4638e+09,1.0594e+10
UGC04132,81.0,29.590,2.190,171,7,nan,nan,1.413,nan,2.4638e+09,1.0594e+10
UGC04132,83.0,30.321,2.244,155,4,nan,nan,1.491,nan,2.4638e+09,1.0594e+10
UGC04132,85.0,31.051,2.298,166,5,nan,nan,1.452,nan,2.4638e+09,1.0594e+10
UGC04132,87.0,31.782,2.352,150,2,nan,nan,1.498,nan,2.4638e+09,1.0594e+10
UGC04280,1.0,0.247,0.025,4,4,10.234,1.6366794,8.139,44.005,7.8467e+06,3.3741e+07
UGC04280,3.0,0.740,0.076,11,11,6.568,2.1350746,4.824,28.241,2.1695e+07,9.3287e+07
UGC04280,5.0,1.233,0.126,23,23,4.844,2.6400719,3.258,20.831,4.3053e+07,1.8513e+08
UGC04280,7.0,1.726,0.177,24,24,2.835,2.2478573,3.071,12.191,5.6095e+07,2.4121e+08
UGC04280,9.0,2.220,0.227,36,36,1.667,1.3611698,2.451,7.170,6.7602e+07,2.9069e+08
UGC04280,11.0,2.713,0.278,48,40,1.458,1.3652476,2.096,6.270,8.1018e+07,3.4838e+08
UGC04280,13.0,3.206,0.328,51,38,0.796,1.0317261,1.972,3.423,8.8801e+07,3.8184e+08
UGC04280,15.0,3.699,0.378,59,35,0.238,0.7426382,1.827,1.023,9.1491e+07,3.9341e+08
UGC04280,17.0,4.193,0.429,71,36,0.310,0.7691849,1.687,1.331,9.5704e+07,4.1153e+08
UGC04280,19.0,4.686,0.479,71,26,0.218,0.6025903,1.666,0.939,9.8676e+07,4.2431e+08
UGC04280,21.0,5.179,0.530,85,31,0.131,0.49905396,1.522,0.563,1.0081e+08,4.3348e+08
UGC04280,23.0,5.672,0.580,93,33,0.128,0.41554695,1.459,0.550,1.0309e+08,4.4328e+08
UGC04280,25.0,6.166,0.631,96,26,0.087,0.3631863,1.446,0.373,1.0469e+08,4.5016e+08
UGC04280,27.0,6.659,0.681,112,29,0.042,0.36562642,1.358,0.179,1.0558e+08,4.5399e+08
UGC04280,29.0,7.152,0.732,116,30,0.025,0.4107751,1.356,0.109,1.0614e+08,4.5642e+08
UGC04280,31.0,7.645,0.782,117,21,-0.001,0.19890645,1.383,-0.005,1.0612e+08,4.5630e+08
UGC04280,33.0,8.139,0.833,139,32,0.022,0.34123656,1.278,0.096,1.0671e+08,4.5886e+08
