dat_prof/bbarolo/bb_natv_fitvd_bbmsk_freepa.csv
# %ECSV 0.9
# ---
# datatype:
# - {name: bbName, datatype: string, description: Galaxy Name}
# - {name: bbRad, unit: arcsec, datatype: float64, description: Galactocentric radius of ring}
# - {name: bbVrot, unit: km / s, datatype: float64}
# - {name: bbVrot_e1, unit: km / s, datatype: float64}
# - {name: bbVrot_e2, unit: km / s, datatype: float64}
# - {name: bbVdisp, unit: km / s, datatype: float64}
# - {name: bbVdisp_e1, unit: km / s, datatype: float64}
# - {name: bbVdisp_e2, unit: km / s, datatype: float64}
# - {name: bbXpos, unit: pix, datatype: float64}
# - {name: bbYpos, unit: pix, datatype: float64}
# - {name: bbVmean, unit: km / s, datatype: float64, description: 'Systemic velocity in radio defn, LSR frame'}
# - {name: bbVmean_e1, unit: km / s, datatype: float64}
# - {name: bbVmean_e2, unit: km / s, datatype: float64}
# - {name: bbPA, unit: deg, datatype: float64}
# - {name: bbPA_e1, unit: deg, datatype: float64}
# - {name: bbPA_e2, unit: deg, datatype: float64}
# - {name: bbInc, unit: deg, datatype: float64}
# - {name: bbZ0, unit: arcsec, datatype: float64, description: Scale height of disk in arcsec}
# - {name: bbVrotfit, unit: km / s, datatype: int64, description: 0=fixed to input value; 1=fitted per ring; -1=fixed to mean value of
#     previous fit}
# - {name: bbVdispfit, unit: km / s, datatype: int64, description: 0=fixed to input value; 1=fitted per ring; -1=fixed to mean value of
#     previous fit}
# - {name: bbXposfit, unit: pix, datatype: int64, description: 0=fixed to input value; 1=fitted per ring; -1=fixed to mean value of previous
#     fit}
# - {name: bbYposfit, unit: pix, datatype: int64, description: 0=fixed to input value; 1=fitted per ring; -1=fixed to mean value of previous
#     fit}
# - {name: bbVsysfit, unit: km / s, datatype: int64, description: 0=fixed to input value; 1=fitted per ring; -1=fixed to mean value of
#     previous fit}
# - {name: bbPAfit, unit: deg, datatype: int64, description: 0=fixed to input value; 1=fitted per ring; -1=fixed to mean value of previous
#     fit}
# - {name: bbIncfit, unit: deg, datatype: int64, description: 0=fixed to input value; 1=fitted per ring; -1=fixed to mean value of previous
#     fit}
# - {name: bbFtype, datatype: int64, description: 'Function to minimize: 1=chi-squared, 2=|mod-obs|'}
# - {name: bbWfunc, datatype: int64, description: 'Weighting function: 0=uniform, 1=|cos|, 2=cos^2'}
# - {name: bbFlag, datatype: int64, description: '=1 when some ringlog exits, but Bbarolo fails to produce at least one of the plots'}
# delimiter: ','
# schema: astropy-2.0
bbName,bbRad,bbVrot,bbVrot_e1,bbVrot_e2,bbVdisp,bbVdisp_e1,bbVdisp_e2,bbXpos,bbYpos,bbVmean,bbVmean_e1,bbVmean_e2,bbPA,bbPA_e1,bbPA_e2,bbInc,bbZ0,bbVrotfit,bbVdispfit,bbXposfit,bbYposfit,bbVsysfit,bbPAfit,bbIncfit,bbFtype,bbWfunc,bbFlag
[from data line 678]
UGC09759,22.5,171.662,-12.971,16.809,9.393,-2.53,3.234,89.942,90.988,3352.347,-167.286,201.253,232.449,-1.257,1.499,66.8,0.419,1,1,0,0,1,1,0,1,1,0
UGC09873,1.5,191.68,-23.1,25.031,8.019,-6.132,7.004,88.453,89.084,5726.07,-208.065,158.754,310.323,-6.893,5.481,75.3,0.225,1,1,0,0,1,1,0,1,1,0
UGC09873,4.5,201.281,-9.615,11.178,8.417,-4.708,6.039,88.453,89.084,5527.618,-231.05,216.523,309.017,-8.67,8.932,75.3,0.225,1,1,0,0,1,1,0,1,1,0
UGC09873,7.5,161.886,-8.225,10.737,10.634,-3.146,4.118,88.453,89.084,5473.894,-154.926,180.658,316.658,-1.361,2.004,75.3,0.225,1,1,0,0,1,1,0,1,1,0
UGC09873,10.5,11.151,-2.419,2.419,10.157,-2.963,2.542,88.453,89.084,5537.934,-2.241,2.26,296.891,-6.162,6.162,75.3,0.225,1,1,0,0,1,1,0,1,1,0
UGC09873,13.5,187.233,-11.602,14.86,7.969,-3.619,4.659,88.453,89.084,5462.045,-103.14,103.14,319.388,-2.946,2.378,75.3,0.225,1,1,0,0,1,1,0,1,1,0
UGC09873,16.5,182.746,-13.089,16.711,7.737,-4.175,5.527,88.453,89.084,5955.05,-5.519,6.78,308.081,-4.812,4.881,75.3,0.225,1,1,0,0,1,1,0,1,1,0
UGC09873,22.5,202.598,-7.303,8.953,8.244,-2.325,2.973,88.453,89.084,5588.518,-37.878,57.8,296.518,-0.224,0.226,75.3,0.225,1,1,0,0,1,1,0,1,1,0
UGC09892,1.5,129.777,-10.446,13.401,7.85,-3.425,4.43,88.431,88.884,5997.429,-4.55,5.54,282.828,-4.329,4.329,72.2,0.251,1,1,0,0,1,1,0,1,1,0
UGC09892,4.5,117.352,-29.319,29.319,6.015,-4.231,5.401,88.431,88.884,5999.93,-10.078,10.763,279.092,-6.76,8.333,72.2,0.251,1,1,0,0,1,1,0,1,1,0
UGC09892,7.5,1.228,-6.081,5.882,6.535,-2.548,2.381,88.431,88.884,5663.013,-18.195,17.567,269.101,-3.58,3.58,72.2,0.251,1,1,0,0,1,1,0,1,1,0
UGC09892,10.5,2.201,-65.192,55.052,8.85,-2.332,2.375,88.431,88.884,5676.398,-250.263,209.661,277.625,-8.174,8.174,72.2,0.251,1,1,0,0,1,1,0,1,1,0
UGC09892,13.5,164.414,-46.612,46.612,6.547,-2.163,2.821,88.431,88.884,5976.312,-12.648,13.037,283.455,-1.816,2.714,72.2,0.251,1,1,0,0,1,1,0,1,1,0
UGC09892,16.5,161.849,-22.69,22.69,6.263,-3.008,3.032,88.431,88.884,5996.164,-6.266,6.316,285.771,-0.842,1.043,72.2,0.251,1,1,0,0,1,1,0,1,1,0
UGC09892,19.5,170.13,-39.652,39.652,8.302,-2.307,2.933,88.431,88.884,5986.412,-10.576,10.753,268.679,-0.343,0.427,72.2,0.251,1,1,0,0,1,1,0,1,1,0
UGC09892,22.5,160.057,-32.04,32.04,7.484,-2.726,2.612,88.431,88.884,5999.409,-9.036,9.088,286.544,-2.172,1.7,72.2,0.251,1,1,0,0,1,1,0,1,1,0
UGC10043,4.5,184.066,-12.264,10.094,8.644,-5.029,3.262,91.639,87.704,2218.001,-5.012,3.927,146.372,-2.754,2.351,88.0,0.665,1,1,0,0,1,1,0,1,1,0
UGC10043,7.5,255.479,-11.266,9.529,8.071,-4.195,4.195,91.639,87.704,2050.929,-14.328,16.845,158.349,-3.799,3.25,88.0,0.665,1,1,0,0,1,1,0,1,1,0
UGC10043,10.5,186.418,-7.328,5.314,9.225,-7.175,7.175,91.639,87.704,2192.879,-6.511,7.747,158.913,-5.254,5.059,88.0,0.665,1,1,0,0,1,1,0,1,1,0
UGC10043,13.5,153.174,-3.645,5.162,8.718,-2.15,2.619,91.639,87.704,2160.598,-2.037,2.543,143.062,-2.449,2.392,88.0,0.665,1,1,0,0,1,1,0,1,1,0
UGC10043,16.5,183.258,-36.453,36.453,8.231,-6.688,6.688,91.639,87.704,2167.266,-10.966,10.96,157.905,-0.724,0.699,88.0,0.665,1,1,0,0,1,1,0,1,1,0
UGC10043,19.5,200.282,-15.265,17.111,8.069,-11.121,11.121,91.639,87.704,2133.067,-32.601,32.601,153.681,-4.109,3.36,88.0,0.665,1,1,0,0,1,1,0,1,1,0
UGC10043,22.5,192.335,-27.357,19.981,8.13,-3.55,4.29,91.639,87.704,2167.956,-16.292,13.34,157.73,-0.765,0.734,88.0,0.665,1,1,0,0,1,1,0,1,1,0
UGC10123,1.5,194.538,-16.297,18.617,8.347,-4.639,2.897,88.223,88.736,3863.883,-77.096,58.582,59.878,-6.854,6.854,70.0,0.384,1,1,0,0,1,1,0,1,1,0
UGC10123,4.5,100.768,-10.892,9.499,9.947,-2.388,3.101,88.223,88.736,3741.053,-4.24,3.829,57.519,-4.792,4.792,70.0,0.384,1,1,0,0,1,1,0,1,1,0
UGC10123,7.5,121.785,-8.867,11.698,8.65,-2.132,2.175,88.223,88.736,3744.159,-3.081,3.714,44.428,-1.884,1.884,70.0,0.384,1,1,0,0,1,1,0,1,1,0
UGC10123,13.5,197.357,-4.671,4.381,8.432,-3.676,5.337,88.223,88.736,3729.848,-2.731,3.161,47.735,-2.575,2.925,70.0,0.384,1,1,0,0,1,1,0,1,1,0
UGC10123,16.5,204.94,-4.35,4.648,8.024,-3.707,3.707,88.223,88.736,3731.613,-3.201,3.217,52.845,-4.747,4.512,70.0,0.384,1,1,0,0,1,1,0,1,1,0
UGC10123,19.5,209.141,-5.542,5.495,7.86,-2.699,2.65,88.223,88.736,3733.24,-3.112,2.893,56.045,-5.59,4.369,70.0,0.384,1,1,0,0,1,1,0,1,1,0
UGC10123,22.5,216.326,-7.997,7.344,8.31,-2.45,2.241,88.223,88.736,3730.371,-62.492,55.048,61.52,-7.635,5.578,70.0,0.384,1,1,0,0,1,1,0,1,1,0
UGC10205,1.5,168.928,-39.109,38.897,6.285,-5.524,6.882,89.249,89.088,6769.956,-175.492,175.492,301.623,-6.401,6.401,51.7,0.217,1,1,0,0,1,1,0,1,1,0
UGC10205,4.5,49.009,-11.33,7.624,7.71,-3.088,2.745,89.249,89.088,6490.303,-13.022,10.832,307.257,-9.007,9.007,51.7,0.217,1,1,0,0,1,1,0,1,1,0
UGC10205,7.5,22.862,-5.542,5.542,10.679,-5.578,4.415,89.249,89.088,6348.392,-65.347,76.465,318.351,-19.117,21.605,51.7,0.217,1,1,0,0,1,1,0,1,1,0
UGC10205,10.5,206.959,-41.806,23.737,8.322,-5.076,6.579,89.249,89.088,6237.249,-152.289,187.782,317.804,-49.793,54.524,51.7,0.217,1,1,0,0,1,1,0,1,1,0
UGC10205,13.5,197.621,-12.968,10.355,8.124,-2.729,2.699,89.249,89.088,6442.865,-236.572,175.169,317.666,-62.653,46.723,51.7,0.217,1,1,0,0,1,1,0,1,1,0
UGC10205,16.5,162.454,-15.895,22.185,8.311,-2.929,2.15,89.249,89.088,6741.633,-4.388,6.084,313.766,-5.485,7.605,51.7,0.217,1,1,0,0,1,1,0,1,1,0
UGC10205,19.5,168.66,-30.422,28.145,8.182,-5.101,5.101,89.249,89.088,6726.71,-8.881,8.312,319.35,-11.101,10.389,51.7,0.217,1,1,0,0,1,1,0,1,1,0
UGC10205,22.5,201.694,-17.095,13.393,8.699,-2.491,2.985,89.249,89.088,6450.626,-77.549,96.955,309.938,-4.86,3.695,51.7,0.217,1,1,0,0,1,1,0,1,1,0
UGC10380,1.5,46.295,-9.331,9.331,9.683,-5.92,4.425,88.85,89.016,8910.633,-93.115,93.115,112.293,-4.589,7.252,77.9,0.186,1,1,0,0,1,1,0,1,1,0
UGC10380,4.5,186.516,-6.358,8.265,7.768,-2.361,2.522,88.85,89.016,8939.781,-3.691,4.641,107.394,-6.536,7.779,77.9,0.186,1,1,0,0,1,1,0,1,1,0
UGC10380,7.5,158.972,-8.764,11.353,7.85,-2.824,3.623,88.85,89.016,8896.881,-3.971,4.751,107.907,-4.297,4.029,77.9,0.186,1,1,0,0,1,1,0,1,1,0
UGC10380,10.5,129.265,-10.524,13.661,9.889,-2.612,3.411,88.85,89.016,8939.412,-125.827,125.827,108.713,-1.583,1.812,77.9,0.186,1,1,0,0,1,1,0,1,1,0
UGC10380,13.5,26.961,-5.362,5.362,6.324,-6.121,3.721,88.85,89.016,8932.311,-3.21,2.744,117.6,-1.355,1.892,77.9,0.186,1,1,0,0,1,1,0,1,1,0
UGC10380,16.5,172.06,-15.173,19.318,6.193,-4.808,6.121,88.85,89.016,8938.905,-4.995,6.36,122.552,-6.244,7.95,77.9,0.186,1,1,0,0,1,1,0,1,1,0
UGC10380,19.5,184.871,-9.636,12.629,8.501,-2.673,3.441,88.85,89.016,8356.575,-112.839,164.534,122.481,-31.287,45.151,77.9,0.186,1,1,0,0,1,1,0,1,1,0
UGC10380,22.5,33.312,-8.397,8.319,6.974,-3.693,2.342,88.85,89.016,8085.223,-3.483,3.27,118.21,-1.844,2.687,77.9,0.186,1,1,0,0,1,1,0,1,1,0
UGC10384,1.5,207.321,-9.391,7.724,9.611,-6.979,7.465,89.294,89.008,4989.771,-76.605,57.171,95.8,-8.914,6.042,70.0,0.287,1,1,0,0,1,1,0,1,1,0
UGC10384,4.5,125.655,-8.278,6.592,9.493,-2.221,2.922,89.294,89.008,4895.113,-2.4,1.909,105.818,-3.0,2.387,70.0,0.287,1,1,0,0,1,1,0,1,1,0
UGC10384,7.5,148.963,-4.656,3.88,8.578,-2.818,2.819,89.294,89.008,4900.409,-2.596,2.085,105.415,-4.19,3.249,70.0,0.287,1,1,0,0,1,1,0,1,1,0
UGC10384,10.5,163.751,-6.623,4.784,8.914,-3.293,4.377,89.294,89.008,4902.625,-3.926,3.409,105.799,-5.787,4.475,70.0,0.287,1,1,0,0,1,1,0,1,1,0
UGC10384,13.5,177.037,-7.632,5.692,8.352,-4.506,4.506,89.294,89.008,4900.878,-4.764,3.848,99.183,-6.919,5.194,70.0,0.287,1,1,0,0,1,1,0,1,1,0
UGC10384,16.5,185.07,-10.359,10.905,7.392,-2.509,2.211,89.294,89.008,4900.577,-4.111,4.177,103.802,-4.669,3.959,70.0,0.287,1,1,0,0,1,1,0,1,1,0
UGC10384,19.5,191.734,-9.77,11.691,7.654,-2.84,3.678,89.294,89.008,4902.784,-18.275,19.427,109.881,-7.721,8.699,70.0,0.287,1,1,0,0,1,1,0,1,1,0
UGC10384,22.5,151.053,-15.065,20.09,7.706,-3.132,4.091,89.294,89.008,5299.978,-6.035,7.531,95.205,-5.945,5.945,70.0,0.287,1,1,0,0,1,1,0,1,1,0
UGC10710,1.5,177.826,-24.077,17.37,6.644,-6.13,7.265,88.79,88.884,8564.474,-9.596,9.057,149.888,-8.177,11.593,69.6,0.169,1,1,0,0,1,1,0,1,1,0
UGC10710,4.5,107.029,-23.31,13.443,7.564,-2.592,2.369,88.79,88.884,8111.881,-201.354,223.43,157.29,-6.357,6.059,69.6,0.169,1,1,0,0,1,1,0,1,1,0
UGC10710,7.5,62.757,-9.38,9.38,11.901,-5.304,5.304,88.79,88.884,7965.88,-103.614,125.414,149.718,-8.028,6.188,69.6,0.169,1,1,0,0,1,1,0,1,1,0
UGC10710,10.5,228.835,-20.353,16.472,6.656,-3.302,4.267,88.79,88.884,8134.001,-74.438,88.831,163.917,-24.523,27.392,69.6,0.169,1,1,0,0,1,1,0,1,1,0
UGC10710,13.5,235.159,-8.42,10.154,8.366,-2.501,2.22,88.79,88.884,8135.533,-12.531,12.903,139.189,-7.976,7.976,69.6,0.169,1,1,0,0,1,1,0,1,1,0
UGC10710,16.5,198.319,-24.685,29.768,8.071,-2.617,2.642,88.79,88.884,8157.886,-202.496,136.768,160.108,-57.193,42.143,69.6,0.169,1,1,0,0,1,1,0,1,1,0
UGC10710,19.5,162.007,-23.44,14.716,7.495,-2.873,2.601,88.79,88.884,8565.355,-6.882,4.609,159.298,-3.204,2.62,69.6,0.169,1,1,0,0,1,1,0,1,1,0
