dat_prof/bbarolo/bb_natv_fitvd_bbmsk_freepa.csv
# %ECSV 0.9
# ---
# datatype:
# - {name: bbName, datatype: string, description: Galaxy Name}
# - {name: bbRad, unit: arcsec, datatype: float64, description: Galactocentric radius of ring}
# - {name: bbVrot, unit: km / s, datatype: float64}
# - {name: bbVrot_e1, unit: km / s, datatype: float64}
# - {name: bbVrot_e2, unit: km / s, datatype: float64}
# - {name: bbVdisp, unit: km / s, datatype: float64}
# - {name: bbVdisp_e1, unit: km / s, datatype: float64}
# - {name: bbVdisp_e2, unit: km / s, datatype: float64}
# - {name: bbXpos, unit: pix, datatype: float64}
# - {name: bbYpos, unit: pix, datatype: float64}
# - {name: bbVmean, unit: km / s, datatype: float64, description: 'Systemic velocity in radio defn, LSR frame'}
# - {name: bbVmean_e1, unit: km / s, datatype: float64}
# - {name: bbVmean_e2, unit: km / s, datatype: float64}
# - {name: bbPA, unit: deg, datatype: float64}
# - {name: bbPA_e1, unit: deg, datatype: float64}
# - {name: bbPA_e2, unit: deg, datatype: float64}
# - {name: bbInc, unit: deg, datatype: float64}
# - {name: bbZ0, unit: arcsec, datatype: float64, description: Scale height of disk in arcsec}
# - {name: bbVrotfit, unit: km / s, datatype: int64, description: 0=fixed to input value; 1=fitted per ring; -1=fixed to mean value of
#     previous fit}
# - {name: bbVdispfit, unit: km / s, datatype: int64, description: 0=fixed to input value; 1=fitted per ring; -1=fixed to mean value of
#     previous fit}
# - {name: bbXposfit, unit: pix, datatype: int64, description: 0=fixed to input value; 1=fitted per ring; -1=fixed to mean value of previous
#     fit}
# - {name: bbYposfit, unit: pix, datatype: int64, description: 0=fixed to input value; 1=fitted per ring; -1=fixed to mean value of previous
#     fit}
# - {name: bbVsysfit, unit: km / s, datatype: int64, description: 0=fixed to input value; 1=fitted per ring; -1=fixed to mean value of
#     previous fit}
# - {name: bbPAfit, unit: deg, datatype: int64, description: 0=fixed to input value; 1=fitted per ring; -1=fixed to mean value of previous
#     fit}
# - {name: bbIncfit, unit: deg, datatype: int64, description: 0=fixed to input value; 1=fitted per ring; -1=fixed to mean value of previous
#     fit}
# - {name: bbFtype, datatype: int64, description: 'Function to minimize: 1=chi-squared, 2=|mod-obs|'}
# - {name: bbWfunc, datatype: int64, description: 'Weighting function: 0=uniform, 1=|cos|, 2=cos^2'}
# - {name: bbFlag, datatype: int64, description: '=1 when some ringlog exits, but Bbarolo fails to produce at least one of the plots'}
# delimiter: ','
# schema: astropy-2.0
bbName,bbRad,bbVrot,bbVrot_e1,bbVrot_e2,bbVdisp,bbVdisp_e1,bbVdisp_e2,bbXpos,bbYpos,bbVmean,bbVmean_e1,bbVmean_e2,bbPA,bbPA_e1,bbPA_e2,bbInc,bbZ0,bbVrotfit,bbVdispfit,bbXposfit,bbYposfit,bbVsysfit,bbPAfit,bbIncfit,bbFtype,bbWfunc,bbFlag
[from data line 114]
NGC2253,19.5,169.677,-6.457,5.418,8.869,-2.751,2.848,88.753,88.708,3523.945,-2.511,2.457,119.696,-2.617,3.164,47.4,0.403,1,1,0,0,1,1,0,1,1,0
NGC2253,22.5,170.955,-5.881,5.516,1.34,-2.348,2.348,88.753,88.708,3522.05,-2.789,2.52,120.678,-2.926,2.214,47.4,0.403,1,1,0,0,1,1,0,1,1,0
NGC2347,1.5,201.986,-18.042,13.573,8.762,-5.861,5.861,88.551,87.727,4329.727,-16.639,14.214,10.725,-10.135,8.412,50.2,0.324,1,1,0,0,1,1,0,1,1,0
NGC2347,4.5,260.028,-9.318,8.463,8.661,-7.327,7.327,88.551,87.727,4351.934,-6.988,6.774,13.798,-11.306,11.306,50.2,0.324,1,1,0,0,1,1,0,1,1,0
NGC2347,7.5,273.926,-7.148,6.176,7.678,-3.264,3.964,88.551,87.727,4356.052,-4.392,4.361,8.658,-7.157,7.304,50.2,0.324,1,1,0,0,1,1,0,1,1,0
NGC2347,10.5,278.587,-5.247,6.076,8.91,-2.308,2.391,88.551,87.727,4355.124,-2.869,3.164,8.006,-4.364,4.189,50.2,0.324,1,1,0,0,1,1,0,1,1,0
NGC2347,13.5,226.861,-8.788,8.691,8.115,-8.736,8.736,88.551,87.727,4393.582,-5.997,5.594,6.843,-6.465,4.95,50.2,0.324,1,1,0,0,1,1,0,1,1,0
NGC2347,16.5,207.319,-9.477,9.68,8.085,-2.256,3.017,88.551,87.727,4414.943,-4.647,4.813,13.414,-7.498,7.498,50.2,0.324,1,1,0,0,1,1,0,1,1,0
NGC2347,19.5,213.39,-15.851,13.734,8.117,-2.765,2.27,88.551,87.727,4427.503,-29.757,27.895,24.086,-11.675,10.762,50.2,0.324,1,1,0,0,1,1,0,1,1,0
NGC2410,1.5,69.38,-5.932,7.684,10.92,-5.5,4.203,89.494,88.996,4594.037,-5.816,5.93,27.669,-11.834,11.834,71.6,0.306,1,1,0,0,1,1,0,1,1,0
NGC2410,4.5,150.684,-16.202,10.513,8.041,-3.153,4.134,89.494,88.996,4583.745,-21.982,32.871,47.163,-3.058,2.479,71.6,0.306,1,1,0,0,1,1,0,1,1,0
NGC2410,7.5,184.891,-33.607,19.334,8.776,-12.014,12.014,89.494,88.996,4565.683,-23.766,29.83,43.07,-6.183,4.695,71.6,0.306,1,1,0,0,1,1,0,1,1,0
NGC2410,10.5,244.934,-8.877,10.012,8.406,-3.236,4.149,89.494,88.996,4597.204,-3.975,4.335,36.853,-3.786,3.18,71.6,0.306,1,1,0,0,1,1,0,1,1,0
NGC2410,13.5,247.406,-13.317,10.213,8.066,-2.349,3.145,89.494,88.996,4600.318,-12.363,13.31,41.247,-4.307,3.374,71.6,0.306,1,1,0,0,1,1,0,1,1,0
NGC2410,16.5,217.53,-19.308,16.936,7.449,-2.203,2.946,89.494,88.996,4609.848,-19.801,35.639,37.564,-1.978,2.548,71.6,0.306,1,1,0,0,1,1,0,1,1,0
NGC2410,19.5,227.238,-25.758,18.196,7.767,-2.827,2.386,89.494,88.996,4608.031,-17.514,18.193,33.936,-4.617,6.701,71.6,0.306,1,1,0,0,1,1,0,1,1,0
NGC2410,22.5,199.303,-49.593,38.603,7.981,-2.792,3.591,89.494,88.996,4601.62,-74.418,62.482,42.463,-6.15,4.59,71.6,0.306,1,1,0,0,1,1,0,1,1,0
NGC2480,1.5,141.837,-17.791,12.135,8.34,-5.558,4.421,88.451,89.016,2218.542,-295.263,405.375,178.089,-79.653,105.483,55.4,0.624,1,1,0,0,1,1,0,1,1,0
NGC2480,4.5,6.246,-2.007,2.007,8.691,-4.27,4.27,88.451,89.016,2503.444,-228.378,162.473,149.95,-10.793,10.793,55.4,0.624,1,1,0,0,1,1,0,1,1,0
NGC2480,7.5,1.536,-72.042,47.551,10.266,-3.078,2.627,88.451,89.016,2484.017,-280.418,181.368,160.564,-4.672,6.21,55.4,0.624,1,1,0,0,1,1,0,1,1,0
NGC2480,10.5,189.516,-16.549,21.184,8.911,-5.04,7.113,88.451,89.016,2631.352,-281.681,281.681,149.944,-0.873,1.113,55.4,0.624,1,1,0,0,1,1,0,1,1,0
NGC2480,13.5,229.696,-42.408,47.308,8.651,-7.112,11.88,88.451,89.016,2562.377,-235.709,179.863,148.226,-1.105,1.105,55.4,0.624,1,1,0,0,1,1,0,1,1,0
NGC2480,16.5,236.834,-10.69,12.929,8.682,-2.367,3.016,88.451,89.016,2161.76,-4.178,4.838,156.847,-4.746,4.797,55.4,0.624,1,1,0,0,1,1,0,1,1,0
NGC2480,19.5,208.256,-30.729,24.719,6.922,-12.255,12.255,88.451,89.016,2602.808,-206.049,206.049,153.165,-3.478,4.084,55.4,0.624,1,1,0,0,1,1,0,1,1,0
NGC2487,1.5,163.458,-10.52,7.951,8.883,-4.216,4.216,89.543,88.992,4758.278,-7.156,6.513,303.397,-13.887,13.887,31.4,0.293,1,1,0,0,1,1,0,1,1,0
NGC2487,4.5,158.773,-16.881,15.623,7.699,-3.191,3.244,89.543,88.992,4759.87,-5.018,4.717,304.133,-6.273,5.896,31.4,0.293,1,1,0,0,1,1,0,1,1,0
NGC2487,7.5,171.426,-17.885,21.817,7.514,-4.137,4.399,89.543,88.992,4334.378,-23.731,23.731,311.26,-11.438,12.487,31.4,0.293,1,1,0,0,1,1,0,1,1,0
NGC2487,10.5,142.977,-15.971,22.267,6.946,-2.372,3.142,89.543,88.992,5182.124,-837.527,837.527,312.496,-213.968,215.734,31.4,0.293,1,1,0,0,1,1,0,1,1,0
NGC2487,19.5,217.552,-16.517,15.931,7.93,-2.464,2.327,89.543,88.992,4745.681,-52.969,44.933,300.225,-7.839,10.152,31.4,0.293,1,1,0,0,1,1,0,1,1,0
NGC2487,22.5,220.099,-37.824,28.262,7.33,-3.018,2.591,89.543,88.992,4742.016,-156.712,205.049,307.2,-8.891,8.891,31.4,0.293,1,1,0,0,1,1,0,1,1,0
NGC2623,1.5,170.27,-5.936,5.621,71.57,-4.1,3.879,89.281,88.704,5433.245,-4.316,4.729,72.368,-7.23,9.415,45.6,0.257,1,1,0,0,1,1,0,1,1,0
NGC2623,4.5,194.956,-17.512,24.928,12.425,-2.423,2.277,89.281,88.704,5423.91,-16.262,22.497,89.689,-5.227,5.227,45.6,0.257,1,1,0,0,1,1,0,1,1,0
NGC2623,7.5,215.506,-18.174,17.105,7.878,-7.658,7.658,89.281,88.704,5422.585,-7.366,8.824,89.936,-8.3,8.397,45.6,0.257,1,1,0,0,1,1,0,1,1,0
NGC2623,10.5,202.037,-20.152,19.153,8.568,-3.222,4.335,89.281,88.704,5434.026,-6.453,6.576,71.981,-2.439,2.813,45.6,0.257,1,1,0,0,1,1,0,1,1,0
NGC2623,13.5,58.441,-14.856,16.223,10.065,-3.907,3.907,89.281,88.704,5365.97,-4.691,5.033,88.898,-5.864,6.291,45.6,0.257,1,1,0,0,1,1,0,1,1,0
NGC2623,16.5,210.423,-5.803,7.511,7.22,-3.052,2.374,89.281,88.704,5399.527,-1.995,2.464,88.194,-0.958,0.78,45.6,0.257,1,1,0,0,1,1,0,1,1,0
NGC2623,19.5,181.419,-7.924,10.338,6.951,-2.39,2.928,89.281,88.704,5392.709,-14.414,13.849,89.999,-5.912,6.461,45.6,0.257,1,1,0,0,1,1,0,1,1,0
NGC2623,22.5,186.711,-17.001,22.559,8.836,-2.845,2.554,89.281,88.704,5013.844,-78.498,78.498,90.0,-24.368,25.758,45.6,0.257,1,1,0,0,1,1,0,1,1,0
NGC2639,4.5,1.779,-0.404,0.404,10.453,-2.216,2.862,89.184,89.116,3365.539,-9.547,10.018,126.086,-3.75,5.2,49.5,0.451,1,1,0,0,1,1,0,1,1,0
NGC2639,7.5,207.993,-20.601,20.601,7.605,-19.954,17.535,89.184,89.116,3245.126,-43.251,35.511,138.577,-15.963,14.028,49.5,0.451,1,1,0,0,1,1,0,1,1,0
NGC2639,10.5,187.48,-12.632,14.837,8.79,-3.067,2.36,89.184,89.116,3257.631,-12.483,12.931,144.12,-7.045,7.532,49.5,0.451,1,1,0,0,1,1,0,1,1,0
NGC2639,13.5,166.558,-12.558,9.949,8.652,-2.369,3.093,89.184,89.116,3285.35,-185.263,185.263,140.901,-50.048,49.264,49.5,0.451,1,1,0,0,1,1,0,1,1,0
NGC2639,16.5,161.855,-7.979,9.087,8.676,-2.668,2.304,89.184,89.116,3299.541,-11.887,12.894,140.367,-9.848,6.599,49.5,0.451,1,1,0,0,1,1,0,1,1,0
NGC2639,19.5,195.354,-7.032,9.181,8.687,-5.62,9.75,89.184,89.116,3283.957,-63.479,81.882,133.332,-6.342,7.201,49.5,0.451,1,1,0,0,1,1,0,1,1,0
NGC2639,22.5,183.734,-5.915,7.256,8.787,-2.975,2.747,89.184,89.116,3302.378,-255.903,212.466,128.221,-6.372,9.313,49.5,0.451,1,1,0,0,1,1,0,1,1,0
NGC2730,1.5,136.544,-15.192,18.646,8.196,-4.247,4.247,88.564,89.116,4225.449,-837.687,837.687,73.3,-214.281,215.145,27.7,0.377,1,1,0,0,1,1,0,1,1,0
NGC2730,4.5,87.294,-14.983,17.085,6.633,-2.194,2.657,88.564,89.116,4229.451,-8.88,9.521,89.699,-18.344,18.344,27.7,0.377,1,1,0,0,1,1,0,1,1,0
NGC2730,7.5,3.093,-0.293,0.421,8.444,-2.79,2.297,88.564,89.116,4227.647,-0.39,0.521,92.994,-0.487,0.652,27.7,0.377,1,1,0,0,1,1,0,1,1,0
NGC2730,10.5,200.351,-24.258,24.258,8.193,-2.921,2.233,88.564,89.116,3808.864,-146.836,229.664,91.366,-10.645,10.645,27.7,0.377,1,1,0,0,1,1,0,1,1,0
NGC2730,13.5,200.355,-54.372,42.963,6.933,-4.308,5.286,88.564,89.116,4121.041,-208.119,208.119,95.662,-9.094,9.094,27.7,0.377,1,1,0,0,1,1,0,1,1,0
NGC2730,16.5,182.955,-22.798,22.798,7.609,-2.943,2.425,88.564,89.116,4140.787,-8.93,9.065,79.936,-11.037,11.037,27.7,0.377,1,1,0,0,1,1,0,1,1,0
NGC2730,19.5,211.855,-60.09,38.169,8.295,-2.308,2.973,88.564,89.116,3804.045,-314.823,257.179,75.035,-7.119,9.77,27.7,0.377,1,1,0,0,1,1,0,1,1,0
NGC2906,1.5,154.669,-5.117,7.287,8.852,-3.471,3.471,88.691,89.008,2200.64,-139.151,191.439,81.877,-10.181,10.181,55.7,0.547,1,1,0,0,1,1,0,1,1,0
NGC2906,4.5,12.526,-3.575,2.447,9.413,-3.404,3.711,88.691,89.008,2109.83,-1.745,1.539,96.74,-2.181,1.924,55.7,0.547,1,1,0,0,1,1,0,1,1,0
NGC2906,7.5,179.794,-8.335,10.989,8.333,-2.564,3.306,88.691,89.008,2183.254,-87.042,115.841,82.785,-8.813,8.101,55.7,0.547,1,1,0,0,1,1,0,1,1,0
NGC2906,10.5,184.057,-10.649,8.103,9.005,-2.616,2.318,88.691,89.008,2127.154,-7.091,8.26,76.669,-5.218,5.902,55.7,0.547,1,1,0,0,1,1,0,1,1,0
NGC2906,13.5,178.504,-5.772,5.077,9.054,-2.218,2.853,88.691,89.008,2126.424,-3.133,2.717,82.175,-5.212,3.885,55.7,0.547,1,1,0,0,1,1,0,1,1,0
NGC2906,16.5,181.046,-6.05,4.979,8.759,-2.731,2.542,88.691,89.008,2122.298,-2.561,2.458,79.248,-2.986,3.293,55.7,0.547,1,1,0,0,1,1,0,1,1,0
NGC2906,19.5,184.401,-5.191,4.905,8.693,-2.605,3.007,88.691,89.008,2117.755,-2.742,2.464,82.856,-4.392,3.25,55.7,0.547,1,1,0,0,1,1,0,1,1,0
NGC2906,22.5,192.517,-7.068,6.372,9.157,-2.718,2.622,88.691,89.008,2116.105,-3.678,3.28,79.456,-6.438,5.25,55.7,0.547,1,1,0,0,1,1,0,1,1,0
NGC2916,13.5,236.319,-10.643,7.947,7.2,-2.466,2.88,89.0,89.108,3692.01,-62.295,75.072,13.962,-1.324,1.635,49.9,0.387,1,1,0,0,1,1,0,1,1,0
NGC2916,16.5,216.43,-12.07,9.175,8.144,-2.307,2.467,89.0,89.108,3670.632,-74.604,90.826,21.456,-1.585,2.021,49.9,0.387,1,1,0,0,1,1,0,1,1,0
NGC2916,19.5,216.488,-9.916,7.348,8.132,-2.238,2.415,89.0,89.108,3677.857,-257.013,349.602,16.257,-7.628,7.628,49.9,0.387,1,1,0,0,1,1,0,1,1,0
NGC2916,22.5,204.392,-6.369,8.352,8.053,-3.025,2.214,89.0,89.108,3686.511,-11.896,13.275,20.824,-6.717,4.529,49.9,0.387,1,1,0,0,1,1,0,1,1,0
NGC3303,1.5,137.946,-14.137,10.877,10.148,-4.176,2.828,90.511,90.541,6171.9,-46.932,57.09,339.543,-8.371,14.178,60.5,0.23,1,1,0,0,1,1,0,1,1,0
NGC3303,4.5,32.67,-5.998,5.998,10.545,-3.774,3.774,90.511,90.541,6179.113,-26.674,20.237,347.701,-9.112,7.502,60.5,0.23,1,1,0,0,1,1,0,1,1,0
NGC3303,7.5,6.753,-1.672,1.672,8.417,-2.847,2.847,90.511,90.541,6281.739,-286.12,178.173,353.246,-72.66,45.673,60.5,0.23,1,1,0,0,1,1,0,1,1,0
NGC3303,10.5,79.778,-9.393,11.098,7.484,-2.79,2.179,90.511,90.541,6381.983,-181.039,131.69,344.703,-2.868,4.123,60.5,0.23,1,1,0,0,1,1,0,1,1,0
NGC3303,13.5,114.592,-24.231,24.231,9.025,-4.846,6.301,90.511,90.541,6483.938,-106.706,92.022,354.587,-33.946,30.638,60.5,0.23,1,1,0,0,1,1,0,1,1,0
NGC3381,1.5,164.302,-25.401,16.053,8.295,-2.953,3.94,88.744,89.012,1670.992,-256.672,243.234,168.063,-71.256,65.807,30.8,0.881,1,1,0,0,1,1,0,1,1,0
NGC3381,4.5,157.969,-26.571,17.59,9.095,-2.854,2.882,88.744,89.012,1547.263,-88.376,66.919,155.653,-3.92,5.21,30.8,0.881,1,1,0,0,1,1,0,1,1,0
NGC3381,7.5,17.061,-3.649,3.649,4.706,-2.804,2.25,88.744,89.012,1665.044,-258.071,268.396,168.079,-65.948,68.529,30.8,0.881,1,1,0,0,1,1,0,1,1,0
NGC3381,10.5,179.613,-23.467,33.504,7.211,-3.0,3.678,88.744,89.012,2037.769,-6.617,9.295,167.21,-8.271,11.619,30.8,0.881,1,1,0,0,1,1,0,1,1,0
NGC3381,13.5,167.701,-14.592,18.733,8.63,-2.35,2.819,88.744,89.012,1504.368,-172.146,172.146,165.705,-2.757,2.146,30.8,0.881,1,1,0,0,1,1,0,1,1,0
NGC3381,16.5,202.497,-13.994,18.332,7.918,-2.881,3.09,88.744,89.012,1623.469,-186.529,160.017,163.955,-3.227,3.46,30.8,0.881,1,1,0,0,1,1,0,1,1,0
NGC3381,19.5,36.976,-78.963,83.234,10.995,-3.082,2.653,88.744,89.012,1633.477,-301.775,319.289,166.475,-10.994,10.994,30.8,0.881,1,1,0,0,1,1,0,1,1,0
NGC3381,22.5,200.997,-15.208,20.062,8.101,-2.231,2.136,88.744,89.012,1402.668,-155.31,220.309,167.646,-42.932,60.482,30.8,0.881,1,1,0,0,1,1,0,1,1,0
NGC3811,1.5,182.536,-4.519,4.775,9.129,-5.483,8.115,88.701,89.016,3070.451,-3.66,4.131,180.318,-4.638,3.634,39.9,0.466,1,1,0,0,1,1,0,1,1,0
NGC3811,4.5,182.188,-5.894,4.529,7.909,-3.629,5.038,88.701,89.016,3064.718,-2.381,2.392,186.492,-2.976,2.99,39.9,0.466,1,1,0,0,1,1,0,1,1,0
NGC3811,7.5,197.279,-13.347,17.059,8.884,-3.911,2.758,88.701,89.016,3023.779,-17.653,19.4,180.739,-8.027,8.027,39.9,0.466,1,1,0,0,1,1,0,1,1,0
NGC3811,10.5,177.694,-12.515,12.873,7.989,-4.411,4.411,88.701,89.016,3026.388,-23.723,31.419,184.702,-10.162,12.176,39.9,0.466,1,1,0,0,1,1,0,1,1,0
NGC3811,13.5,209.395,-35.242,22.168,8.7,-2.303,2.431,88.701,89.016,3031.116,-220.002,181.63,163.776,-5.307,6.739,39.9,0.466,1,1,0,0,1,1,0,1,1,0
NGC3811,16.5,219.36,-20.475,16.041,7.882,-2.675,2.35,88.701,89.016,3044.03,-79.507,66.713,172.174,-6.13,6.22,39.9,0.466,1,1,0,0,1,1,0,1,1,0
NGC3811,19.5,179.231,-8.24,9.701,7.991,-2.584,3.02,88.701,89.016,3069.609,-3.643,3.63,177.806,-5.261,3.457,39.9,0.466,1,1,0,0,1,1,0,1,1,0
NGC3811,22.5,234.164,-16.532,18.397,8.054,-2.588,2.321,88.701,89.016,3072.908,-5.388,5.948,158.09,-3.676,3.676,39.9,0.466,1,1,0,0,1,1,0,1,1,0
NGC3815,1.5,130.419,-11.8,15.784,9.854,-4.848,6.204,89.131,89.0,4099.997,-6.629,7.84,247.651,-9.866,9.37,59.9,0.385,1,1,0,0,1,1,0,1,1,0
NGC3815,4.5,78.199,-15.505,14.19,10.146,-5.139,3.508,89.131,89.0,4004.352,-6.823,5.526,254.198,-6.647,4.405,59.9,0.385,1,1,0,0,1,1,0,1,1,0
NGC3815,7.5,203.718,-23.27,17.862,8.583,-3.89,3.89,89.131,89.0,3707.923,-15.563,15.302,251.032,-9.791,8.172,59.9,0.385,1,1,0,0,1,1,0,1,1,0
NGC3815,10.5,178.579,-4.926,3.877,9.152,-2.214,2.637,89.131,89.0,3663.464,-3.053,2.615,249.894,-5.072,3.946,59.9,0.385,1,1,0,0,1,1,0,1,1,0
NGC3815,13.5,187.393,-6.171,6.305,8.471,-2.96,2.209,89.131,89.0,3665.052,-4.228,3.862,253.166,-9.048,6.936,59.9,0.385,1,1,0,0,1,1,0,1,1,0
NGC3815,16.5,198.166,-18.666,13.299,7.728,-2.514,2.209,89.131,89.0,3658.118,-16.441,15.8,262.199,-9.201,7.827,59.9,0.385,1,1,0,0,1,1,0,1,1,0
NGC3815,19.5,37.143,-7.443,6.251,1.944,-2.945,2.145,89.131,89.0,3545.642,-210.308,251.258,240.566,-2.982,3.218,59.9,0.385,1,1,0,0,1,1,0,1,1,0
NGC3815,22.5,180.315,-20.699,15.257,6.35,-2.486,2.717,89.131,89.0,3835.144,-90.638,74.413,247.383,-14.164,11.57,59.9,0.385,1,1,0,0,1,1,0,1,1,0
NGC3994,1.5,167.959,-8.034,6.099,9.117,-2.513,2.253,89.396,88.996,3088.593,-3.607,3.405,12.172,-3.881,5.572,59.5,0.461,1,1,0,0,1,1,0,1,1,0
NGC3994,4.5,201.84,-8.392,8.392,9.127,-2.621,2.862,89.396,88.996,3069.233,-4.436,4.291,9.822,-6.73,6.73,59.5,0.461,1,1,0,0,1,1,0,1,1,0
NGC3994,7.5,226.14,-5.634,5.731,8.709,-7.933,6.795,89.396,88.996,3086.391,-4.765,4.75,11.736,-5.494,6.472,59.5,0.461,1,1,0,0,1,1,0,1,1,0
NGC3994,10.5,225.994,-5.966,4.826,8.116,-6.247,6.247,89.396,88.996,3085.593,-4.435,4.667,1.507,-5.528,7.593,59.5,0.461,1,1,0,0,1,1,0,1,1,0
NGC3994,13.5,223.554,-16.234,18.101,7.754,-2.433,3.156,89.396,88.996,3084.77,-5.399,6.076,18.823,-2.927,3.049,59.5,0.461,1,1,0,0,1,1,0,1,1,0
NGC3994,16.5,228.196,-35.198,22.834,6.947,-3.072,2.205,89.396,88.996,3088.799,-34.827,34.976,22.54,-17.931,15.004,59.5,0.461,1,1,0,0,1,1,0,1,1,0
NGC3994,19.5,198.627,-19.713,26.549,7.608,-2.939,2.616,89.396,88.996,3254.226,-203.5,130.883,23.094,-56.308,40.012,59.5,0.461,1,1,0,0,1,1,0,1,1,0
NGC3994,22.5,188.175,-9.619,12.856,8.289,-2.13,2.173,89.396,88.996,3215.266,-188.805,136.816,20.632,-1.055,1.183,59.5,0.461,1,1,0,0,1,1,0,1,1,0
NGC4047,1.5,133.122,-4.43,3.363,10.862,-2.584,3.733,89.19,88.984,3400.685,-3.955,4.562,280.65,-8.805,11.151,42.1,0.42,1,1,0,0,1,1,0,1,1,0
NGC4047,4.5,161.165,-4.524,4.984,9.603,-2.733,3.877,89.19,88.984,3403.418,-3.311,4.066,284.319,-5.985,7.404,42.1,0.42,1,1,0,0,1,1,0,1,1,0
NGC4047,7.5,186.703,-4.468,5.516,8.584,-2.142,2.71,89.19,88.984,3404.884,-2.179,2.734,280.418,-2.108,2.71,42.1,0.42,1,1,0,0,1,1,0,1,1,0
NGC4047,10.5,202.06,-2.832,2.854,4.632,-2.162,2.162,89.19,88.984,3403.802,-1.838,1.677,283.844,-2.359,1.691,42.1,0.42,1,1,0,0,1,1,0,1,1,0
NGC4047,13.5,210.716,-3.688,3.453,0.155,-3.479,3.479,89.19,88.984,3401.466,-2.199,2.14,284.604,-1.628,1.629,42.1,0.42,1,1,0,0,1,1,0,1,1,0
NGC4047,16.5,218.058,-1.25,1.342,2.716,-2.559,2.589,89.19,88.984,3399.96,-0.732,0.872,286.178,-1.709,1.906,42.1,0.42,1,1,0,0,1,1,0,1,1,0
NGC4047,19.5,221.825,-8.306,6.69,7.717,-2.137,2.912,89.19,88.984,3401.286,-3.094,2.603,288.191,-3.049,2.442,42.1,0.42,1,1,0,0,1,1,0,1,1,0
NGC4047,22.5,221.044,-11.86,11.616,7.999,-2.979,2.48,89.19,88.984,3405.26,-4.386,4.618,283.518,-4.67,5.601,42.1,0.42,1,1,0,0,1,1,0,1,1,0
NGC4149,1.5,103.147,-24.8,30.842,29.767,-2.392,2.965,88.261,87.681,3037.819,-7.496,9.006,250.218,-3.2,3.2,66.2,0.468,1,1,0,0,1,1,0,1,1,0
NGC4149,4.5,201.825,-11.265,9.381,8.44,-2.598,3.003,88.261,87.681,3047.742,-12.404,8.493,270.345,-5.203,4.15,66.2,0.468,1,1,0,0,1,1,0,1,1,0
NGC4149,7.5,225.801,-7.619,5.613,8.975,-6.804,6.804,88.261,87.681,3037.446,-3.606,3.104,279.926,-4.507,3.88,66.2,0.468,1,1,0,0,1,1,0,1,1,0
