dat_prof/bbarolo/bb_natv_fitvd_bbmsk_freepa.csv
# %ECSV 0.9
# ---
# datatype:
# - {name: bbName, datatype: string, description: Galaxy Name}
# - {name: bbRad, unit: arcsec, datatype: float64, description: Galactocentric radius of ring}
# - {name: bbVrot, unit: km / s, datatype: float64}
# - {name: bbVrot_e1, unit: km / s, datatype: float64}
# - {name: bbVrot_e2, unit: km / s, datatype: float64}
# - {name: bbVdisp, unit: km / s, datatype: float64}
# - {name: bbVdisp_e1, unit: km / s, datatype: float64}
# - {name: bbVdisp_e2, unit: km / s, datatype: float64}
# - {name: bbXpos, unit: pix, datatype: float64}
# - {name: bbYpos, unit: pix, datatype: float64}
# - {name: bbVmean, unit: km / s, datatype: float64, description: 'Systemic velocity in radio defn, LSR frame'}
# - {name: bbVmean_e1, unit: km / s, datatype: float64}
# - {name: bbVmean_e2, unit: km / s, datatype: float64}
# - {name: bbPA, unit: deg, datatype: float64}
# - {name: bbPA_e1, unit: deg, datatype: float64}
# - {name: bbPA_e2, unit: deg, datatype: float64}
# - {name: bbInc, unit: deg, datatype: float64}
# - {name: bbZ0, unit: arcsec, datatype: float64, description: Scale height of disk in arcsec}
# - {name: bbVrotfit, unit: km / s, datatype: int64, description: 0=fixed to input value; 1=fitted per ring; -1=fixed to mean value of
#     previous fit}
# - {name: bbVdispfit, unit: km / s, datatype: int64, description: 0=fixed to input value; 1=fitted per ring; -1=fixed to mean value of
#     previous fit}
# - {name: bbXposfit, unit: pix, datatype: int64, description: 0=fixed to input value; 1=fitted per ring; -1=fixed to mean value of previous
#     fit}
# - {name: bbYposfit, unit: pix, datatype: int64, description: 0=fixed to input value; 1=fitted per ring; -1=fixed to mean value of previous
#     fit}
# - {name: bbVsysfit, unit: km / s, datatype: int64, description: 0=fixed to input value; 1=fitted per ring; -1=fixed to mean value of
#     previous fit}
# - {name: bbPAfit, unit: deg, datatype: int64, description: 0=fixed to input value; 1=fitted per ring; -1=fixed to mean value of previous
#     fit}
# - {name: bbIncfit, unit: deg, datatype: int64, description: 0=fixed to input value; 1=fitted per ring; -1=fixed to mean value of previous
#     fit}
# - {name: bbFtype, datatype: int64, description: 'Function to minimize: 1=chi-squared, 2=|mod-obs|'}
# - {name: bbWfunc, datatype: int64, description: 'Weighting function: 0=uniform, 1=|cos|, 2=cos^2'}
# - {name: bbFlag, datatype: int64, description: '=1 when some ringlog exits, but Bbarolo fails to produce at least one of the plots'}
# delimiter: ','
# schema: astropy-2.0
bbName,bbRad,bbVrot,bbVrot_e1,bbVrot_e2,bbVdisp,bbVdisp_e1,bbVdisp_e2,bbXpos,bbYpos,bbVmean,bbVmean_e1,bbVmean_e2,bbPA,bbPA_e1,bbPA_e2,bbInc,bbZ0,bbVrotfit,bbVdispfit,bbXposfit,bbYposfit,bbVsysfit,bbPAfit,bbIncfit,bbFtype,bbWfunc,bbFlag
ARP220,1.5,0.363,-3.151,3.268,169.262,-8.718,8.732,88.318,87.104,5326.706,-2.521,2.614,158.942,-1.365,1.726,29.7,0.265,1,1,0,0,1,1,0,1,1,0
ARP220,4.5,0.324,-13.803,14.199,146.475,-12.83,12.83,88.318,87.104,5307.213,-36.643,36.643,155.144,-5.737,7.323,29.7,0.265,1,1,0,0,1,1,0,1,1,0
ARP220,7.5,330.391,-36.442,36.442,6.852,-3.619,2.383,88.318,87.104,5328.97,-45.951,81.827,143.367,-3.484,3.484,29.7,0.265,1,1,0,0,1,1,0,1,1,0
ARP220,10.5,327.633,-48.458,52.291,7.129,-2.885,2.885,88.318,87.104,5299.742,-61.901,77.289,152.952,-6.429,6.429,29.7,0.265,1,1,0,0,1,1,0,1,1,0
ARP220,13.5,216.675,-21.639,28.601,7.562,-3.105,2.542,88.318,87.104,5742.193,-266.563,211.81,146.018,-1.172,1.447,29.7,0.265,1,1,0,0,1,1,0,1,1,0
ARP220,16.5,171.788,-13.467,10.411,7.571,-2.909,2.167,88.318,87.104,6139.578,-8.348,7.398,161.462,-17.015,17.015,29.7,0.265,1,1,0,0,1,1,0,1,1,0
ARP220,19.5,179.446,-14.012,18.427,7.933,-2.385,2.87,88.318,87.104,5349.896,-483.917,487.441,158.62,-1.845,2.946,29.7,0.265,1,1,0,0,1,1,0,1,1,0
ARP220,22.5,122.879,-14.981,24.97,8.908,-2.681,2.769,88.318,87.104,5952.634,-4.54,7.259,152.902,-1.659,2.091,29.7,0.265,1,1,0,0,1,1,0,1,1,0
IC0480,1.5,146.237,-14.502,12.871,9.068,-4.146,2.907,88.455,94.29,4616.258,-4.954,4.356,355.229,-1.169,1.647,76.6,0.311,1,1,0,0,1,1,0,1,1,0
IC0480,4.5,212.209,-13.418,16.152,9.313,-5.489,3.444,88.455,94.29,4648.28,-26.385,23.676,340.889,-5.067,6.69,76.6,0.311,1,1,0,0,1,1,0,1,1,0
IC0480,7.5,191.139,-14.072,11.503,8.332,-5.182,3.157,88.455,94.29,4495.972,-15.604,13.472,359.548,-4.769,4.769,76.6,0.311,1,1,0,0,1,1,0,1,1,0
IC0480,10.5,200.323,-15.317,12.356,8.437,-6.37,3.401,88.455,94.29,4506.306,-34.007,46.442,359.863,-13.923,15.55,76.6,0.311,1,1,0,0,1,1,0,1,1,0
IC0480,13.5,216.541,-5.565,5.593,7.559,-7.07,7.07,88.455,94.29,4628.118,-4.798,4.177,352.405,-6.558,4.045,76.6,0.311,1,1,0,0,1,1,0,1,1,0
IC0480,16.5,212.755,-9.352,13.169,8.242,-5.871,5.871,88.455,94.29,4610.691,-9.005,7.434,345.762,-3.952,5.728,76.6,0.311,1,1,0,0,1,1,0,1,1,0
IC0480,19.5,186.603,-12.245,9.591,8.831,-3.982,5.02,88.455,94.29,4574.528,-4.057,3.653,356.273,-5.071,4.566,76.6,0.311,1,1,0,0,1,1,0,1,1,0
IC0480,22.5,168.917,-6.905,6.231,8.661,-2.582,2.174,88.455,94.29,4547.384,-2.177,2.005,337.129,-1.025,0.759,76.6,0.311,1,1,0,0,1,1,0,1,1,0
IC0540,1.5,206.776,-25.375,19.05,8.381,-4.539,5.335,89.846,88.051,2163.768,-187.052,153.516,164.613,-4.939,7.06,68.3,0.69,1,1,0,0,1,1,0,1,1,0
IC0540,4.5,167.168,-39.735,32.257,7.194,-11.055,11.055,89.846,88.051,2441.31,-183.024,183.024,174.579,-10.281,7.48,68.3,0.69,1,1,0,0,1,1,0,1,1,0
IC0540,7.5,56.221,-12.654,12.654,8.458,-2.247,2.915,89.846,88.051,2231.626,-165.081,124.781,183.912,-44.996,35.088,68.3,0.69,1,1,0,0,1,1,0,1,1,0
IC0540,10.5,38.728,-8.269,6.724,3.42,-2.598,2.598,89.846,88.051,2011.03,-87.253,72.864,180.99,-2.362,2.026,68.3,0.69,1,1,0,0,1,1,0,1,1,0
IC0540,13.5,160.713,-12.428,16.237,7.369,-8.32,8.32,89.846,88.051,2485.048,-6.417,7.867,177.598,-4.921,6.912,68.3,0.69,1,1,0,0,1,1,0,1,1,0
IC0944,1.5,181.795,-18.539,12.971,8.311,-5.003,5.003,89.454,88.992,6816.978,-7.559,6.167,295.775,-6.693,6.693,75.0,0.205,1,1,0,0,1,1,0,1,1,0
IC0944,4.5,180.954,-12.974,9.074,8.719,-6.826,6.826,89.454,88.992,6856.698,-23.056,20.509,288.752,-6.894,6.894,75.0,0.205,1,1,0,0,1,1,0,1,1,0
IC0944,7.5,157.647,-13.227,15.812,9.763,-7.68,8.112,89.454,88.992,6846.516,-17.584,21.454,270.917,-4.377,4.377,75.0,0.205,1,1,0,0,1,1,0,1,1,0
IC0944,10.5,190.271,-17.138,17.299,8.653,-6.803,7.362,89.454,88.992,6804.626,-22.116,33.082,288.486,-9.82,8.016,75.0,0.205,1,1,0,0,1,1,0,1,1,0
IC0944,13.5,231.113,-21.711,16.049,7.865,-2.332,2.966,89.454,88.992,6797.252,-25.336,30.931,293.144,-6.171,4.575,75.0,0.205,1,1,0,0,1,1,0,1,1,0
IC0944,16.5,207.492,-10.369,7.942,8.099,-2.257,3.007,89.454,88.992,6777.458,-29.342,27.054,295.336,-10.492,9.501,75.0,0.205,1,1,0,0,1,1,0,1,1,0
IC0944,19.5,213.077,-12.703,9.683,7.638,-2.278,2.573,89.454,88.992,6777.635,-7.295,8.955,297.832,-5.482,5.303,75.0,0.205,1,1,0,0,1,1,0,1,1,0
IC0944,22.5,228.442,-25.156,25.156,8.161,-2.294,2.966,89.454,88.992,6913.362,-191.782,144.983,271.579,-0.865,0.865,75.0,0.205,1,1,0,0,1,1,0,1,1,0
IC1151,1.5,6.069,-1.243,1.243,10.173,-5.341,5.341,88.428,89.092,2342.367,-154.639,125.366,22.404,-9.349,15.149,68.0,0.67,1,1,0,0,1,1,0,1,1,0
IC1151,4.5,0.17,-40.588,32.755,6.367,-2.146,2.145,88.428,89.092,2365.273,-156.172,123.406,19.317,-4.033,5.468,68.0,0.67,1,1,0,0,1,1,0,1,1,0
IC1151,7.5,93.427,-10.49,13.45,8.65,-3.025,3.862,88.428,89.092,2589.853,-5.431,5.759,31.184,-8.209,5.723,68.0,0.67,1,1,0,0,1,1,0,1,1,0
IC1151,10.5,125.912,-8.507,9.846,8.269,-4.746,3.13,88.428,89.092,2589.894,-4.705,4.29,28.338,-5.568,4.185,68.0,0.67,1,1,0,0,1,1,0,1,1,0
IC1151,13.5,197.597,-9.552,12.256,5.738,-5.953,5.953,88.428,89.092,2565.917,-22.766,22.766,38.898,-9.568,10.244,68.0,0.67,1,1,0,0,1,1,0,1,1,0
IC1199,1.5,9.857,-1.76,1.76,10.217,-4.741,6.462,88.279,88.996,4579.061,-3.425,3.855,158.986,-7.197,7.197,64.5,0.302,1,1,0,0,1,1,0,1,1,0
IC1199,7.5,17.995,-5.147,4.549,9.073,-4.187,2.537,88.279,88.996,4822.369,-251.69,191.241,172.569,-65.256,49.582,64.5,0.302,1,1,0,0,1,1,0,1,1,0
IC1199,10.5,197.532,-12.577,10.785,7.911,-2.189,2.839,88.279,88.996,4664.374,-5.208,4.959,155.317,-6.066,6.209,64.5,0.302,1,1,0,0,1,1,0,1,1,0
IC1199,13.5,194.136,-6.509,5.355,9.3,-3.07,2.245,88.279,88.996,4659.697,-3.257,3.07,153.444,-4.795,4.68,64.5,0.302,1,1,0,0,1,1,0,1,1,0
IC1199,16.5,197.05,-5.877,4.899,7.894,-2.454,2.724,88.279,88.996,4663.549,-3.074,2.637,162.267,-5.212,4.04,64.5,0.302,1,1,0,0,1,1,0,1,1,0
IC1199,19.5,202.896,-6.611,5.392,7.81,-2.843,2.225,88.279,88.996,4670.941,-2.62,2.281,168.508,-2.907,2.544,64.5,0.302,1,1,0,0,1,1,0,1,1,0
IC1199,22.5,200.248,-5.947,6.264,7.973,-2.391,3.122,88.279,88.996,4663.456,-117.53,149.156,159.557,-10.749,10.749,64.5,0.302,1,1,0,0,1,1,0,1,1,0
IC1683,1.5,158.415,-4.604,5.026,35.909,-3.734,4.864,88.897,89.032,4776.222,-3.625,4.664,190.028,-6.162,8.765,54.8,0.296,1,1,0,0,1,1,0,1,1,0
IC1683,4.5,181.537,-9.149,11.512,34.189,-6.387,7.989,88.897,89.032,4785.632,-6.766,6.636,195.872,-11.526,7.043,54.8,0.296,1,1,0,0,1,1,0,1,1,0
IC1683,7.5,192.861,-8.367,8.399,8.879,-7.495,7.495,88.897,89.032,4768.744,-5.496,5.633,194.358,-6.122,6.639,54.8,0.296,1,1,0,0,1,1,0,1,1,0
IC1683,10.5,197.271,-11.32,10.355,7.894,-2.243,2.21,88.897,89.032,4770.948,-3.256,3.141,208.929,-4.069,3.926,54.8,0.296,1,1,0,0,1,1,0,1,1,0
IC1683,13.5,187.073,-28.483,24.589,7.74,-2.94,2.39,88.897,89.032,4796.122,-19.188,15.949,207.536,-2.142,2.145,54.8,0.296,1,1,0,0,1,1,0,1,1,0
IC1683,16.5,164.181,-46.028,46.028,8.605,-2.479,3.193,88.897,89.032,4803.953,-43.146,51.04,210.548,-22.913,25.065,54.8,0.296,1,1,0,0,1,1,0,1,1,0
IC1683,19.5,184.41,-24.992,32.758,8.138,-4.803,6.109,88.897,89.032,5198.209,-7.449,9.717,210.477,-9.311,12.146,54.8,0.296,1,1,0,0,1,1,0,1,1,0
IC2247,1.5,199.534,-14.452,11.114,9.398,-8.73,5.75,89.858,88.458,4248.284,-13.645,15.97,138.178,-2.949,3.476,77.7,0.333,1,1,0,0,1,1,0,1,1,0
IC2247,4.5,182.885,-14.478,12.198,8.691,-4.035,2.852,89.858,88.458,4163.046,-22.99,15.35,151.556,-9.925,7.421,77.7,0.333,1,1,0,0,1,1,0,1,1,0
IC2247,7.5,141.965,-5.566,6.678,8.396,-2.207,3.003,89.858,88.458,4217.912,-3.379,4.08,141.034,-5.744,7.931,77.7,0.333,1,1,0,0,1,1,0,1,1,0
IC2247,10.5,153.95,-6.437,4.777,8.363,-3.119,2.388,89.858,88.458,4215.193,-2.389,1.791,159.363,-2.986,2.239,77.7,0.333,1,1,0,0,1,1,0,1,1,0
IC2247,13.5,172.638,-4.579,3.853,8.467,-4.918,7.835,89.858,88.458,4222.843,-3.885,4.046,154.899,-6.043,4.497,77.7,0.333,1,1,0,0,1,1,0,1,1,0
IC2247,16.5,182.446,-5.98,5.723,8.341,-3.253,4.19,89.858,88.458,4224.262,-2.308,2.478,142.151,-2.885,3.098,77.7,0.333,1,1,0,0,1,1,0,1,1,0
IC2247,19.5,190.681,-7.628,5.884,8.983,-3.012,2.403,89.858,88.458,4223.932,-2.37,2.072,158.149,-2.963,2.59,77.7,0.333,1,1,0,0,1,1,0,1,1,0
IC2247,22.5,227.077,-8.271,7.484,8.067,-4.635,4.635,89.858,88.458,4252.249,-4.316,4.707,150.373,-4.359,6.709,77.7,0.333,1,1,0,0,1,1,0,1,1,0
IC2487,1.5,101.919,-8.849,6.922,9.288,-4.121,4.121,88.586,88.076,4283.742,-39.54,30.032,357.351,-13.127,10.269,77.9,0.331,1,1,0,0,1,1,0,1,1,0
IC2487,4.5,164.517,-22.478,16.406,8.592,-9.69,9.69,88.586,88.076,4314.396,-11.626,14.563,348.865,-6.391,4.819,77.9,0.331,1,1,0,0,1,1,0,1,1,0
IC2487,7.5,185.753,-12.132,9.396,9.985,-4.307,5.699,88.586,88.076,4324.87,-11.261,13.227,332.691,-6.347,6.347,77.9,0.331,1,1,0,0,1,1,0,1,1,0
IC2487,10.5,199.823,-10.507,13.014,8.232,-14.494,14.494,88.586,88.076,4195.997,-17.603,14.321,351.356,-2.675,3.243,77.9,0.331,1,1,0,0,1,1,0,1,1,0
IC2487,13.5,182.913,-13.366,9.986,8.693,-6.639,8.064,88.586,88.076,4235.397,-12.902,12.902,347.192,-8.384,6.502,77.9,0.331,1,1,0,0,1,1,0,1,1,0
IC2487,16.5,177.642,-17.012,12.069,8.605,-2.943,3.76,88.586,88.076,4244.167,-18.027,18.027,357.703,-9.495,8.464,77.9,0.331,1,1,0,0,1,1,0,1,1,0
IC2487,19.5,201.299,-31.473,21.807,8.056,-2.628,3.373,88.586,88.076,4250.871,-26.464,17.929,355.439,-7.588,7.588,77.9,0.331,1,1,0,0,1,1,0,1,1,0
IC2487,22.5,204.045,-11.465,12.643,8.339,-3.027,2.314,88.586,88.076,4238.832,-13.894,13.894,354.101,-6.797,7.213,77.9,0.331,1,1,0,0,1,1,0,1,1,0
IC4566,4.5,5.609,-1.198,1.198,10.382,-2.331,2.772,89.426,89.088,5326.198,-135.756,191.941,317.384,-5.145,6.883,53.9,0.255,1,1,0,0,1,1,0,1,1,0
IC4566,7.5,5.602,-57.696,68.17,4.28,-2.152,2.152,89.426,89.088,5435.501,-225.409,265.867,327.549,-3.223,4.66,53.9,0.255,1,1,0,0,1,1,0,1,1,0
IC4566,10.5,211.231,-13.836,12.271,7.996,-2.264,2.923,89.426,89.088,5491.273,-13.285,12.884,329.011,-12.035,8.539,53.9,0.255,1,1,0,0,1,1,0,1,1,0
IC4566,13.5,222.568,-7.371,8.025,7.792,-3.0,2.716,89.426,89.088,5489.778,-9.846,10.089,327.835,-4.387,6.874,53.9,0.255,1,1,0,0,1,1,0,1,1,0
IC4566,16.5,226.42,-13.029,9.995,8.131,-2.29,2.88,89.426,89.088,5497.914,-12.309,12.7,324.923,-3.338,4.69,53.9,0.255,1,1,0,0,1,1,0,1,1,0
IC4566,19.5,227.087,-26.252,20.069,8.146,-2.58,2.219,89.426,89.088,5496.569,-14.862,15.509,320.186,-5.211,5.881,53.9,0.255,1,1,0,0,1,1,0,1,1,0
IC4566,22.5,210.411,-15.974,14.592,7.987,-2.477,2.195,89.426,89.088,5494.576,-5.045,5.024,324.576,-2.832,3.738,53.9,0.255,1,1,0,0,1,1,0,1,1,0
NGC0447,1.5,189.538,-5.989,7.311,9.025,-12.707,12.707,88.628,88.792,5500.55,-7.256,7.586,40.396,-10.327,10.327,29.1,0.259,1,1,0,0,1,1,0,1,1,0
NGC0447,4.5,198.854,-7.775,6.954,8.925,-4.595,5.096,88.628,88.792,5499.789,-4.905,5.137,44.326,-7.247,8.498,29.1,0.259,1,1,0,0,1,1,0,1,1,0
NGC0447,7.5,139.343,-27.439,25.971,9.071,-2.164,2.744,88.628,88.792,5518.89,-11.987,9.836,54.322,-13.518,13.518,29.1,0.259,1,1,0,0,1,1,0,1,1,0
NGC0447,10.5,4.941,-49.747,39.547,8.557,-2.571,2.452,88.628,88.792,5500.555,-193.624,151.748,50.814,-2.792,3.986,29.1,0.259,1,1,0,0,1,1,0,1,1,0
NGC0447,16.5,191.388,-2.365,2.191,5.673,-2.866,2.634,88.628,88.792,5919.127,-1.146,1.106,52.816,-2.009,2.009,29.1,0.259,1,1,0,0,1,1,0,1,1,0
NGC0447,19.5,182.873,-1.621,1.537,3.488,-2.5,2.866,88.628,88.792,5918.668,-1.388,1.153,53.885,-3.933,3.074,29.1,0.259,1,1,0,0,1,1,0,1,1,0
NGC0447,22.5,181.699,-25.709,28.683,7.915,-2.683,2.54,88.628,88.792,5481.09,-272.199,218.908,58.77,-74.741,62.233,29.1,0.259,1,1,0,0,1,1,0,1,1,0
NGC0477,1.5,126.826,-20.823,20.823,7.436,-5.88,7.19,90.469,89.184,6179.769,-9.272,8.729,319.336,-10.384,6.904,60.0,0.241,1,1,0,0,1,1,0,1,1,0
NGC0477,4.5,134.964,-10.251,13.164,7.081,-5.805,7.436,90.469,89.184,6179.983,-7.21,8.346,320.025,-12.785,12.785,60.0,0.241,1,1,0,0,1,1,0,1,1,0
NGC0477,7.5,101.611,-6.574,8.531,8.935,-2.642,3.288,90.469,89.184,6179.946,-4.544,5.195,324.714,-8.959,8.959,60.0,0.241,1,1,0,0,1,1,0,1,1,0
NGC0477,10.5,161.594,-43.808,33.832,7.03,-2.785,2.572,90.469,89.184,6179.628,-12.862,10.091,321.369,-5.527,3.958,60.0,0.241,1,1,0,0,1,1,0,1,1,0
NGC0477,13.5,138.607,-43.305,43.305,9.974,-3.271,4.52,90.469,89.184,6179.495,-12.035,12.347,306.575,-1.564,1.564,60.0,0.241,1,1,0,0,1,1,0,1,1,0
NGC0477,16.5,194.022,-22.923,32.966,8.116,-2.188,2.829,90.469,89.184,5328.956,-86.784,86.784,327.493,-2.058,2.058,60.0,0.241,1,1,0,0,1,1,0,1,1,0
NGC0477,19.5,196.255,-15.038,19.487,8.235,-2.961,2.803,90.469,89.184,5740.993,-169.096,166.178,321.719,-7.065,7.921,60.0,0.241,1,1,0,0,1,1,0,1,1,0
NGC0477,22.5,8.346,-0.817,1.201,7.531,-2.6,2.203,90.469,89.184,5328.166,-10.397,10.397,320.246,-4.314,6.252,60.0,0.241,1,1,0,0,1,1,0,1,1,0
NGC0496,1.5,186.177,-29.02,22.096,8.61,-4.631,2.959,89.01,88.612,5998.99,-60.963,49.143,223.301,-8.374,5.831,57.0,0.236,1,1,0,0,1,1,0,1,1,0
NGC0496,4.5,233.315,-13.331,11.114,8.307,-38.635,26.602,89.01,88.612,6017.249,-110.299,74.011,208.962,-30.908,21.281,57.0,0.236,1,1,0,0,1,1,0,1,1,0
NGC0496,7.5,142.147,-12.597,9.751,10.343,-4.73,3.352,89.01,88.612,5925.209,-10.771,9.008,218.571,-9.205,7.554,57.0,0.236,1,1,0,0,1,1,0,1,1,0
NGC0496,10.5,212.093,-16.866,14.925,8.983,-4.75,6.146,89.01,88.612,5971.905,-38.473,31.206,216.662,-11.553,11.553,57.0,0.236,1,1,0,0,1,1,0,1,1,0
NGC0496,13.5,129.08,-8.694,9.765,9.943,-2.991,2.265,89.01,88.612,5900.365,-4.909,5.585,219.308,-9.83,11.204,57.0,0.236,1,1,0,0,1,1,0,1,1,0
NGC0496,16.5,181.034,-10.979,14.15,8.125,-3.005,2.293,89.01,88.612,5907.641,-212.299,320.484,225.153,-4.87,4.995,57.0,0.236,1,1,0,0,1,1,0,1,1,0
NGC0496,19.5,213.723,-34.651,20.524,7.787,-2.449,2.482,89.01,88.612,5914.787,-267.118,245.849,230.714,-75.81,67.072,57.0,0.236,1,1,0,0,1,1,0,1,1,0
NGC0496,22.5,195.697,-22.556,28.467,7.96,-2.536,2.123,89.01,88.612,6038.161,-177.57,128.939,230.159,-50.44,39.882,57.0,0.236,1,1,0,0,1,1,0,1,1,0
NGC0523,1.5,191.624,-13.584,18.164,8.57,-11.26,11.26,89.187,89.875,4494.246,-29.334,36.186,102.571,-7.451,5.661,71.6,0.304,1,1,0,0,1,1,0,1,1,0
NGC0523,4.5,155.584,-16.439,11.778,9.603,-2.667,3.184,89.187,89.875,4799.777,-40.254,31.731,101.023,-2.477,3.292,71.6,0.304,1,1,0,0,1,1,0,1,1,0
NGC0523,7.5,156.585,-24.758,14.47,8.568,-3.131,4.169,89.187,89.875,4703.182,-88.442,116.965,103.817,-8.276,6.452,71.6,0.304,1,1,0,0,1,1,0,1,1,0
NGC0523,10.5,214.659,-47.955,47.955,6.934,-4.707,6.095,89.187,89.875,5100.59,-13.166,13.513,111.797,-16.457,16.891,71.6,0.304,1,1,0,0,1,1,0,1,1,0
NGC0523,13.5,201.547,-35.524,35.315,8.124,-2.656,3.476,89.187,89.875,4684.318,-206.751,206.751,111.297,-61.233,61.386,71.6,0.304,1,1,0,0,1,1,0,1,1,0
NGC0523,16.5,183.291,-18.584,13.077,7.657,-2.733,3.58,89.187,89.875,4747.764,-23.274,18.462,111.005,-11.148,8.78,71.6,0.304,1,1,0,0,1,1,0,1,1,0
NGC0523,19.5,196.068,-16.0,20.899,7.995,-4.597,5.643,89.187,89.875,4732.961,-15.765,13.76,105.723,-4.102,4.366,71.6,0.304,1,1,0,0,1,1,0,1,1,0
NGC0523,22.5,212.098,-29.22,29.22,7.867,-3.413,4.458,89.187,89.875,4733.88,-8.512,8.912,106.674,-1.415,1.968,71.6,0.304,1,1,0,0,1,1,0,1,1,0
NGC0551,7.5,19.65,-51.466,40.068,7.74,-2.32,2.93,88.273,88.812,5354.342,-199.592,153.391,138.847,-3.953,3.953,64.2,0.277,1,1,0,0,1,1,0,1,1,0
NGC0551,10.5,204.47,-11.864,9.59,7.481,-2.678,2.658,88.273,88.812,5058.49,-74.65,60.718,134.41,-5.594,6.823,64.2,0.277,1,1,0,0,1,1,0,1,1,0
NGC0551,13.5,198.954,-7.847,7.338,8.661,-2.288,2.28,88.273,88.812,5063.786,-5.161,5.148,138.989,-11.238,11.238,64.2,0.277,1,1,0,0,1,1,0,1,1,0
NGC0551,16.5,205.02,-7.941,8.572,7.962,-3.025,2.397,88.273,88.812,5067.245,-12.381,11.988,136.794,-3.689,3.287,64.2,0.277,1,1,0,0,1,1,0,1,1,0
NGC0551,19.5,178.336,-8.155,8.801,6.929,-2.377,3.073,88.273,88.812,5097.087,-3.177,3.275,145.211,-3.443,2.857,64.2,0.277,1,1,0,0,1,1,0,1,1,0
NGC0551,22.5,200.024,-20.321,15.08,7.83,-2.193,2.799,88.273,88.812,5122.26,-259.983,259.983,149.161,-9.651,9.651,64.2,0.277,1,1,0,0,1,1,0,1,1,0
NGC2253,1.5,129.386,-3.041,1.944,8.553,-2.417,2.781,88.753,88.708,3527.438,-0.994,0.742,130.357,-1.243,0.927,47.4,0.403,1,1,0,0,1,1,0,1,1,0
NGC2253,4.5,143.843,-7.076,11.246,10.034,-2.92,2.127,88.753,88.708,3521.441,-4.895,5.873,125.433,-11.207,11.207,47.4,0.403,1,1,0,0,1,1,0,1,1,0
NGC2253,7.5,162.781,-5.175,4.258,8.196,-2.617,2.753,88.753,88.708,3521.672,-2.7,2.333,122.956,-3.979,3.091,47.4,0.403,1,1,0,0,1,1,0,1,1,0
NGC2253,10.5,164.324,-4.268,3.86,9.648,-2.575,2.88,88.753,88.708,3520.853,-2.108,1.978,118.764,-3.07,2.697,47.4,0.403,1,1,0,0,1,1,0,1,1,0
NGC2253,13.5,165.699,-3.484,3.749,9.4,-2.899,2.472,88.753,88.708,3521.372,-1.591,1.71,121.03,-2.254,2.321,47.4,0.403,1,1,0,0,1,1,0,1,1,0
