dat_prof/bbarolo/bb_smo7_fitvd_bbmsk_freepa.csv
# %ECSV 0.9
# ---
# datatype:
# - {name: bbName, datatype: string, description: Galaxy Name}
# - {name: bbRad, unit: arcsec, datatype: float64, description: Galactocentric radius of ring}
# - {name: bbVrot, unit: km / s, datatype: float64}
# - {name: bbVrot_e1, unit: km / s, datatype: float64}
# - {name: bbVrot_e2, unit: km / s, datatype: float64}
# - {name: bbVdisp, unit: km / s, datatype: float64}
# - {name: bbVdisp_e1, unit: km / s, datatype: float64}
# - {name: bbVdisp_e2, unit: km / s, datatype: float64}
# - {name: bbXpos, unit: pix, datatype: float64}
# - {name: bbYpos, unit: pix, datatype: float64}
# - {name: bbVmean, unit: km / s, datatype: float64, description: 'Systemic velocity in radio defn, LSR frame'}
# - {name: bbVmean_e1, unit: km / s, datatype: float64}
# - {name: bbVmean_e2, unit: km / s, datatype: float64}
# - {name: bbPA, unit: deg, datatype: float64}
# - {name: bbPA_e1, unit: deg, datatype: float64}
# - {name: bbPA_e2, unit: deg, datatype: float64}
# - {name: bbInc, unit: deg, datatype: float64}
# - {name: bbZ0, unit: arcsec, datatype: float64, description: Scale height of disk in arcsec}
# - {name: bbVrotfit, unit: km / s, datatype: int64, description: 0=fixed to input value; 1=fitted per ring; -1=fixed to mean value of
#     previous fit}
# - {name: bbVdispfit, unit: km / s, datatype: int64, description: 0=fixed to input value; 1=fitted per ring; -1=fixed to mean value of
#     previous fit}
# - {name: bbXposfit, unit: pix, datatype: int64, description: 0=fixed to input value; 1=fitted per ring; -1=fixed to mean value of previous
#     fit}
# - {name: bbYposfit, unit: pix, datatype: int64, description: 0=fixed to input value; 1=fitted per ring; -1=fixed to mean value of previous
#     fit}
# - {name: bbVsysfit, unit: km / s, datatype: int64, description: 0=fixed to input value; 1=fitted per ring; -1=fixed to mean value of
#     previous fit}
# - {name: bbPAfit, unit: deg, datatype: int64, description: 0=fixed to input value; 1=fitted per ring; -1=fixed to mean value of previous
#     fit}
# - {name: bbIncfit, unit: deg, datatype: int64, description: 0=fixed to input value; 1=fitted per ring; -1=fixed to mean value of previous
#     fit}
# - {name: bbFtype, datatype: int64, description: 'Function to minimize: 1=chi-squared, 2=|mod-obs|'}
# - {name: bbWfunc, datatype: int64, description: 'Weighting function: 0=uniform, 1=|cos|, 2=cos^2'}
# - {name: bbFlag, datatype: int64, description: '=1 when some ringlog exits, but Bbarolo fails to produce at least one of the plots'}
# delimiter: ','
# schema: astropy-2.0
bbName,bbRad,bbVrot,bbVrot_e1,bbVrot_e2,bbVdisp,bbVdisp_e1,bbVdisp_e2,bbXpos,bbYpos,bbVmean,bbVmean_e1,bbVmean_e2,bbPA,bbPA_e1,bbPA_e2,bbInc,bbZ0,bbVrotfit,bbVdispfit,bbXposfit,bbYposfit,bbVsysfit,bbPAfit,bbIncfit,bbFtype,bbWfunc,bbFlag
[from data line 678]
UGC09665,10.5,243.745,-13.591,11.242,8.601,-4.131,4.131,79.608,80.516,2685.356,-87.547,67.863,318.2,-4.846,4.846,74.0,0.564,1,1,0,0,1,1,0,1,1,0
UGC09665,13.5,164.247,-12.497,10.06,8.316,-4.046,4.046,79.608,80.516,2607.58,-23.999,19.783,330.897,-8.555,8.555,74.0,0.564,1,1,0,0,1,1,0,1,1,0
UGC09665,16.5,202.14,-10.028,8.048,8.121,-12.773,10.584,79.608,80.516,2629.883,-30.673,26.591,320.738,-10.392,7.699,74.0,0.564,1,1,0,0,1,1,0,1,1,0
UGC09665,19.5,191.611,-13.99,14.373,8.268,-4.326,5.638,79.608,80.516,2624.6,-24.132,20.643,331.302,-10.612,10.163,74.0,0.564,1,1,0,0,1,1,0,1,1,0
UGC09665,22.5,181.5,-25.963,17.78,8.401,-4.498,5.712,79.608,80.516,2615.975,-275.571,187.057,321.854,-3.546,3.546,74.0,0.564,1,1,0,0,1,1,0,1,1,0
UGC09759,1.5,139.26,-10.762,10.762,9.424,-3.853,2.841,80.942,81.988,3404.811,-22.144,26.985,230.646,-2.891,2.891,66.8,0.419,1,1,0,0,1,1,0,1,1,0
UGC09759,4.5,197.592,-14.284,14.284,8.778,-4.216,4.216,80.942,81.988,3451.708,-6.152,5.655,228.046,-6.11,4.12,66.8,0.419,1,1,0,0,1,1,0,1,1,0
UGC09759,7.5,114.594,-10.069,11.025,5.777,-5.598,7.273,80.942,81.988,3362.324,-11.937,12.573,237.274,-7.386,5.583,66.8,0.419,1,1,0,0,1,1,0,1,1,0
UGC09759,10.5,194.212,-14.624,14.624,8.571,-3.489,4.587,80.942,81.988,3420.425,-35.201,38.451,232.434,-6.492,6.492,66.8,0.419,1,1,0,0,1,1,0,1,1,0
UGC09759,13.5,198.459,-14.205,14.205,7.993,-2.556,3.335,80.942,81.988,3415.112,-38.192,42.338,244.051,-13.738,14.969,66.8,0.419,1,1,0,0,1,1,0,1,1,0
UGC09759,16.5,5.38,-0.866,0.866,8.71,-2.65,2.65,80.942,81.988,3369.971,-191.448,226.201,236.651,-2.376,2.376,66.8,0.419,1,1,0,0,1,1,0,1,1,0
UGC09759,19.5,21.426,-2.172,2.977,6.056,-2.933,2.309,80.942,81.988,3583.601,-251.548,166.609,220.644,-0.649,0.788,66.8,0.419,1,1,0,0,1,1,0,1,1,0
UGC09759,22.5,4.538,-10.42,9.423,10.234,-2.16,2.327,80.942,81.988,3411.925,-37.213,34.009,218.082,-2.309,1.354,66.8,0.419,1,1,0,0,1,1,0,1,1,0
UGC09873,1.5,195.76,-41.625,41.625,6.895,-6.817,8.798,79.453,80.084,5947.192,-14.136,14.064,310.525,-8.102,5.832,75.3,0.225,1,1,0,0,1,1,0,1,1,0
UGC09873,4.5,176.202,-22.907,26.57,8.469,-5.504,6.821,79.453,80.084,5959.691,-8.835,9.553,312.264,-6.931,4.82,75.3,0.225,1,1,0,0,1,1,0,1,1,0
UGC09873,10.5,191.342,-14.345,18.344,8.061,-4.275,5.492,79.453,80.084,5584.822,-142.917,142.917,318.33,-3.661,2.823,75.3,0.225,1,1,0,0,1,1,0,1,1,0
UGC09873,13.5,23.42,-6.093,6.093,7.659,-4.268,3.564,79.453,80.084,5793.226,-173.808,134.975,310.346,-8.928,7.994,75.3,0.225,1,1,0,0,1,1,0,1,1,0
UGC09873,16.5,131.867,-11.201,14.597,8.175,-3.536,4.547,79.453,80.084,5921.312,-5.476,6.254,309.506,-7.167,5.873,75.3,0.225,1,1,0,0,1,1,0,1,1,0
UGC09873,19.5,177.801,-12.988,16.864,7.507,-4.022,5.085,79.453,80.084,5959.891,-5.959,7.194,306.925,-6.827,6.827,75.3,0.225,1,1,0,0,1,1,0,1,1,0
UGC09873,22.5,209.218,-12.226,15.91,7.87,-4.352,5.434,79.453,80.084,5959.986,-6.124,7.034,311.013,-7.918,6.794,75.3,0.225,1,1,0,0,1,1,0,1,1,0
UGC09892,1.5,160.304,-17.557,25.353,8.279,-6.58,9.43,79.431,79.884,5996.623,-8.87,11.552,283.639,-11.342,11.423,72.2,0.251,1,1,0,0,1,1,0,1,1,0
UGC09892,4.5,145.001,-15.329,20.466,7.699,-4.635,6.023,79.431,79.884,5996.374,-6.982,8.835,279.217,-7.963,8.852,72.2,0.251,1,1,0,0,1,1,0,1,1,0
UGC09892,7.5,175.306,-24.695,31.253,9.424,-4.559,5.798,79.431,79.884,5999.661,-9.885,11.835,280.77,-10.287,10.287,72.2,0.251,1,1,0,0,1,1,0,1,1,0
UGC09892,10.5,1.736,-0.259,0.259,11.962,-5.516,3.426,79.431,79.884,5489.469,-181.652,270.203,283.696,-11.921,8.435,72.2,0.251,1,1,0,0,1,1,0,1,1,0
UGC09892,16.5,117.38,-16.15,28.335,8.118,-4.29,5.516,79.431,79.884,5933.094,-33.936,32.525,288.359,-2.7,3.887,72.2,0.251,1,1,0,0,1,1,0,1,1,0
UGC09892,19.5,167.013,-23.65,37.996,6.903,-5.515,7.108,79.431,79.884,5937.518,-49.078,53.134,295.919,-1.963,1.963,72.2,0.251,1,1,0,0,1,1,0,1,1,0
UGC09892,22.5,193.125,-13.115,16.566,8.456,-2.792,2.158,79.431,79.884,5746.487,-152.701,103.021,267.446,-2.899,2.899,72.2,0.251,1,1,0,0,1,1,0,1,1,0
UGC10043,4.5,208.86,-9.941,7.437,8.361,-3.387,2.425,82.639,78.704,2227.62,-3.57,2.728,142.652,-0.953,1.049,88.0,0.665,1,1,0,0,1,1,0,1,1,0
UGC10043,7.5,210.21,-65.879,65.879,8.427,-3.103,2.605,82.639,78.704,2099.358,-19.934,15.73,149.829,-21.956,21.054,88.0,0.665,1,1,0,0,1,1,0,1,1,0
UGC10043,10.5,191.458,-15.733,14.49,8.425,-6.836,5.882,82.639,78.704,2198.515,-5.469,4.705,157.053,-6.143,4.331,88.0,0.665,1,1,0,0,1,1,0,1,1,0
UGC10043,13.5,242.013,-6.996,6.345,7.532,-3.847,5.002,82.639,78.704,2244.963,-2.711,2.837,143.366,-3.388,3.546,88.0,0.665,1,1,0,0,1,1,0,1,1,0
UGC10043,16.5,178.488,-7.987,5.907,8.022,-6.596,8.809,82.639,78.704,2181.164,-4.332,4.293,156.253,-2.744,2.457,88.0,0.665,1,1,0,0,1,1,0,1,1,0
UGC10043,19.5,152.986,-5.917,5.611,7.768,-2.299,2.984,82.639,78.704,2155.23,-2.967,2.906,153.65,-3.653,3.028,88.0,0.665,1,1,0,0,1,1,0,1,1,0
UGC10043,22.5,198.463,-6.33,7.833,8.041,-13.211,13.211,82.639,78.704,2154.988,-5.531,5.824,157.729,-2.581,2.253,88.0,0.665,1,1,0,0,1,1,0,1,1,0
UGC10123,1.5,190.779,-12.144,11.906,8.605,-5.205,3.379,79.223,79.736,3861.186,-12.317,14.191,47.468,-6.73,6.73,70.0,0.384,1,1,0,0,1,1,0,1,1,0
UGC10123,4.5,108.275,-7.615,7.941,9.895,-2.191,2.535,79.223,79.736,3745.709,-4.094,4.913,56.678,-7.115,10.434,70.0,0.384,1,1,0,0,1,1,0,1,1,0
UGC10123,7.5,124.926,-13.015,17.35,18.847,-2.838,2.521,79.223,79.736,3738.447,-5.397,6.414,44.739,-7.233,7.233,70.0,0.384,1,1,0,0,1,1,0,1,1,0
UGC10123,10.5,157.177,-9.486,8.801,30.94,-4.671,6.963,79.223,79.736,3731.063,-6.213,6.615,70.419,-10.696,10.696,70.0,0.384,1,1,0,0,1,1,0,1,1,0
UGC10123,13.5,196.146,-4.446,3.958,9.08,-5.444,7.517,79.223,79.736,3730.224,-3.616,4.305,59.304,-4.575,5.744,70.0,0.384,1,1,0,0,1,1,0,1,1,0
UGC10123,16.5,202.842,-3.771,3.657,8.877,-4.925,4.028,79.223,79.736,3730.607,-3.735,3.2,52.328,-6.245,5.113,70.0,0.384,1,1,0,0,1,1,0,1,1,0
UGC10123,19.5,208.678,-5.172,4.676,8.855,-2.464,2.602,79.223,79.736,3731.74,-3.194,3.141,53.786,-6.011,5.912,70.0,0.384,1,1,0,0,1,1,0,1,1,0
UGC10123,22.5,212.879,-6.45,4.962,8.089,-2.571,3.106,79.223,79.736,3731.429,-3.035,2.551,55.766,-4.617,3.839,70.0,0.384,1,1,0,0,1,1,0,1,1,0
UGC10205,1.5,149.173,-22.34,33.483,10.011,-5.411,6.925,80.249,80.088,6762.621,-10.299,13.463,309.076,-13.444,13.444,51.7,0.217,1,1,0,0,1,1,0,1,1,0
UGC10205,4.5,135.127,-31.828,19.333,5.242,-2.471,2.471,80.249,80.088,6767.747,-8.575,5.451,299.056,-10.718,6.814,51.7,0.217,1,1,0,0,1,1,0,1,1,0
UGC10205,10.5,104.736,-7.185,9.744,4.756,-3.385,4.056,80.249,80.088,6537.29,-183.706,137.438,319.568,-48.569,37.809,51.7,0.217,1,1,0,0,1,1,0,1,1,0
UGC10205,13.5,5.38,-49.71,39.157,14.349,-2.684,2.59,80.249,80.088,6506.974,-189.923,144.425,300.472,-6.233,9.614,51.7,0.217,1,1,0,0,1,1,0,1,1,0
UGC10205,16.5,157.574,-25.616,16.196,9.565,-2.855,2.325,80.249,80.088,6363.812,-67.526,82.843,311.731,-10.766,10.766,51.7,0.217,1,1,0,0,1,1,0,1,1,0
UGC10205,19.5,196.289,-18.371,14.565,8.268,-3.046,2.42,80.249,80.088,6377.917,-112.079,131.865,316.832,-7.063,5.522,51.7,0.217,1,1,0,0,1,1,0,1,1,0
UGC10205,22.5,188.777,-8.301,6.306,8.132,-2.889,2.496,80.249,80.088,6358.538,-156.299,258.747,315.812,-5.796,4.59,51.7,0.217,1,1,0,0,1,1,0,1,1,0
UGC10380,1.5,126.697,-7.991,7.991,1.959,-2.619,2.758,79.85,80.016,8935.375,-3.111,3.34,109.039,-2.611,2.611,77.9,0.186,1,1,0,0,1,1,0,1,1,0
UGC10380,4.5,162.869,-7.071,7.164,7.034,-2.359,2.359,79.85,80.016,8935.838,-3.767,4.477,101.656,-5.64,8.386,77.9,0.186,1,1,0,0,1,1,0,1,1,0
UGC10380,7.5,94.749,-11.315,14.28,6.704,-5.408,5.128,79.85,80.016,8939.6,-4.75,5.297,106.149,-2.277,1.782,77.9,0.186,1,1,0,0,1,1,0,1,1,0
UGC10380,10.5,143.708,-10.184,12.962,6.712,-3.096,4.025,79.85,80.016,8922.951,-3.916,4.684,120.662,-2.384,1.748,77.9,0.186,1,1,0,0,1,1,0,1,1,0
UGC10380,13.5,2.363,-0.488,0.488,7.141,-2.934,2.869,79.85,80.016,8926.771,-10.058,9.937,111.408,-4.906,3.618,77.9,0.186,1,1,0,0,1,1,0,1,1,0
UGC10380,16.5,128.566,-11.186,14.609,7.29,-2.69,3.629,79.85,80.016,8937.578,-5.703,6.42,110.002,-8.935,7.442,77.9,0.186,1,1,0,0,1,1,0,1,1,0
UGC10380,19.5,194.653,-9.729,12.812,6.66,-3.144,4.142,79.85,80.016,8939.605,-3.433,4.425,95.672,-0.858,0.747,77.9,0.186,1,1,0,0,1,1,0,1,1,0
UGC10380,22.5,183.74,-10.259,13.329,8.425,-2.896,3.806,79.85,80.016,8939.992,-4.191,5.186,95.808,-3.609,3.609,77.9,0.186,1,1,0,0,1,1,0,1,1,0
UGC10384,1.5,164.73,-18.389,12.484,7.812,-3.194,2.323,80.294,80.008,4834.974,-14.979,18.829,103.69,-2.508,2.508,70.0,0.287,1,1,0,0,1,1,0,1,1,0
UGC10384,4.5,215.433,-27.235,35.318,8.993,-4.86,3.245,80.294,80.008,4792.972,-30.694,28.655,110.73,-3.353,3.353,70.0,0.287,1,1,0,0,1,1,0,1,1,0
UGC10384,7.5,146.873,-3.891,4.198,9.752,-2.738,2.154,80.294,80.008,4900.644,-3.251,2.996,95.84,-7.702,6.377,70.0,0.287,1,1,0,0,1,1,0,1,1,0
UGC10384,10.5,156.701,-4.18,4.545,9.799,-2.728,3.432,80.294,80.008,4900.249,-3.421,3.3,103.305,-6.776,5.225,70.0,0.287,1,1,0,0,1,1,0,1,1,0
UGC10384,13.5,167.543,-6.72,6.53,8.532,-6.365,6.763,80.294,80.008,4901.958,-3.271,3.323,109.28,-4.089,4.154,70.0,0.287,1,1,0,0,1,1,0,1,1,0
UGC10384,16.5,177.83,-7.442,6.983,8.916,-2.782,2.691,80.294,80.008,4902.666,-11.447,11.373,99.461,-6.782,5.06,70.0,0.287,1,1,0,0,1,1,0,1,1,0
UGC10384,19.5,188.717,-13.545,10.082,7.807,-2.965,2.623,80.294,80.008,4902.864,-4.731,3.895,105.806,-3.337,2.876,70.0,0.287,1,1,0,0,1,1,0,1,1,0
UGC10384,22.5,190.133,-18.558,24.158,8.064,-2.271,2.93,80.294,80.008,4901.674,-19.157,19.379,108.766,-1.49,1.224,70.0,0.287,1,1,0,0,1,1,0,1,1,0
UGC10710,1.5,162.419,-22.038,14.127,8.039,-5.048,5.048,79.79,79.884,8543.846,-9.054,6.333,152.413,-9.132,6.156,69.6,0.169,1,1,0,0,1,1,0,1,1,0
UGC10710,4.5,61.783,-11.326,12.854,3.142,-3.651,3.651,79.79,79.884,8156.231,-20.263,16.046,147.472,-8.566,8.566,69.6,0.169,1,1,0,0,1,1,0,1,1,0
UGC10710,7.5,197.065,-19.721,19.721,8.262,-3.325,4.181,79.79,79.884,8147.087,-314.007,335.343,151.264,-10.165,10.165,69.6,0.169,1,1,0,0,1,1,0,1,1,0
UGC10710,10.5,206.645,-19.933,14.921,8.137,-2.351,2.298,79.79,79.884,8155.332,-282.254,311.541,150.022,-10.361,9.945,69.6,0.169,1,1,0,0,1,1,0,1,1,0
UGC10710,13.5,203.11,-25.51,16.137,7.933,-2.222,2.88,79.79,79.884,8158.719,-105.696,82.536,159.342,-33.357,25.388,69.6,0.169,1,1,0,0,1,1,0,1,1,0
UGC10710,16.5,4.353,-3.179,2.707,9.473,-2.746,2.858,79.79,79.884,8489.378,-2.543,2.166,148.272,-7.427,5.805,69.6,0.169,1,1,0,0,1,1,0,1,1,0
UGC10710,19.5,147.205,-5.396,6.938,8.151,-2.894,2.633,79.79,79.884,8234.064,-181.705,130.886,164.443,-47.18,34.972,69.6,0.169,1,1,0,0,1,1,0,1,1,0
UGC10710,22.5,187.086,-49.864,49.864,8.376,-5.404,5.404,79.79,79.884,8574.49,-14.426,14.532,149.107,-2.437,2.859,69.6,0.169,1,1,0,0,1,1,0,1,1,0
