dat_prof/bbarolo/bb_smo5_fitvd_bbmsk_freepa.csv
# %ECSV 0.9
# ---
# datatype:
# - {name: bbName, datatype: string, description: Galaxy Name}
# - {name: bbRad, unit: arcsec, datatype: float64, description: Galactocentric radius of ring}
# - {name: bbVrot, unit: km / s, datatype: float64}
# - {name: bbVrot_e1, unit: km / s, datatype: float64}
# - {name: bbVrot_e2, unit: km / s, datatype: float64}
# - {name: bbVdisp, unit: km / s, datatype: float64}
# - {name: bbVdisp_e1, unit: km / s, datatype: float64}
# - {name: bbVdisp_e2, unit: km / s, datatype: float64}
# - {name: bbXpos, unit: pix, datatype: float64}
# - {name: bbYpos, unit: pix, datatype: float64}
# - {name: bbVmean, unit: km / s, datatype: float64, description: 'Systemic velocity in radio defn, LSR frame'}
# - {name: bbVmean_e1, unit: km / s, datatype: float64}
# - {name: bbVmean_e2, unit: km / s, datatype: float64}
# - {name: bbPA, unit: deg, datatype: float64}
# - {name: bbPA_e1, unit: deg, datatype: float64}
# - {name: bbPA_e2, unit: deg, datatype: float64}
# - {name: bbInc, unit: deg, datatype: float64}
# - {name: bbZ0, unit: arcsec, datatype: float64, description: Scale height of disk in arcsec}
# - {name: bbVrotfit, unit: km / s, datatype: int64, description: 0=fixed to input value; 1=fitted per ring; -1=fixed to mean value of
#     previous fit}
# - {name: bbVdispfit, unit: km / s, datatype: int64, description: 0=fixed to input value; 1=fitted per ring; -1=fixed to mean value of
#     previous fit}
# - {name: bbXposfit, unit: pix, datatype: int64, description: 0=fixed to input value; 1=fitted per ring; -1=fixed to mean value of previous
#     fit}
# - {name: bbYposfit, unit: pix, datatype: int64, description: 0=fixed to input value; 1=fitted per ring; -1=fixed to mean value of previous
#     fit}
# - {name: bbVsysfit, unit: km / s, datatype: int64, description: 0=fixed to input value; 1=fitted per ring; -1=fixed to mean value of
#     previous fit}
# - {name: bbPAfit, unit: deg, datatype: int64, description: 0=fixed to input value; 1=fitted per ring; -1=fixed to mean value of previous
#     fit}
# - {name: bbIncfit, unit: deg, datatype: int64, description: 0=fixed to input value; 1=fitted per ring; -1=fixed to mean value of previous
#     fit}
# - {name: bbFtype, datatype: int64, description: 'Function to minimize: 1=chi-squared, 2=|mod-obs|'}
# - {name: bbWfunc, datatype: int64, description: 'Weighting function: 0=uniform, 1=|cos|, 2=cos^2'}
# - {name: bbFlag, datatype: int64, description: '=1 when some ringlog exits, but Bbarolo fails to produce at least one of the plots'}
# delimiter: ','
# schema: astropy-2.0
bbName,bbRad,bbVrot,bbVrot_e1,bbVrot_e2,bbVdisp,bbVdisp_e1,bbVdisp_e2,bbXpos,bbYpos,bbVmean,bbVmean_e1,bbVmean_e2,bbPA,bbPA_e1,bbPA_e2,bbInc,bbZ0,bbVrotfit,bbVdispfit,bbXposfit,bbYposfit,bbVsysfit,bbPAfit,bbIncfit,bbFtype,bbWfunc,bbFlag
[from data line 339]
UGC09665,16.5,196.346,-8.512,7.343,8.295,-9.524,9.524,79.608,80.516,2624.394,-26.094,22.193,320.662,-9.717,7.094,74.0,0.564,1,1,0,0,1,1,0,1,1,0
UGC09665,19.5,181.957,-8.789,12.797,8.356,-5.123,5.123,79.608,80.516,2618.712,-17.048,16.479,322.374,-7.067,5.412,74.0,0.564,1,1,0,0,1,1,0,1,1,0
UGC09665,22.5,219.714,-30.586,29.607,9.148,-3.082,3.98,79.608,80.516,2609.482,-29.408,23.573,303.335,-1.196,1.196,74.0,0.564,1,1,0,0,1,1,0,1,1,0
UGC09873,1.5,189.421,-34.57,31.078,7.579,-10.413,10.413,79.453,80.084,5857.793,-246.969,246.969,305.552,-7.517,10.187,75.3,0.225,1,1,0,0,1,1,0,1,1,0
UGC09873,4.5,188.169,-13.889,13.889,8.574,-3.645,4.701,79.453,80.084,5428.863,-60.544,71.016,308.696,-5.028,7.873,75.3,0.225,1,1,0,0,1,1,0,1,1,0
UGC09873,7.5,2.615,-0.852,0.852,8.084,-5.824,5.824,79.453,80.084,5537.522,-6.334,7.092,302.153,-4.125,3.105,75.3,0.225,1,1,0,0,1,1,0,1,1,0
UGC09873,10.5,162.687,-19.974,27.815,8.294,-3.985,5.129,79.453,80.084,5959.97,-7.705,9.94,309.267,-6.861,6.817,75.3,0.225,1,1,0,0,1,1,0,1,1,0
UGC09873,13.5,166.877,-10.507,13.495,8.348,-3.382,4.35,79.453,80.084,5613.893,-166.835,166.835,314.631,-6.113,5.085,75.3,0.225,1,1,0,0,1,1,0,1,1,0
UGC09873,16.5,21.617,-1.686,2.227,9.049,-2.501,2.96,79.453,80.084,5540.623,-55.572,64.24,312.837,-2.413,3.209,75.3,0.225,1,1,0,0,1,1,0,1,1,0
UGC09873,19.5,0.879,-0.269,0.269,10.477,-2.784,3.136,79.453,80.084,5933.68,-2.635,2.963,305.296,-7.485,8.447,75.3,0.225,1,1,0,0,1,1,0,1,1,0
UGC09873,22.5,93.295,-5.288,6.819,7.661,-2.882,2.76,79.453,80.084,5927.344,-385.063,385.063,311.279,-8.699,7.3,75.3,0.225,1,1,0,0,1,1,0,1,1,0
UGC09892,1.5,126.928,-12.177,16.206,7.098,-5.473,7.162,79.431,79.884,5997.827,-7.263,7.891,279.085,-11.4,8.196,72.2,0.251,1,1,0,0,1,1,0,1,1,0
UGC09892,4.5,162.462,-18.09,23.257,7.916,-5.744,7.453,79.431,79.884,5999.055,-8.394,10.289,279.198,-9.744,10.447,72.2,0.251,1,1,0,0,1,1,0,1,1,0
UGC09892,7.5,27.607,-6.516,5.445,9.95,-2.669,2.8,79.431,79.884,5642.838,-101.621,84.331,276.429,-7.317,7.317,72.2,0.251,1,1,0,0,1,1,0,1,1,0
UGC09892,10.5,98.921,-11.283,11.311,8.086,-2.412,3.049,79.431,79.884,5587.921,-99.581,81.456,287.605,-28.083,23.661,72.2,0.251,1,1,0,0,1,1,0,1,1,0
UGC09892,13.5,165.7,-36.359,36.359,7.793,-2.291,2.954,79.431,79.884,5999.777,-107.78,107.78,283.823,-1.111,1.412,72.2,0.251,1,1,0,0,1,1,0,1,1,0
UGC09892,16.5,162.546,-24.946,18.141,7.103,-3.083,2.989,79.431,79.884,5995.435,-7.011,5.325,280.751,-1.651,1.304,72.2,0.251,1,1,0,0,1,1,0,1,1,0
UGC09892,19.5,157.27,-31.073,31.937,7.2,-2.44,2.517,79.431,79.884,5996.188,-9.078,9.068,284.584,-2.801,2.801,72.2,0.251,1,1,0,0,1,1,0,1,1,0
UGC09892,22.5,198.257,-41.852,55.031,7.998,-2.369,2.369,79.431,79.884,5990.851,-11.055,14.35,269.013,-13.819,17.937,72.2,0.251,1,1,0,0,1,1,0,1,1,0
UGC10043,4.5,210.689,-11.871,9.294,8.44,-2.958,3.03,82.639,78.704,2239.616,-3.368,2.631,142.794,-4.21,3.289,88.0,0.665,1,1,0,0,1,1,0,1,1,0
UGC10043,7.5,246.74,-10.076,10.147,8.196,-4.149,4.149,82.639,78.704,2056.735,-18.993,16.03,162.766,-8.304,7.581,88.0,0.665,1,1,0,0,1,1,0,1,1,0
UGC10043,10.5,150.55,-4.45,3.867,7.406,-6.224,8.935,82.639,78.704,2159.591,-3.724,4.051,157.679,-4.223,3.401,88.0,0.665,1,1,0,0,1,1,0,1,1,0
UGC10043,16.5,200.033,-8.813,6.834,8.222,-2.863,2.805,82.639,78.704,2194.155,-2.708,2.41,160.854,-3.384,3.012,88.0,0.665,1,1,0,0,1,1,0,1,1,0
UGC10043,19.5,194.082,-12.493,9.642,8.365,-4.049,5.204,82.639,78.704,2188.746,-5.204,4.539,157.113,-4.272,3.312,88.0,0.665,1,1,0,0,1,1,0,1,1,0
UGC10043,22.5,189.684,-21.311,16.468,7.92,-2.735,3.52,82.639,78.704,2173.583,-26.149,17.354,160.668,-12.548,9.335,88.0,0.665,1,1,0,0,1,1,0,1,1,0
UGC10123,1.5,199.205,-13.592,17.398,8.534,-5.789,6.621,79.223,79.736,3859.237,-34.778,28.881,56.362,-5.03,6.768,70.0,0.384,1,1,0,0,1,1,0,1,1,0
UGC10123,4.5,99.401,-12.443,9.971,10.234,-3.041,2.696,79.223,79.736,3741.113,-3.465,2.779,63.88,-4.332,3.474,70.0,0.384,1,1,0,0,1,1,0,1,1,0
UGC10123,7.5,124.597,-7.148,10.344,20.109,-3.086,2.247,79.223,79.736,3742.348,-2.588,3.319,44.428,-2.007,1.992,70.0,0.384,1,1,0,0,1,1,0,1,1,0
UGC10123,10.5,156.845,-8.015,11.435,17.684,-2.764,2.945,79.223,79.736,3715.617,-2.486,3.232,70.437,-3.108,4.04,70.0,0.384,1,1,0,0,1,1,0,1,1,0
UGC10123,13.5,197.658,-5.201,3.819,8.219,-4.095,5.81,79.223,79.736,3729.208,-3.636,3.719,41.945,-5.248,5.248,70.0,0.384,1,1,0,0,1,1,0,1,1,0
UGC10123,16.5,204.995,-4.25,4.053,8.826,-6.268,4.326,79.223,79.736,3731.447,-3.628,2.857,55.595,-3.993,3.049,70.0,0.384,1,1,0,0,1,1,0,1,1,0
UGC10123,19.5,211.558,-4.456,3.592,8.454,-2.262,2.31,79.223,79.736,3733.659,-2.825,2.843,53.893,-5.372,5.972,70.0,0.384,1,1,0,0,1,1,0,1,1,0
UGC10123,22.5,224.68,-7.754,8.814,7.75,-2.669,2.211,79.223,79.736,3730.989,-4.84,5.229,44.338,-9.89,9.89,70.0,0.384,1,1,0,0,1,1,0,1,1,0
UGC10380,1.5,69.963,-9.463,9.463,9.236,-5.427,7.052,79.85,80.016,8913.275,-5.239,5.347,114.803,-6.064,4.873,77.9,0.186,1,1,0,0,1,1,0,1,1,0
UGC10380,4.5,123.05,-8.566,11.264,7.837,-4.141,4.624,79.85,80.016,8937.984,-5.335,5.4,112.684,-8.631,5.714,77.9,0.186,1,1,0,0,1,1,0,1,1,0
UGC10380,7.5,140.292,-11.933,14.88,7.298,-3.677,4.647,79.85,80.016,8936.388,-4.525,5.361,112.144,-2.492,1.919,77.9,0.186,1,1,0,0,1,1,0,1,1,0
UGC10380,10.5,188.199,-10.192,13.438,7.938,-3.517,4.422,79.85,80.016,8939.498,-4.315,5.154,115.562,-3.552,2.759,77.9,0.186,1,1,0,0,1,1,0,1,1,0
UGC10380,13.5,130.741,-9.453,12.201,7.547,-2.48,3.266,79.85,80.016,8939.748,-3.169,4.02,118.968,-0.743,0.615,77.9,0.186,1,1,0,0,1,1,0,1,1,0
UGC10380,16.5,111.973,-8.578,10.964,5.749,-3.23,4.075,79.85,80.016,8937.219,-2.952,3.76,121.994,-3.69,4.7,77.9,0.186,1,1,0,0,1,1,0,1,1,0
UGC10380,19.5,11.835,-1.067,1.466,8.602,-2.454,2.564,79.85,80.016,8468.634,-204.062,322.854,94.436,-0.814,0.861,77.9,0.186,1,1,0,0,1,1,0,1,1,0
UGC10380,22.5,192.995,-6.704,8.368,8.583,-2.152,2.445,79.85,80.016,8527.715,-171.114,159.365,106.551,-1.956,1.712,77.9,0.186,1,1,0,0,1,1,0,1,1,0
