dat_prof/bbarolo/bb_smo5_fitvd_bbmsk_freepa.csv
# %ECSV 0.9
# ---
# datatype:
# - {name: bbName, datatype: string, description: Galaxy Name}
# - {name: bbRad, unit: arcsec, datatype: float64, description: Galactocentric radius of ring}
# - {name: bbVrot, unit: km / s, datatype: float64}
# - {name: bbVrot_e1, unit: km / s, datatype: float64}
# - {name: bbVrot_e2, unit: km / s, datatype: float64}
# - {name: bbVdisp, unit: km / s, datatype: float64}
# - {name: bbVdisp_e1, unit: km / s, datatype: float64}
# - {name: bbVdisp_e2, unit: km / s, datatype: float64}
# - {name: bbXpos, unit: pix, datatype: float64}
# - {name: bbYpos, unit: pix, datatype: float64}
# - {name: bbVmean, unit: km / s, datatype: float64, description: 'Systemic velocity in radio defn, LSR frame'}
# - {name: bbVmean_e1, unit: km / s, datatype: float64}
# - {name: bbVmean_e2, unit: km / s, datatype: float64}
# - {name: bbPA, unit: deg, datatype: float64}
# - {name: bbPA_e1, unit: deg, datatype: float64}
# - {name: bbPA_e2, unit: deg, datatype: float64}
# - {name: bbInc, unit: deg, datatype: float64}
# - {name: bbZ0, unit: arcsec, datatype: float64, description: Scale height of disk in arcsec}
# - {name: bbVrotfit, unit: km / s, datatype: int64, description: 0=fixed to input value; 1=fitted per ring; -1=fixed to mean value of
#     previous fit}
# - {name: bbVdispfit, unit: km / s, datatype: int64, description: 0=fixed to input value; 1=fitted per ring; -1=fixed to mean value of
#     previous fit}
# - {name: bbXposfit, unit: pix, datatype: int64, description: 0=fixed to input value; 1=fitted per ring; -1=fixed to mean value of previous
#     fit}
# - {name: bbYposfit, unit: pix, datatype: int64, description: 0=fixed to input value; 1=fitted per ring; -1=fixed to mean value of previous
#     fit}
# - {name: bbVsysfit, unit: km / s, datatype: int64, description: 0=fixed to input value; 1=fitted per ring; -1=fixed to mean value of
#     previous fit}
# - {name: bbPAfit, unit: deg, datatype: int64, description: 0=fixed to input value; 1=fitted per ring; -1=fixed to mean value of previous
#     fit}
# - {name: bbIncfit, unit: deg, datatype: int64, description: 0=fixed to input value; 1=fitted per ring; -1=fixed to mean value of previous
#     fit}
# - {name: bbFtype, datatype: int64, description: 'Function to minimize: 1=chi-squared, 2=|mod-obs|'}
# - {name: bbWfunc, datatype: int64, description: 'Weighting function: 0=uniform, 1=|cos|, 2=cos^2'}
# - {name: bbFlag, datatype: int64, description: '=1 when some ringlog exits, but Bbarolo fails to produce at least one of the plots'}
# delimiter: ','
# schema: astropy-2.0
bbName,bbRad,bbVrot,bbVrot_e1,bbVrot_e2,bbVdisp,bbVdisp_e1,bbVdisp_e2,bbXpos,bbYpos,bbVmean,bbVmean_e1,bbVmean_e2,bbPA,bbPA_e1,bbPA_e2,bbInc,bbZ0,bbVrotfit,bbVdispfit,bbXposfit,bbYposfit,bbVsysfit,bbPAfit,bbIncfit,bbFtype,bbWfunc,bbFlag
[from data line 227]
NGC6186,22.5,197.847,-21.717,21.717,7.749,-6.03,7.468,80.268,79.904,2907.496,-24.816,31.905,259.58,-13.141,15.273,71.2,0.487,1,1,0,0,1,1,0,1,1,0
NGC6301,1.5,115.891,-9.519,12.107,9.914,-4.041,4.124,79.548,79.996,8567.969,-6.179,6.316,110.056,-11.154,9.035,52.8,0.17,1,1,0,0,1,1,0,1,1,0
NGC6301,4.5,4.686,-1.397,1.397,12.262,-2.738,2.406,79.548,79.996,8212.758,-2.103,2.183,103.404,-5.834,5.834,52.8,0.17,1,1,0,0,1,1,0,1,1,0
NGC6301,7.5,189.529,-8.917,11.237,8.356,-2.297,2.915,79.548,79.996,8141.271,-234.33,286.24,111.903,-16.864,16.864,52.8,0.17,1,1,0,0,1,1,0,1,1,0
NGC6301,10.5,194.764,-10.96,11.15,7.803,-2.695,2.428,79.548,79.996,8137.811,-5.952,6.137,113.435,-10.971,10.971,52.8,0.17,1,1,0,0,1,1,0,1,1,0
NGC6301,13.5,214.746,-8.855,7.485,8.361,-2.903,3.121,79.548,79.996,8134.92,-4.342,4.262,109.519,-7.255,7.935,52.8,0.17,1,1,0,0,1,1,0,1,1,0
NGC6301,16.5,230.933,-6.73,7.135,8.081,-2.144,2.763,79.548,79.996,8137.025,-3.365,3.37,110.309,-5.381,4.606,52.8,0.17,1,1,0,0,1,1,0,1,1,0
NGC6301,19.5,237.062,-6.79,5.934,8.228,-2.645,2.638,79.548,79.996,8135.162,-3.512,3.018,108.0,-5.902,4.372,52.8,0.17,1,1,0,0,1,1,0,1,1,0
NGC6301,22.5,242.296,-6.749,6.979,8.419,-2.604,2.98,79.548,79.996,8138.964,-3.364,3.242,107.703,-5.571,4.516,52.8,0.17,1,1,0,0,1,1,0,1,1,0
NGC6314,1.5,198.955,-19.201,14.829,8.854,-7.663,8.569,79.735,79.988,6437.048,-10.023,8.046,181.654,-13.229,8.787,57.7,0.215,1,1,0,0,1,1,0,1,1,0
NGC6314,4.5,206.558,-11.147,8.268,8.527,-8.54,8.54,79.735,79.988,6446.513,-8.43,8.43,179.149,-7.029,6.31,57.7,0.215,1,1,0,0,1,1,0,1,1,0
NGC6314,7.5,249.433,-16.036,21.599,6.637,-8.827,8.827,79.735,79.988,6495.624,-18.452,20.667,183.998,-10.829,12.773,57.7,0.215,1,1,0,0,1,1,0,1,1,0
NGC6314,10.5,166.129,-19.878,24.418,7.751,-4.453,6.021,79.735,79.988,6572.599,-54.814,41.03,188.687,-1.542,1.251,57.7,0.215,1,1,0,0,1,1,0,1,1,0
NGC6314,13.5,34.749,-8.736,8.736,7.87,-2.766,2.904,79.735,79.988,6465.146,-193.727,193.422,190.866,-51.307,51.265,57.7,0.215,1,1,0,0,1,1,0,1,1,0
NGC6314,19.5,190.807,-23.764,17.151,8.097,-3.929,3.013,79.735,79.988,6685.43,-68.297,58.803,180.063,-9.313,6.016,57.7,0.215,1,1,0,0,1,1,0,1,1,0
NGC6314,22.5,179.545,-9.934,8.322,7.898,-2.939,2.331,79.735,79.988,6742.752,-3.476,2.877,173.913,-2.949,2.169,57.7,0.215,1,1,0,0,1,1,0,1,1,0
NGC6478,1.5,185.927,-11.319,13.529,9.481,-2.435,2.347,87.078,69.555,6612.828,-14.882,17.458,215.814,-3.453,2.4,73.4,0.212,1,1,0,0,1,1,0,1,1,0
NGC6478,4.5,230.544,-5.34,4.182,8.597,-4.465,7.633,87.078,69.555,6630.745,-3.899,3.944,218.588,-5.79,3.962,73.4,0.212,1,1,0,0,1,1,0,1,1,0
NGC6478,7.5,233.417,-6.038,6.802,9.34,-5.275,7.737,87.078,69.555,6626.53,-3.689,4.339,218.129,-3.444,2.818,73.4,0.212,1,1,0,0,1,1,0,1,1,0
NGC6478,10.5,218.457,-4.627,7.311,9.493,-8.008,7.77,87.078,69.555,6627.79,-3.796,4.521,216.894,-2.55,3.004,73.4,0.212,1,1,0,0,1,1,0,1,1,0
NGC6478,13.5,219.142,-3.722,3.864,8.643,-3.564,3.564,87.078,69.555,6627.675,-2.356,2.418,216.579,-2.139,2.242,73.4,0.212,1,1,0,0,1,1,0,1,1,0
NGC6478,16.5,226.971,-3.339,4.154,9.094,-4.781,5.831,87.078,69.555,6633.153,-2.723,3.001,217.97,-2.772,2.017,73.4,0.212,1,1,0,0,1,1,0,1,1,0
NGC6478,19.5,243.108,-3.124,3.715,7.132,-5.205,5.205,87.078,69.555,6643.293,-2.638,2.589,215.223,-2.221,1.436,73.4,0.212,1,1,0,0,1,1,0,1,1,0
NGC6478,22.5,244.343,-5.718,5.718,7.423,-2.217,2.365,87.078,69.555,6644.699,-2.199,2.409,213.109,-1.244,1.555,73.4,0.212,1,1,0,0,1,1,0,1,1,0
NGC7738,1.5,198.307,-6.426,6.426,9.48,-2.637,2.79,80.012,80.044,6587.268,-3.863,3.633,61.294,-7.951,7.236,65.6,0.211,1,1,0,0,1,1,0,1,1,0
NGC7738,4.5,203.77,-8.346,11.549,10.562,-2.892,3.023,80.012,80.044,6601.104,-4.299,5.035,39.744,-7.696,7.696,65.6,0.211,1,1,0,0,1,1,0,1,1,0
NGC7738,7.5,193.245,-16.037,12.834,9.958,-2.562,2.798,80.012,80.044,6601.385,-13.897,16.799,44.477,-1.849,1.849,65.6,0.211,1,1,0,0,1,1,0,1,1,0
NGC7738,10.5,169.791,-21.931,14.685,9.378,-3.379,2.583,80.012,80.044,6600.046,-11.969,13.555,65.403,-9.32,7.706,65.6,0.211,1,1,0,0,1,1,0,1,1,0
NGC7738,13.5,150.744,-12.584,10.242,9.066,-3.597,4.598,80.012,80.044,6613.613,-14.321,14.187,69.1,-7.626,7.257,65.6,0.211,1,1,0,0,1,1,0,1,1,0
NGC7738,16.5,179.816,-16.585,16.585,7.38,-2.767,2.157,80.012,80.044,6585.081,-23.238,29.22,66.653,-1.003,1.531,65.6,0.211,1,1,0,0,1,1,0,1,1,0
NGC7738,19.5,208.877,-17.71,14.13,8.518,-2.333,2.628,80.012,80.044,6715.365,-53.324,46.004,41.347,-3.159,3.159,65.6,0.211,1,1,0,0,1,1,0,1,1,0
NGC7738,22.5,187.882,-14.503,18.653,8.215,-3.831,4.947,80.012,80.044,6856.892,-114.099,96.383,54.994,-3.253,2.678,65.6,0.211,1,1,0,0,1,1,0,1,1,0
NGC7819,1.5,119.521,-8.9,7.066,9.34,-2.659,2.993,79.488,80.216,4870.867,-2.7,2.134,98.335,-3.375,2.668,54.0,0.288,1,1,0,0,1,1,0,1,1,0
NGC7819,4.5,209.894,-23.268,17.07,8.886,-11.141,11.141,79.488,80.216,4930.066,-15.53,21.948,86.004,-10.22,10.22,54.0,0.288,1,1,0,0,1,1,0,1,1,0
NGC7819,7.5,70.323,-15.562,13.352,10.474,-2.359,2.722,79.488,80.216,4884.532,-14.904,17.748,97.09,-3.974,3.049,54.0,0.288,1,1,0,0,1,1,0,1,1,0
NGC7819,10.5,13.719,-2.995,2.995,7.382,-3.433,2.145,79.488,80.216,4885.899,-3.274,2.195,82.926,-6.669,3.639,54.0,0.288,1,1,0,0,1,1,0,1,1,0
NGC7819,13.5,0.981,-0.178,0.178,9.787,-2.444,2.145,79.488,80.216,5343.606,-0.656,0.581,105.289,-0.819,0.726,54.0,0.288,1,1,0,0,1,1,0,1,1,0
NGC7819,16.5,171.62,-16.92,22.257,7.085,-6.304,6.304,79.488,80.216,5334.54,-6.287,7.817,95.065,-1.926,2.706,54.0,0.288,1,1,0,0,1,1,0,1,1,0
NGC7819,19.5,137.471,-24.238,21.087,5.66,-2.782,3.107,79.488,80.216,4799.652,-107.061,141.914,94.839,-10.634,6.529,54.0,0.288,1,1,0,0,1,1,0,1,1,0
NGC7819,22.5,220.418,-22.482,23.502,6.347,-2.616,2.319,79.488,80.216,5344.478,-7.729,8.116,93.78,-6.645,6.645,54.0,0.288,1,1,0,0,1,1,0,1,1,0
UGC00809,1.5,95.208,-6.62,8.64,8.203,-2.725,3.474,79.143,80.092,4539.223,-112.85,112.85,192.421,-1.535,1.248,78.9,0.341,1,1,0,0,1,1,0,1,1,0
UGC00809,4.5,121.459,-9.509,12.278,7.449,-3.409,4.29,79.143,80.092,4569.067,-6.404,6.172,198.563,-12.699,8.121,78.9,0.341,1,1,0,0,1,1,0,1,1,0
UGC00809,7.5,2.078,-0.477,0.449,5.89,-4.038,2.451,79.143,80.092,4318.12,-200.314,151.502,189.823,-3.143,3.95,78.9,0.341,1,1,0,0,1,1,0,1,1,0
UGC00809,10.5,157.844,-16.913,23.474,7.602,-4.172,5.409,79.143,80.092,4563.921,-7.116,9.527,196.986,-7.379,9.225,78.9,0.341,1,1,0,0,1,1,0,1,1,0
UGC00809,13.5,121.476,-19.997,19.997,8.589,-2.622,3.465,79.143,80.092,4504.298,-67.48,62.111,186.035,-7.395,7.395,78.9,0.341,1,1,0,0,1,1,0,1,1,0
UGC00809,16.5,168.244,-10.633,13.544,7.447,-2.289,2.92,79.143,80.092,4526.451,-6.38,6.826,198.365,-12.597,10.842,78.9,0.341,1,1,0,0,1,1,0,1,1,0
UGC00809,19.5,33.054,-3.415,4.836,8.085,-2.281,2.224,79.143,80.092,4351.879,-93.936,80.51,193.636,-4.273,3.497,78.9,0.341,1,1,0,0,1,1,0,1,1,0
UGC00809,22.5,9.776,-41.3,33.499,7.7,-2.631,2.192,79.143,80.092,4399.069,-155.941,127.034,201.341,-6.63,4.77,78.9,0.341,1,1,0,0,1,1,0,1,1,0
UGC03973,1.5,191.498,-38.246,20.362,7.092,-2.445,3.313,79.992,79.904,6749.631,-11.06,6.806,331.807,-3.55,3.55,39.1,0.215,1,1,0,0,1,1,0,1,1,0
UGC03973,4.5,200.692,-42.268,42.268,9.544,-4.653,6.085,79.992,79.904,6746.806,-13.263,13.621,308.818,-6.13,6.13,39.1,0.215,1,1,0,0,1,1,0,1,1,0
UGC03973,7.5,154.762,-16.463,12.807,9.69,-2.197,3.102,79.992,79.904,6520.114,-60.752,53.871,323.612,-9.167,9.167,39.1,0.215,1,1,0,0,1,1,0,1,1,0
UGC03973,10.5,149.837,-14.81,11.597,9.653,-3.048,2.127,79.992,79.904,6522.761,-6.423,5.757,320.546,-9.498,9.709,39.1,0.215,1,1,0,0,1,1,0,1,1,0
UGC03973,13.5,181.241,-35.494,34.035,7.444,-2.332,2.603,79.992,79.904,6729.568,-125.9,125.9,323.271,-6.359,4.552,39.1,0.215,1,1,0,0,1,1,0,1,1,0
UGC03973,16.5,132.391,-13.163,16.704,9.262,-3.12,2.826,79.992,79.904,6511.869,-117.9,91.158,328.398,-9.118,6.707,39.1,0.215,1,1,0,0,1,1,0,1,1,0
UGC03973,19.5,196.209,-14.174,18.28,7.938,-3.099,2.47,79.992,79.904,6509.552,-127.161,100.752,331.194,-6.691,4.975,39.1,0.215,1,1,0,0,1,1,0,1,1,0
UGC03973,22.5,222.655,-20.602,27.029,8.355,-2.967,2.204,79.992,79.904,6546.793,-5.804,7.483,311.677,-0.924,0.698,39.1,0.215,1,1,0,0,1,1,0,1,1,0
UGC04029,1.5,205.415,-12.028,15.268,8.814,-7.146,7.146,80.495,80.116,4212.521,-19.53,19.252,243.441,-2.23,1.836,77.6,0.325,1,1,0,0,1,1,0,1,1,0
UGC04029,4.5,182.724,-12.33,9.508,8.311,-7.834,6.725,80.495,80.116,4443.991,-15.374,14.564,248.413,-3.634,2.827,77.6,0.325,1,1,0,0,1,1,0,1,1,0
UGC04029,7.5,88.027,-6.978,5.444,10.43,-4.376,4.376,80.495,80.116,4353.553,-4.637,3.806,248.668,-7.194,5.403,77.6,0.325,1,1,0,0,1,1,0,1,1,0
UGC04029,10.5,85.676,-3.823,5.456,12.012,-2.676,2.137,80.495,80.116,4354.457,-3.494,3.459,248.489,-8.993,6.861,77.6,0.325,1,1,0,0,1,1,0,1,1,0
UGC04029,13.5,115.565,-12.078,9.201,9.317,-2.365,2.826,80.495,80.116,4340.295,-3.683,3.046,228.857,-1.443,1.443,77.6,0.325,1,1,0,0,1,1,0,1,1,0
UGC04029,19.5,203.044,-8.38,9.864,8.883,-5.991,6.705,80.495,80.116,4408.521,-4.309,5.066,241.113,-2.867,3.693,77.6,0.325,1,1,0,0,1,1,0,1,1,0
UGC04029,22.5,186.283,-10.705,9.184,8.471,-2.683,3.493,80.495,80.116,4317.401,-15.747,19.194,255.112,-7.284,7.968,77.6,0.325,1,1,0,0,1,1,0,1,1,0
UGC04280,1.5,135.427,-12.558,16.066,9.267,-5.11,6.566,79.564,80.088,3891.97,-6.76,7.956,4.873,-9.373,9.194,71.5,0.405,1,1,0,0,1,1,0,1,1,0
UGC04280,4.5,85.423,-20.846,15.878,8.255,-3.216,3.627,79.564,80.088,3899.898,-122.148,122.148,-7.328,-5.325,5.325,71.5,0.405,1,1,0,0,1,1,0,1,1,0
UGC04280,7.5,99.253,-13.676,13.676,6.747,-5.883,5.883,79.564,80.088,3899.656,-6.017,5.722,1.886,-4.51,3.329,71.5,0.405,1,1,0,0,1,1,0,1,1,0
UGC04280,10.5,8.649,-1.871,1.871,7.968,-2.202,2.202,79.564,80.088,3896.476,-2.253,2.96,-2.594,-4.94,7.766,71.5,0.405,1,1,0,0,1,1,0,1,1,0
UGC04280,13.5,5.52,-1.095,1.095,10.513,-2.568,2.519,79.564,80.088,3621.035,-192.997,144.977,-9.0,-8.172,8.172,71.5,0.405,1,1,0,0,1,1,0,1,1,0
UGC04280,16.5,1.4,-0.352,0.352,8.226,-2.467,2.708,79.564,80.088,3491.379,-65.86,83.097,1.3,-7.274,9.616,71.5,0.405,1,1,0,0,1,1,0,1,1,0
UGC04280,19.5,160.025,-14.864,19.208,7.749,-4.195,5.421,79.564,80.088,3898.528,-100.382,100.382,1.831,-6.866,11.019,71.5,0.405,1,1,0,0,1,1,0,1,1,0
UGC04280,22.5,0.046,-0.709,0.891,11.95,-2.361,2.987,79.564,80.088,3744.226,-0.21,0.256,18.673,-0.263,0.32,71.5,0.405,1,1,0,0,1,1,0,1,1,0
UGC04461,1.5,254.454,-14.079,10.906,7.989,-9.501,8.482,80.182,79.9,5078.954,-17.785,18.521,45.48,-6.142,4.5,70.1,0.285,1,1,0,0,1,1,0,1,1,0
UGC04461,4.5,191.462,-16.662,12.088,9.095,-9.605,9.605,80.182,79.9,4794.579,-30.857,35.393,54.969,-14.281,14.272,70.1,0.285,1,1,0,0,1,1,0,1,1,0
UGC04461,7.5,190.404,-30.796,20.8,8.557,-4.596,5.962,80.182,79.9,4802.934,-82.382,139.033,45.498,-3.371,4.122,70.1,0.285,1,1,0,0,1,1,0,1,1,0
UGC04461,10.5,125.823,-12.485,9.502,11.562,-2.187,2.434,80.182,79.9,4902.021,-14.317,12.987,57.458,-7.109,6.147,70.1,0.285,1,1,0,0,1,1,0,1,1,0
UGC04461,13.5,200.001,-32.48,26.106,8.695,-7.44,6.593,80.182,79.9,5023.605,-148.95,108.406,40.646,-9.065,8.23,70.1,0.285,1,1,0,0,1,1,0,1,1,0
UGC04461,16.5,186.035,-22.478,38.126,7.836,-4.829,6.779,80.182,79.9,5226.432,-79.05,71.408,47.516,-1.313,1.705,70.1,0.285,1,1,0,0,1,1,0,1,1,0
UGC04461,19.5,163.7,-33.298,33.298,7.183,-2.521,2.384,80.182,79.9,5337.104,-9.063,9.129,44.055,-1.081,0.832,70.1,0.285,1,1,0,0,1,1,0,1,1,0
UGC04461,22.5,134.604,-30.938,31.651,7.236,-3.811,3.811,80.182,79.9,5339.581,-9.48,9.424,47.037,-3.172,2.236,70.1,0.285,1,1,0,0,1,1,0,1,1,0
UGC07012,1.5,4.933,-37.01,36.248,11.04,-8.457,5.409,79.365,80.1,2611.169,-129.103,129.103,-7.554,-10.481,10.481,60.5,0.466,1,1,0,0,1,1,0,1,1,0
UGC07012,4.5,110.66,-8.931,10.823,10.03,-2.36,2.782,79.365,80.1,3459.856,-4.596,5.174,6.603,-7.092,7.092,60.5,0.466,1,1,0,0,1,1,0,1,1,0
UGC07012,7.5,16.682,-4.774,4.774,11.945,-2.703,3.534,79.365,80.1,2605.372,-74.89,74.89,17.713,-20.592,20.799,60.5,0.466,1,1,0,0,1,1,0,1,1,0
UGC07012,10.5,160.01,-38.715,33.767,7.971,-5.37,5.37,79.365,80.1,3450.339,-12.295,11.457,1.724,-5.094,6.69,60.5,0.466,1,1,0,0,1,1,0,1,1,0
UGC07012,13.5,0.733,-0.168,0.168,8.158,-2.865,3.182,79.365,80.1,3436.296,-188.676,188.676,8.507,-7.989,6.16,60.5,0.466,1,1,0,0,1,1,0,1,1,0
UGC08107,1.5,198.894,-14.094,19.936,8.575,-2.162,2.716,80.179,80.012,8054.194,-14.77,22.647,52.364,-7.226,5.514,71.4,0.17,1,1,0,0,1,1,0,1,1,0
UGC08107,4.5,267.349,-15.13,18.886,8.452,-2.896,2.206,80.179,80.012,8109.27,-19.588,20.84,50.653,-13.923,7.83,71.4,0.17,1,1,0,0,1,1,0,1,1,0
UGC08107,7.5,289.671,-14.555,14.521,9.252,-3.479,2.651,80.179,80.012,8067.582,-5.645,5.764,45.138,-4.548,5.883,71.4,0.17,1,1,0,0,1,1,0,1,1,0
UGC08107,10.5,287.243,-9.045,10.257,6.929,-3.271,2.262,80.179,80.012,8077.61,-4.111,3.931,56.781,-4.129,3.204,71.4,0.17,1,1,0,0,1,1,0,1,1,0
UGC08107,13.5,226.808,-14.989,13.589,8.232,-3.371,2.472,80.179,80.012,8143.632,-5.617,4.876,57.922,-4.109,3.444,71.4,0.17,1,1,0,0,1,1,0,1,1,0
UGC08107,16.5,248.462,-10.638,8.857,7.817,-6.81,6.81,80.179,80.012,8167.661,-14.319,12.153,42.741,-4.704,6.549,71.4,0.17,1,1,0,0,1,1,0,1,1,0
UGC08107,19.5,227.408,-9.574,12.659,8.957,-3.609,4.667,80.179,80.012,8196.239,-3.64,4.676,33.964,-1.378,1.378,71.4,0.17,1,1,0,0,1,1,0,1,1,0
UGC08107,22.5,72.903,-12.236,9.17,12.017,-2.271,2.128,80.179,80.012,8351.568,-3.473,2.825,61.904,-4.341,3.531,71.4,0.17,1,1,0,0,1,1,0,1,1,0
UGC08267,1.5,202.513,-20.174,15.163,8.381,-3.831,3.831,79.566,79.988,7027.327,-9.803,9.98,49.72,-10.466,10.466,75.4,0.199,1,1,0,0,1,1,0,1,1,0
UGC08267,4.5,132.164,-7.968,6.23,13.649,-2.413,2.387,79.566,79.988,7086.224,-2.595,2.057,57.373,-3.244,2.571,75.4,0.199,1,1,0,0,1,1,0,1,1,0
UGC08267,7.5,164.7,-7.181,6.754,8.067,-2.335,2.557,79.566,79.988,7077.683,-3.724,3.49,43.436,-5.379,5.379,75.4,0.199,1,1,0,0,1,1,0,1,1,0
UGC08267,10.5,178.616,-5.278,5.286,8.781,-7.523,6.371,79.566,79.988,7074.9,-5.234,4.293,51.102,-8.135,5.515,75.4,0.199,1,1,0,0,1,1,0,1,1,0
UGC08267,13.5,182.851,-4.831,6.491,6.928,-3.243,4.159,79.566,79.988,7077.031,-2.019,2.662,55.971,-2.523,3.328,75.4,0.199,1,1,0,0,1,1,0,1,1,0
UGC08267,16.5,201.707,-10.169,10.167,6.917,-2.416,3.107,79.566,79.988,7085.732,-3.146,3.318,55.816,-3.933,4.148,75.4,0.199,1,1,0,0,1,1,0,1,1,0
UGC08267,19.5,197.011,-21.143,27.166,7.934,-2.157,2.793,79.566,79.988,7093.149,-17.081,21.855,52.986,-5.557,3.684,75.4,0.199,1,1,0,0,1,1,0,1,1,0
UGC08267,22.5,101.588,-18.077,18.077,10.012,-2.957,2.421,79.566,79.988,7098.383,-128.292,101.221,43.199,-0.549,0.441,75.4,0.199,1,1,0,0,1,1,0,1,1,0
UGC09537,1.5,118.864,-20.524,22.214,8.127,-6.683,5.908,79.381,80.016,8994.168,-8.577,8.806,310.51,-7.101,7.101,72.0,0.159,1,1,0,0,1,1,0,1,1,0
UGC09537,4.5,123.55,-25.44,22.433,9.645,-2.432,3.478,79.381,80.016,9009.973,-8.723,8.233,319.373,-7.022,7.022,72.0,0.159,1,1,0,0,1,1,0,1,1,0
UGC09537,10.5,167.718,-19.4,19.4,8.343,-3.829,4.948,79.381,80.016,8670.839,-243.681,163.044,320.574,-7.129,5.486,72.0,0.159,1,1,0,0,1,1,0,1,1,0
UGC09537,13.5,199.798,-36.825,39.212,7.984,-2.519,3.277,79.381,80.016,8578.98,-223.355,205.702,326.212,-4.823,3.448,72.0,0.159,1,1,0,0,1,1,0,1,1,0
UGC09537,16.5,164.237,-12.058,9.284,6.877,-2.417,2.685,79.381,80.016,8697.427,-15.588,13.465,301.09,-1.536,1.536,72.0,0.159,1,1,0,0,1,1,0,1,1,0
UGC09537,19.5,155.712,-18.189,20.862,6.927,-2.802,3.093,79.381,80.016,8700.963,-165.096,123.041,328.225,-46.149,36.403,72.0,0.159,1,1,0,0,1,1,0,1,1,0
UGC09537,22.5,170.037,-24.616,17.816,8.157,-2.521,2.637,79.381,80.016,8674.991,-217.089,171.901,323.87,-60.711,47.817,72.0,0.159,1,1,0,0,1,1,0,1,1,0
UGC09665,1.5,212.966,-11.219,12.001,8.698,-8.56,8.56,79.608,80.516,2736.555,-47.896,41.495,312.318,-4.619,5.791,74.0,0.564,1,1,0,0,1,1,0,1,1,0
UGC09665,4.5,201.89,-14.696,19.602,9.159,-3.615,3.615,79.608,80.516,2686.271,-55.453,45.465,320.224,-5.25,5.25,74.0,0.564,1,1,0,0,1,1,0,1,1,0
UGC09665,7.5,223.293,-15.092,12.693,8.944,-9.671,8.969,79.608,80.516,2430.089,-15.856,16.007,304.269,-7.737,7.175,74.0,0.564,1,1,0,0,1,1,0,1,1,0
UGC09665,10.5,187.27,-22.088,15.773,8.814,-5.191,3.261,79.608,80.516,2633.323,-48.583,36.628,325.073,-4.407,3.338,74.0,0.564,1,1,0,0,1,1,0,1,1,0
