dat_prof/bbarolo/bb_smo5_fitvd_dilmsk_freepa.csv
# %ECSV 0.9
# ---
# datatype:
# - {name: bbName, datatype: string, description: Galaxy Name}
# - {name: bbRad, unit: arcsec, datatype: float64, description: Galactocentric radius of ring}
# - {name: bbVrot, unit: km / s, datatype: float64}
# - {name: bbVrot_e1, unit: km / s, datatype: float64}
# - {name: bbVrot_e2, unit: km / s, datatype: float64}
# - {name: bbVdisp, unit: km / s, datatype: float64}
# - {name: bbVdisp_e1, unit: km / s, datatype: float64}
# - {name: bbVdisp_e2, unit: km / s, datatype: float64}
# - {name: bbXpos, unit: pix, datatype: float64}
# - {name: bbYpos, unit: pix, datatype: float64}
# - {name: bbVmean, unit: km / s, datatype: float64, description: 'Systemic velocity in radio defn, LSR frame'}
# - {name: bbVmean_e1, unit: km / s, datatype: float64}
# - {name: bbVmean_e2, unit: km / s, datatype: float64}
# - {name: bbPA, unit: deg, datatype: float64}
# - {name: bbPA_e1, unit: deg, datatype: float64}
# - {name: bbPA_e2, unit: deg, datatype: float64}
# - {name: bbInc, unit: deg, datatype: float64}
# - {name: bbZ0, unit: arcsec, datatype: float64, description: Scale height of disk in arcsec}
# - {name: bbVrotfit, unit: km / s, datatype: int64, description: 0=fixed to input value; 1=fitted per ring; -1=fixed to mean value of
#     previous fit}
# - {name: bbVdispfit, unit: km / s, datatype: int64, description: 0=fixed to input value; 1=fitted per ring; -1=fixed to mean value of
#     previous fit}
# - {name: bbXposfit, unit: pix, datatype: int64, description: 0=fixed to input value; 1=fitted per ring; -1=fixed to mean value of previous
#     fit}
# - {name: bbYposfit, unit: pix, datatype: int64, description: 0=fixed to input value; 1=fitted per ring; -1=fixed to mean value of previous
#     fit}
# - {name: bbVsysfit, unit: km / s, datatype: int64, description: 0=fixed to input value; 1=fitted per ring; -1=fixed to mean value of
#     previous fit}
# - {name: bbPAfit, unit: deg, datatype: int64, description: 0=fixed to input value; 1=fitted per ring; -1=fixed to mean value of previous
#     fit}
# - {name: bbIncfit, unit: deg, datatype: int64, description: 0=fixed to input value; 1=fitted per ring; -1=fixed to mean value of previous
#     fit}
# - {name: bbFtype, datatype: int64, description: 'Function to minimize: 1=chi-squared, 2=|mod-obs|'}
# - {name: bbWfunc, datatype: int64, description: 'Weighting function: 0=uniform, 1=|cos|, 2=cos^2'}
# - {name: bbFlag, datatype: int64, description: '=1 when some ringlog exits, but Bbarolo fails to produce at least one of the plots'}
# delimiter: ','
# schema: astropy-2.0
bbName,bbRad,bbVrot,bbVrot_e1,bbVrot_e2,bbVdisp,bbVdisp_e1,bbVdisp_e2,bbXpos,bbYpos,bbVmean,bbVmean_e1,bbVmean_e2,bbPA,bbPA_e1,bbPA_e2,bbInc,bbZ0,bbVrotfit,bbVdispfit,bbXposfit,bbYposfit,bbVsysfit,bbPAfit,bbIncfit,bbFtype,bbWfunc,bbFlag
[from data line 341]
UGC08267,13.5,188.985,-7.283,5.714,8.735,-7.019,7.019,79.566,79.988,7077.058,-5.775,4.921,48.048,-8.799,6.951,75.4,0.199,1,1,0,0,1,1,0,1,1,0
UGC08267,16.5,199.873,-7.081,8.845,8.462,-3.236,4.189,79.566,79.988,7079.89,-3.919,5.315,42.087,-5.36,8.225,75.4,0.199,1,1,0,0,1,1,0,1,1,0
UGC08267,19.5,221.502,-13.042,11.376,6.643,-2.806,2.565,79.566,79.988,7093.277,-4.443,4.098,54.18,-2.785,2.45,75.4,0.199,1,1,0,0,1,1,0,1,1,0
UGC08267,22.5,198.579,-17.858,16.206,7.621,-2.392,2.361,79.566,79.988,7113.631,-16.635,13.429,48.054,-1.848,2.217,75.4,0.199,1,1,0,0,1,1,0,1,1,0
UGC09537,1.5,136.133,-11.201,8.515,8.92,-9.874,9.874,79.381,80.016,8503.635,-9.627,11.314,324.735,-5.246,4.052,72.0,0.159,1,1,0,0,1,1,0,1,1,0
UGC09537,4.5,170.719,-13.532,9.709,8.621,-8.104,8.104,79.381,80.016,8531.963,-19.034,14.327,320.912,-10.297,6.914,72.0,0.159,1,1,0,0,1,1,0,1,1,0
UGC09537,7.5,179.929,-10.958,15.586,10.294,-7.498,7.498,79.381,80.016,8536.043,-6.693,7.85,304.527,-8.317,8.317,72.0,0.159,1,1,0,0,1,1,0,1,1,0
UGC09537,10.5,254.107,-10.009,8.709,10.003,-9.919,9.919,79.381,80.016,8585.188,-13.606,13.39,300.873,-1.816,1.816,72.0,0.159,1,1,0,0,1,1,0,1,1,0
UGC09537,13.5,231.21,-11.655,10.2,7.99,-3.602,2.601,79.381,80.016,8625.395,-5.846,4.617,318.066,-8.128,5.666,72.0,0.159,1,1,0,0,1,1,0,1,1,0
UGC09537,16.5,221.309,-6.492,9.217,8.53,-4.867,4.867,79.381,80.016,8494.708,-24.303,29.029,318.521,-5.341,4.143,72.0,0.159,1,1,0,0,1,1,0,1,1,0
UGC09537,19.5,223.911,-31.97,42.119,8.416,-8.074,8.074,79.381,80.016,8506.642,-55.946,74.153,320.846,-1.556,2.02,72.0,0.159,1,1,0,0,1,1,0,1,1,0
UGC09537,22.5,206.862,-36.329,33.491,8.725,-4.008,5.175,79.381,80.016,8693.983,-34.118,26.42,301.667,-1.362,1.362,72.0,0.159,1,1,0,0,1,1,0,1,1,0
UGC09665,1.5,227.859,-12.215,9.74,8.832,-7.974,7.974,79.608,80.516,2721.87,-41.427,36.638,312.209,-3.02,3.866,74.0,0.564,1,1,0,0,1,1,0,1,1,0
UGC09665,4.5,192.039,-7.474,9.074,8.777,-11.62,11.62,79.608,80.516,2646.952,-51.645,42.6,323.596,-8.583,8.583,74.0,0.564,1,1,0,0,1,1,0,1,1,0
UGC09665,7.5,249.976,-10.734,14.153,8.78,-5.272,5.272,79.608,80.516,2401.234,-12.501,14.3,304.354,-0.617,0.728,74.0,0.564,1,1,0,0,1,1,0,1,1,0
UGC09665,10.5,192.824,-14.913,10.494,8.905,-3.723,2.679,79.608,80.516,2634.814,-67.319,52.397,325.095,-6.261,4.025,74.0,0.564,1,1,0,0,1,1,0,1,1,0
UGC09665,13.5,193.203,-17.068,13.128,7.915,-3.646,3.646,79.608,80.516,2630.646,-9.568,11.387,330.869,-7.57,7.041,74.0,0.564,1,1,0,0,1,1,0,1,1,0
UGC09665,16.5,194.629,-7.151,7.188,8.69,-10.426,9.804,79.608,80.516,2623.294,-27.589,23.265,315.07,-6.962,8.763,74.0,0.564,1,1,0,0,1,1,0,1,1,0
UGC09665,19.5,177.6,-8.125,10.373,8.399,-5.046,3.306,79.608,80.516,2619.737,-20.329,13.492,322.945,-2.417,2.556,74.0,0.564,1,1,0,0,1,1,0,1,1,0
UGC09665,22.5,164.389,-11.418,8.54,8.901,-2.3,2.98,79.608,80.516,2587.34,-4.072,3.387,329.774,-2.568,2.029,74.0,0.564,1,1,0,0,1,1,0,1,1,0
UGC09873,1.5,199.294,-9.63,11.458,8.439,-4.564,5.838,79.453,80.084,5693.836,-19.747,18.488,309.329,-8.032,8.032,75.3,0.225,1,1,0,0,1,1,0,1,1,0
UGC09873,4.5,168.564,-14.487,10.841,8.405,-5.266,6.834,79.453,80.084,5652.57,-87.369,65.165,314.173,-8.627,5.262,75.3,0.225,1,1,0,0,1,1,0,1,1,0
UGC09873,7.5,198.188,-6.978,9.12,8.708,-4.484,5.802,79.453,80.084,5519.941,-112.652,87.226,308.91,-12.337,9.282,75.3,0.225,1,1,0,0,1,1,0,1,1,0
UGC09873,10.5,46.39,-14.864,14.864,8.493,-4.358,4.358,79.453,80.084,5528.99,-5.966,5.659,313.413,-4.642,3.414,75.3,0.225,1,1,0,0,1,1,0,1,1,0
UGC09873,13.5,61.692,-5.888,7.921,8.632,-2.53,2.473,79.453,80.084,5522.422,-16.679,19.434,317.492,-2.654,3.678,75.3,0.225,1,1,0,0,1,1,0,1,1,0
UGC09873,16.5,5.32,-1.422,1.422,11.14,-3.045,2.608,79.453,80.084,5544.65,-1.491,1.304,315.207,-1.497,1.186,75.3,0.225,1,1,0,0,1,1,0,1,1,0
UGC09873,19.5,0.689,-1.955,1.721,8.996,-2.468,2.598,79.453,80.084,5549.511,-1.564,1.207,307.658,-3.789,3.08,75.3,0.225,1,1,0,0,1,1,0,1,1,0
UGC09873,22.5,8.641,-1.483,1.483,6.915,-2.557,2.572,79.453,80.084,5583.749,-326.129,326.129,305.428,-3.969,2.885,75.3,0.225,1,1,0,0,1,1,0,1,1,0
UGC09892,1.5,122.454,-9.441,7.211,9.48,-3.027,3.85,79.431,79.884,5650.869,-41.207,31.992,276.839,-4.781,4.781,72.2,0.251,1,1,0,0,1,1,0,1,1,0
UGC09892,4.5,187.214,-7.453,8.234,8.715,-4.98,6.761,79.431,79.884,5541.937,-86.86,138.93,282.441,-7.794,8.141,72.2,0.251,1,1,0,0,1,1,0,1,1,0
UGC09892,7.5,68.437,-4.242,4.414,6.273,-2.151,2.151,79.431,79.884,5609.098,-2.548,2.381,283.718,-3.799,2.961,72.2,0.251,1,1,0,0,1,1,0,1,1,0
UGC09892,10.5,74.618,-4.647,5.549,7.689,-2.49,2.49,79.431,79.884,5609.329,-3.023,2.886,291.987,-4.956,3.505,72.2,0.251,1,1,0,0,1,1,0,1,1,0
UGC09892,13.5,187.084,-16.218,11.21,9.302,-2.326,3.023,79.431,79.884,5523.929,-16.547,13.461,283.743,-14.921,11.59,72.2,0.251,1,1,0,0,1,1,0,1,1,0
UGC09892,16.5,201.634,-24.142,17.795,8.213,-2.383,3.066,79.431,79.884,5511.854,-23.596,28.71,290.136,-12.53,12.393,72.2,0.251,1,1,0,0,1,1,0,1,1,0
UGC09892,19.5,174.739,-15.769,21.298,7.677,-4.638,5.991,79.431,79.884,5836.348,-113.64,85.705,293.766,-33.512,28.248,72.2,0.251,1,1,0,0,1,1,0,1,1,0
UGC09892,22.5,217.01,-66.606,43.062,8.52,-9.604,9.604,79.431,79.884,5696.564,-255.419,161.243,266.005,-1.402,1.402,72.2,0.251,1,1,0,0,1,1,0,1,1,0
UGC10043,4.5,211.621,-11.971,9.627,8.419,-2.214,2.202,82.639,78.704,2240.501,-3.405,2.73,142.642,-4.256,3.413,88.0,0.665,1,1,0,0,1,1,0,1,1,0
UGC10043,7.5,181.507,-13.23,12.646,9.237,-8.02,8.02,82.639,78.704,2122.598,-5.313,5.167,149.849,-6.641,6.458,88.0,0.665,1,1,0,0,1,1,0,1,1,0
UGC10043,10.5,196.019,-8.094,5.946,7.059,-11.561,11.561,82.639,78.704,2118.71,-4.914,4.377,157.985,-6.142,5.471,88.0,0.665,1,1,0,0,1,1,0,1,1,0
UGC10043,13.5,151.556,-3.716,3.553,9.101,-3.119,3.961,82.639,78.704,2157.82,-3.183,3.523,147.374,-5.898,6.576,88.0,0.665,1,1,0,0,1,1,0,1,1,0
UGC10043,19.5,152.383,-4.965,4.835,8.744,-3.183,4.101,82.639,78.704,2152.803,-4.0,3.847,153.227,-7.853,6.45,88.0,0.665,1,1,0,0,1,1,0,1,1,0
UGC10043,22.5,187.492,-10.946,9.003,8.197,-6.678,4.509,82.639,78.704,2179.739,-5.326,4.169,159.072,-3.681,3.163,88.0,0.665,1,1,0,0,1,1,0,1,1,0
UGC10123,1.5,199.627,-13.805,17.688,8.348,-3.593,2.511,79.223,79.736,3859.112,-83.013,59.832,56.081,-4.786,6.355,70.0,0.384,1,1,0,0,1,1,0,1,1,0
UGC10123,4.5,100.4,-11.356,9.284,10.229,-2.9,2.552,79.223,79.736,3740.927,-3.216,2.625,64.313,-4.02,3.281,70.0,0.384,1,1,0,0,1,1,0,1,1,0
UGC10123,7.5,118.157,-18.935,19.276,27.157,-2.566,2.542,79.223,79.736,3740.906,-6.435,6.443,59.794,-5.183,5.183,70.0,0.384,1,1,0,0,1,1,0,1,1,0
UGC10123,10.5,159.1,-7.611,10.658,19.766,-2.814,2.447,79.223,79.736,3715.225,-2.867,3.518,67.573,-2.235,2.235,70.0,0.384,1,1,0,0,1,1,0,1,1,0
UGC10123,13.5,193.738,-5.013,5.775,8.6,-2.825,3.075,79.223,79.736,3728.489,-3.252,2.857,66.401,-6.104,4.122,70.0,0.384,1,1,0,0,1,1,0,1,1,0
UGC10123,16.5,204.719,-3.942,3.904,8.733,-5.071,5.204,79.223,79.736,3731.857,-3.326,3.083,55.609,-4.29,3.224,70.0,0.384,1,1,0,0,1,1,0,1,1,0
UGC10123,19.5,210.648,-4.442,3.559,8.554,-2.339,3.045,79.223,79.736,3732.496,-3.243,2.475,55.912,-7.055,4.413,70.0,0.384,1,1,0,0,1,1,0,1,1,0
UGC10123,22.5,218.939,-8.028,6.931,8.271,-2.489,2.403,79.223,79.736,3730.626,-3.365,3.462,48.363,-3.927,4.928,70.0,0.384,1,1,0,0,1,1,0,1,1,0
UGC10380,1.5,207.681,-6.635,5.139,7.55,-4.885,4.885,79.85,80.016,8525.196,-4.101,3.881,111.846,-4.886,5.501,77.9,0.186,1,1,0,0,1,1,0,1,1,0
UGC10380,4.5,184.487,-10.122,9.502,9.196,-5.573,5.573,79.85,80.016,8289.815,-14.172,15.454,109.333,-7.279,7.279,77.9,0.186,1,1,0,0,1,1,0,1,1,0
UGC10380,7.5,164.583,-8.349,8.349,8.692,-2.224,2.662,79.85,80.016,8330.602,-59.236,71.072,121.487,-1.028,0.833,77.9,0.186,1,1,0,0,1,1,0,1,1,0
UGC10380,10.5,195.913,-14.265,18.827,8.305,-3.489,4.486,79.85,80.016,8483.619,-209.542,229.367,109.432,-7.539,8.875,77.9,0.186,1,1,0,0,1,1,0,1,1,0
UGC10380,13.5,157.179,-7.412,10.302,7.409,-2.337,2.601,79.85,80.016,8556.442,-341.053,341.053,119.29,-3.804,3.052,77.9,0.186,1,1,0,0,1,1,0,1,1,0
UGC10380,16.5,202.703,-9.342,12.044,8.659,-2.764,3.584,79.85,80.016,8512.88,-127.308,175.578,100.624,-34.854,47.802,77.9,0.186,1,1,0,0,1,1,0,1,1,0
UGC10380,19.5,1.798,-0.214,0.42,12.398,-4.629,3.559,79.85,80.016,8448.25,-189.675,206.129,106.954,-4.03,3.128,77.9,0.186,1,1,0,0,1,1,0,1,1,0
UGC10380,22.5,158.323,-10.868,14.221,8.85,-3.518,4.525,79.85,80.016,8620.852,-208.212,130.694,111.001,-1.632,1.154,77.9,0.186,1,1,0,0,1,1,0,1,1,0
