dat_prof/bbarolo/bb_smo5_fitvd_bbmsk_freepa.csv
# %ECSV 0.9
# ---
# datatype:
# - {name: bbName, datatype: string, description: Galaxy Name}
# - {name: bbRad, unit: arcsec, datatype: float64, description: Galactocentric radius of ring}
# - {name: bbVrot, unit: km / s, datatype: float64}
# - {name: bbVrot_e1, unit: km / s, datatype: float64}
# - {name: bbVrot_e2, unit: km / s, datatype: float64}
# - {name: bbVdisp, unit: km / s, datatype: float64}
# - {name: bbVdisp_e1, unit: km / s, datatype: float64}
# - {name: bbVdisp_e2, unit: km / s, datatype: float64}
# - {name: bbXpos, unit: pix, datatype: float64}
# - {name: bbYpos, unit: pix, datatype: float64}
# - {name: bbVmean, unit: km / s, datatype: float64, description: 'Systemic velocity in radio defn, LSR frame'}
# - {name: bbVmean_e1, unit: km / s, datatype: float64}
# - {name: bbVmean_e2, unit: km / s, datatype: float64}
# - {name: bbPA, unit: deg, datatype: float64}
# - {name: bbPA_e1, unit: deg, datatype: float64}
# - {name: bbPA_e2, unit: deg, datatype: float64}
# - {name: bbInc, unit: deg, datatype: float64}
# - {name: bbZ0, unit: arcsec, datatype: float64, description: Scale height of disk in arcsec}
# - {name: bbVrotfit, unit: km / s, datatype: int64, description: 0=fixed to input value; 1=fitted per ring; -1=fixed to mean value of
#     previous fit}
# - {name: bbVdispfit, unit: km / s, datatype: int64, description: 0=fixed to input value; 1=fitted per ring; -1=fixed to mean value of
#     previous fit}
# - {name: bbXposfit, unit: pix, datatype: int64, description: 0=fixed to input value; 1=fitted per ring; -1=fixed to mean value of previous
#     fit}
# - {name: bbYposfit, unit: pix, datatype: int64, description: 0=fixed to input value; 1=fitted per ring; -1=fixed to mean value of previous
#     fit}
# - {name: bbVsysfit, unit: km / s, datatype: int64, description: 0=fixed to input value; 1=fitted per ring; -1=fixed to mean value of
#     previous fit}
# - {name: bbPAfit, unit: deg, datatype: int64, description: 0=fixed to input value; 1=fitted per ring; -1=fixed to mean value of previous
#     fit}
# - {name: bbIncfit, unit: deg, datatype: int64, description: 0=fixed to input value; 1=fitted per ring; -1=fixed to mean value of previous
#     fit}
# - {name: bbFtype, datatype: int64, description: 'Function to minimize: 1=chi-squared, 2=|mod-obs|'}
# - {name: bbWfunc, datatype: int64, description: 'Weighting function: 0=uniform, 1=|cos|, 2=cos^2'}
# - {name: bbFlag, datatype: int64, description: '=1 when some ringlog exits, but Bbarolo fails to produce at least one of the plots'}
# delimiter: ','
# schema: astropy-2.0
bbName,bbRad,bbVrot,bbVrot_e1,bbVrot_e2,bbVdisp,bbVdisp_e1,bbVdisp_e2,bbXpos,bbYpos,bbVmean,bbVmean_e1,bbVmean_e2,bbPA,bbPA_e1,bbPA_e2,bbInc,bbZ0,bbVrotfit,bbVdispfit,bbXposfit,bbYposfit,bbVsysfit,bbPAfit,bbIncfit,bbFtype,bbWfunc,bbFlag
[from data line 114]
NGC4185,13.5,198.577,-11.734,9.841,8.086,-3.097,2.412,80.0,79.992,3847.776,-68.989,86.711,166.208,-7.383,7.383,48.2,0.369,1,1,0,0,1,1,0,1,1,0
NGC4185,16.5,196.287,-6.872,7.75,7.738,-2.537,3.029,80.0,79.992,3848.677,-5.386,5.679,173.937,-13.508,13.508,48.2,0.369,1,1,0,0,1,1,0,1,1,0
NGC4185,19.5,201.567,-12.793,9.778,7.748,-2.179,2.947,80.0,79.992,3844.184,-59.739,70.636,172.425,-3.539,2.951,48.2,0.369,1,1,0,0,1,1,0,1,1,0
NGC4185,22.5,194.726,-36.975,23.996,8.026,-2.605,2.157,80.0,79.992,3837.58,-197.948,176.246,175.886,-58.939,50.331,48.2,0.369,1,1,0,0,1,1,0,1,1,0
NGC4210,4.5,120.219,-8.518,10.894,8.576,-2.938,2.352,79.998,79.988,3119.749,-4.885,5.605,103.27,-9.175,9.175,40.9,0.532,1,1,0,0,1,1,0,1,1,0
NGC4210,7.5,3.151,-0.915,0.915,8.728,-2.781,2.214,79.998,79.988,2789.107,-198.628,163.997,90.13,-15.068,15.068,40.9,0.532,1,1,0,0,1,1,0,1,1,0
NGC4210,10.5,198.239,-17.278,14.685,7.939,-3.502,4.314,79.998,79.988,2742.098,-16.886,12.821,98.833,-7.086,5.218,40.9,0.532,1,1,0,0,1,1,0,1,1,0
NGC4210,13.5,156.5,-5.983,5.809,9.354,-3.042,2.335,79.998,79.988,2710.461,-3.236,2.984,95.587,-6.245,5.194,40.9,0.532,1,1,0,0,1,1,0,1,1,0
NGC4210,16.5,168.971,-6.412,7.315,8.631,-2.135,2.388,79.998,79.988,2711.985,-3.145,3.199,106.405,-5.114,4.119,40.9,0.532,1,1,0,0,1,1,0,1,1,0
NGC4210,19.5,174.768,-3.546,4.159,0.044,-3.134,3.134,79.998,79.988,2712.947,-4.375,4.327,94.171,-2.823,4.129,40.9,0.532,1,1,0,0,1,1,0,1,1,0
NGC4210,22.5,182.498,-7.705,6.471,8.177,-2.285,2.238,79.998,79.988,2712.086,-6.032,5.94,103.937,-2.251,2.896,40.9,0.532,1,1,0,0,1,1,0,1,1,0
NGC4470,1.5,19.141,-4.717,2.867,8.686,-2.231,2.231,80.285,79.984,2338.036,-7.222,7.348,157.292,-3.542,3.111,47.5,0.617,1,1,0,0,1,1,0,1,1,0
NGC4470,4.5,1.476,-3.902,3.829,7.912,-2.613,3.11,80.285,79.984,2351.718,-9.761,10.004,161.663,-3.234,2.203,47.5,0.617,1,1,0,0,1,1,0,1,1,0
NGC4470,7.5,49.936,-5.825,5.825,11.57,-3.117,2.843,80.285,79.984,2328.907,-4.563,4.64,169.93,-11.266,11.266,47.5,0.617,1,1,0,0,1,1,0,1,1,0
NGC4470,10.5,103.432,-11.189,8.647,8.609,-2.599,2.869,80.285,79.984,2361.882,-4.69,4.617,169.076,-6.096,7.944,47.5,0.617,1,1,0,0,1,1,0,1,1,0
NGC4470,13.5,43.534,-3.567,3.567,9.942,-2.982,2.939,80.285,79.984,2324.807,-2.907,2.944,154.63,-6.62,6.62,47.5,0.617,1,1,0,0,1,1,0,1,1,0
NGC4470,16.5,75.982,-7.211,5.638,11.158,-2.938,2.394,80.285,79.984,2335.5,-3.031,2.696,154.527,-4.022,4.022,47.5,0.617,1,1,0,0,1,1,0,1,1,0
NGC4470,19.5,217.876,-13.348,10.369,8.39,-2.422,2.248,80.285,79.984,2424.645,-12.764,11.164,162.647,-7.015,5.451,47.5,0.617,1,1,0,0,1,1,0,1,1,0
NGC4470,22.5,77.568,-13.031,9.635,9.818,-3.121,2.761,80.285,79.984,2330.815,-3.965,3.32,162.176,-1.673,2.213,47.5,0.617,1,1,0,0,1,1,0,1,1,0
NGC4961,1.5,40.191,-4.809,5.722,8.873,-6.047,6.047,80.393,80.004,2532.745,-4.117,4.345,271.108,-5.612,5.612,46.6,0.564,1,1,0,0,1,1,0,1,1,0
NGC4961,7.5,0.564,-40.69,33.994,6.214,-9.927,9.927,80.393,80.004,2724.271,-146.812,120.027,279.295,-6.021,6.021,46.6,0.564,1,1,0,0,1,1,0,1,1,0
NGC4961,10.5,189.022,-31.197,31.197,8.531,-9.294,9.294,80.393,80.004,2573.535,-191.807,143.102,280.52,-1.996,2.9,46.6,0.564,1,1,0,0,1,1,0,1,1,0
NGC4961,13.5,186.346,-8.725,11.063,8.634,-2.26,2.245,80.393,80.004,2460.572,-151.64,156.552,285.183,-10.367,7.129,46.6,0.564,1,1,0,0,1,1,0,1,1,0
NGC4961,16.5,181.626,-29.394,27.47,5.667,-4.753,6.144,80.393,80.004,2839.386,-252.151,252.151,265.11,-3.633,3.633,46.6,0.564,1,1,0,0,1,1,0,1,1,0
NGC4961,19.5,162.385,-33.147,33.147,8.181,-5.663,3.454,80.393,80.004,2878.19,-15.433,19.441,271.976,-4.138,5.589,46.6,0.564,1,1,0,0,1,1,0,1,1,0
NGC5000,1.5,150.128,-15.931,15.931,14.123,-2.426,2.846,80.147,79.984,5499.447,-7.599,7.567,203.17,-13.751,13.751,20.0,0.255,1,1,0,0,1,1,0,1,1,0
NGC5000,4.5,161.986,-20.336,20.714,12.646,-2.784,2.449,80.147,79.984,5498.564,-7.146,7.131,217.639,-6.39,6.39,20.0,0.255,1,1,0,0,1,1,0,1,1,0
NGC5000,7.5,2.355,-7.369,6.508,10.989,-3.004,2.886,80.147,79.984,5521.435,-15.358,12.033,210.422,-11.113,11.113,20.0,0.255,1,1,0,0,1,1,0,1,1,0
NGC5000,10.5,137.37,-10.313,13.487,9.828,-2.818,2.578,80.147,79.984,5350.665,-145.311,198.703,196.593,-2.248,2.248,20.0,0.255,1,1,0,0,1,1,0,1,1,0
NGC5000,13.5,189.567,-39.775,39.775,9.166,-2.314,3.008,80.147,79.984,5517.804,-212.184,203.83,196.302,-2.829,2.829,20.0,0.255,1,1,0,0,1,1,0,1,1,0
NGC5000,16.5,204.165,-20.714,17.472,7.627,-2.783,3.094,80.147,79.984,5515.734,-6.078,5.335,196.36,-2.522,2.522,20.0,0.255,1,1,0,0,1,1,0,1,1,0
NGC5000,19.5,227.01,-35.674,29.801,8.305,-2.947,2.732,80.147,79.984,5514.986,-10.088,8.695,196.478,-3.328,3.328,20.0,0.255,1,1,0,0,1,1,0,1,1,0
NGC5000,22.5,168.464,-44.658,44.658,8.611,-2.989,2.148,80.147,79.984,5509.844,-205.993,185.118,196.301,-6.659,6.659,20.0,0.255,1,1,0,0,1,1,0,1,1,0
NGC5205,10.5,173.904,-18.649,14.121,8.256,-2.602,2.643,80.133,80.088,1735.963,-305.273,295.038,357.609,-6.456,6.456,49.8,0.822,1,1,0,0,1,1,0,1,1,0
NGC5205,13.5,107.524,-10.421,7.905,9.24,-2.815,3.051,80.133,80.088,1789.655,-40.698,46.36,357.489,-12.94,13.768,49.8,0.822,1,1,0,0,1,1,0,1,1,0
NGC5205,16.5,170.046,-18.192,15.552,7.28,-2.566,2.451,80.133,80.088,2044.131,-176.759,138.103,349.603,-9.403,9.403,49.8,0.822,1,1,0,0,1,1,0,1,1,0
NGC5205,19.5,200.201,-5.988,7.451,8.474,-2.329,2.943,80.133,80.088,1797.553,-204.917,168.304,350.289,-9.335,7.89,49.8,0.822,1,1,0,0,1,1,0,1,1,0
NGC5205,22.5,193.902,-9.378,12.088,7.501,-2.877,2.87,80.133,80.088,1774.265,-246.079,212.174,356.618,-6.812,6.812,49.8,0.822,1,1,0,0,1,1,0,1,1,0
NGC5480,1.5,231.008,-15.436,11.882,9.242,-7.889,6.06,80.182,80.196,1806.719,-10.878,9.414,-9.962,-13.131,13.131,41.5,0.765,1,1,0,0,1,1,0,1,1,0
NGC5480,4.5,163.027,-9.353,7.628,8.368,-3.609,4.671,80.182,80.196,1929.507,-4.787,4.963,-2.169,-6.185,7.551,41.5,0.765,1,1,0,0,1,1,0,1,1,0
NGC5480,7.5,182.404,-11.312,12.587,9.248,-8.358,8.51,80.182,80.196,1942.403,-13.191,12.522,-7.617,-8.931,8.931,41.5,0.765,1,1,0,0,1,1,0,1,1,0
NGC5480,10.5,225.676,-12.162,13.698,8.148,-4.527,4.527,80.182,80.196,1812.294,-57.282,78.06,7.704,-8.282,8.282,41.5,0.765,1,1,0,0,1,1,0,1,1,0
NGC5480,13.5,175.957,-11.474,12.648,9.335,-6.526,6.469,80.182,80.196,1936.695,-10.574,9.171,-10.581,-4.057,4.057,41.5,0.765,1,1,0,0,1,1,0,1,1,0
NGC5480,16.5,236.093,-10.497,10.723,7.431,-13.449,13.449,80.182,80.196,1807.724,-8.058,7.418,3.558,-8.284,5.5,41.5,0.765,1,1,0,0,1,1,0,1,1,0
NGC5480,19.5,196.434,-12.101,11.979,9.061,-7.236,7.236,80.182,80.196,1837.346,-15.43,17.914,1.367,-15.504,15.504,41.5,0.765,1,1,0,0,1,1,0,1,1,0
NGC5480,22.5,194.578,-13.496,11.012,8.535,-7.889,7.889,80.182,80.196,1923.497,-23.818,18.953,5.056,-7.453,5.541,41.5,0.765,1,1,0,0,1,1,0,1,1,0
NGC5520,1.5,167.019,-12.241,10.058,9.523,-6.079,6.079,80.092,80.012,1839.445,-5.951,5.854,58.877,-5.486,7.279,59.1,0.772,1,1,0,0,1,1,0,1,1,0
NGC5520,4.5,142.188,-4.043,4.766,10.089,-4.212,3.341,80.092,80.012,1875.671,-4.262,3.796,69.75,-8.793,7.079,59.1,0.772,1,1,0,0,1,1,0,1,1,0
NGC5520,7.5,154.047,-5.384,4.157,8.402,-2.229,2.628,80.092,80.012,1878.412,-3.6,3.446,67.43,-7.026,7.0,59.1,0.772,1,1,0,0,1,1,0,1,1,0
NGC5520,10.5,158.971,-5.03,4.907,6.972,-2.941,2.642,80.092,80.012,1878.416,-2.712,2.766,71.251,-4.357,4.215,59.1,0.772,1,1,0,0,1,1,0,1,1,0
NGC5520,13.5,160.34,-6.339,5.19,9.14,-2.981,3.064,80.092,80.012,1876.399,-3.542,2.885,67.278,-6.791,4.912,59.1,0.772,1,1,0,0,1,1,0,1,1,0
NGC5520,16.5,163.858,-10.414,8.291,7.585,-2.484,2.405,80.092,80.012,1875.137,-3.063,2.674,80.093,-3.828,3.342,59.1,0.772,1,1,0,0,1,1,0,1,1,0
NGC5520,19.5,166.365,-15.243,11.742,7.911,-2.642,2.473,80.092,80.012,1872.078,-160.724,141.387,71.154,-5.065,5.065,59.1,0.772,1,1,0,0,1,1,0,1,1,0
NGC5520,22.5,211.386,-33.954,49.431,9.251,-2.476,2.518,80.092,80.012,1481.043,-8.986,12.987,63.544,-11.232,16.234,59.1,0.772,1,1,0,0,1,1,0,1,1,0
NGC5633,1.5,92.635,-2.789,2.463,9.652,-2.867,2.314,80.208,79.808,2327.007,-3.306,3.352,200.727,-8.628,8.628,41.9,0.618,1,1,0,0,1,1,0,1,1,0
NGC5633,4.5,115.519,-2.976,3.307,9.249,-5.066,3.072,80.208,79.808,2330.272,-5.176,4.76,201.92,-12.662,12.662,41.9,0.618,1,1,0,0,1,1,0,1,1,0
NGC5633,7.5,138.716,-5.243,5.549,9.496,-4.146,3.454,80.208,79.808,2331.445,-3.521,3.259,196.59,-4.696,4.035,41.9,0.618,1,1,0,0,1,1,0,1,1,0
NGC5633,10.5,166.239,-4.489,3.91,9.479,-4.964,3.353,80.208,79.808,2323.19,-3.084,2.444,194.992,-2.882,2.513,41.9,0.618,1,1,0,0,1,1,0,1,1,0
NGC5633,13.5,182.575,-4.072,3.225,8.822,-3.586,2.52,80.208,79.808,2322.594,-2.536,2.007,198.456,-2.486,2.283,41.9,0.618,1,1,0,0,1,1,0,1,1,0
NGC5633,16.5,191.275,-4.834,3.412,8.579,-2.565,2.284,80.208,79.808,2322.912,-2.175,1.896,198.718,-2.958,3.047,41.9,0.618,1,1,0,0,1,1,0,1,1,0
NGC5633,19.5,197.136,-7.779,6.492,8.109,-2.558,2.865,80.208,79.808,2320.419,-3.764,3.2,196.688,-6.306,5.063,41.9,0.618,1,1,0,0,1,1,0,1,1,0
NGC5633,22.5,196.721,-8.306,8.613,8.979,-2.264,3.068,80.208,79.808,2325.256,-9.745,9.529,193.641,-4.656,4.656,41.9,0.618,1,1,0,0,1,1,0,1,1,0
NGC5657,1.5,161.279,-16.786,11.802,7.643,-5.96,6.177,79.99,79.988,3910.488,-47.708,35.303,182.284,-17.614,13.321,68.3,0.366,1,1,0,0,1,1,0,1,1,0
NGC5657,4.5,124.019,-17.266,11.202,8.873,-3.129,3.129,79.99,79.988,3825.412,-18.652,14.925,159.988,-14.137,14.137,68.3,0.366,1,1,0,0,1,1,0,1,1,0
NGC5657,7.5,53.069,-8.869,6.6,7.604,-3.09,2.584,79.99,79.988,3820.29,-25.377,37.676,178.183,-8.858,11.366,68.3,0.366,1,1,0,0,1,1,0,1,1,0
NGC5657,10.5,26.219,-8.217,6.969,7.639,-3.52,3.52,79.99,79.988,3899.3,-21.172,15.975,170.312,-5.655,4.302,68.3,0.366,1,1,0,0,1,1,0,1,1,0
NGC5657,13.5,0.533,-6.313,5.056,9.127,-2.827,2.677,79.99,79.988,3886.064,-17.832,14.101,178.397,-4.594,3.446,68.3,0.366,1,1,0,0,1,1,0,1,1,0
NGC5657,16.5,0.102,-60.314,55.013,13.58,-2.779,2.362,79.99,79.988,3936.667,-233.121,210.307,170.338,-5.357,7.383,68.3,0.366,1,1,0,0,1,1,0,1,1,0
NGC5657,22.5,188.638,-22.154,16.956,7.391,-2.371,2.845,79.99,79.988,4269.694,-6.353,4.925,166.373,-0.888,1.038,68.3,0.366,1,1,0,0,1,1,0,1,1,0
NGC5784,1.5,150.658,-27.477,17.503,7.786,-6.436,7.426,79.452,80.112,5817.141,-108.676,108.676,73.462,-4.94,4.94,45.0,0.26,1,1,0,0,1,1,0,1,1,0
NGC5784,4.5,226.841,-67.351,67.351,8.708,-7.786,7.786,79.452,80.112,4971.188,-95.973,95.973,83.361,-1.792,1.792,45.0,0.26,1,1,0,0,1,1,0,1,1,0
NGC5784,7.5,184.385,-13.764,12.261,8.779,-8.317,8.317,79.452,80.112,5513.354,-203.871,191.042,73.023,-6.352,6.352,45.0,0.26,1,1,0,0,1,1,0,1,1,0
NGC5784,10.5,151.039,-11.262,9.955,8.684,-7.661,8.306,79.452,80.112,5542.065,-12.896,12.329,82.516,-16.217,16.217,45.0,0.26,1,1,0,0,1,1,0,1,1,0
NGC5784,13.5,183.003,-27.568,27.568,8.252,-5.358,5.358,79.452,80.112,5474.436,-219.154,194.512,83.688,-63.02,56.86,45.0,0.26,1,1,0,0,1,1,0,1,1,0
NGC5784,16.5,138.806,-19.194,19.194,7.796,-2.725,2.632,79.452,80.112,5422.547,-263.108,331.543,62.829,-71.257,88.145,45.0,0.26,1,1,0,0,1,1,0,1,1,0
NGC5908,1.5,63.202,-11.888,10.144,33.042,-5.094,4.183,79.836,78.9,3277.593,-4.592,4.036,341.198,-1.385,1.815,77.0,0.438,1,1,0,0,1,1,0,1,1,0
NGC5908,4.5,111.489,-11.104,8.611,9.578,-2.801,3.074,79.836,78.9,3300.031,-3.781,3.225,323.298,-2.253,2.907,77.0,0.438,1,1,0,0,1,1,0,1,1,0
NGC5908,7.5,141.162,-10.133,14.159,10.407,-2.24,2.74,79.836,78.9,3288.437,-16.809,16.809,330.924,-2.709,2.054,77.0,0.438,1,1,0,0,1,1,0,1,1,0
NGC5908,10.5,160.251,-13.106,14.188,10.495,-3.031,2.932,79.836,78.9,3285.016,-17.438,12.397,318.014,-1.292,1.292,77.0,0.438,1,1,0,0,1,1,0,1,1,0
NGC5908,13.5,227.431,-14.619,13.018,69.556,-9.364,9.773,79.836,78.9,3279.922,-13.529,14.386,335.51,-6.703,6.032,77.0,0.438,1,1,0,0,1,1,0,1,1,0
NGC5908,16.5,293.082,-10.63,8.31,7.181,-2.295,2.401,79.836,78.9,3285.018,-3.9,3.194,325.239,-2.674,2.674,77.0,0.438,1,1,0,0,1,1,0,1,1,0
NGC5908,19.5,290.478,-13.454,19.886,5.265,-2.896,2.17,79.836,78.9,3297.5,-4.087,5.438,347.946,-5.109,6.797,77.0,0.438,1,1,0,0,1,1,0,1,1,0
NGC5908,22.5,281.366,-22.064,24.058,6.618,-2.888,2.91,79.836,78.9,3300.465,-21.805,22.824,345.969,-11.689,12.235,77.0,0.438,1,1,0,0,1,1,0,1,1,0
NGC5934,1.5,162.58,-13.103,13.031,10.015,-2.552,3.076,80.22,80.112,5539.188,-18.932,14.586,199.104,-8.392,7.213,55.0,0.249,1,1,0,0,1,1,0,1,1,0
NGC5934,4.5,228.707,-17.83,19.719,87.979,-11.252,12.979,80.22,80.112,5525.774,-9.558,10.462,182.431,-9.149,9.149,55.0,0.249,1,1,0,0,1,1,0,1,1,0
NGC5934,7.5,292.197,-14.706,19.309,13.572,-2.305,2.506,80.22,80.112,5523.425,-4.253,5.267,198.345,-5.316,6.584,55.0,0.249,1,1,0,0,1,1,0,1,1,0
NGC5934,10.5,352.752,-15.814,11.372,6.204,-3.374,2.125,80.22,80.112,5525.215,-4.797,3.374,199.681,-5.996,4.218,55.0,0.249,1,1,0,0,1,1,0,1,1,0
NGC5934,13.5,315.09,-12.823,17.833,4.359,-8.39,8.77,80.22,80.112,5531.542,-16.846,13.355,198.077,-3.891,3.891,55.0,0.249,1,1,0,0,1,1,0,1,1,0
NGC5934,16.5,220.899,-18.052,18.595,7.457,-6.315,7.916,80.22,80.112,5452.094,-48.018,61.968,192.385,-2.516,2.516,55.0,0.249,1,1,0,0,1,1,0,1,1,0
NGC5934,19.5,172.109,-15.734,20.322,5.073,-2.191,2.838,80.22,80.112,5647.616,-210.388,157.237,199.732,-57.078,45.099,55.0,0.249,1,1,0,0,1,1,0,1,1,0
NGC5980,1.5,185.211,-13.202,16.81,13.242,-2.798,2.307,79.988,79.912,4042.663,-19.329,30.734,196.77,-8.832,12.463,66.2,0.348,1,1,0,0,1,1,0,1,1,0
NGC5980,4.5,219.094,-6.349,5.19,8.38,-5.081,5.081,79.988,79.912,4052.152,-4.161,3.871,202.269,-5.214,5.214,66.2,0.348,1,1,0,0,1,1,0,1,1,0
NGC5980,7.5,216.631,-6.434,5.576,7.63,-6.66,10.74,79.988,79.912,4052.183,-3.884,4.544,204.396,-2.444,1.858,66.2,0.348,1,1,0,0,1,1,0,1,1,0
NGC5980,10.5,206.603,-4.122,3.596,8.651,-5.557,7.723,79.988,79.912,4046.015,-3.061,3.325,198.058,-2.565,1.981,66.2,0.348,1,1,0,0,1,1,0,1,1,0
NGC5980,13.5,208.148,-2.669,2.669,8.395,-2.88,2.88,79.988,79.912,4044.175,-1.994,2.003,193.131,-2.428,2.463,66.2,0.348,1,1,0,0,1,1,0,1,1,0
NGC5980,16.5,213.404,-3.606,3.742,9.754,-3.335,3.335,79.988,79.912,4043.769,-2.386,2.242,193.55,-2.601,1.893,66.2,0.348,1,1,0,0,1,1,0,1,1,0
NGC5980,19.5,217.725,-4.329,4.056,8.232,-5.966,4.121,79.988,79.912,4044.819,-3.183,2.573,195.705,-2.436,2.117,66.2,0.348,1,1,0,0,1,1,0,1,1,0
NGC5980,22.5,216.637,-4.332,4.879,8.378,-2.288,2.491,79.988,79.912,4049.438,-2.059,2.539,193.619,-2.281,3.184,66.2,0.348,1,1,0,0,1,1,0,1,1,0
NGC6060,1.5,165.945,-11.286,8.733,9.319,-7.709,7.709,80.29,80.192,4403.02,-8.868,7.522,286.943,-6.104,7.416,64.3,0.326,1,1,0,0,1,1,0,1,1,0
NGC6060,4.5,192.033,-6.239,5.856,8.582,-5.097,5.097,80.29,80.192,4392.568,-4.883,4.276,289.815,-8.196,6.153,64.3,0.326,1,1,0,0,1,1,0,1,1,0
NGC6060,7.5,203.64,-6.638,5.61,8.422,-6.658,6.658,80.29,80.192,4402.476,-5.274,4.441,285.975,-7.799,5.495,64.3,0.326,1,1,0,0,1,1,0,1,1,0
NGC6060,10.5,205.243,-6.878,5.699,8.476,-2.934,2.527,80.29,80.192,4405.271,-3.149,3.193,279.413,-3.746,4.545,64.3,0.326,1,1,0,0,1,1,0,1,1,0
NGC6060,13.5,216.612,-17.257,13.075,7.918,-2.928,3.778,80.29,80.192,4418.34,-14.719,13.747,283.139,-3.147,2.491,64.3,0.326,1,1,0,0,1,1,0,1,1,0
NGC6060,16.5,173.765,-7.715,9.368,7.681,-2.6,2.187,80.29,80.192,4388.621,-6.254,6.795,292.23,-15.626,15.626,64.3,0.326,1,1,0,0,1,1,0,1,1,0
NGC6060,19.5,238.743,-6.868,7.916,8.353,-4.046,4.733,80.29,80.192,4338.449,-5.946,5.233,282.666,-12.87,8.285,64.3,0.326,1,1,0,0,1,1,0,1,1,0
NGC6060,22.5,235.95,-8.174,8.755,9.43,-6.621,12.103,80.29,80.192,4347.4,-5.664,6.626,289.526,-7.863,5.647,64.3,0.326,1,1,0,0,1,1,0,1,1,0
NGC6186,1.5,187.106,-12.514,9.099,9.082,-4.972,3.367,80.268,79.904,2982.767,-33.819,27.578,240.697,-6.328,8.004,71.2,0.487,1,1,0,0,1,1,0,1,1,0
NGC6186,4.5,134.591,-4.696,3.309,5.693,-2.288,2.731,80.268,79.904,2940.072,-1.704,1.462,247.909,-1.222,1.836,71.2,0.487,1,1,0,0,1,1,0,1,1,0
NGC6186,7.5,125.167,-5.434,6.184,10.913,-3.11,2.301,80.268,79.904,2944.329,-2.509,2.575,252.402,-2.542,2.542,71.2,0.487,1,1,0,0,1,1,0,1,1,0
NGC6186,10.5,197.469,-9.542,12.133,8.219,-13.265,11.136,80.268,79.904,2951.978,-42.132,31.023,256.738,-1.387,1.387,71.2,0.487,1,1,0,0,1,1,0,1,1,0
NGC6186,13.5,116.902,-10.657,8.267,10.348,-2.661,3.41,80.268,79.904,2935.51,-3.33,2.919,258.105,-4.162,3.649,71.2,0.487,1,1,0,0,1,1,0,1,1,0
NGC6186,16.5,114.082,-12.907,10.516,10.004,-2.176,2.528,80.268,79.904,2937.714,-3.71,3.261,258.691,-4.638,4.076,71.2,0.487,1,1,0,0,1,1,0,1,1,0
