dat_prof/bbarolo/gal_nrad8_smolist.csv
# %ECSV 0.9
# ---
# datatype:
# - {name: bbName, datatype: string, description: Galaxy Name}
# - {name: bbRad, unit: arcsec, datatype: float64, description: Galactocentric radius of ring}
# - {name: bbVrot, unit: km / s, datatype: float64}
# - {name: bbVrot_e1, unit: km / s, datatype: float64}
# - {name: bbVrot_e2, unit: km / s, datatype: float64}
# - {name: bbVdisp, unit: km / s, datatype: float64}
# - {name: bbVdisp_e1, unit: km / s, datatype: float64}
# - {name: bbVdisp_e2, unit: km / s, datatype: float64}
# - {name: bbXpos, unit: pix, datatype: float64}
# - {name: bbYpos, unit: pix, datatype: float64}
# - {name: bbVmean, unit: km / s, datatype: float64, description: 'Systemic velocity in radio defn, LSR frame'}
# - {name: bbVmean_e1, unit: km / s, datatype: float64}
# - {name: bbVmean_e2, unit: km / s, datatype: float64}
# - {name: bbPA, unit: deg, datatype: float64}
# - {name: bbPA_e1, unit: deg, datatype: float64}
# - {name: bbPA_e2, unit: deg, datatype: float64}
# - {name: bbInc, unit: deg, datatype: float64}
# - {name: bbZ0, unit: arcsec, datatype: float64, description: Scale height of disk in arcsec}
# - {name: bbVrotfit, unit: km / s, datatype: int64, description: 0=fixed to input value; 1=fitted per ring; -1=fixed to mean value of
#     previous fit}
# - {name: bbVdispfit, unit: km / s, datatype: int64, description: 0=fixed to input value; 1=fitted per ring; -1=fixed to mean value of
#     previous fit}
# - {name: bbXposfit, unit: pix, datatype: int64, description: 0=fixed to input value; 1=fitted per ring; -1=fixed to mean value of previous
#     fit}
# - {name: bbYposfit, unit: pix, datatype: int64, description: 0=fixed to input value; 1=fitted per ring; -1=fixed to mean value of previous
#     fit}
# - {name: bbVsysfit, unit: km / s, datatype: int64, description: 0=fixed to input value; 1=fitted per ring; -1=fixed to mean value of
#     previous fit}
# - {name: bbPAfit, unit: deg, datatype: int64, description: 0=fixed to input value; 1=fitted per ring; -1=fixed to mean value of previous
#     fit}
# - {name: bbIncfit, unit: deg, datatype: int64, description: 0=fixed to input value; 1=fitted per ring; -1=fixed to mean value of previous
#     fit}
# - {name: bbFtype, datatype: int64, description: 'Function to minimize: 1=chi-squared, 2=|mod-obs|'}
# - {name: bbWfunc, datatype: int64, description: 'Weighting function: 0=uniform, 1=|cos|, 2=cos^2'}
# - {name: bbFlag, datatype: int64, description: '=1 when some ringlog exits, but Bbarolo fails to produce at least one of the plots'}
# delimiter: ','
# schema: astropy-2.0
bbName,bbRad,bbVrot,bbVrot_e1,bbVrot_e2,bbVdisp,bbVdisp_e1,bbVdisp_e2,bbXpos,bbYpos,bbVmean,bbVmean_e1,bbVmean_e2,bbPA,bbPA_e1,bbPA_e2,bbInc,bbZ0,bbVrotfit,bbVdispfit,bbXposfit,bbYposfit,bbVsysfit,bbPAfit,bbIncfit,bbFtype,bbWfunc,bbFlag
[from data line 861]
NGC5953,7.5,211.333,-4.96,4.96,8.22,-10.705,10.705,93.247,57.546,1998.237,-4.688,4.72,228.334,-3.089,3.213,26.0,0.726,1,1,0,0,1,1,0,1,1,0
NGC5953,10.5,202.673,-3.568,4.713,10.265,-12.296,12.296,93.247,57.546,1996.13,-4.746,5.301,227.504,-3.12,4.194,26.0,0.726,1,1,0,0,1,1,0,1,1,0
NGC5953,13.5,194.901,-8.117,8.409,8.793,-5.12,7.174,93.247,57.546,1995.462,-4.269,5.07,231.158,-3.841,4.699,26.0,0.726,1,1,0,0,1,1,0,1,1,0
NGC5953,16.5,221.919,-21.338,24.859,7.094,-1.655,2.126,93.247,57.546,1967.498,-7.591,9.494,214.07,-19.756,19.756,26.0,0.726,1,1,0,0,1,1,0,1,1,0
NGC5953,19.5,197.321,-33.003,32.076,8.067,-1.528,1.971,93.247,57.546,1950.196,-13.447,14.313,213.328,-2.953,2.953,26.0,0.726,1,1,0,0,1,1,0,1,1,0
NGC5953,22.5,244.848,-41.971,28.915,8.713,-1.632,2.104,93.247,57.546,1932.741,-164.345,201.652,218.484,-10.071,10.071,26.0,0.726,1,1,0,0,1,1,0,1,1,0
NGC5953,1.5,201.78,-7.62,6.458,17.366,-3.774,3.476,93.247,57.546,1995.796,,,224.569,,,26.0,0.726,1,1,0,0,-1,-1,0,1,1,0
NGC5953,4.5,214.229,-4.408,4.006,11.903,-1.998,2.083,93.247,57.546,1995.796,,,224.569,,,26.0,0.726,1,1,0,0,-1,-1,0,1,1,0
NGC5953,7.5,207.319,-4.631,3.972,15.264,-2.068,1.613,93.247,57.546,1995.796,,,224.569,,,26.0,0.726,1,1,0,0,-1,-1,0,1,1,0
NGC5953,10.5,200.798,-4.684,5.012,17.546,-2.542,2.0,93.247,57.546,1995.796,,,224.569,,,26.0,0.726,1,1,0,0,-1,-1,0,1,1,0
NGC5953,13.5,199.559,-8.972,8.56,11.548,-3.541,4.596,93.247,57.546,1995.796,,,224.569,,,26.0,0.726,1,1,0,0,-1,-1,0,1,1,0
NGC5953,16.5,191.919,-21.369,26.614,6.094,-2.17,2.798,93.247,57.546,1995.796,,,224.569,,,26.0,0.726,1,1,0,0,-1,-1,0,1,1,0
NGC5953,19.5,308.063,-40.008,31.661,1.489,-4.198,4.198,93.247,57.546,1995.796,,,224.569,,,26.0,0.726,1,1,0,0,-1,-1,0,1,1,0
NGC5953,22.5,380.63,-30.353,24.129,3.047,-2.075,2.679,93.247,57.546,1995.796,,,224.569,,,26.0,0.726,1,1,0,0,-1,-1,0,1,1,0
NGC5980,1.5,189.883,-12.507,10.741,8.959,-2.002,1.577,79.988,79.912,4026.235,-9.451,11.847,200.848,-5.99,6.041,66.2,0.348,1,1,0,0,1,1,0,1,1,0
NGC5980,4.5,216.608,-6.1,7.115,8.677,-3.422,2.597,79.988,79.912,4052.019,-4.375,4.51,199.844,-7.978,8.33,66.2,0.348,1,1,0,0,1,1,0,1,1,0
NGC5980,7.5,214.118,-4.07,4.896,7.865,-5.136,7.25,79.988,79.912,4051.052,-3.607,4.077,202.472,-5.223,4.161,66.2,0.348,1,1,0,0,1,1,0,1,1,0
NGC5980,10.5,209.646,-2.714,2.466,8.174,-4.257,5.087,79.988,79.912,4046.633,-2.726,2.586,197.957,-3.931,2.792,66.2,0.348,1,1,0,0,1,1,0,1,1,0
NGC5980,13.5,211.455,-2.839,3.067,8.717,-5.179,3.481,79.988,79.912,4044.627,-2.702,2.41,193.215,-2.791,3.09,66.2,0.348,1,1,0,0,1,1,0,1,1,0
NGC5980,16.5,215.21,-3.331,3.096,9.332,-3.551,2.396,79.988,79.912,4042.673,-2.22,1.756,193.536,-1.996,1.533,66.2,0.348,1,1,0,0,1,1,0,1,1,0
NGC5980,19.5,219.385,-3.717,2.824,8.603,-3.351,3.351,79.988,79.912,4045.881,-2.131,2.008,191.651,-1.455,1.857,66.2,0.348,1,1,0,0,1,1,0,1,1,0
NGC5980,22.5,220.778,-4.663,4.663,8.58,-3.1,3.1,79.988,79.912,4048.13,-2.434,2.451,192.249,-1.972,2.04,66.2,0.348,1,1,0,0,1,1,0,1,1,0
NGC5980,1.5,196.724,-13.479,11.129,8.596,-3.013,2.329,79.988,79.912,4046.257,,,196.275,,,66.2,0.348,1,1,0,0,-1,-1,0,1,1,0
NGC5980,4.5,209.474,-7.075,9.608,13.528,-2.029,1.546,79.988,79.912,4046.257,,,196.275,,,66.2,0.348,1,1,0,0,-1,-1,0,1,1,0
NGC5980,7.5,209.721,-3.34,4.315,10.087,-4.163,6.098,79.988,79.912,4046.257,,,196.275,,,66.2,0.348,1,1,0,0,-1,-1,0,1,1,0
NGC5980,10.5,208.775,-3.867,3.825,10.169,-3.688,3.663,79.988,79.912,4046.257,,,196.275,,,66.2,0.348,1,1,0,0,-1,-1,0,1,1,0
NGC5980,13.5,212.578,-2.728,3.224,8.842,-5.633,3.694,79.988,79.912,4046.257,,,196.275,,,66.2,0.348,1,1,0,0,-1,-1,0,1,1,0
NGC5980,16.5,217.232,-1.807,1.807,9.228,-3.614,3.614,79.988,79.912,4046.257,,,196.275,,,66.2,0.348,1,1,0,0,-1,-1,0,1,1,0
NGC5980,19.5,219.385,-4.001,3.503,9.603,-3.33,3.33,79.988,79.912,4046.257,,,196.275,,,66.2,0.348,1,1,0,0,-1,-1,0,1,1,0
NGC5980,22.5,220.778,-3.825,3.461,9.58,-5.737,3.166,79.988,79.912,4046.257,,,196.275,,,66.2,0.348,1,1,0,0,-1,-1,0,1,1,0
NGC6004,1.5,74.148,-3.229,4.164,8.772,-3.831,5.128,79.705,80.008,3798.08,-4.445,5.002,84.918,-10.718,10.718,37.3,0.374,1,1,0,0,1,1,0,1,1,0
NGC6004,4.5,78.799,-11.816,10.069,10.547,-4.695,6.158,79.705,80.008,3802.867,-5.675,5.162,88.881,-6.19,4.42,37.3,0.374,1,1,0,0,1,1,0,1,1,0
NGC6004,7.5,111.275,-19.08,15.562,7.413,-1.892,2.958,79.705,80.008,3829.124,-11.928,9.969,93.737,-7.182,7.182,37.3,0.374,1,1,0,0,1,1,0,1,1,0
NGC6004,10.5,108.411,-10.214,10.267,9.357,-1.558,2.011,79.705,80.008,3827.184,-8.306,7.293,95.617,-10.145,9.45,37.3,0.374,1,1,0,0,1,1,0,1,1,0
NGC6004,13.5,155.877,-5.265,4.881,1.688,-2.272,2.272,79.705,80.008,3801.346,-2.914,3.162,90.473,-4.119,5.497,37.3,0.374,1,1,0,0,1,1,0,1,1,0
NGC6004,16.5,161.389,-6.857,5.199,8.619,-0.932,1.179,79.705,80.008,3802.398,-3.452,2.683,93.976,-6.019,4.353,37.3,0.374,1,1,0,0,1,1,0,1,1,0
NGC6004,19.5,164.816,-10.163,7.589,7.496,-1.003,1.289,79.705,80.008,3802.407,-4.71,4.192,94.7,-7.674,7.891,37.3,0.374,1,1,0,0,1,1,0,1,1,0
NGC6004,22.5,169.738,-27.718,23.384,7.631,-1.024,1.358,79.705,80.008,3800.039,-169.321,140.702,107.204,-12.871,12.871,37.3,0.374,1,1,0,0,1,1,0,1,1,0
NGC6004,1.5,75.168,-3.634,2.849,10.07,-3.495,4.568,79.705,80.008,3802.403,,,92.897,,,37.3,0.374,1,1,0,0,-1,-1,0,1,1,0
NGC6004,4.5,78.545,-11.482,10.447,10.55,-5.417,6.442,79.705,80.008,3802.403,,,92.897,,,37.3,0.374,1,1,0,0,-1,-1,0,1,1,0
NGC6004,7.5,162.018,-18.302,12.971,2.71,-4.16,4.16,79.705,80.008,3802.403,,,92.897,,,37.3,0.374,1,1,0,0,-1,-1,0,1,1,0
NGC6004,10.5,156.468,-8.736,7.615,0.224,-4.031,4.031,79.705,80.008,3802.403,,,92.897,,,37.3,0.374,1,1,0,0,-1,-1,0,1,1,0
NGC6004,13.5,155.877,-4.896,4.896,1.688,-2.306,2.306,79.705,80.008,3802.403,,,92.897,,,37.3,0.374,1,1,0,0,-1,-1,0,1,1,0
NGC6004,16.5,159.439,-6.5,6.028,0.262,-4.511,4.511,79.705,80.008,3802.403,,,92.897,,,37.3,0.374,1,1,0,0,-1,-1,0,1,1,0
NGC6004,19.5,162.957,-9.026,7.751,0.189,-3.983,3.983,79.705,80.008,3802.403,,,92.897,,,37.3,0.374,1,1,0,0,-1,-1,0,1,1,0
NGC6004,22.5,167.856,-16.469,12.625,0.896,-1.989,1.989,79.705,80.008,3802.403,,,92.897,,,37.3,0.374,1,1,0,0,-1,-1,0,1,1,0
NGC6060,1.5,128.708,-9.005,7.474,10.731,-6.078,6.841,80.29,80.192,4433.987,-8.983,10.043,275.631,-4.964,6.273,64.3,0.326,1,1,0,0,1,1,0,1,1,0
NGC6060,4.5,194.321,-6.577,5.347,8.973,-3.69,3.69,80.29,80.192,4395.522,-4.929,5.27,278.151,-9.448,12.041,64.3,0.326,1,1,0,0,1,1,0,1,1,0
NGC6060,7.5,199.778,-5.014,5.638,9.031,-5.794,4.043,80.29,80.192,4400.61,-4.63,3.848,286.245,-7.714,5.71,64.3,0.326,1,1,0,0,1,1,0,1,1,0
NGC6060,10.5,204.226,-5.434,4.572,8.251,-1.587,2.068,80.29,80.192,4403.131,-2.974,3.006,281.662,-4.876,5.384,64.3,0.326,1,1,0,0,1,1,0,1,1,0
NGC6060,13.5,195.644,-7.801,6.743,7.803,-3.288,4.221,80.29,80.192,4397.294,-3.569,3.711,282.983,-3.185,3.879,64.3,0.326,1,1,0,0,1,1,0,1,1,0
NGC6060,16.5,206.787,-16.425,12.261,8.202,-13.995,13.995,80.29,80.192,4366.24,-14.119,15.215,289.315,-7.969,5.579,64.3,0.326,1,1,0,0,1,1,0,1,1,0
NGC6060,19.5,185.983,-4.556,4.111,8.217,-1.517,1.865,80.29,80.192,4388.592,-2.769,2.389,286.617,-5.003,3.581,64.3,0.326,1,1,0,0,1,1,0,1,1,0
NGC6060,22.5,206.736,-14.368,18.171,8.649,-3.585,2.63,80.29,80.192,4548.722,-157.792,124.658,281.062,-9.433,15.655,64.3,0.326,1,1,0,0,1,1,0,1,1,0
NGC6060,1.5,98.546,-17.157,16.348,11.734,-3.727,6.025,80.29,80.192,4398.952,,,282.787,,,64.3,0.326,1,1,0,0,-1,-1,0,1,1,0
NGC6060,4.5,191.511,-7.05,5.566,11.039,-6.708,4.78,80.29,80.192,4398.952,,,282.787,,,64.3,0.326,1,1,0,0,-1,-1,0,1,1,0
NGC6060,7.5,201.347,-5.157,5.035,7.78,-6.346,4.433,80.29,80.192,4398.952,,,282.787,,,64.3,0.326,1,1,0,0,-1,-1,0,1,1,0
NGC6060,10.5,204.226,-9.004,4.952,6.001,-1.966,2.595,80.29,80.192,4398.952,,,282.787,,,64.3,0.326,1,1,0,0,-1,-1,0,1,1,0
NGC6060,13.5,198.779,-7.523,5.804,2.477,-5.228,5.228,80.29,80.192,4398.952,,,282.787,,,64.3,0.326,1,1,0,0,-1,-1,0,1,1,0
NGC6060,16.5,178.662,-6.971,6.048,8.671,-6.797,5.514,80.29,80.192,4398.952,,,282.787,,,64.3,0.326,1,1,0,0,-1,-1,0,1,1,0
NGC6060,19.5,180.358,-5.58,4.317,8.311,-2.377,3.087,80.29,80.192,4398.952,,,282.787,,,64.3,0.326,1,1,0,0,-1,-1,0,1,1,0
NGC6060,22.5,187.273,-5.201,5.203,9.99,-6.162,5.379,80.29,80.192,4398.952,,,282.787,,,64.3,0.326,1,1,0,0,-1,-1,0,1,1,0
NGC6155,1.5,201.483,-25.086,30.649,7.974,-5.687,3.158,79.601,80.016,2512.895,-44.063,36.642,314.566,-8.359,8.359,44.7,0.596,1,1,0,0,1,1,0,1,1,0
NGC6155,4.5,223.333,-13.059,10.27,7.602,-5.442,7.257,79.601,80.016,2314.217,-15.241,12.564,313.397,-4.871,4.871,44.7,0.596,1,1,0,0,1,1,0,1,1,0
NGC6155,7.5,213.515,-9.444,13.037,8.96,-8.561,10.26,79.601,80.016,2330.663,-5.722,7.045,312.84,-4.884,4.884,44.7,0.596,1,1,0,0,1,1,0,1,1,0
NGC6155,10.5,105.964,-3.952,5.603,11.574,-5.686,3.54,79.601,80.016,2412.443,-3.872,4.313,301.735,-5.852,8.11,44.7,0.596,1,1,0,0,1,1,0,1,1,0
NGC6155,13.5,177.471,-9.612,10.109,8.891,-12.004,12.004,79.601,80.016,2379.402,-7.384,7.2,316.031,-7.922,6.686,44.7,0.596,1,1,0,0,1,1,0,1,1,0
NGC6155,16.5,178.867,-9.581,10.367,9.12,-9.163,9.163,79.601,80.016,2382.115,-6.227,6.424,319.443,-6.164,6.164,44.7,0.596,1,1,0,0,1,1,0,1,1,0
NGC6155,19.5,136.389,-6.356,5.026,7.93,-0.747,0.956,79.601,80.016,2412.001,-2.77,2.272,313.082,-3.976,3.106,44.7,0.596,1,1,0,0,1,1,0,1,1,0
NGC6155,22.5,196.184,-9.019,11.876,9.266,-1.922,2.495,79.601,80.016,2411.597,-22.142,17.654,298.402,-4.044,4.044,44.7,0.596,1,1,0,0,1,1,0,1,1,0
NGC6155,1.5,201.483,-34.817,32.377,8.974,-8.284,8.284,79.601,80.016,2396.856,,,311.942,,,44.7,0.596,1,1,0,0,-1,-1,0,1,1,0
NGC6155,4.5,199.148,-32.757,32.563,10.197,-7.434,4.37,79.601,80.016,2396.856,,,311.942,,,44.7,0.596,1,1,0,0,-1,-1,0,1,1,0
NGC6155,7.5,100.166,-7.941,7.973,14.04,-5.294,5.868,79.601,80.016,2396.856,,,311.942,,,44.7,0.596,1,1,0,0,-1,-1,0,1,1,0
NGC6155,10.5,117.917,-11.2,12.01,14.406,-4.886,7.149,79.601,80.016,2396.856,,,311.942,,,44.7,0.596,1,1,0,0,-1,-1,0,1,1,0
NGC6155,13.5,136.126,-14.955,16.689,16.63,-5.502,8.542,79.601,80.016,2396.856,,,311.942,,,44.7,0.596,1,1,0,0,-1,-1,0,1,1,0
NGC6155,16.5,150.742,-15.494,12.188,10.589,-7.502,7.502,79.601,80.016,2396.856,,,311.942,,,44.7,0.596,1,1,0,0,-1,-1,0,1,1,0
NGC6155,19.5,156.912,-14.443,11.027,5.881,-5.366,5.781,79.601,80.016,2396.856,,,311.942,,,44.7,0.596,1,1,0,0,-1,-1,0,1,1,0
NGC6155,22.5,165.043,-13.802,10.574,0.011,-5.162,5.162,79.601,80.016,2396.856,,,311.942,,,44.7,0.596,1,1,0,0,-1,-1,0,1,1,0
NGC6168,1.5,195.794,-42.844,35.385,8.133,-7.08,9.724,72.961,77.484,2176.236,-151.469,151.469,297.467,-6.236,6.236,76.6,0.571,1,1,0,0,1,1,0,1,1,0
NGC6168,4.5,156.635,-25.363,16.679,8.922,-3.542,4.714,72.961,77.484,2642.768,-198.225,129.915,294.295,-6.408,5.01,76.6,0.571,1,1,0,0,1,1,0,1,1,0
NGC6168,7.5,128.538,-27.151,30.548,10.117,-10.072,10.072,72.961,77.484,2972.004,-10.609,11.962,287.252,-5.214,7.229,76.6,0.571,1,1,0,0,1,1,0,1,1,0
NGC6168,10.5,40.609,-7.176,7.39,9.102,-1.097,1.526,72.961,77.484,2521.741,-2.297,2.409,280.584,-0.916,0.722,76.6,0.571,1,1,0,0,1,1,0,1,1,0
NGC6168,13.5,217.157,-20.667,16.279,8.576,-2.131,2.837,72.961,77.484,2660.611,-70.283,89.659,281.358,-1.397,1.61,76.6,0.571,1,1,0,0,1,1,0,1,1,0
NGC6168,16.5,146.029,-42.667,34.528,9.101,-3.082,3.978,72.961,77.484,2926.266,-11.437,9.626,304.506,-14.297,12.033,76.6,0.571,1,1,0,0,1,1,0,1,1,0
NGC6168,19.5,216.747,-66.124,34.46,7.384,-3.653,4.607,72.961,77.484,2817.941,-132.21,102.769,303.155,-1.808,1.694,76.6,0.571,1,1,0,0,1,1,0,1,1,0
NGC6168,22.5,196.236,-13.741,10.323,7.576,-1.777,2.328,72.961,77.484,2601.396,-15.38,23.384,300.12,-4.987,4.094,76.6,0.571,1,1,0,0,1,1,0,1,1,0
NGC6168,1.5,38.969,-9.552,8.607,10.036,-3.284,4.108,72.961,77.484,2651.69,,,293.941,,,76.6,0.571,1,1,0,0,-1,-1,0,1,1,0
NGC6168,4.5,156.635,-39.452,20.562,8.922,-4.528,5.747,72.961,77.484,2651.69,,,293.941,,,76.6,0.571,1,1,0,0,-1,-1,0,1,1,0
NGC6168,7.5,176.438,-21.927,15.909,7.715,-3.486,4.525,72.961,77.484,2651.69,,,293.941,,,76.6,0.571,1,1,0,0,-1,-1,0,1,1,0
NGC6168,10.5,89.102,-14.879,17.094,5.601,-5.277,5.277,72.961,77.484,2651.69,,,293.941,,,76.6,0.571,1,1,0,0,-1,-1,0,1,1,0
NGC6168,13.5,196.159,-28.759,18.577,1.303,-5.29,5.29,72.961,77.484,2651.69,,,293.941,,,76.6,0.571,1,1,0,0,-1,-1,0,1,1,0
NGC6168,16.5,224.85,-26.597,16.609,0.635,-6.969,6.969,72.961,77.484,2651.69,,,293.941,,,76.6,0.571,1,1,0,0,-1,-1,0,1,1,0
NGC6168,19.5,236.091,-11.647,8.63,0.175,-5.907,5.907,72.961,77.484,2651.69,,,293.941,,,76.6,0.571,1,1,0,0,-1,-1,0,1,1,0
NGC6168,22.5,241.809,-14.975,11.672,0.026,-4.595,4.595,72.961,77.484,2651.69,,,293.941,,,76.6,0.571,1,1,0,0,-1,-1,0,1,1,0
NGC6186,1.5,219.909,-10.888,10.433,8.832,-6.078,3.721,80.268,79.904,3011.743,-12.821,16.554,234.054,-14.406,14.406,71.2,0.487,1,1,0,0,1,1,0,1,1,0
NGC6186,4.5,129.899,-4.122,4.122,9.924,-1.101,0.86,80.268,79.904,2941.846,-2.296,2.236,251.934,-3.961,3.961,71.2,0.487,1,1,0,0,1,1,0,1,1,0
NGC6186,7.5,127.423,-6.525,4.95,9.501,-1.586,1.22,80.268,79.904,2944.025,-2.028,1.543,258.264,-2.535,1.928,71.2,0.487,1,1,0,0,1,1,0,1,1,0
NGC6186,10.5,114.684,-7.829,9.426,12.55,-5.935,4.173,80.268,79.904,2940.178,-4.022,3.864,256.663,-2.323,1.858,71.2,0.487,1,1,0,0,1,1,0,1,1,0
NGC6186,13.5,193.36,-23.207,23.207,7.565,-9.79,9.126,80.268,79.904,2941.263,-15.082,12.61,258.63,-0.872,0.689,71.2,0.487,1,1,0,0,1,1,0,1,1,0
NGC6186,16.5,213.223,-22.121,22.121,8.211,-5.012,6.79,80.268,79.904,2960.594,-20.447,15.034,257.646,-0.999,0.851,71.2,0.487,1,1,0,0,1,1,0,1,1,0
NGC6186,19.5,112.78,-8.15,6.643,6.657,-6.496,6.908,80.268,79.904,2939.354,-5.466,4.724,253.315,-7.219,5.345,71.2,0.487,1,1,0,0,1,1,0,1,1,0
NGC6186,22.5,130.423,-10.932,9.414,10.074,-4.585,4.585,80.268,79.904,2941.761,-3.879,3.5,258.455,-4.849,4.375,71.2,0.487,1,1,0,0,1,1,0,1,1,0
NGC6186,1.5,218.999,-16.817,21.354,180.077,-8.409,10.677,80.268,79.904,2941.803,,,256.046,,,71.2,0.487,1,1,0,0,-1,-1,0,1,1,0
NGC6186,4.5,119.242,-5.146,4.101,30.937,-4.977,3.493,80.268,79.904,2941.803,,,256.046,,,71.2,0.487,1,1,0,0,-1,-1,0,1,1,0
NGC6186,7.5,114.991,-5.52,6.329,30.366,-6.17,4.971,80.268,79.904,2941.803,,,256.046,,,71.2,0.487,1,1,0,0,-1,-1,0,1,1,0
NGC6186,10.5,113.12,-10.467,10.269,27.961,-10.584,9.059,80.268,79.904,2941.803,,,256.046,,,71.2,0.487,1,1,0,0,-1,-1,0,1,1,0
NGC6186,13.5,180.323,-31.374,31.374,8.349,-8.648,8.648,80.268,79.904,2941.803,,,256.046,,,71.2,0.487,1,1,0,0,-1,-1,0,1,1,0
NGC6186,16.5,111.036,-11.313,8.661,12.039,-10.182,8.495,80.268,79.904,2941.803,,,256.046,,,71.2,0.487,1,1,0,0,-1,-1,0,1,1,0
NGC6186,19.5,116.705,-9.832,6.969,7.657,-7.493,7.493,80.268,79.904,2941.803,,,256.046,,,71.2,0.487,1,1,0,0,-1,-1,0,1,1,0
NGC6186,22.5,128.717,-12.395,8.986,10.039,-4.153,4.153,80.268,79.904,2941.803,,,256.046,,,71.2,0.487,1,1,0,0,-1,-1,0,1,1,0
NGC6301,1.5,130.594,-29.134,20.782,9.94,-4.194,4.454,79.548,79.996,8569.515,-127.879,127.879,109.823,-8.108,5.593,52.8,0.17,1,1,0,0,1,1,0,1,1,0
NGC6301,4.5,7.701,-1.463,1.463,10.9,-4.41,3.161,79.548,79.996,8209.672,-5.634,5.322,98.092,-16.664,16.664,52.8,0.17,1,1,0,0,1,1,0,1,1,0
NGC6301,7.5,200.294,-6.661,8.335,8.104,-2.959,3.827,79.548,79.996,8133.553,-80.024,66.347,109.882,-14.052,10.73,52.8,0.17,1,1,0,0,1,1,0,1,1,0
NGC6301,10.5,195.249,-9.369,11.379,7.595,-2.485,3.29,79.548,79.996,8138.902,-6.58,7.283,118.161,-14.465,14.465,52.8,0.17,1,1,0,0,1,1,0,1,1,0
NGC6301,13.5,217.871,-10.299,7.895,7.547,-2.511,3.199,79.548,79.996,8135.019,-5.336,4.316,112.005,-8.533,6.171,52.8,0.17,1,1,0,0,1,1,0,1,1,0
NGC6301,16.5,232.898,-7.562,6.288,8.196,-1.819,2.351,79.548,79.996,8136.418,-4.113,3.553,110.421,-7.071,5.573,52.8,0.17,1,1,0,0,1,1,0,1,1,0
NGC6301,19.5,239.479,-5.399,5.878,8.149,-1.512,1.942,79.548,79.996,8139.847,-7.737,7.69,108.639,-5.584,4.288,52.8,0.17,1,1,0,0,1,1,0,1,1,0
NGC6301,22.5,242.776,-5.342,6.309,8.472,-1.055,1.385,79.548,79.996,8138.353,-2.631,3.073,106.051,-4.127,4.6,52.8,0.17,1,1,0,0,1,1,0,1,1,0
NGC6301,1.5,36.609,-9.26,6.285,6.422,-0.418,0.418,79.548,79.996,8138.627,,,109.47,,,52.8,0.17,1,1,0,0,-1,-1,0,1,1,0
NGC6301,4.5,0.168,-2.275,1.868,12.066,-4.549,3.736,79.548,79.996,8138.627,,,109.47,,,52.8,0.17,1,1,0,0,-1,-1,0,1,1,0
