dat_prof/bbarolo/gal_nrad8.csv
# %ECSV 0.9
# ---
# datatype:
# - {name: bbName, datatype: string, description: Galaxy Name}
# - {name: bbRad, unit: arcsec, datatype: float64, description: Galactocentric radius of ring}
# - {name: bbVrot, unit: km / s, datatype: float64}
# - {name: bbVrot_e1, unit: km / s, datatype: float64}
# - {name: bbVrot_e2, unit: km / s, datatype: float64}
# - {name: bbVdisp, unit: km / s, datatype: float64}
# - {name: bbVdisp_e1, unit: km / s, datatype: float64}
# - {name: bbVdisp_e2, unit: km / s, datatype: float64}
# - {name: bbXpos, unit: pix, datatype: float64}
# - {name: bbYpos, unit: pix, datatype: float64}
# - {name: bbVmean, unit: km / s, datatype: float64, description: 'Systemic velocity in radio defn, LSR frame'}
# - {name: bbVmean_e1, unit: km / s, datatype: float64}
# - {name: bbVmean_e2, unit: km / s, datatype: float64}
# - {name: bbPA, unit: deg, datatype: float64}
# - {name: bbPA_e1, unit: deg, datatype: float64}
# - {name: bbPA_e2, unit: deg, datatype: float64}
# - {name: bbInc, unit: deg, datatype: float64}
# - {name: bbZ0, unit: arcsec, datatype: float64, description: Scale height of disk in arcsec}
# - {name: bbVrotfit, unit: km / s, datatype: int64, description: 0=fixed to input value; 1=fitted per ring; -1=fixed to mean value of
#     previous fit}
# - {name: bbVdispfit, unit: km / s, datatype: int64, description: 0=fixed to input value; 1=fitted per ring; -1=fixed to mean value of
#     previous fit}
# - {name: bbXposfit, unit: pix, datatype: int64, description: 0=fixed to input value; 1=fitted per ring; -1=fixed to mean value of previous
#     fit}
# - {name: bbYposfit, unit: pix, datatype: int64, description: 0=fixed to input value; 1=fitted per ring; -1=fixed to mean value of previous
#     fit}
# - {name: bbVsysfit, unit: km / s, datatype: int64, description: 0=fixed to input value; 1=fitted per ring; -1=fixed to mean value of
#     previous fit}
# - {name: bbPAfit, unit: deg, datatype: int64, description: 0=fixed to input value; 1=fitted per ring; -1=fixed to mean value of previous
#     fit}
# - {name: bbIncfit, unit: deg, datatype: int64, description: 0=fixed to input value; 1=fitted per ring; -1=fixed to mean value of previous
#     fit}
# - {name: bbFtype, datatype: int64, description: 'Function to minimize: 1=chi-squared, 2=|mod-obs|'}
# - {name: bbWfunc, datatype: int64, description: 'Weighting function: 0=uniform, 1=|cos|, 2=cos^2'}
# - {name: bbFlag, datatype: int64, description: '=1 when some ringlog exits, but Bbarolo fails to produce at least one of the plots'}
# delimiter: ','
# schema: astropy-2.0
bbName,bbRad,bbVrot,bbVrot_e1,bbVrot_e2,bbVdisp,bbVdisp_e1,bbVdisp_e2,bbXpos,bbYpos,bbVmean,bbVmean_e1,bbVmean_e2,bbPA,bbPA_e1,bbPA_e2,bbInc,bbZ0,bbVrotfit,bbVdispfit,bbXposfit,bbYposfit,bbVsysfit,bbPAfit,bbIncfit,bbFtype,bbWfunc,bbFlag
[from data line 124]
IC2487,19.5,159.542,-5.759,7.067,9.106,-2.564,3.756,79.621,79.226,4284.221,,,347.873,,,77.9,0.331,1,1,0,0,-1,-1,0,1,1,0
IC2487,22.5,165.061,-6.647,5.372,8.43,-2.305,3.132,79.621,79.226,4284.221,,,347.873,,,77.9,0.331,1,1,0,0,-1,-1,0,1,1,0
IC4566,1.5,66.543,-10.445,7.717,8.903,-3.865,2.392,80.426,80.088,5618.402,-15.186,12.783,326.678,-9.989,9.989,53.9,0.255,1,1,0,0,1,1,0,1,1,0
IC4566,4.5,134.835,-13.016,9.498,7.195,-3.581,3.581,80.426,80.088,5525.817,-29.276,27.553,325.719,-6.342,6.342,53.9,0.255,1,1,0,0,1,1,0,1,1,0
IC4566,7.5,162.547,-11.227,8.109,8.261,-2.585,3.373,80.426,80.088,5513.923,-9.696,8.17,332.789,-8.699,6.81,53.9,0.255,1,1,0,0,1,1,0,1,1,0
IC4566,10.5,215.487,-12.329,10.295,7.132,-5.121,6.015,80.426,80.088,5495.482,-8.835,10.018,334.836,-6.431,6.431,53.9,0.255,1,1,0,0,1,1,0,1,1,0
IC4566,13.5,220.456,-6.066,7.009,7.871,-4.084,4.084,80.426,80.088,5495.702,-3.551,3.673,327.791,-4.055,3.6,53.9,0.255,1,1,0,0,1,1,0,1,1,0
IC4566,16.5,221.288,-7.227,6.807,8.195,-2.527,3.141,80.426,80.088,5498.464,-3.422,3.431,324.082,-3.933,3.775,53.9,0.255,1,1,0,0,1,1,0,1,1,0
IC4566,19.5,226.622,-8.047,6.643,8.058,-2.078,2.736,80.426,80.088,5493.388,-10.286,9.656,323.573,-4.729,4.035,53.9,0.255,1,1,0,0,1,1,0,1,1,0
IC4566,22.5,224.523,-10.048,10.491,8.183,-2.007,2.557,80.426,80.088,5491.092,-4.361,4.306,327.513,-5.389,4.176,53.9,0.255,1,1,0,0,1,1,0,1,1,0
IC4566,1.5,113.214,-10.381,7.971,5.17,-4.002,4.002,80.426,80.088,5497.083,,,327.429,,,53.9,0.255,1,1,0,0,-1,-1,0,1,1,0
IC4566,4.5,120.948,-9.784,7.2,7.067,-3.805,3.536,80.426,80.088,5497.083,,,327.429,,,53.9,0.255,1,1,0,0,-1,-1,0,1,1,0
IC4566,7.5,181.934,-12.661,9.713,7.702,-6.139,6.075,80.426,80.088,5497.083,,,327.429,,,53.9,0.255,1,1,0,0,-1,-1,0,1,1,0
IC4566,10.5,209.861,-12.693,11.1,10.475,-6.513,6.513,80.426,80.088,5497.083,,,327.429,,,53.9,0.255,1,1,0,0,-1,-1,0,1,1,0
IC4566,13.5,220.573,-6.903,6.49,7.291,-4.525,4.525,80.426,80.088,5497.083,,,327.429,,,53.9,0.255,1,1,0,0,-1,-1,0,1,1,0
IC4566,16.5,225.536,-8.113,6.969,7.703,-2.832,3.551,80.426,80.088,5497.083,,,327.429,,,53.9,0.255,1,1,0,0,-1,-1,0,1,1,0
IC4566,19.5,224.996,-8.136,6.524,4.982,-4.522,4.522,80.426,80.088,5497.083,,,327.429,,,53.9,0.255,1,1,0,0,-1,-1,0,1,1,0
IC4566,22.5,224.054,-12.251,9.658,5.566,-4.674,4.674,80.426,80.088,5497.083,,,327.429,,,53.9,0.255,1,1,0,0,-1,-1,0,1,1,0
NGC0447,1.5,189.015,-5.345,4.312,11.384,-12.38,12.38,79.171,80.191,5507.228,-7.316,7.057,46.82,-11.538,11.538,29.1,0.259,1,1,0,0,1,1,0,1,1,0
NGC0447,4.5,195.088,-4.423,5.831,8.699,-5.999,10.916,79.171,80.191,5504.576,-4.893,6.053,52.256,-9.152,7.467,29.1,0.259,1,1,0,0,1,1,0,1,1,0
NGC0447,7.5,212.535,-11.928,9.34,8.448,-7.734,5.624,79.171,80.191,5507.588,-6.682,5.507,52.646,-7.066,7.066,29.1,0.259,1,1,0,0,1,1,0,1,1,0
NGC0447,10.5,127.968,-17.695,24.486,8.873,-3.717,3.717,79.171,80.191,5513.226,-34.279,25.927,47.922,-10.319,10.319,29.1,0.259,1,1,0,0,1,1,0,1,1,0
NGC0447,13.5,6.469,-1.909,1.909,9.041,-1.391,1.783,79.171,80.191,5538.453,-28.463,18.74,52.079,-3.296,2.542,29.1,0.259,1,1,0,0,1,1,0,1,1,0
NGC0447,16.5,158.997,-16.933,16.933,8.232,-0.865,1.13,79.171,80.191,5543.098,-30.146,33.249,61.99,-11.986,12.828,29.1,0.259,1,1,0,0,1,1,0,1,1,0
NGC0447,19.5,222.599,-26.851,20.896,7.75,-0.796,1.006,79.171,80.191,5485.358,-15.776,16.418,49.522,-8.299,8.299,29.1,0.259,1,1,0,0,1,1,0,1,1,0
NGC0447,22.5,218.802,-11.758,8.049,7.677,-1.448,1.812,79.171,80.191,5493.9,-5.313,4.477,49.897,-8.048,8.048,29.1,0.259,1,1,0,0,1,1,0,1,1,0
NGC0447,1.5,184.501,-3.878,5.15,12.344,-12.035,12.035,79.171,80.191,5507.408,,,50.72,,,29.1,0.259,1,1,0,0,-1,-1,0,1,1,0
NGC0447,4.5,193.001,-6.646,8.932,11.526,-4.323,6.12,79.171,80.191,5507.408,,,50.72,,,29.1,0.259,1,1,0,0,-1,-1,0,1,1,0
NGC0447,7.5,209.957,-11.839,11.464,9.209,-6.356,5.33,79.171,80.191,5507.408,,,50.72,,,29.1,0.259,1,1,0,0,-1,-1,0,1,1,0
NGC0447,10.5,59.275,-2.837,2.837,10.686,-5.674,5.674,79.171,80.191,5507.408,,,50.72,,,29.1,0.259,1,1,0,0,-1,-1,0,1,1,0
NGC0447,13.5,0.361,-1.093,1.099,9.757,-2.186,2.198,79.171,80.191,5507.408,,,50.72,,,29.1,0.259,1,1,0,0,-1,-1,0,1,1,0
NGC0447,16.5,139.041,-29.926,20.164,2.554,-3.086,3.086,79.171,80.191,5507.408,,,50.72,,,29.1,0.259,1,1,0,0,-1,-1,0,1,1,0
NGC0447,19.5,183.107,-16.979,13.233,6.453,-1.788,1.197,79.171,80.191,5507.408,,,50.72,,,29.1,0.259,1,1,0,0,-1,-1,0,1,1,0
NGC0447,22.5,189.999,-8.475,8.475,0.53,-3.314,3.314,79.171,80.191,5507.408,,,50.72,,,29.1,0.259,1,1,0,0,-1,-1,0,1,1,0
NGC0477,1.5,245.411,-12.618,13.7,5.745,-3.66,4.681,81.469,80.184,5479.576,-12.648,10.42,323.965,-7.387,7.387,60.0,0.241,1,1,0,0,1,1,0,1,1,0
NGC0477,4.5,179.336,-14.445,11.249,8.517,-4.025,5.051,81.469,80.184,5790.7,-19.396,19.396,320.313,-10.101,10.101,60.0,0.241,1,1,0,0,1,1,0,1,1,0
NGC0477,7.5,123.898,-15.66,11.366,8.707,-3.761,4.579,81.469,80.184,5739.589,-19.847,24.171,330.975,-9.817,10.029,60.0,0.241,1,1,0,0,1,1,0,1,1,0
NGC0477,10.5,186.309,-18.213,12.829,8.413,-1.949,2.581,81.469,80.184,5730.991,-18.656,16.12,321.207,-4.618,6.034,60.0,0.241,1,1,0,0,1,1,0,1,1,0
NGC0477,13.5,200.044,-33.824,33.824,8.758,-2.114,2.72,81.469,80.184,5725.268,-10.859,11.011,313.421,-7.498,7.498,60.0,0.241,1,1,0,0,1,1,0,1,1,0
NGC0477,16.5,165.495,-10.819,13.465,8.014,-1.507,2.024,81.469,80.184,5729.57,-3.081,3.872,332.949,-3.852,4.84,60.0,0.241,1,1,0,0,1,1,0,1,1,0
NGC0477,19.5,171.118,-9.771,9.165,5.619,-1.351,1.746,81.469,80.184,5757.508,-4.242,4.189,305.852,-5.846,5.846,60.0,0.241,1,1,0,0,1,1,0,1,1,0
NGC0477,22.5,172.934,-16.745,14.076,9.42,-1.397,1.782,81.469,80.184,5755.107,-7.76,7.189,308.188,-12.897,12.897,60.0,0.241,1,1,0,0,1,1,0,1,1,0
NGC0477,1.5,232.608,-35.215,26.136,8.474,-5.137,7.728,81.469,80.184,5735.29,,,319.678,,,60.0,0.241,1,1,0,0,-1,-1,0,1,1,0
NGC0477,4.5,109.258,-15.155,11.221,8.9,-3.96,3.96,81.469,80.184,5735.29,,,319.678,,,60.0,0.241,1,1,0,0,-1,-1,0,1,1,0
NGC0477,7.5,123.839,-11.06,8.683,6.118,-4.372,5.384,81.469,80.184,5735.29,,,319.678,,,60.0,0.241,1,1,0,0,-1,-1,0,1,1,0
NGC0477,10.5,190.763,-42.687,42.687,4.26,-2.481,3.287,81.469,80.184,5735.29,,,319.678,,,60.0,0.241,1,1,0,0,-1,-1,0,1,1,0
NGC0477,13.5,170.981,-15.149,12.596,7.43,-5.724,4.478,81.469,80.184,5735.29,,,319.678,,,60.0,0.241,1,1,0,0,-1,-1,0,1,1,0
NGC0477,16.5,181.683,-19.274,14.043,2.221,-3.891,3.891,81.469,80.184,5735.29,,,319.678,,,60.0,0.241,1,1,0,0,-1,-1,0,1,1,0
NGC0477,19.5,206.173,-18.584,14.239,1.38,-2.425,2.425,81.469,80.184,5735.29,,,319.678,,,60.0,0.241,1,1,0,0,-1,-1,0,1,1,0
NGC0477,22.5,156.438,-10.782,7.843,0.31,-4.914,4.914,81.469,80.184,5735.29,,,319.678,,,60.0,0.241,1,1,0,0,-1,-1,0,1,1,0
NGC0496,1.5,164.304,-9.576,8.886,9.688,-7.556,7.556,80.01,79.612,5814.312,-4.283,4.11,221.287,-5.354,5.138,57.0,0.236,1,1,0,0,1,1,0,1,1,0
NGC0496,4.5,84.889,-3.959,3.224,10.887,-3.816,5.238,80.01,79.612,5897.595,-3.857,4.029,216.256,-7.655,7.655,57.0,0.236,1,1,0,0,1,1,0,1,1,0
NGC0496,7.5,152.911,-13.894,10.998,8.524,-4.245,2.894,80.01,79.612,5863.527,-18.273,28.895,223.761,-6.438,4.147,57.0,0.236,1,1,0,0,1,1,0,1,1,0
NGC0496,10.5,158.339,-12.975,9.542,8.223,-5.068,3.727,80.01,79.612,5928.593,-3.244,2.386,228.311,-4.055,2.982,57.0,0.236,1,1,0,0,1,1,0,1,1,0
NGC0496,13.5,128.368,-3.894,5.005,7.531,-0.854,1.112,80.01,79.612,5896.212,-2.529,3.454,218.679,-5.367,7.699,57.0,0.236,1,1,0,0,1,1,0,1,1,0
NGC0496,16.5,139.474,-5.127,5.436,7.424,-0.728,0.937,80.01,79.612,5897.042,-3.533,3.296,218.801,-8.277,6.812,57.0,0.236,1,1,0,0,1,1,0,1,1,0
NGC0496,19.5,144.231,-6.835,6.934,7.401,-1.027,1.334,80.01,79.612,5893.313,-3.433,3.519,214.986,-5.868,5.81,57.0,0.236,1,1,0,0,1,1,0,1,1,0
NGC0496,22.5,155.006,-17.158,12.642,8.973,-1.002,1.283,80.01,79.612,5896.794,-6.681,5.622,216.538,-8.563,8.563,57.0,0.236,1,1,0,0,1,1,0,1,1,0
NGC0496,1.5,59.759,-2.511,1.945,17.574,-2.626,2.291,80.01,79.612,5896.503,,,219.22,,,57.0,0.236,1,1,0,0,-1,-1,0,1,1,0
NGC0496,4.5,81.343,-2.93,3.726,14.965,-2.266,2.938,80.01,79.612,5896.503,,,219.22,,,57.0,0.236,1,1,0,0,-1,-1,0,1,1,0
NGC0496,7.5,102.799,-3.474,3.582,10.895,-3.027,3.376,80.01,79.612,5896.503,,,219.22,,,57.0,0.236,1,1,0,0,-1,-1,0,1,1,0
NGC0496,10.5,117.589,-3.766,3.367,6.024,-2.778,2.778,80.01,79.612,5896.503,,,219.22,,,57.0,0.236,1,1,0,0,-1,-1,0,1,1,0
NGC0496,13.5,132.821,-4.564,3.385,5.3,-1.217,1.557,80.01,79.612,5896.503,,,219.22,,,57.0,0.236,1,1,0,0,-1,-1,0,1,1,0
NGC0496,16.5,140.427,-5.068,4.446,0.707,-2.434,2.434,80.01,79.612,5896.503,,,219.22,,,57.0,0.236,1,1,0,0,-1,-1,0,1,1,0
NGC0496,19.5,148.382,-5.485,4.299,0.184,-3.478,3.478,80.01,79.612,5896.503,,,219.22,,,57.0,0.236,1,1,0,0,-1,-1,0,1,1,0
NGC0496,22.5,150.908,-7.244,6.358,0.253,-2.468,2.468,80.01,79.612,5896.503,,,219.22,,,57.0,0.236,1,1,0,0,-1,-1,0,1,1,0
NGC0523,1.5,199.956,-8.597,11.283,8.591,-5.145,3.282,80.171,80.921,4605.565,-20.342,16.698,101.115,-4.346,4.346,71.6,0.304,1,1,0,0,1,1,0,1,1,0
NGC0523,4.5,190.373,-16.559,13.41,8.731,-6.079,4.574,80.171,80.921,4760.567,-13.696,16.656,104.831,-5.19,5.19,71.6,0.304,1,1,0,0,1,1,0,1,1,0
NGC0523,7.5,126.695,-11.13,11.802,9.321,-3.674,2.75,80.171,80.921,4708.975,-17.101,17.101,100.262,-5.073,6.003,71.6,0.304,1,1,0,0,1,1,0,1,1,0
NGC0523,10.5,180.095,-16.341,12.491,8.071,-5.347,5.347,80.171,80.921,4765.239,-15.433,12.218,107.199,-1.85,1.452,71.6,0.304,1,1,0,0,1,1,0,1,1,0
NGC0523,13.5,152.112,-8.842,10.193,10.187,-9.296,9.296,80.171,80.921,4738.117,-15.986,12.282,108.254,-2.204,1.703,71.6,0.304,1,1,0,0,1,1,0,1,1,0
NGC0523,16.5,181.432,-14.981,11.346,8.642,-4.274,5.556,80.171,80.921,4725.165,-5.542,4.791,109.292,-2.914,2.261,71.6,0.304,1,1,0,0,1,1,0,1,1,0
NGC0523,19.5,213.061,-13.524,17.856,7.092,-3.482,4.525,80.171,80.921,4727.983,-17.202,15.978,110.682,-8.552,9.59,71.6,0.304,1,1,0,0,1,1,0,1,1,0
NGC0523,22.5,235.036,-13.11,17.842,5.548,-3.69,4.741,80.171,80.921,4725.396,-4.2,5.646,112.128,-5.25,7.057,71.6,0.304,1,1,0,0,1,1,0,1,1,0
NGC0523,1.5,203.547,-24.892,16.779,9.459,-7.406,7.406,80.171,80.921,4726.689,,,106.895,,,71.6,0.304,1,1,0,0,-1,-1,0,1,1,0
NGC0523,4.5,85.321,-7.574,10.179,17.552,-2.064,1.598,80.171,80.921,4726.689,,,106.895,,,71.6,0.304,1,1,0,0,-1,-1,0,1,1,0
NGC0523,7.5,108.19,-14.929,16.965,12.286,-2.305,1.716,80.171,80.921,4726.689,,,106.895,,,71.6,0.304,1,1,0,0,-1,-1,0,1,1,0
NGC0523,10.5,124.488,-11.379,15.57,13.842,-4.691,8.581,80.171,80.921,4726.689,,,106.895,,,71.6,0.304,1,1,0,0,-1,-1,0,1,1,0
NGC0523,13.5,156.682,-11.044,11.786,10.838,-7.033,10.503,80.171,80.921,4726.689,,,106.895,,,71.6,0.304,1,1,0,0,-1,-1,0,1,1,0
NGC0523,16.5,180.194,-13.051,9.994,9.439,-8.478,8.743,80.171,80.921,4726.689,,,106.895,,,71.6,0.304,1,1,0,0,-1,-1,0,1,1,0
NGC0523,19.5,218.071,-14.476,10.322,7.543,-3.837,4.945,80.171,80.921,4726.689,,,106.895,,,71.6,0.304,1,1,0,0,-1,-1,0,1,1,0
NGC0523,22.5,245.305,-13.083,10.745,4.987,-3.128,4.09,80.171,80.921,4726.689,,,106.895,,,71.6,0.304,1,1,0,0,-1,-1,0,1,1,0
NGC0551,1.5,39.911,-8.014,8.397,9.989,-2.262,2.262,79.273,79.812,5183.312,-9.035,8.362,140.582,-4.828,4.755,64.2,0.277,1,1,0,0,1,1,0,1,1,0
NGC0551,4.5,89.986,-8.558,6.276,8.245,-1.931,1.931,79.273,79.812,5109.666,-14.786,15.324,144.652,-6.319,5.883,64.2,0.277,1,1,0,0,1,1,0,1,1,0
NGC0551,7.5,163.472,-10.448,8.787,8.04,-2.647,3.418,79.273,79.812,5089.68,-9.452,8.132,146.346,-5.637,5.084,64.2,0.277,1,1,0,0,1,1,0,1,1,0
NGC0551,10.5,194.17,-8.404,8.934,8.713,-2.399,3.141,79.273,79.812,5066.027,-3.475,4.025,133.069,-3.097,4.024,64.2,0.277,1,1,0,0,1,1,0,1,1,0
NGC0551,13.5,163.578,-3.679,4.417,7.782,-1.007,1.337,79.273,79.812,5096.616,-2.533,2.39,137.15,-5.447,3.808,64.2,0.277,1,1,0,0,1,1,0,1,1,0
NGC0551,16.5,169.343,-5.153,4.657,9.209,-1.439,1.781,79.273,79.812,5097.446,-3.038,2.607,140.984,-5.561,3.992,64.2,0.277,1,1,0,0,1,1,0,1,1,0
NGC0551,19.5,175.022,-4.886,5.395,8.799,-3.793,2.381,79.273,79.812,5100.374,-3.156,3.059,137.687,-3.943,4.459,64.2,0.277,1,1,0,0,1,1,0,1,1,0
NGC0551,22.5,188.246,-8.11,5.945,8.535,-1.096,1.428,79.273,79.812,5100.593,-3.095,2.556,137.318,-3.172,2.849,64.2,0.277,1,1,0,0,1,1,0,1,1,0
NGC0551,1.5,61.947,-7.302,7.391,8.377,-2.27,2.27,79.273,79.812,5098.91,,,139.729,,,64.2,0.277,1,1,0,0,-1,-1,0,1,1,0
NGC0551,4.5,87.7,-9.638,11.819,4.269,-2.551,3.242,79.273,79.812,5098.91,,,139.729,,,64.2,0.277,1,1,0,0,-1,-1,0,1,1,0
NGC0551,7.5,162.769,-13.803,10.965,6.677,-2.933,3.75,79.273,79.812,5098.91,,,139.729,,,64.2,0.277,1,1,0,0,-1,-1,0,1,1,0
NGC0551,10.5,164.285,-4.981,3.952,0.43,-6.235,6.235,79.273,79.812,5098.91,,,139.729,,,64.2,0.277,1,1,0,0,-1,-1,0,1,1,0
NGC0551,13.5,165.66,-4.496,3.865,0.604,-5.104,5.104,79.273,79.812,5098.91,,,139.729,,,64.2,0.277,1,1,0,0,-1,-1,0,1,1,0
NGC0551,16.5,168.806,-4.177,3.726,1.446,-4.001,4.001,79.273,79.812,5098.91,,,139.729,,,64.2,0.277,1,1,0,0,-1,-1,0,1,1,0
NGC0551,19.5,176.53,-5.329,5.555,4.063,-4.695,4.695,79.273,79.812,5098.91,,,139.729,,,64.2,0.277,1,1,0,0,-1,-1,0,1,1,0
NGC0551,22.5,187.4,-7.207,5.404,7.691,-1.657,2.151,79.273,79.812,5098.91,,,139.729,,,64.2,0.277,1,1,0,0,-1,-1,0,1,1,0
NGC1167,16.5,14.773,-5.026,5.174,11.171,-4.021,4.139,79.147,80.5,4819.487,-12.866,13.244,252.504,-3.217,3.311,39.5,0.291,1,1,0,0,1,1,0,1,1,0
NGC1167,19.5,218.127,-19.365,24.111,8.214,-0.958,1.244,79.147,80.5,4852.479,-324.185,223.963,252.526,-1.116,1.116,39.5,0.291,1,1,0,0,1,1,0,1,1,0
NGC1167,22.5,201.073,-37.462,26.432,8.836,-2.459,2.661,79.147,80.5,4962.77,-113.986,93.922,256.701,-10.417,10.417,39.5,0.291,1,1,0,0,1,1,0,1,1,0
NGC1167,16.5,21.599,-2.202,2.202,5.648,-4.404,4.404,79.147,80.5,4851.2,,,263.204,,,39.5,0.291,1,1,0,0,-1,-1,0,1,1,0
NGC1167,19.5,193.554,-28.479,28.479,1.632,-4.418,4.418,79.147,80.5,4851.2,,,263.204,,,39.5,0.291,1,1,0,0,-1,-1,0,1,1,0
NGC1167,22.5,302.352,-51.38,70.446,7.536,-5.453,4.919,79.147,80.5,4851.2,,,263.204,,,39.5,0.291,1,1,0,0,-1,-1,0,1,1,0
NGC2253,1.5,129.18,-2.318,2.943,10.889,-0.611,0.512,79.753,79.708,3523.034,-0.732,0.864,108.217,-0.915,1.08,47.4,0.403,1,1,0,0,1,1,0,1,1,0
NGC2253,4.5,147.248,-5.679,4.4,9.293,-1.313,1.382,79.753,79.708,3520.913,-5.053,4.75,127.269,-13.219,13.219,47.4,0.403,1,1,0,0,1,1,0,1,1,0
NGC2253,7.5,160.846,-3.292,2.761,9.503,-4.59,2.92,79.753,79.708,3520.56,-2.868,2.148,121.02,-3.59,2.91,47.4,0.403,1,1,0,0,1,1,0,1,1,0
NGC2253,10.5,163.438,-4.372,2.822,9.217,-0.974,1.201,79.753,79.708,3519.646,-2.325,1.715,122.432,-3.955,2.836,47.4,0.403,1,1,0,0,1,1,0,1,1,0
NGC2253,13.5,166.233,-2.896,3.116,9.082,-0.857,1.097,79.753,79.708,3521.392,-1.5,1.568,120.97,-2.246,2.059,47.4,0.403,1,1,0,0,1,1,0,1,1,0
NGC2253,16.5,168.175,-2.866,4.233,9.117,-0.841,1.022,79.753,79.708,3523.417,-1.55,1.947,120.705,-2.494,2.534,47.4,0.403,1,1,0,0,1,1,0,1,1,0
NGC2253,19.5,169.366,-4.73,4.148,8.951,-0.941,1.203,79.753,79.708,3523.468,-2.013,2.085,119.585,-2.382,2.987,47.4,0.403,1,1,0,0,1,1,0,1,1,0
NGC2253,22.5,199.312,-7.086,7.736,9.165,-4.397,5.687,79.753,79.708,3542.59,-4.091,4.412,114.711,-4.881,4.226,47.4,0.403,1,1,0,0,1,1,0,1,1,0
NGC2253,1.5,127.277,-1.596,1.848,17.381,-2.351,2.912,79.753,79.708,3522.213,,,119.904,,,47.4,0.403,1,1,0,0,-1,-1,0,1,1,0
NGC2253,4.5,142.675,-6.32,7.142,12.924,-1.506,1.141,79.753,79.708,3522.213,,,119.904,,,47.4,0.403,1,1,0,0,-1,-1,0,1,1,0
NGC2253,7.5,162.077,-4.556,3.838,8.451,-5.063,2.777,79.753,79.708,3522.213,,,119.904,,,47.4,0.403,1,1,0,0,-1,-1,0,1,1,0
NGC2253,10.5,163.225,-3.184,3.246,3.389,-3.585,3.585,79.753,79.708,3522.213,,,119.904,,,47.4,0.403,1,1,0,0,-1,-1,0,1,1,0
NGC2253,13.5,165.563,-2.974,2.602,4.49,-2.869,2.869,79.753,79.708,3522.213,,,119.904,,,47.4,0.403,1,1,0,0,-1,-1,0,1,1,0
NGC2253,16.5,167.66,-3.888,3.888,1.656,-2.888,2.888,79.753,79.708,3522.213,,,119.904,,,47.4,0.403,1,1,0,0,-1,-1,0,1,1,0
NGC2253,19.5,168.719,-2.799,2.799,0.445,-3.361,3.361,79.753,79.708,3522.213,,,119.904,,,47.4,0.403,1,1,0,0,-1,-1,0,1,1,0
NGC2253,22.5,168.834,-3.321,3.404,0.036,-3.352,3.352,79.753,79.708,3522.213,,,119.904,,,47.4,0.403,1,1,0,0,-1,-1,0,1,1,0
NGC2347,1.5,217.793,-12.345,9.908,8.666,-1.792,1.392,79.551,78.727,4331.452,-6.763,6.054,10.733,-12.916,12.916,50.2,0.324,1,1,0,0,1,1,0,1,1,0
NGC2347,4.5,236.812,-10.457,9.264,7.702,-2.333,1.766,79.551,78.727,4330.897,-8.486,10.496,13.842,-9.549,7.174,50.2,0.324,1,1,0,0,1,1,0,1,1,0
