dat_prof/bbarolo/gal_nrad8_vdisp8.txt
# %ECSV 0.9
# ---
# datatype:
# - {name: GAL_NAME, datatype: string}
# - {name: RACTR, unit: deg, datatype: float64}
# - {name: DCCTR, unit: deg, datatype: float64}
# - {name: offset, unit: arcsec, datatype: float64, description: offset from ned position. Only not equal to 0 when a 2D-Gaussian-fitted
#     position is used}
# - {name: XPOSFIT(-1/0/1), datatype: int64, description: 0=fixed to input value; 1=fitted per ring; -1=fixed to mean value of previous
#     fit}
# - {name: YPOSFIT(-1/0/1), datatype: int64, description: 0=fixed to input value; 1=fitted per ring; -1=fixed to mean value of previous
#     fit}
# - {name: INCFIT(-1/0/1), datatype: int64, description: 0=fixed to input value; 1=fitted per ring; -1=fixed to mean value of previous
#     fit}
# - {name: PAFIT(-1/0/1), datatype: int64, description: 0=fixed to input value; 1=fitted per ring; -1=fixed to mean value of previous
#     fit}
# - {name: VSYSFIT(-1/0/1), datatype: int64, description: 0=fixed to input value; 1=fitted per ring; -1=fixed to mean value of previous
#     fit}
# - {name: VDISPFIT(0/1), datatype: int64, description: 0=fixed to input value; 1=fitted per ring; -1=fixed to mean value of previous
#     fit}
# - {name: VROTFIT(0/1), datatype: int64, description: 0=fixed to input value; 1=fitted per ring; -1=fixed to mean value of previous fit}
# - {name: FTYPE, datatype: int64}
# - {name: WFUNC, datatype: int64}
# - {name: BADFLAG, datatype: int64, description: 'BADFLAG = 1 when some ringlog exits, but Bbarolo fails to produce at least one of the
#     plots'}
# - {name: RAD, unit: arcsec, datatype: float64}
# - {name: VROT, unit: km / s, datatype: float64}
# - {name: DISP, unit: km / s, datatype: float64}
# - {name: INC, unit: deg, datatype: float64}
# - {name: P.A., unit: deg, datatype: float64}
# - {name: Z0, unit: arcsec, datatype: float64}
# - {name: XPOS, unit: pix, datatype: float64}
# - {name: YPOS, unit: pix, datatype: float64}
# - {name: VSYS, unit: km / s, datatype: float64}
# - {name: E_VROT1, unit: km / s, datatype: float64}
# - {name: E_VROT2, unit: km / s, datatype: float64}
# - {name: E_PA1, unit: deg, datatype: float64}
# - {name: E_PA2, unit: deg, datatype: float64}
# - {name: E_VSYS1, unit: km / s, datatype: float64}
# - {name: E_VSYS2, unit: km / s, datatype: float64}
# delimiter: ','
# schema: astropy-2.0
GAL_NAME,RACTR,DCCTR,offset,XPOSFIT(-1/0/1),YPOSFIT(-1/0/1),INCFIT(-1/0/1),PAFIT(-1/0/1),VSYSFIT(-1/0/1),VDISPFIT(0/1),VROTFIT(0/1),FTYPE,WFUNC,BADFLAG,RAD,VROT,DISP,INC,P.A.,Z0,XPOS,YPOS,VSYS,E_VROT1,E_VROT2,E_PA1,E_PA2,E_VSYS1,E_VSYS2
[from data line 1487]
UGC10384,246.6945,11.58028,0.0,0,0,0,1,1,0,1,1,1,0,1.5,223.574,8.0,70.0,95.547,0.287,89.294,89.008,4753.621,-12.38,9.559,-4.222,3.316,-16.104,20.154
UGC10384,246.6945,11.58028,0.0,0,0,0,1,1,0,1,1,1,0,4.5,125.175,8.0,70.0,90.516,0.287,89.294,89.008,4898.152,-6.92,7.521,-4.044,6.098,-3.655,4.54
UGC10384,246.6945,11.58028,0.0,0,0,0,1,1,0,1,1,1,0,7.5,150.866,8.0,70.0,108.614,0.287,89.294,89.008,4900.817,-3.987,4.004,-1.772,1.78,-1.329,1.335
UGC10384,246.6945,11.58028,0.0,0,0,0,1,1,0,1,1,1,0,10.5,169.364,8.0,70.0,100.663,0.287,89.294,89.008,4902.69,-5.67,4.586,-5.53,5.413,-3.733,3.333
UGC10384,246.6945,11.58028,0.0,0,0,0,1,1,0,1,1,1,0,13.5,181.583,8.0,70.0,95.227,0.287,89.294,89.008,4898.91,-5.929,4.401,-3.501,2.948,-3.143,2.449
UGC10384,246.6945,11.58028,0.0,0,0,0,1,1,0,1,1,1,0,16.5,185.546,8.0,70.0,95.5,0.287,89.294,89.008,4904.257,-7.21,5.988,-5.631,4.465,-4.28,3.485
UGC10384,246.6945,11.58028,0.0,0,0,0,1,1,0,1,1,1,0,19.5,189.514,8.0,70.0,96.181,0.287,89.294,89.008,4908.268,-36.294,26.436,-7.799,6.564,-23.324,18.805
UGC10384,246.6945,11.58028,0.0,0,0,0,1,1,0,1,1,1,0,22.5,192.166,8.0,70.0,106.157,0.287,89.294,89.008,4889.602,-20.864,29.871,-3.818,3.326,-14.112,17.939
UGC10384,246.6945,11.58028,0.0,0,0,0,-1,-1,0,1,1,1,0,1.5,75.449,8.0,70.0,98.213,0.287,89.294,89.008,4899.863,-6.705,5.19,,,,
UGC10384,246.6945,11.58028,0.0,0,0,0,-1,-1,0,1,1,1,0,4.5,130.8,8.0,70.0,98.213,0.287,89.294,89.008,4899.863,-6.746,6.27,,,,
UGC10384,246.6945,11.58028,0.0,0,0,0,-1,-1,0,1,1,1,0,7.5,150.866,8.0,70.0,98.213,0.287,89.294,89.008,4899.863,-2.89,2.89,,,,
UGC10384,246.6945,11.58028,0.0,0,0,0,-1,-1,0,1,1,1,0,10.5,169.832,8.0,70.0,98.213,0.287,89.294,89.008,4899.863,-5.796,3.926,,,,
UGC10384,246.6945,11.58028,0.0,0,0,0,-1,-1,0,1,1,1,0,13.5,182.989,8.0,70.0,98.213,0.287,89.294,89.008,4899.863,-6.177,5.433,,,,
UGC10384,246.6945,11.58028,0.0,0,0,0,-1,-1,0,1,1,1,0,16.5,191.171,8.0,70.0,98.213,0.287,89.294,89.008,4899.863,-11.881,6.636,,,,
UGC10384,246.6945,11.58028,0.0,0,0,0,-1,-1,0,1,1,1,0,19.5,189.514,8.0,70.0,98.213,0.287,89.294,89.008,4899.863,-24.565,18.195,,,,
UGC10384,246.6945,11.58028,0.0,0,0,0,-1,-1,0,1,1,1,0,22.5,191.697,8.0,70.0,98.213,0.287,89.294,89.008,4899.863,-36.453,25.233,,,,
UGC10710,256.71883,43.12219,0.0,0,0,0,1,1,0,1,1,1,0,1.5,190.441,8.0,69.6,150.843,0.169,88.79,88.884,8105.883,-9.36,8.662,-3.009,3.009,-6.567,8.041
UGC10710,256.71883,43.12219,0.0,0,0,0,1,1,0,1,1,1,0,4.5,212.188,8.0,69.6,160.692,0.169,88.79,88.884,8133.97,-9.573,12.891,-16.544,16.544,-14.895,12.098
UGC10710,256.71883,43.12219,0.0,0,0,0,1,1,0,1,1,1,0,7.5,226.946,8.0,69.6,151.644,0.169,88.79,88.884,8130.978,-19.602,18.844,-8.208,7.23,-21.314,24.055
UGC10710,256.71883,43.12219,0.0,0,0,0,1,1,0,1,1,1,0,10.5,237.16,8.0,69.6,153.312,0.169,88.79,88.884,8131.218,-7.697,6.487,-7.357,5.408,-9.652,10.319
UGC10710,256.71883,43.12219,0.0,0,0,0,1,1,0,1,1,1,0,13.5,237.729,8.0,69.6,147.902,0.169,88.79,88.884,8130.85,-7.682,9.678,-13.244,9.754,-6.976,6.477
UGC10710,256.71883,43.12219,0.0,0,0,0,1,1,0,1,1,1,0,16.5,155.014,8.0,69.6,164.44,0.169,88.79,88.884,8045.876,-13.647,10.986,-9.234,8.043,-14.056,13.142
UGC10710,256.71883,43.12219,0.0,0,0,0,1,1,0,1,1,1,0,19.5,186.656,8.0,69.6,160.094,0.169,88.79,88.884,8176.259,-15.662,11.706,-9.463,9.463,-291.978,291.978
UGC10710,256.71883,43.12219,0.0,0,0,0,1,1,0,1,1,1,0,22.5,209.167,8.0,69.6,158.056,0.169,88.79,88.884,8126.82,-27.165,19.19,-0.49,0.373,-67.507,85.813
UGC10710,256.71883,43.12219,0.0,0,0,0,-1,-1,0,1,1,1,0,1.5,203.215,8.0,69.6,155.773,0.169,88.79,88.884,8130.914,-14.794,11.517,,,,
UGC10710,256.71883,43.12219,0.0,0,0,0,-1,-1,0,1,1,1,0,4.5,216.406,8.0,69.6,155.773,0.169,88.79,88.884,8130.914,-9.825,10.756,,,,
UGC10710,256.71883,43.12219,0.0,0,0,0,-1,-1,0,1,1,1,0,7.5,237.259,8.0,69.6,155.773,0.169,88.79,88.884,8130.914,-17.878,12.112,,,,
UGC10710,256.71883,43.12219,0.0,0,0,0,-1,-1,0,1,1,1,0,10.5,237.863,8.0,69.6,155.773,0.169,88.79,88.884,8130.914,-7.559,6.34,,,,
UGC10710,256.71883,43.12219,0.0,0,0,0,-1,-1,0,1,1,1,0,13.5,237.729,8.0,69.6,155.773,0.169,88.79,88.884,8130.914,-9.168,9.414,,,,
UGC10710,256.71883,43.12219,0.0,0,0,0,-1,-1,0,1,1,1,0,16.5,226.264,8.0,69.6,155.773,0.169,88.79,88.884,8130.914,-19.261,21.246,,,,
UGC10710,256.71883,43.12219,0.0,0,0,0,-1,-1,0,1,1,1,0,19.5,236.343,8.0,69.6,155.773,0.169,88.79,88.884,8130.914,-17.146,13.534,,,,
UGC10710,256.71883,43.12219,0.0,0,0,0,-1,-1,0,1,1,1,0,22.5,188.542,8.0,69.6,155.773,0.169,88.79,88.884,8130.914,-39.788,26.606,,,,
