dat_prof/bbarolo/gal_nrad8.txt
# %ECSV 0.9
# ---
# datatype:
# - {name: GAL_NAME, datatype: string}
# - {name: RACTR, unit: deg, datatype: float64}
# - {name: DCCTR, unit: deg, datatype: float64}
# - {name: offset, unit: arcsec, datatype: float64, description: offset from ned position. Only not equal to 0 when a 2D-Gaussian-fitted
#     position is used}
# - {name: XPOSFIT(-1/0/1), datatype: int64, description: 0=fixed to input value; 1=fitted per ring; -1=fixed to mean value of previous
#     fit}
# - {name: YPOSFIT(-1/0/1), datatype: int64, description: 0=fixed to input value; 1=fitted per ring; -1=fixed to mean value of previous
#     fit}
# - {name: INCFIT(-1/0/1), datatype: int64, description: 0=fixed to input value; 1=fitted per ring; -1=fixed to mean value of previous
#     fit}
# - {name: PAFIT(-1/0/1), datatype: int64, description: 0=fixed to input value; 1=fitted per ring; -1=fixed to mean value of previous
#     fit}
# - {name: VSYSFIT(-1/0/1), datatype: int64, description: 0=fixed to input value; 1=fitted per ring; -1=fixed to mean value of previous
#     fit}
# - {name: VDISPFIT(0/1), datatype: int64, description: 0=fixed to input value; 1=fitted per ring; -1=fixed to mean value of previous
#     fit}
# - {name: VROTFIT(0/1), datatype: int64, description: 0=fixed to input value; 1=fitted per ring; -1=fixed to mean value of previous fit}
# - {name: FTYPE, datatype: int64}
# - {name: WFUNC, datatype: int64}
# - {name: BADFLAG, datatype: int64, description: 'BADFLAG = 1 when some ringlog exits, but Bbarolo fails to produce at least one of the
#     plots'}
# - {name: RAD, unit: arcsec, datatype: float64}
# - {name: VROT, unit: km / s, datatype: float64}
# - {name: DISP, unit: km / s, datatype: float64}
# - {name: INC, unit: deg, datatype: float64}
# - {name: P.A., unit: deg, datatype: float64}
# - {name: Z0, unit: arcsec, datatype: float64}
# - {name: XPOS, unit: pix, datatype: float64}
# - {name: YPOS, unit: pix, datatype: float64}
# - {name: VSYS, unit: km / s, datatype: float64}
# - {name: E_VROT1, unit: km / s, datatype: float64}
# - {name: E_VROT2, unit: km / s, datatype: float64}
# - {name: E_DISP1, unit: km / s, datatype: float64}
# - {name: E_DISP2, unit: km / s, datatype: float64}
# - {name: E_PA1, unit: deg, datatype: float64}
# - {name: E_PA2, unit: deg, datatype: float64}
# - {name: E_VSYS1, unit: km / s, datatype: float64}
# - {name: E_VSYS2, unit: km / s, datatype: float64}
# delimiter: ','
# schema: astropy-2.0
GAL_NAME,RACTR,DCCTR,offset,XPOSFIT(-1/0/1),YPOSFIT(-1/0/1),INCFIT(-1/0/1),PAFIT(-1/0/1),VSYSFIT(-1/0/1),VDISPFIT(0/1),VROTFIT(0/1),FTYPE,WFUNC,BADFLAG,RAD,VROT,DISP,INC,P.A.,Z0,XPOS,YPOS,VSYS,E_VROT1,E_VROT2,E_DISP1,E_DISP2,E_PA1,E_PA2,E_VSYS1,E_VSYS2
[from data line 1033]
NGC6478,267.15979,51.15725,0.0,0,0,0,-1,-1,1,1,1,1,0,13.5,221.919,6.436,73.4,215.212,0.212,96.078,78.555,6630.156,-3.117,4.011,-5.087,5.087,,,,
NGC6478,267.15979,51.15725,0.0,0,0,0,-1,-1,1,1,1,1,0,16.5,235.375,10.3,73.4,215.212,0.212,96.078,78.555,6630.156,-3.419,4.575,-3.973,5.401,,,,
NGC6478,267.15979,51.15725,0.0,0,0,0,-1,-1,1,1,1,1,0,19.5,256.432,10.355,73.4,215.212,0.212,96.078,78.555,6630.156,-6.152,5.634,-6.558,9.075,,,,
NGC6478,267.15979,51.15725,0.0,0,0,0,-1,-1,1,1,1,1,0,22.5,261.0,8.585,73.4,215.212,0.212,96.078,78.555,6630.156,-8.085,7.418,-9.051,9.051,,,,
NGC7738,356.00858,0.51664,0.0,0,0,0,1,1,1,1,1,1,0,1.5,187.26,49.198,65.6,56.267,0.211,89.012,89.044,6602.66,-4.243,4.209,-2.933,3.806,-6.995,8.397,-3.543,4.103
NGC7738,356.00858,0.51664,0.0,0,0,0,1,1,1,1,1,1,0,4.5,184.39,59.143,65.6,44.089,0.211,89.012,89.044,6609.989,-8.051,8.327,-5.334,6.665,-3.224,4.615,-4.152,4.902
NGC7738,356.00858,0.51664,0.0,0,0,0,1,1,1,1,1,1,0,7.5,155.455,49.9,65.6,63.621,0.211,89.012,89.044,6609.452,-11.7,15.212,-9.096,9.837,-4.2,3.336,-12.702,10.037
NGC7738,356.00858,0.51664,0.0,0,0,0,1,1,1,1,1,1,0,10.5,174.284,9.434,65.6,65.807,0.211,89.012,89.044,6600.469,-16.645,12.718,-4.149,2.949,-3.951,3.219,-12.293,12.293
NGC7738,356.00858,0.51664,0.0,0,0,0,1,1,1,1,1,1,0,13.5,145.842,5.696,65.6,61.964,0.211,89.012,89.044,6605.706,-6.989,6.834,-7.677,7.677,-1.519,2.818,-4.046,4.332
NGC7738,356.00858,0.51664,0.0,0,0,0,1,1,1,1,1,1,0,16.5,239.272,7.416,65.6,69.463,0.211,89.012,89.044,6564.682,-24.397,18.774,-5.002,6.542,-13.088,11.693,-22.952,21.454
NGC7738,356.00858,0.51664,0.0,0,0,0,1,1,1,1,1,1,0,19.5,214.028,8.533,65.6,44.764,0.211,89.012,89.044,6715.158,-5.428,6.584,-1.047,1.312,-3.441,4.36,-104.627,85.567
NGC7738,356.00858,0.51664,0.0,0,0,0,1,1,1,1,1,1,0,22.5,216.43,8.305,65.6,45.105,0.211,89.012,89.044,6732.543,-17.651,22.649,-2.027,2.635,-48.58,49.982,-174.644,174.644
NGC7738,356.00858,0.51664,0.0,0,0,0,-1,-1,1,1,1,1,0,1.5,183.562,52.648,65.6,56.255,0.211,89.012,89.044,6607.579,-3.235,4.55,-4.902,5.078,,,,
NGC7738,356.00858,0.51664,0.0,0,0,0,-1,-1,1,1,1,1,0,4.5,179.116,63.947,65.6,56.255,0.211,89.012,89.044,6607.579,-8.68,8.144,-6.759,5.803,,,,
NGC7738,356.00858,0.51664,0.0,0,0,0,-1,-1,1,1,1,1,0,7.5,175.319,54.839,65.6,56.255,0.211,89.012,89.044,6607.579,-17.392,14.505,-8.778,8.778,,,,
NGC7738,356.00858,0.51664,0.0,0,0,0,-1,-1,1,1,1,1,0,10.5,153.898,23.357,65.6,56.255,0.211,89.012,89.044,6607.579,-15.562,11.145,-8.131,9.099,,,,
NGC7738,356.00858,0.51664,0.0,0,0,0,-1,-1,1,1,1,1,0,13.5,143.498,5.61,65.6,56.255,0.211,89.012,89.044,6607.579,-4.97,5.634,-9.864,9.864,,,,
NGC7738,356.00858,0.51664,0.0,0,0,0,-1,-1,1,1,1,1,0,16.5,82.669,15.826,65.6,56.255,0.211,89.012,89.044,6607.579,-8.898,9.112,-3.791,4.632,,,,
NGC7738,356.00858,0.51664,0.0,0,0,0,-1,-1,1,1,1,1,0,19.5,92.461,10.882,65.6,56.255,0.211,89.012,89.044,6607.579,-7.656,6.822,-5.284,3.88,,,,
NGC7738,356.00858,0.51664,0.0,0,0,0,-1,-1,1,1,1,1,0,22.5,151.409,6.933,65.6,56.255,0.211,89.012,89.044,6607.579,-18.937,13.595,-0.918,1.154,,,,
NGC7819,1.10225,31.47206,0.0,0,0,0,1,1,1,1,1,1,0,1.5,173.742,8.988,54.0,96.766,0.288,88.488,89.216,4836.104,-16.313,12.535,-4.7,3.129,-11.838,6.822,-17.349,20.941
NGC7819,1.10225,31.47206,0.0,0,0,0,1,1,1,1,1,1,0,4.5,207.514,9.021,54.0,85.709,0.288,88.488,89.216,4922.94,-13.815,12.476,-9.855,9.855,-7.71,8.355,-12.985,16.282
NGC7819,1.10225,31.47206,0.0,0,0,0,1,1,1,1,1,1,0,7.5,154.862,6.861,54.0,99.254,0.288,88.488,89.216,4880.53,-21.03,16.985,-1.869,2.395,-6.653,4.876,-7.388,6.064
NGC7819,1.10225,31.47206,0.0,0,0,0,1,1,1,1,1,1,0,10.5,101.434,9.167,54.0,104.896,0.288,88.488,89.216,4875.889,-21.676,21.676,-2.857,2.848,-10.027,9.359,-15.574,12.914
NGC7819,1.10225,31.47206,0.0,0,0,0,1,1,1,1,1,1,0,13.5,202.768,7.67,54.0,97.759,0.288,88.488,89.216,4862.39,-8.973,11.69,-1.664,2.165,-2.34,1.918,-87.409,108.184
NGC7819,1.10225,31.47206,0.0,0,0,0,1,1,1,1,1,1,0,16.5,204.125,7.571,54.0,105.3,0.288,88.488,89.216,4852.905,-10.154,13.243,-1.458,1.884,-17.699,20.912,-59.182,68.52
NGC7819,1.10225,31.47206,0.0,0,0,0,1,1,1,1,1,1,0,19.5,178.811,9.644,54.0,105.18,0.288,88.488,89.216,4863.353,-26.733,19.524,-1.048,1.34,-9.332,7.26,-9.545,8.176
NGC7819,1.10225,31.47206,0.0,0,0,0,1,1,1,1,1,1,0,22.5,179.654,7.305,54.0,103.005,0.288,88.488,89.216,4868.866,-21.673,15.196,-0.963,1.25,-2.481,2.481,-305.544,305.544
NGC7819,1.10225,31.47206,0.0,0,0,0,-1,-1,1,1,1,1,0,1.5,120.758,11.131,54.0,101.143,0.288,88.488,89.216,4866.109,-6.165,6.432,-1.646,1.293,,,,
NGC7819,1.10225,31.47206,0.0,0,0,0,-1,-1,1,1,1,1,0,4.5,130.537,11.685,54.0,101.143,0.288,88.488,89.216,4866.109,-10.775,9.032,-6.608,8.15,,,,
NGC7819,1.10225,31.47206,0.0,0,0,0,-1,-1,1,1,1,1,0,7.5,142.658,3.895,54.0,101.143,0.288,88.488,89.216,4866.109,-21.675,22.08,-3.681,4.067,,,,
NGC7819,1.10225,31.47206,0.0,0,0,0,-1,-1,1,1,1,1,0,10.5,101.961,9.005,54.0,101.143,0.288,88.488,89.216,4866.109,-23.327,23.327,-2.33,2.93,,,,
NGC7819,1.10225,31.47206,0.0,0,0,0,-1,-1,1,1,1,1,0,13.5,116.694,4.387,54.0,101.143,0.288,88.488,89.216,4866.109,-26.679,26.858,-1.73,2.273,,,,
NGC7819,1.10225,31.47206,0.0,0,0,0,-1,-1,1,1,1,1,0,16.5,132.809,0.483,54.0,101.143,0.288,88.488,89.216,4866.109,-18.328,13.867,-3.225,3.225,,,,
NGC7819,1.10225,31.47206,0.0,0,0,0,-1,-1,1,1,1,1,0,19.5,147.044,5.988,54.0,101.143,0.288,88.488,89.216,4866.109,-14.08,16.248,-1.162,1.518,,,,
NGC7819,1.10225,31.47206,0.0,0,0,0,-1,-1,1,1,1,1,0,22.5,166.635,0.128,54.0,101.143,0.288,88.488,89.216,4866.109,-13.475,11.761,-2.778,2.778,,,,
UGC03253,79.92458,84.05258,0.0,0,0,0,1,1,1,1,1,1,0,1.5,208.08,8.628,58.3,81.151,0.347,89.001,88.888,3978.906,-8.289,10.872,-7.713,7.038,-6.842,7.555,-11.367,12.309
UGC03253,79.92458,84.05258,0.0,0,0,0,1,1,1,1,1,1,0,4.5,208.619,7.734,58.3,93.415,0.347,89.001,88.888,3995.665,-21.517,15.261,-3.893,5.032,-11.43,7.65,-65.999,72.173
UGC03253,79.92458,84.05258,0.0,0,0,0,1,1,1,1,1,1,0,7.5,86.011,7.094,58.3,101.864,0.347,89.001,88.888,4108.984,-10.237,7.117,-1.878,1.878,-6.362,4.857,-13.331,10.434
UGC03253,79.92458,84.05258,0.0,0,0,0,1,1,1,1,1,1,0,10.5,1.21,8.306,58.3,97.144,0.347,89.001,88.888,4109.37,-6.318,5.544,-3.94,5.154,-4.364,4.316,-16.967,12.707
UGC03253,79.92458,84.05258,0.0,0,0,0,1,1,1,1,1,1,0,13.5,175.456,7.068,58.3,101.608,0.347,89.001,88.888,4066.34,-10.343,13.283,-1.995,2.586,-55.238,65.383,-208.615,245.663
UGC03253,79.92458,84.05258,0.0,0,0,0,1,1,1,1,1,1,0,16.5,182.034,8.111,58.3,100.308,0.347,89.001,88.888,4173.629,-10.419,13.329,-1.912,2.434,-2.459,1.878,-195.667,135.382
UGC03253,79.92458,84.05258,0.0,0,0,0,1,1,1,1,1,1,0,19.5,187.025,6.955,58.3,102.684,0.347,89.001,88.888,4141.746,-9.971,12.834,-1.58,2.211,-69.73,50.492,-267.367,186.925
UGC03253,79.92458,84.05258,0.0,0,0,0,1,1,1,1,1,1,0,22.5,155.124,6.833,58.3,101.482,0.347,89.001,88.888,4043.375,-10.307,13.107,-1.63,2.055,-46.919,59.023,-175.74,220.929
UGC03253,79.92458,84.05258,0.0,0,0,0,-1,-1,1,1,1,1,0,1.5,217.797,8.922,58.3,99.304,0.347,89.001,88.888,4087.662,-31.837,33.782,-8.511,8.511,,,,
UGC03253,79.92458,84.05258,0.0,0,0,0,-1,-1,1,1,1,1,0,4.5,240.963,8.414,58.3,99.304,0.347,89.001,88.888,4087.662,-45.262,25.936,-4.41,5.761,,,,
UGC03253,79.92458,84.05258,0.0,0,0,0,-1,-1,1,1,1,1,0,7.5,97.1,4.556,58.3,99.304,0.347,89.001,88.888,4087.662,-14.229,9.917,-3.785,3.061,,,,
UGC03253,79.92458,84.05258,0.0,0,0,0,-1,-1,1,1,1,1,0,10.5,1.21,9.814,58.3,99.304,0.347,89.001,88.888,4087.662,-4.74,4.74,-9.48,9.48,,,,
UGC03253,79.92458,84.05258,0.0,0,0,0,-1,-1,1,1,1,1,0,13.5,33.936,10.76,58.3,99.304,0.347,89.001,88.888,4087.662,-8.892,8.038,-3.903,3.048,,,,
UGC03253,79.92458,84.05258,0.0,0,0,0,-1,-1,1,1,1,1,0,16.5,9.549,12.508,58.3,99.304,0.347,89.001,88.888,4087.662,-2.229,1.649,-4.457,3.297,,,,
UGC03253,79.92458,84.05258,0.0,0,0,0,-1,-1,1,1,1,1,0,19.5,19.212,6.962,58.3,99.304,0.347,89.001,88.888,4087.662,-2.743,4.41,-5.486,8.82,,,,
UGC03253,79.92458,84.05258,0.0,0,0,0,-1,-1,1,1,1,1,0,22.5,27.624,7.208,58.3,99.304,0.347,89.001,88.888,4087.662,-3.217,3.217,-6.434,6.434,,,,
UGC03539,102.22517,66.26136,0.0,0,0,0,1,1,1,1,1,1,0,1.5,210.191,7.976,72.1,132.364,0.438,88.754,87.996,3128.115,-10.409,11.316,-3.349,3.349,-2.105,3.383,-15.412,16.648
UGC03539,102.22517,66.26136,0.0,0,0,0,1,1,1,1,1,1,0,7.5,233.356,6.506,72.1,137.817,0.438,88.754,87.996,3373.61,-13.472,14.134,-2.954,2.954,-2.445,2.445,-181.031,181.031
UGC03539,102.22517,66.26136,0.0,0,0,0,1,1,1,1,1,1,0,10.5,135.031,9.255,72.1,136.478,0.438,88.754,87.996,3271.214,-5.759,4.398,-5.125,6.701,-9.704,9.704,-5.147,5.201
UGC03539,102.22517,66.26136,0.0,0,0,0,1,1,1,1,1,1,0,13.5,150.275,9.345,72.1,137.027,0.438,88.754,87.996,3269.446,-7.771,6.846,-4.492,5.368,-22.511,22.511,-8.693,8.681
UGC03539,102.22517,66.26136,0.0,0,0,0,1,1,1,1,1,1,0,16.5,191.699,8.471,72.1,127.883,0.438,88.754,87.996,3294.456,-9.885,8.11,-9.205,9.205,-6.613,4.764,-6.426,5.52
UGC03539,102.22517,66.26136,0.0,0,0,0,1,1,1,1,1,1,0,19.5,189.12,8.336,72.1,129.542,0.438,88.754,87.996,3282.137,-15.501,12.03,-2.998,3.795,-6.077,4.419,-19.367,15.744
UGC03539,102.22517,66.26136,0.0,0,0,0,1,1,1,1,1,1,0,22.5,199.344,7.956,72.1,134.297,0.438,88.754,87.996,3251.321,-18.248,20.314,-2.984,3.802,-1.91,2.602,-12.668,18.311
UGC03539,102.22517,66.26136,0.0,0,0,0,-1,-1,1,1,1,1,0,1.5,265.197,10.259,72.1,132.932,0.438,88.754,87.996,3271.057,-20.384,27.0,-5.207,5.207,,,,
UGC03539,102.22517,66.26136,0.0,0,0,0,-1,-1,1,1,1,1,0,4.5,285.183,12.142,72.1,132.932,0.438,88.754,87.996,3271.057,-53.354,55.66,-6.891,4.379,,,,
UGC03539,102.22517,66.26136,0.0,0,0,0,-1,-1,1,1,1,1,0,7.5,109.532,20.504,72.1,132.932,0.438,88.754,87.996,3271.057,-6.11,5.421,-3.977,4.906,,,,
UGC03539,102.22517,66.26136,0.0,0,0,0,-1,-1,1,1,1,1,0,10.5,133.282,9.691,72.1,132.932,0.438,88.754,87.996,3271.057,-5.125,4.361,-4.352,6.324,,,,
UGC03539,102.22517,66.26136,0.0,0,0,0,-1,-1,1,1,1,1,0,13.5,147.537,12.187,72.1,132.932,0.438,88.754,87.996,3271.057,-5.599,6.593,-6.633,5.447,,,,
UGC03539,102.22517,66.26136,0.0,0,0,0,-1,-1,1,1,1,1,0,16.5,162.021,8.7,72.1,132.932,0.438,88.754,87.996,3271.057,-7.563,5.873,-2.744,3.575,,,,
UGC03539,102.22517,66.26136,0.0,0,0,0,-1,-1,1,1,1,1,0,19.5,167.112,8.571,72.1,132.932,0.438,88.754,87.996,3271.057,-9.594,12.544,-3.159,4.062,,,,
UGC03539,102.22517,66.26136,0.0,0,0,0,-1,-1,1,1,1,1,0,22.5,191.683,7.389,72.1,132.932,0.438,88.754,87.996,3271.057,-20.568,24.715,-3.248,4.151,,,,
UGC03969,115.30979,27.61414,0.0,0,0,0,1,1,1,1,1,1,0,1.5,208.308,8.652,70.0,309.768,0.174,88.341,89.304,7950.684,-16.601,12.182,-7.744,7.744,-6.54,9.943,-92.508,60.048
UGC03969,115.30979,27.61414,0.0,0,0,0,1,1,1,1,1,1,0,4.5,143.196,8.328,70.0,328.334,0.174,88.341,89.304,7867.886,-14.029,10.376,-3.857,2.706,-12.843,11.643,-33.489,33.489
UGC03969,115.30979,27.61414,0.0,0,0,0,1,1,1,1,1,1,0,7.5,175.365,9.89,70.0,299.448,0.174,88.341,89.304,7903.699,-11.304,8.985,-4.367,3.118,-5.269,5.269,-5.569,6.682
UGC03969,115.30979,27.61414,0.0,0,0,0,1,1,1,1,1,1,0,10.5,204.07,7.823,70.0,300.935,0.174,88.341,89.304,7911.772,-7.649,8.954,-10.162,10.162,-2.832,2.832,-5.161,5.487
UGC03969,115.30979,27.61414,0.0,0,0,0,1,1,1,1,1,1,0,13.5,203.663,9.223,70.0,305.569,0.174,88.341,89.304,7925.79,-9.698,9.527,-6.363,9.36,-8.657,8.657,-6.179,6.886
UGC03969,115.30979,27.61414,0.0,0,0,0,1,1,1,1,1,1,0,16.5,211.504,9.178,70.0,308.207,0.174,88.341,89.304,7920.756,-13.729,10.622,-6.964,6.964,-4.185,2.832,-6.22,5.104
UGC03969,115.30979,27.61414,0.0,0,0,0,1,1,1,1,1,1,0,19.5,211.302,8.697,70.0,316.803,0.174,88.341,89.304,7908.979,-13.553,12.864,-2.262,2.909,-6.554,4.474,-17.316,16.628
UGC03969,115.30979,27.61414,0.0,0,0,0,1,1,1,1,1,1,0,22.5,210.607,7.5,70.0,323.147,0.174,88.341,89.304,7904.616,-17.025,14.071,-1.631,2.127,-5.496,4.352,-21.355,22.498
UGC03969,115.30979,27.61414,0.0,0,0,0,-1,-1,1,1,1,1,0,1.5,208.777,8.613,70.0,310.738,0.174,88.341,89.304,7910.376,-27.038,31.217,-4.123,4.123,,,,
UGC03969,115.30979,27.61414,0.0,0,0,0,-1,-1,1,1,1,1,0,4.5,92.336,39.577,70.0,310.738,0.174,88.341,89.304,7910.376,-15.5,14.412,-8.473,9.116,,,,
UGC03969,115.30979,27.61414,0.0,0,0,0,-1,-1,1,1,1,1,0,7.5,153.095,37.17,70.0,310.738,0.174,88.341,89.304,7910.376,-17.688,15.49,-9.654,7.347,,,,
UGC03969,115.30979,27.61414,0.0,0,0,0,-1,-1,1,1,1,1,0,10.5,205.676,11.316,70.0,310.738,0.174,88.341,89.304,7910.376,-12.783,10.314,-3.722,2.847,,,,
UGC03969,115.30979,27.61414,0.0,0,0,0,-1,-1,1,1,1,1,0,13.5,211.178,12.859,70.0,310.738,0.174,88.341,89.304,7910.376,-8.185,8.269,-9.467,9.467,,,,
UGC03969,115.30979,27.61414,0.0,0,0,0,-1,-1,1,1,1,1,0,16.5,211.621,9.004,70.0,310.738,0.174,88.341,89.304,7910.376,-6.925,5.863,-6.939,6.939,,,,
UGC03969,115.30979,27.61414,0.0,0,0,0,-1,-1,1,1,1,1,0,19.5,218.787,8.09,70.0,310.738,0.174,88.341,89.304,7910.376,-20.745,15.935,-4.068,5.181,,,,
UGC03969,115.30979,27.61414,0.0,0,0,0,-1,-1,1,1,1,1,0,22.5,216.232,7.406,70.0,310.738,0.174,88.341,89.304,7910.376,-16.783,12.649,-1.083,1.437,,,,
UGC03973,115.63667,49.80964,0.0,0,0,0,1,1,1,1,1,1,0,1.5,178.696,8.445,39.1,331.185,0.215,88.992,88.904,6467.53,-15.231,11.018,-5.112,5.112,-6.357,5.041,-5.086,4.032
UGC03973,115.63667,49.80964,0.0,0,0,0,1,1,1,1,1,1,0,4.5,188.298,7.787,39.1,316.609,0.215,88.992,88.904,6497.444,-35.687,35.687,-4.923,4.923,-11.142,11.142,-9.214,11.362
UGC03973,115.63667,49.80964,0.0,0,0,0,1,1,1,1,1,1,0,7.5,156.073,8.26,39.1,324.388,0.215,88.992,88.904,6522.531,-8.95,6.814,-1.38,1.765,-10.759,10.759,-5.272,4.835
UGC03973,115.63667,49.80964,0.0,0,0,0,1,1,1,1,1,1,0,10.5,205.696,8.103,39.1,320.641,0.215,88.992,88.904,6489.065,-29.011,21.256,-2.714,3.545,-10.261,11.876,-58.368,58.368
UGC03973,115.63667,49.80964,0.0,0,0,0,1,1,1,1,1,1,0,13.5,144.105,7.243,39.1,324.075,0.215,88.992,88.904,6518.021,-13.672,16.003,-1.284,1.689,-11.18,7.691,-6.534,6.346
UGC03973,115.63667,49.80964,0.0,0,0,0,1,1,1,1,1,1,0,16.5,190.052,8.125,39.1,328.129,0.215,88.992,88.904,6502.86,-22.609,22.609,-1.068,1.487,-5.389,4.095,-12.585,18.785
UGC03973,115.63667,49.80964,0.0,0,0,0,1,1,1,1,1,1,0,19.5,159.717,9.417,39.1,314.978,0.215,88.992,88.904,6518.098,-10.954,14.23,-1.526,2.008,-4.567,5.881,-13.843,12.424
UGC03973,115.63667,49.80964,0.0,0,0,0,1,1,1,1,1,1,0,22.5,175.586,8.866,39.1,318.712,0.215,88.992,88.904,6531.128,-18.996,23.212,-1.805,2.236,-2.246,2.964,-13.486,13.486
UGC03973,115.63667,49.80964,0.0,0,0,0,-1,-1,1,1,1,1,0,1.5,217.133,9.179,39.1,322.092,0.215,88.992,88.904,6510.44,-12.452,12.882,-2.93,3.738,,,,
UGC03973,115.63667,49.80964,0.0,0,0,0,-1,-1,1,1,1,1,0,4.5,174.47,8.908,39.1,322.092,0.215,88.992,88.904,6510.44,-19.388,10.41,-4.99,4.99,,,,
UGC03973,115.63667,49.80964,0.0,0,0,0,-1,-1,1,1,1,1,0,7.5,158.578,8.814,39.1,322.092,0.215,88.992,88.904,6510.44,-15.202,14.254,-3.489,3.928,,,,
UGC03973,115.63667,49.80964,0.0,0,0,0,-1,-1,1,1,1,1,0,10.5,155.539,9.157,39.1,322.092,0.215,88.992,88.904,6510.44,-18.284,14.063,-1.783,2.369,,,,
UGC03973,115.63667,49.80964,0.0,0,0,0,-1,-1,1,1,1,1,0,13.5,145.453,0.83,39.1,322.092,0.215,88.992,88.904,6510.44,-10.331,8.691,-3.132,3.132,,,,
UGC03973,115.63667,49.80964,0.0,0,0,0,-1,-1,1,1,1,1,0,16.5,143.221,4.118,39.1,322.092,0.215,88.992,88.904,6510.44,-31.147,17.39,-2.038,2.644,,,,
UGC03973,115.63667,49.80964,0.0,0,0,0,-1,-1,1,1,1,1,0,19.5,123.458,7.647,39.1,322.092,0.215,88.992,88.904,6510.44,-30.941,30.941,-3.49,2.929,,,,
UGC03973,115.63667,49.80964,0.0,0,0,0,-1,-1,1,1,1,1,0,22.5,208.728,0.534,39.1,322.092,0.215,88.992,88.904,6510.44,-42.364,46.775,-4.038,4.038,,,,
UGC04029,117.079,34.33231,0.0,0,0,0,1,1,1,1,1,1,0,1.5,220.485,8.41,77.6,239.512,0.325,89.495,89.116,4481.676,-12.555,14.864,-4.151,2.842,-6.315,9.704,-17.086,19.034
UGC04029,117.079,34.33231,0.0,0,0,0,1,1,1,1,1,1,0,4.5,178.774,8.234,77.6,248.17,0.325,89.495,89.116,4438.03,-9.556,11.895,-5.46,2.911,-3.119,3.939,-14.332,12.811
UGC04029,117.079,34.33231,0.0,0,0,0,1,1,1,1,1,1,0,7.5,174.323,8.538,77.6,249.959,0.325,89.495,89.116,4369.788,-12.353,12.866,-7.959,11.896,-2.799,2.551,-16.172,19.329
UGC04029,117.079,34.33231,0.0,0,0,0,1,1,1,1,1,1,0,10.5,96.882,11.028,77.6,242.662,0.325,89.495,89.116,4361.314,-7.59,7.942,-7.033,11.374,-2.677,3.533,-4.325,5.712
