dat_prof/bbarolo/gal_nrad8.csv
# %ECSV 0.9
# ---
# datatype:
# - {name: bbName, datatype: string, description: Galaxy Name}
# - {name: bbRad, unit: arcsec, datatype: float64, description: Galactocentric radius of ring}
# - {name: bbVrot, unit: km / s, datatype: float64}
# - {name: bbVrot_e1, unit: km / s, datatype: float64}
# - {name: bbVrot_e2, unit: km / s, datatype: float64}
# - {name: bbVdisp, unit: km / s, datatype: float64}
# - {name: bbVdisp_e1, unit: km / s, datatype: float64}
# - {name: bbVdisp_e2, unit: km / s, datatype: float64}
# - {name: bbXpos, unit: pix, datatype: float64}
# - {name: bbYpos, unit: pix, datatype: float64}
# - {name: bbVmean, unit: km / s, datatype: float64, description: 'Systemic velocity in radio defn, LSR frame'}
# - {name: bbVmean_e1, unit: km / s, datatype: float64}
# - {name: bbVmean_e2, unit: km / s, datatype: float64}
# - {name: bbPA, unit: deg, datatype: float64}
# - {name: bbPA_e1, unit: deg, datatype: float64}
# - {name: bbPA_e2, unit: deg, datatype: float64}
# - {name: bbInc, unit: deg, datatype: float64}
# - {name: bbZ0, unit: arcsec, datatype: float64, description: Scale height of disk in arcsec}
# - {name: bbVrotfit, unit: km / s, datatype: int64, description: 0=fixed to input value; 1=fitted per ring; -1=fixed to mean value of
#     previous fit}
# - {name: bbVdispfit, unit: km / s, datatype: int64, description: 0=fixed to input value; 1=fitted per ring; -1=fixed to mean value of
#     previous fit}
# - {name: bbXposfit, unit: pix, datatype: int64, description: 0=fixed to input value; 1=fitted per ring; -1=fixed to mean value of previous
#     fit}
# - {name: bbYposfit, unit: pix, datatype: int64, description: 0=fixed to input value; 1=fitted per ring; -1=fixed to mean value of previous
#     fit}
# - {name: bbVsysfit, unit: km / s, datatype: int64, description: 0=fixed to input value; 1=fitted per ring; -1=fixed to mean value of
#     previous fit}
# - {name: bbPAfit, unit: deg, datatype: int64, description: 0=fixed to input value; 1=fitted per ring; -1=fixed to mean value of previous
#     fit}
# - {name: bbIncfit, unit: deg, datatype: int64, description: 0=fixed to input value; 1=fitted per ring; -1=fixed to mean value of previous
#     fit}
# - {name: bbFtype, datatype: int64, description: 'Function to minimize: 1=chi-squared, 2=|mod-obs|'}
# - {name: bbWfunc, datatype: int64, description: 'Weighting function: 0=uniform, 1=|cos|, 2=cos^2'}
# - {name: bbFlag, datatype: int64, description: '=1 when some ringlog exits, but Bbarolo fails to produce at least one of the plots'}
# delimiter: ','
# schema: astropy-2.0
bbName,bbRad,bbVrot,bbVrot_e1,bbVrot_e2,bbVdisp,bbVdisp_e1,bbVdisp_e2,bbXpos,bbYpos,bbVmean,bbVmean_e1,bbVmean_e2,bbPA,bbPA_e1,bbPA_e2,bbInc,bbZ0,bbVrotfit,bbVdispfit,bbXposfit,bbYposfit,bbVsysfit,bbPAfit,bbIncfit,bbFtype,bbWfunc,bbFlag
[from data line 247]
NGC2347,10.5,280.527,-4.283,4.283,8.144,-3.289,3.289,79.551,78.727,4355.125,-2.62,2.692,7.903,-2.906,3.197,50.2,0.324,1,1,0,0,1,1,0,1,1,0
NGC2347,13.5,228.709,-9.325,9.084,8.006,-5.612,3.167,79.551,78.727,4396.04,-5.317,4.147,11.034,-6.328,4.338,50.2,0.324,1,1,0,0,1,1,0,1,1,0
NGC2347,16.5,282.069,-8.271,6.506,8.617,-2.59,3.327,79.551,78.727,4359.808,-3.662,3.698,3.231,-3.788,4.959,50.2,0.324,1,1,0,0,1,1,0,1,1,0
NGC2347,19.5,274.484,-9.674,10.046,7.533,-2.175,2.832,79.551,78.727,4368.193,-4.137,4.288,10.613,-4.698,4.273,50.2,0.324,1,1,0,0,1,1,0,1,1,0
NGC2347,22.5,251.206,-18.8,21.534,8.066,-2.483,3.189,79.551,78.727,4353.066,-7.195,9.165,3.932,-7.499,11.938,50.2,0.324,1,1,0,0,1,1,0,1,1,0
NGC2347,1.5,250.86,-25.252,19.097,12.097,-4.165,4.165,79.551,78.727,4355.429,,,8.449,,,50.2,0.324,1,1,0,0,-1,-1,0,1,1,0
NGC2347,4.5,265.38,-6.138,5.948,9.35,-4.286,5.738,79.551,78.727,4355.429,,,8.449,,,50.2,0.324,1,1,0,0,-1,-1,0,1,1,0
NGC2347,7.5,274.745,-5.319,4.337,9.735,-7.502,4.427,79.551,78.727,4355.429,,,8.449,,,50.2,0.324,1,1,0,0,-1,-1,0,1,1,0
NGC2347,10.5,280.527,-5.205,3.785,7.144,-3.98,3.98,79.551,78.727,4355.429,,,8.449,,,50.2,0.324,1,1,0,0,-1,-1,0,1,1,0
NGC2347,13.5,282.44,-5.25,6.798,6.526,-2.711,3.308,79.551,78.727,4355.429,,,8.449,,,50.2,0.324,1,1,0,0,-1,-1,0,1,1,0
NGC2347,16.5,286.756,-7.298,5.607,6.289,-4.154,4.154,79.551,78.727,4355.429,,,8.449,,,50.2,0.324,1,1,0,0,-1,-1,0,1,1,0
NGC2347,19.5,282.043,-13.034,9.614,8.263,-3.929,3.929,79.551,78.727,4355.429,,,8.449,,,50.2,0.324,1,1,0,0,-1,-1,0,1,1,0
NGC2347,22.5,269.956,-24.886,19.042,6.754,-2.737,3.498,79.551,78.727,4355.429,,,8.449,,,50.2,0.324,1,1,0,0,-1,-1,0,1,1,0
NGC2410,1.5,181.603,-8.509,11.432,8.236,-3.124,2.321,80.494,79.996,4704.416,-20.846,17.969,49.775,-8.12,7.931,71.6,0.306,1,1,0,0,1,1,0,1,1,0
NGC2410,4.5,175.991,-21.233,14.942,9.911,-4.065,3.049,80.494,79.996,4570.623,-18.931,30.432,43.278,-9.043,5.783,71.6,0.306,1,1,0,0,1,1,0,1,1,0
NGC2410,7.5,221.553,-19.923,15.582,8.339,-4.075,2.745,80.494,79.996,4609.647,-17.295,14.079,41.668,-5.74,4.324,71.6,0.306,1,1,0,0,1,1,0,1,1,0
NGC2410,10.5,246.572,-4.442,5.412,9.282,-6.781,6.781,80.494,79.996,4596.562,-3.673,3.823,36.846,-3.47,3.1,71.6,0.306,1,1,0,0,1,1,0,1,1,0
NGC2410,13.5,248.247,-8.737,7.727,7.216,-9.461,9.461,80.494,79.996,4597.604,-6.19,5.495,40.356,-6.563,4.792,71.6,0.306,1,1,0,0,1,1,0,1,1,0
NGC2410,16.5,238.933,-8.832,6.181,7.924,-4.061,5.175,80.494,79.996,4606.46,-4.012,3.446,36.003,-3.155,2.428,71.6,0.306,1,1,0,0,1,1,0,1,1,0
NGC2410,19.5,231.239,-9.857,7.501,8.83,-2.092,2.68,80.494,79.996,4609.51,-3.455,2.907,33.553,-1.873,1.447,71.6,0.306,1,1,0,0,1,1,0,1,1,0
NGC2410,22.5,219.208,-9.617,7.765,8.148,-1.53,1.951,80.494,79.996,4597.039,-3.472,3.323,30.396,-2.74,3.578,71.6,0.306,1,1,0,0,1,1,0,1,1,0
NGC2410,1.5,76.587,-5.46,6.731,31.428,-4.806,6.619,80.494,79.996,4602.032,,,38.618,,,71.6,0.306,1,1,0,0,-1,-1,0,1,1,0
NGC2410,4.5,83.425,-7.493,11.008,16.38,-1.711,1.243,80.494,79.996,4602.032,,,38.618,,,71.6,0.306,1,1,0,0,-1,-1,0,1,1,0
NGC2410,7.5,161.482,-27.245,26.319,52.185,-9.772,12.364,80.494,79.996,4602.032,,,38.618,,,71.6,0.306,1,1,0,0,-1,-1,0,1,1,0
NGC2410,10.5,244.58,-8.741,8.88,11.534,-7.215,7.215,80.494,79.996,4602.032,,,38.618,,,71.6,0.306,1,1,0,0,-1,-1,0,1,1,0
NGC2410,13.5,246.02,-7.803,7.762,7.237,-10.015,10.015,80.494,79.996,4602.032,,,38.618,,,71.6,0.306,1,1,0,0,-1,-1,0,1,1,0
NGC2410,16.5,238.464,-10.852,8.761,9.244,-5.057,6.472,80.494,79.996,4602.032,,,38.618,,,71.6,0.306,1,1,0,0,-1,-1,0,1,1,0
NGC2410,19.5,223.631,-8.434,8.658,0.508,-7.292,7.292,80.494,79.996,4602.032,,,38.618,,,71.6,0.306,1,1,0,0,-1,-1,0,1,1,0
NGC2410,22.5,224.694,-6.341,5.882,6.405,-2.308,2.923,80.494,79.996,4602.032,,,38.618,,,71.6,0.306,1,1,0,0,-1,-1,0,1,1,0
NGC2480,1.5,157.134,-19.383,13.437,8.918,-4.012,4.6,79.451,80.016,2195.08,-89.237,101.095,175.684,-28.158,29.783,55.4,0.624,1,1,0,0,1,1,0,1,1,0
NGC2480,4.5,92.556,-10.035,7.735,11.244,-2.186,2.186,79.451,80.016,2253.215,-4.348,4.135,159.117,-5.173,6.619,55.4,0.624,1,1,0,0,1,1,0,1,1,0
NGC2480,7.5,92.088,-10.396,9.663,9.802,-1.922,2.489,79.451,80.016,2359.655,-15.037,12.436,168.034,-6.839,6.147,55.4,0.624,1,1,0,0,1,1,0,1,1,0
NGC2480,10.5,20.615,-3.468,2.113,11.072,-0.478,0.573,79.451,80.016,2309.002,-2.069,1.754,153.343,-4.328,4.328,55.4,0.624,1,1,0,0,1,1,0,1,1,0
NGC2480,13.5,1.806,-0.472,0.472,13.918,-11.781,11.781,79.451,80.016,2321.243,-3.852,4.097,154.541,-3.156,4.136,55.4,0.624,1,1,0,0,1,1,0,1,1,0
NGC2480,16.5,235.207,-13.277,8.737,8.174,-4.25,4.335,79.451,80.016,2152.386,-5.686,4.284,166.569,-5.217,4.065,55.4,0.624,1,1,0,0,1,1,0,1,1,0
NGC2480,19.5,87.315,-8.401,6.125,10.963,-0.746,0.948,79.451,80.016,2269.388,-2.559,2.11,162.374,-1.09,1.366,55.4,0.624,1,1,0,0,1,1,0,1,1,0
NGC2480,22.5,209.276,-21.398,16.128,8.197,-1.584,2.129,79.451,80.016,2227.771,-14.757,13.94,151.67,-1.807,1.406,55.4,0.624,1,1,0,0,1,1,0,1,1,0
NGC2480,1.5,81.88,-11.79,16.132,11.467,-7.339,7.339,79.451,80.016,2261.302,,,160.663,,,55.4,0.624,1,1,0,0,-1,-1,0,1,1,0
NGC2480,4.5,85.144,-11.838,9.183,9.184,-4.153,3.978,79.451,80.016,2261.302,,,160.663,,,55.4,0.624,1,1,0,0,-1,-1,0,1,1,0
NGC2480,7.5,73.807,-11.149,9.112,8.857,-1.927,2.462,79.451,80.016,2261.302,,,160.663,,,55.4,0.624,1,1,0,0,-1,-1,0,1,1,0
NGC2480,10.5,78.908,-5.891,7.073,0.711,-4.798,4.798,79.451,80.016,2261.302,,,160.663,,,55.4,0.624,1,1,0,0,-1,-1,0,1,1,0
NGC2480,13.5,1.806,-0.547,0.547,34.615,-7.715,9.665,79.451,80.016,2261.302,,,160.663,,,55.4,0.624,1,1,0,0,-1,-1,0,1,1,0
NGC2480,16.5,96.581,-11.424,15.464,14.001,-0.528,0.625,79.451,80.016,2261.302,,,160.663,,,55.4,0.624,1,1,0,0,-1,-1,0,1,1,0
NGC2480,19.5,97.997,-7.904,7.799,10.986,-3.747,2.411,79.451,80.016,2261.302,,,160.663,,,55.4,0.624,1,1,0,0,-1,-1,0,1,1,0
NGC2480,22.5,61.444,-13.969,12.536,10.903,-1.978,1.684,79.451,80.016,2261.302,,,160.663,,,55.4,0.624,1,1,0,0,-1,-1,0,1,1,0
NGC2487,1.5,173.132,-4.622,4.146,9.848,-10.049,10.049,80.543,79.992,4759.588,-3.668,3.549,298.295,-4.585,4.436,31.4,0.293,1,1,0,0,1,1,0,1,1,0
NGC2487,4.5,171.786,-8.14,7.381,8.436,-5.155,6.143,80.543,79.992,4758.599,-4.647,4.704,300.484,-5.293,5.293,31.4,0.293,1,1,0,0,1,1,0,1,1,0
NGC2487,7.5,173.715,-22.74,17.048,8.395,-6.169,4.041,80.543,79.992,4760.079,-17.446,14.884,299.075,-11.589,8.993,31.4,0.293,1,1,0,0,1,1,0,1,1,0
NGC2487,10.5,4.576,-1.258,1.258,6.739,-2.129,2.129,80.543,79.992,4805.462,-45.206,36.125,309.698,-8.959,8.959,31.4,0.293,1,1,0,0,1,1,0,1,1,0
NGC2487,13.5,191.902,-13.343,17.446,8.202,-1.786,2.279,80.543,79.992,4639.938,-158.205,203.608,312.323,-43.333,55.833,31.4,0.293,1,1,0,0,1,1,0,1,1,0
NGC2487,16.5,137.751,-12.318,15.886,9.206,-1.118,1.391,80.543,79.992,4674.914,-163.81,253.283,308.891,-44.311,67.64,31.4,0.293,1,1,0,0,1,1,0,1,1,0
NGC2487,19.5,146.686,-12.761,14.593,2.983,-2.834,3.564,80.543,79.992,4714.775,-5.329,5.864,293.722,-5.72,5.299,31.4,0.293,1,1,0,0,1,1,0,1,1,0
NGC2487,22.5,236.223,-18.64,17.248,4.539,-1.787,2.309,80.543,79.992,4730.954,-6.077,5.86,311.277,-3.881,3.881,31.4,0.293,1,1,0,0,1,1,0,1,1,0
NGC2487,1.5,167.454,-5.284,7.911,14.537,-2.6,3.942,80.543,79.992,4744.776,,,304.62,,,31.4,0.293,1,1,0,0,-1,-1,0,1,1,0
NGC2487,4.5,173.852,-10.636,11.412,10.119,-4.281,5.249,80.543,79.992,4744.776,,,304.62,,,31.4,0.293,1,1,0,0,-1,-1,0,1,1,0
NGC2487,7.5,197.347,-20.262,14.268,5.323,-4.234,3.955,80.543,79.992,4744.776,,,304.62,,,31.4,0.293,1,1,0,0,-1,-1,0,1,1,0
NGC2487,10.5,4.576,-2.327,3.458,6.497,-4.654,6.917,80.543,79.992,4744.776,,,304.62,,,31.4,0.293,1,1,0,0,-1,-1,0,1,1,0
NGC2487,13.5,131.521,-31.744,24.234,7.001,-1.502,1.905,80.543,79.992,4744.776,,,304.62,,,31.4,0.293,1,1,0,0,-1,-1,0,1,1,0
NGC2487,16.5,0.004,-0.73,0.924,7.484,-1.461,1.847,80.543,79.992,4744.776,,,304.62,,,31.4,0.293,1,1,0,0,-1,-1,0,1,1,0
NGC2487,19.5,220.485,-29.505,24.781,2.617,-2.028,2.626,80.543,79.992,4744.776,,,304.62,,,31.4,0.293,1,1,0,0,-1,-1,0,1,1,0
NGC2487,22.5,243.353,-14.782,15.009,0.832,-3.057,3.057,80.543,79.992,4744.776,,,304.62,,,31.4,0.293,1,1,0,0,-1,-1,0,1,1,0
NGC2623,1.5,176.517,-4.469,4.144,65.649,-3.719,2.953,80.281,79.704,5430.341,-4.724,4.302,78.76,-10.709,10.11,45.6,0.257,1,1,0,0,1,1,0,1,1,0
NGC2623,4.5,92.503,-13.627,10.132,106.722,-5.542,5.004,80.281,79.704,5428.229,-7.366,6.358,72.431,-10.296,10.296,45.6,0.257,1,1,0,0,1,1,0,1,1,0
NGC2623,7.5,233.456,-20.591,15.781,8.717,-3.016,2.33,80.281,79.704,5440.278,-14.828,15.203,77.534,-5.424,5.424,45.6,0.257,1,1,0,0,1,1,0,1,1,0
NGC2623,10.5,234.394,-23.0,17.862,8.55,-9.983,10.229,80.281,79.704,5434.492,-11.992,14.907,72.05,-4.94,8.149,45.6,0.257,1,1,0,0,1,1,0,1,1,0
NGC2623,13.5,187.644,-49.575,35.021,8.971,-2.579,3.344,80.281,79.704,5416.67,-25.083,21.193,77.419,-5.292,8.797,45.6,0.257,1,1,0,0,1,1,0,1,1,0
NGC2623,16.5,13.06,-6.663,5.967,12.344,-6.697,5.257,80.281,79.704,5377.152,-12.025,10.679,72.616,-7.931,7.931,45.6,0.257,1,1,0,0,1,1,0,1,1,0
NGC2623,19.5,6.068,-1.982,1.982,8.19,-3.305,2.198,80.281,79.704,5374.051,-2.96,2.683,84.917,-6.553,6.553,45.6,0.257,1,1,0,0,1,1,0,1,1,0
NGC2623,22.5,0.123,-0.49,0.481,10.282,-1.254,1.23,80.281,79.704,5370.97,-0.314,0.308,89.977,-0.392,0.385,45.6,0.257,1,1,0,0,1,1,0,1,1,0
NGC2623,1.5,174.45,-3.694,4.877,63.248,-2.355,3.434,80.281,79.704,5422.449,,,77.28,,,45.6,0.257,1,1,0,0,-1,-1,0,1,1,0
NGC2623,4.5,95.051,-16.288,12.172,104.721,-5.838,5.66,80.281,79.704,5422.449,,,77.28,,,45.6,0.257,1,1,0,0,-1,-1,0,1,1,0
NGC2623,7.5,112.372,-22.517,22.851,92.317,-9.87,11.927,80.281,79.704,5422.449,,,77.28,,,45.6,0.257,1,1,0,0,-1,-1,0,1,1,0
NGC2623,10.5,195.254,-25.849,37.291,15.093,-5.745,4.371,80.281,79.704,5422.449,,,77.28,,,45.6,0.257,1,1,0,0,-1,-1,0,1,1,0
NGC2623,13.5,183.407,-30.75,35.026,0.637,-5.541,5.541,80.281,79.704,5422.449,,,77.28,,,45.6,0.257,1,1,0,0,-1,-1,0,1,1,0
NGC2623,16.5,5.247,-4.198,3.401,23.594,-8.396,6.801,80.281,79.704,5422.449,,,77.28,,,45.6,0.257,1,1,0,0,-1,-1,0,1,1,0
NGC2623,19.5,6.068,-1.734,1.414,11.739,-4.005,5.4,80.281,79.704,5422.449,,,77.28,,,45.6,0.257,1,1,0,0,-1,-1,0,1,1,0
NGC2623,22.5,0.123,-0.836,1.073,10.282,-1.671,2.145,80.281,79.704,5422.449,,,77.28,,,45.6,0.257,1,1,0,0,-1,-1,0,1,1,0
NGC2639,1.5,228.276,-12.901,12.944,7.991,-5.117,6.608,80.184,80.116,3163.958,-59.644,53.348,135.329,-7.982,7.982,49.5,0.451,1,1,0,0,1,1,0,1,1,0
NGC2639,4.5,261.097,-13.9,12.81,7.933,-9.445,9.445,80.184,80.116,3172.847,-19.119,26.034,133.266,-11.705,10.671,49.5,0.451,1,1,0,0,1,1,0,1,1,0
NGC2639,7.5,289.523,-13.393,10.836,8.618,-3.719,3.719,80.184,80.116,3181.846,-15.717,12.74,130.827,-11.066,11.18,49.5,0.451,1,1,0,0,1,1,0,1,1,0
NGC2639,10.5,332.823,-7.645,7.311,6.815,-5.358,5.358,80.184,80.116,3153.619,-4.419,4.686,133.59,-4.671,6.074,49.5,0.451,1,1,0,0,1,1,0,1,1,0
NGC2639,13.5,345.852,-7.554,8.532,9.369,-3.629,5.025,80.184,80.116,3154.585,-5.02,5.614,138.286,-8.899,8.899,49.5,0.451,1,1,0,0,1,1,0,1,1,0
NGC2639,16.5,233.496,-22.336,30.347,7.74,-2.763,2.107,80.184,80.116,3067.592,-33.788,41.532,144.979,-14.722,18.497,49.5,0.451,1,1,0,0,1,1,0,1,1,0
NGC2639,19.5,219.253,-9.839,14.096,8.859,-2.914,2.287,80.184,80.116,3264.005,-11.403,10.827,134.768,-10.093,8.063,49.5,0.451,1,1,0,0,1,1,0,1,1,0
NGC2639,22.5,246.229,-11.257,11.131,8.315,-4.247,2.942,80.184,80.116,3062.674,-39.165,48.635,134.29,-7.05,6.316,49.5,0.451,1,1,0,0,1,1,0,1,1,0
NGC2639,1.5,234.559,-17.719,14.16,8.024,-6.36,7.885,80.184,80.116,3159.272,,,134.921,,,49.5,0.451,1,1,0,0,-1,-1,0,1,1,0
NGC2639,4.5,261.683,-18.398,20.335,8.908,-7.241,9.129,80.184,80.116,3159.272,,,134.921,,,49.5,0.451,1,1,0,0,-1,-1,0,1,1,0
NGC2639,7.5,319.581,-9.417,11.571,8.656,-4.708,5.786,80.184,80.116,3159.272,,,134.921,,,49.5,0.451,1,1,0,0,-1,-1,0,1,1,0
NGC2639,10.5,329.659,-8.732,8.36,11.836,-5.745,7.469,80.184,80.116,3159.272,,,134.921,,,49.5,0.451,1,1,0,0,-1,-1,0,1,1,0
NGC2639,13.5,342.923,-7.73,8.279,14.887,-5.114,6.027,80.184,80.116,3159.272,,,134.921,,,49.5,0.451,1,1,0,0,-1,-1,0,1,1,0
NGC2639,16.5,358.82,-5.4,4.279,10.688,-6.01,7.113,80.184,80.116,3159.272,,,134.921,,,49.5,0.451,1,1,0,0,-1,-1,0,1,1,0
NGC2639,19.5,368.033,-7.242,8.309,8.591,-5.039,5.039,80.184,80.116,3159.272,,,134.921,,,49.5,0.451,1,1,0,0,-1,-1,0,1,1,0
NGC2639,22.5,242.178,-56.958,56.958,29.816,-9.319,10.888,80.184,80.116,3159.272,,,134.921,,,49.5,0.451,1,1,0,0,-1,-1,0,1,1,0
NGC2730,1.5,154.568,-19.244,14.255,9.287,-2.574,2.28,79.564,80.116,3816.982,-11.01,9.249,74.638,-8.222,8.222,27.7,0.377,1,1,0,0,1,1,0,1,1,0
NGC2730,4.5,176.917,-8.027,8.027,8.828,-1.171,1.453,79.564,80.116,3732.485,-18.97,24.227,88.188,-6.364,4.962,27.7,0.377,1,1,0,0,1,1,0,1,1,0
NGC2730,7.5,47.035,-12.298,10.22,9.515,-3.516,3.516,79.564,80.116,3787.798,-11.821,9.482,84.101,-11.069,10.159,27.7,0.377,1,1,0,0,1,1,0,1,1,0
NGC2730,10.5,190.349,-23.445,17.484,8.909,-1.944,2.535,79.564,80.116,3738.797,-11.996,14.573,95.346,-10.803,10.803,27.7,0.377,1,1,0,0,1,1,0,1,1,0
NGC2730,13.5,207.381,-14.807,14.703,8.267,-1.706,2.18,79.564,80.116,3735.722,-8.858,8.412,87.125,-6.343,6.324,27.7,0.377,1,1,0,0,1,1,0,1,1,0
NGC2730,16.5,133.286,-6.882,5.892,0.522,-1.846,1.846,79.564,80.116,3771.244,-3.814,3.567,73.454,-6.529,6.529,27.7,0.377,1,1,0,0,1,1,0,1,1,0
NGC2730,19.5,133.739,-15.051,11.248,9.749,-1.0,1.236,79.564,80.116,3775.66,-4.351,3.896,69.933,-9.922,9.922,27.7,0.377,1,1,0,0,1,1,0,1,1,0
NGC2730,22.5,130.477,-13.787,19.365,7.268,-0.984,1.218,79.564,80.116,3777.271,-6.818,8.271,69.297,-12.503,12.503,27.7,0.377,1,1,0,0,1,1,0,1,1,0
NGC2730,1.5,76.404,-6.142,4.829,10.074,-3.994,3.073,79.564,80.116,3773.452,,,79.573,,,27.7,0.377,1,1,0,0,-1,-1,0,1,1,0
NGC2730,4.5,71.716,-11.16,8.358,11.27,-1.085,0.791,79.564,80.116,3773.452,,,79.573,,,27.7,0.377,1,1,0,0,-1,-1,0,1,1,0
NGC2730,7.5,97.133,-12.119,8.717,7.856,-1.642,1.642,79.564,80.116,3773.452,,,79.573,,,27.7,0.377,1,1,0,0,-1,-1,0,1,1,0
NGC2730,10.5,105.627,-6.483,5.333,0.056,-2.113,2.113,79.564,80.116,3773.452,,,79.573,,,27.7,0.377,1,1,0,0,-1,-1,0,1,1,0
NGC2730,13.5,120.83,-6.137,4.418,0.124,-2.645,2.645,79.564,80.116,3773.452,,,79.573,,,27.7,0.377,1,1,0,0,-1,-1,0,1,1,0
NGC2730,16.5,128.715,-5.609,6.935,0.884,-1.927,1.927,79.564,80.116,3773.452,,,79.573,,,27.7,0.377,1,1,0,0,-1,-1,0,1,1,0
NGC2730,19.5,129.153,-6.262,8.389,0.09,-2.386,2.386,79.564,80.116,3773.452,,,79.573,,,27.7,0.377,1,1,0,0,-1,-1,0,1,1,0
NGC2730,22.5,142.29,-13.988,10.806,0.579,-3.385,3.385,79.564,80.116,3773.452,,,79.573,,,27.7,0.377,1,1,0,0,-1,-1,0,1,1,0
NGC2906,1.5,189.371,-11.397,8.617,9.03,-5.353,8.853,79.691,80.008,2089.464,-28.393,32.092,85.347,-2.301,2.889,55.7,0.547,1,1,0,0,1,1,0,1,1,0
NGC2906,4.5,127.964,-6.259,6.486,6.372,-6.113,6.113,79.691,80.008,2141.025,-3.917,4.25,85.128,-3.296,4.4,55.7,0.547,1,1,0,0,1,1,0,1,1,0
NGC2906,7.5,180.995,-7.49,7.049,8.992,-3.079,3.933,79.691,80.008,2121.294,-7.325,8.548,72.34,-9.755,9.755,55.7,0.547,1,1,0,0,1,1,0,1,1,0
NGC2906,10.5,183.342,-7.149,4.908,9.37,-1.788,2.298,79.691,80.008,2124.056,-3.449,2.714,74.824,-4.858,3.651,55.7,0.547,1,1,0,0,1,1,0,1,1,0
NGC2906,13.5,178.298,-4.051,4.756,9.002,-1.526,1.985,79.691,80.008,2123.523,-2.247,2.336,80.674,-3.411,2.604,55.7,0.547,1,1,0,0,1,1,0,1,1,0
NGC2906,16.5,180.015,-4.58,5.746,9.356,-1.189,1.527,79.691,80.008,2120.855,-2.069,2.73,79.508,-2.507,3.647,55.7,0.547,1,1,0,0,1,1,0,1,1,0
NGC2906,19.5,184.713,-3.075,3.994,8.936,-1.009,1.289,79.691,80.008,2118.048,-1.734,2.016,81.114,-2.853,2.782,55.7,0.547,1,1,0,0,1,1,0,1,1,0
NGC2906,22.5,193.176,-6.412,5.188,8.585,-1.244,1.62,79.691,80.008,2116.256,-2.829,2.454,84.15,-3.662,3.008,55.7,0.547,1,1,0,0,1,1,0,1,1,0
NGC2906,1.5,83.144,-6.89,9.167,23.023,-4.231,7.455,79.691,80.008,2121.074,,,80.9,,,55.7,0.547,1,1,0,0,-1,-1,0,1,1,0
NGC2906,4.5,91.167,-10.581,10.581,9.516,-2.718,2.113,79.691,80.008,2121.074,,,80.9,,,55.7,0.547,1,1,0,0,-1,-1,0,1,1,0
NGC2906,7.5,181.315,-8.241,6.155,8.84,-3.523,4.543,79.691,80.008,2121.074,,,80.9,,,55.7,0.547,1,1,0,0,-1,-1,0,1,1,0
NGC2906,10.5,181.789,-6.2,4.894,8.556,-2.054,2.669,79.691,80.008,2121.074,,,80.9,,,55.7,0.547,1,1,0,0,-1,-1,0,1,1,0
NGC2906,13.5,180.173,-5.063,4.068,8.471,-1.821,2.367,79.691,80.008,2121.074,,,80.9,,,55.7,0.547,1,1,0,0,-1,-1,0,1,1,0
