dat_prof/bbarolo/gal_nrad8_vdisp8_densprof.csv
# %ECSV 0.9
# ---
# datatype:
# - {name: bbName, datatype: string}
# - {name: RADIUS, unit: arcsec, datatype: float64}
# - {name: NPIX, datatype: int64, description: number of pixels in ring}
# - {name: SURFDENS, unit: (Jy*km/s)/arcsec**2, datatype: float64, description: 'average intensity in ring, not corrected for inclination'}
# - {name: ERR_SD, unit: (Jy*km/s)/arcsec**2, datatype: float64, description: standard deviation of intensity in ring}
# delimiter: ','
# meta: !!omap
# - {comments: ''}
# schema: astropy-2.0
bbName,RADIUS,NPIX,SURFDENS,ERR_SD
ARP220,1.5,24,4.947,0.5913
ARP220,4.5,73,2.522,0.84
ARP220,7.5,123,0.7104,0.3833
ARP220,10.5,172,0.1473,0.1111
ARP220,13.5,181,0.03488,0.03044
ARP220,16.5,127,0.02459,0.01803
ARP220,19.5,110,0.02507,0.01779
ARP220,22.5,89,0.02657,0.02555
IC0480,1.5,6,0.4701,0.01745
IC0480,4.5,20,0.4092,0.04424
IC0480,7.5,31,0.32,0.06751
IC0480,10.5,47,0.2431,0.07061
IC0480,13.5,57,0.1737,0.06188
IC0480,16.5,74,0.1296,0.05814
IC0480,19.5,82,0.08691,0.04827
IC0480,22.5,97,0.05835,0.03894
IC0540,1.5,10,0.1787,0.03672
IC0540,4.5,31,0.1321,0.06296
IC0540,7.5,51,0.08359,0.05794
IC0540,10.5,59,0.0524,0.04356
IC0540,13.5,45,0.0412,0.03341
IC0540,16.5,38,0.02952,0.02294
IC0540,19.5,35,0.02061,0.01387
IC0540,22.5,30,0.01372,0.008209
IC0944,1.5,7,0.4214,0.0297
IC0944,4.5,22,0.3383,0.06536
IC0944,7.5,35,0.2552,0.07436
IC0944,10.5,52,0.1955,0.06593
IC0944,13.5,65,0.1515,0.05089
IC0944,16.5,81,0.1165,0.03822
IC0944,19.5,95,0.08922,0.0298
IC0944,22.5,109,0.0677,0.02552
IC1199,1.5,12,0.1733,0.01926
IC1199,4.5,36,0.1266,0.03438
IC1199,7.5,61,0.08623,0.0332
IC1199,10.5,85,0.06913,0.02154
IC1199,13.5,110,0.06006,0.01594
IC1199,16.5,132,0.04856,0.01328
IC1199,19.5,157,0.03551,0.01005
IC1199,22.5,176,0.02232,0.008689
IC1683,1.5,17,0.7854,0.07479
IC1683,4.5,48,0.5275,0.1311
IC1683,7.5,81,0.2625,0.1164
IC1683,10.5,114,0.1168,0.07399
IC1683,13.5,134,0.05659,0.04596
IC1683,16.5,109,0.03904,0.03086
IC1683,19.5,83,0.02675,0.01963
IC1683,22.5,61,0.01709,0.01142
IC2247,1.5,5,0.2881,0.01146
IC2247,4.5,18,0.2552,0.0234
IC2247,7.5,30,0.2205,0.02487
IC2247,10.5,42,0.1852,0.02651
IC2247,13.5,54,0.1507,0.02673
IC2247,16.5,65,0.1201,0.02739
IC2247,19.5,78,0.09045,0.02923
IC2247,22.5,90,0.06473,0.02835
IC2487,1.5,6,0.1638,0.00807
IC2487,4.5,16,0.1427,0.01738
IC2487,7.5,31,0.1256,0.01772
IC2487,10.5,40,0.1153,0.01501
IC2487,13.5,53,0.1008,0.01918
IC2487,16.5,65,0.08303,0.02534
IC2487,19.5,77,0.06475,0.02853
IC2487,22.5,86,0.0535,0.02636
IC4566,1.5,16,0.01978,0.0114
IC4566,4.5,49,0.02535,0.01453
IC4566,7.5,84,0.02844,0.01612
IC4566,10.5,116,0.04055,0.01826
IC4566,13.5,149,0.04935,0.01694
IC4566,16.5,186,0.04921,0.01815
IC4566,19.5,214,0.04099,0.02012
IC4566,22.5,244,0.02828,0.01877
NGC0447,1.5,25,0.2726,0.02319
NGC0447,4.5,74,0.1629,0.04089
NGC0447,7.5,123,0.05645,0.02909
NGC0447,10.5,143,0.01425,0.01227
NGC0447,13.5,77,0.008358,0.00624
NGC0447,16.5,39,0.005716,0.002742
NGC0447,19.5,46,0.007592,0.003481
NGC0447,22.5,73,0.0112,0.005895
NGC0477,1.5,13,0.04798,0.01862
NGC0477,4.5,42,0.04564,0.01892
NGC0477,7.5,70,0.03436,0.01273
NGC0477,10.5,96,0.02589,0.01226
NGC0477,13.5,107,0.02401,0.01197
NGC0477,16.5,135,0.01961,0.0132
NGC0477,19.5,157,0.01908,0.01462
NGC0477,22.5,180,0.01979,0.01377
NGC0496,1.5,15,0.1711,0.007076
NGC0496,4.5,46,0.1425,0.01412
NGC0496,7.5,77,0.1028,0.01676
NGC0496,10.5,106,0.06715,0.01706
NGC0496,13.5,139,0.04133,0.01399
NGC0496,16.5,169,0.02576,0.01059
NGC0496,19.5,174,0.01671,0.007941
NGC0496,22.5,162,0.01118,0.005739
NGC0523,1.5,9,0.2337,0.01702
NGC0523,4.5,26,0.1823,0.04129
NGC0523,7.5,44,0.1262,0.05228
NGC0523,10.5,62,0.09586,0.04678
NGC0523,13.5,78,0.07922,0.04558
NGC0523,16.5,100,0.06568,0.05282
NGC0523,19.5,103,0.0636,0.06063
NGC0523,22.5,101,0.06601,0.06784
NGC0551,1.5,12,0.02034,0.002638
NGC0551,4.5,37,0.0217,0.005456
NGC0551,7.5,58,0.02609,0.01445
NGC0551,10.5,78,0.03064,0.01714
NGC0551,13.5,100,0.03556,0.01553
NGC0551,16.5,126,0.03716,0.0139
NGC0551,19.5,150,0.03386,0.01172
NGC0551,22.5,174,0.02566,0.01013
NGC1167,1.5,0,0.0,0.0
NGC1167,4.5,0,0.0,0.0
NGC1167,7.5,0,0.0,0.0
NGC1167,10.5,0,0.0,0.0
NGC1167,13.5,0,0.0,0.0
NGC1167,16.5,2,0.006433,0.001459
NGC1167,19.5,37,0.007527,0.002749
NGC1167,22.5,163,0.0113,0.007716
NGC2253,1.5,19,0.4876,0.05631
NGC2253,4.5,58,0.292,0.09451
NGC2253,7.5,93,0.1593,0.05478
NGC2253,10.5,136,0.1331,0.0191
NGC2253,13.5,168,0.1211,0.02261
NGC2253,16.5,212,0.0919,0.02845
NGC2253,19.5,251,0.06719,0.02442
NGC2253,22.5,283,0.05044,0.02157
NGC2347,1.5,18,0.2394,0.01153
NGC2347,4.5,54,0.2006,0.02041
NGC2347,7.5,90,0.1548,0.02008
NGC2347,10.5,126,0.1107,0.0178
NGC2347,13.5,162,0.07454,0.01638
NGC2347,16.5,199,0.04821,0.01502
NGC2347,19.5,235,0.02937,0.01144
NGC2347,22.5,270,0.0163,0.009567
NGC2410,1.5,9,0.1961,0.006741
NGC2410,4.5,26,0.188,0.0138
NGC2410,7.5,44,0.171,0.0236
NGC2410,10.5,62,0.1487,0.03077
NGC2410,13.5,80,0.1197,0.03841
NGC2410,16.5,98,0.08914,0.0436
NGC2410,19.5,115,0.06638,0.04006
NGC2410,22.5,130,0.05166,0.03196
NGC2480,1.5,16,0.06818,0.006652
NGC2480,4.5,46,0.04758,0.01074
NGC2480,7.5,79,0.02769,0.009979
NGC2480,10.5,99,0.02009,0.01698
NGC2480,13.5,53,0.0314,0.02754
NGC2480,16.5,37,0.03711,0.02463
NGC2480,19.5,31,0.02876,0.01576
NGC2480,22.5,23,0.01433,0.007098
NGC2487,1.5,24,0.2482,0.02954
NGC2487,4.5,72,0.1249,0.04469
NGC2487,7.5,112,0.0338,0.02104
NGC2487,10.5,106,0.01644,0.009791
NGC2487,13.5,93,0.01426,0.007742
NGC2487,16.5,132,0.0111,0.006519
NGC2487,19.5,160,0.01901,0.01031
NGC2487,22.5,199,0.02789,0.01316
NGC2623,1.5,19,1.481,0.1504
NGC2623,4.5,59,0.8309,0.2655
NGC2623,7.5,98,0.2867,0.1734
NGC2623,10.5,137,0.07437,0.07116
NGC2623,13.5,126,0.02199,0.02211
NGC2623,16.5,83,0.01044,0.01026
NGC2623,19.5,54,0.007648,0.007532
NGC2623,22.5,31,0.007559,0.004719
NGC2639,1.5,18,0.0669,0.01645
NGC2639,4.5,55,0.07326,0.01502
NGC2639,7.5,92,0.09541,0.0186
NGC2639,10.5,128,0.1167,0.03082
NGC2639,13.5,165,0.1142,0.03966
NGC2639,16.5,201,0.08815,0.03954
NGC2639,19.5,239,0.05664,0.03156
NGC2639,22.5,256,0.03297,0.0208
NGC2730,1.5,25,0.0507,0.01073
NGC2730,4.5,73,0.03063,0.0155
NGC2730,7.5,112,0.02363,0.009636
NGC2730,10.5,159,0.0195,0.008946
NGC2730,13.5,196,0.01901,0.008524
NGC2730,16.5,235,0.01816,0.007475
NGC2730,19.5,271,0.01438,0.006951
NGC2730,22.5,243,0.01228,0.005947
NGC2906,1.5,15,0.1929,0.01451
NGC2906,4.5,48,0.1451,0.03001
NGC2906,7.5,78,0.09663,0.03221
NGC2906,10.5,114,0.08019,0.0291
NGC2906,13.5,139,0.07818,0.03062
NGC2906,16.5,178,0.07261,0.03125
NGC2906,19.5,195,0.062,0.02499
NGC2906,22.5,230,0.04435,0.01946
NGC2916,1.5,0,0.0,0.0
NGC2916,4.5,0,0.007371,0.000677
NGC2916,7.5,20,0.007129,0.002517
NGC2916,10.5,41,0.008999,0.007043
NGC2916,13.5,76,0.0153,0.007638
NGC2916,16.5,108,0.02072,0.009707
NGC2916,19.5,134,0.02558,0.01189
NGC2916,22.5,163,0.0289,0.01289
NGC3303,1.5,14,0.1931,0.03542
NGC3303,4.5,40,0.154,0.0611
NGC3303,7.5,70,0.1011,0.06872
NGC3303,10.5,91,0.05959,0.05414
NGC3303,13.5,77,0.0412,0.03479
NGC3303,16.5,62,0.02178,0.01379
NGC3303,19.5,50,0.01045,0.005943
NGC3303,22.5,26,0.005618,0.003909
NGC3381,1.5,24,0.07315,0.01315
NGC3381,4.5,74,0.03974,0.02161
NGC3381,7.5,68,0.02158,0.01744
NGC3381,10.5,50,0.02079,0.01503
NGC3381,13.5,50,0.02158,0.01257
NGC3381,16.5,65,0.02199,0.008449
NGC3381,19.5,85,0.0218,0.007886
NGC3381,22.5,112,0.01896,0.007762
NGC3811,1.5,21,0.5039,0.04642
NGC3811,4.5,66,0.3047,0.08076
NGC3811,7.5,107,0.1251,0.05193
NGC3811,10.5,153,0.04531,0.02155
NGC3811,13.5,193,0.02604,0.01083
NGC3811,16.5,229,0.02816,0.01342
NGC3811,19.5,256,0.03504,0.01718
NGC3811,22.5,275,0.03039,0.015
NGC3815,1.5,13,0.0987,0.005761
NGC3815,4.5,43,0.1036,0.01364
NGC3815,7.5,70,0.1051,0.02042
NGC3815,10.5,99,0.09645,0.02339
NGC3815,13.5,128,0.072,0.02162
NGC3815,16.5,151,0.0395,0.01715
NGC3815,19.5,170,0.01973,0.01255
NGC3815,22.5,151,0.01644,0.00902
NGC3994,1.5,14,0.3584,0.01466
NGC3994,4.5,43,0.3147,0.02952
NGC3994,7.5,72,0.2404,0.04243
NGC3994,10.5,100,0.1502,0.04328
NGC3994,13.5,128,0.0769,0.03544
NGC3994,16.5,143,0.03638,0.02421
NGC3994,19.5,123,0.02708,0.01352
NGC3994,22.5,107,0.02164,0.009507
NGC4047,1.5,21,0.4237,0.0168
NGC4047,4.5,62,0.379,0.03308
NGC4047,7.5,105,0.3173,0.03627
NGC4047,10.5,146,0.2368,0.03305
NGC4047,13.5,189,0.1626,0.03107
NGC4047,16.5,228,0.1077,0.03126
NGC4047,19.5,274,0.06344,0.02578
NGC4047,22.5,303,0.03337,0.01671
NGC4149,1.5,11,0.5284,0.02163
NGC4149,4.5,32,0.4259,0.04326
NGC4149,7.5,58,0.3012,0.04651
NGC4149,10.5,79,0.1915,0.04018
NGC4149,13.5,101,0.108,0.03413
NGC4149,16.5,127,0.05355,0.0274
NGC4149,19.5,136,0.02306,0.01696
NGC4149,22.5,86,0.01069,0.00722
NGC4185,1.5,13,0.009505,0.00268
NGC4185,4.5,50,0.01526,0.005194
NGC4185,7.5,80,0.02095,0.01038
NGC4185,10.5,94,0.02434,0.01372
NGC4185,13.5,112,0.02429,0.01027
NGC4185,16.5,141,0.02645,0.0115
NGC4185,19.5,168,0.02596,0.0144
NGC4185,22.5,158,0.02584,0.01185
NGC4210,1.5,21,0.0336,0.006521
NGC4210,4.5,65,0.02054,0.01123
NGC4210,7.5,106,0.02004,0.007862
NGC4210,10.5,148,0.02983,0.008438
NGC4210,13.5,192,0.03584,0.008815
NGC4210,16.5,234,0.03405,0.009883
NGC4210,19.5,278,0.0278,0.008922
NGC4210,22.5,318,0.02012,0.007576
NGC4211NED02,1.5,25,0.2499,0.03304
NGC4211NED02,4.5,72,0.1095,0.04563
NGC4211NED02,7.5,123,0.02683,0.01442
NGC4211NED02,10.5,128,0.009365,0.006669
NGC4211NED02,13.5,91,0.006138,0.005123
NGC4211NED02,16.5,35,0.003591,0.004076
NGC4211NED02,19.5,0,0.0,0.0
NGC4211NED02,22.5,0,0.0,0.0
NGC4470,1.5,20,0.0457,0.004241
NGC4470,4.5,57,0.04843,0.009169
NGC4470,7.5,95,0.04736,0.01407
NGC4470,10.5,132,0.03933,0.01848
NGC4470,13.5,143,0.03544,0.02021
NGC4470,16.5,152,0.03391,0.01985
NGC4470,19.5,166,0.0281,0.01677
NGC4470,22.5,172,0.01778,0.01155
NGC4644,1.5,8,0.06132,0.003796
NGC4644,4.5,24,0.0572,0.006266
NGC4644,7.5,42,0.05656,0.01012
NGC4644,10.5,58,0.05242,0.015
NGC4644,13.5,74,0.04646,0.01745
NGC4644,16.5,91,0.03735,0.02136
NGC4644,19.5,104,0.02985,0.0228
NGC4644,22.5,92,0.02936,0.02096
NGC4676A,1.5,18,0.7698,0.07513
NGC4676A,4.5,54,0.5219,0.1362
NGC4676A,7.5,89,0.2374,0.1199
NGC4676A,10.5,127,0.06946,0.0605
NGC4676A,13.5,108,0.02074,0.01879
NGC4676A,16.5,75,0.009503,0.008127
NGC4676A,19.5,64,0.008881,0.007359
NGC4676A,22.5,53,0.01036,0.007453
NGC4711,1.5,15,0.08012,0.005355
NGC4711,4.5,43,0.06969,0.008407
NGC4711,7.5,74,0.0596,0.009583
NGC4711,10.5,105,0.05157,0.01308
NGC4711,13.5,133,0.04784,0.01546
NGC4711,16.5,162,0.04155,0.01539
NGC4711,19.5,188,0.03032,0.01168
NGC4711,22.5,201,0.01832,0.008973
NGC4961,1.5,19,0.07522,0.008441
NGC4961,4.5,58,0.06171,0.01331
NGC4961,7.5,97,0.04948,0.01523
NGC4961,10.5,135,0.03836,0.01699
NGC4961,13.5,152,0.02854,0.01273
NGC4961,16.5,143,0.0164,0.007495
NGC4961,19.5,78,0.01081,0.003603
NGC4961,22.5,18,0.007931,0.002262
NGC5000,1.5,26,0.3776,0.05527
NGC5000,4.5,80,0.1721,0.07125
NGC5000,7.5,127,0.03816,0.02666
NGC5000,10.5,120,0.01225,0.008569
NGC5000,13.5,127,0.01937,0.01202
NGC5000,16.5,170,0.0236,0.01236
NGC5000,19.5,184,0.01922,0.009886
NGC5000,22.5,170,0.01157,0.006676
NGC5016,1.5,21,0.124,0.006371
NGC5016,4.5,65,0.1086,0.009568
NGC5016,7.5,109,0.09165,0.01377
NGC5016,10.5,151,0.07726,0.01195
NGC5016,13.5,195,0.05933,0.012
NGC5016,16.5,238,0.04051,0.01195
NGC5016,19.5,275,0.02509,0.009074
NGC5016,22.5,267,0.01643,0.006403
NGC5056,1.5,13,0.1672,0.02135
NGC5056,4.5,40,0.1213,0.03625
NGC5056,7.5,69,0.08064,0.02798
NGC5056,10.5,94,0.05844,0.01412
NGC5056,13.5,122,0.04326,0.009221
NGC5056,16.5,150,0.03297,0.009334
NGC5056,19.5,174,0.02496,0.008303
NGC5056,22.5,195,0.01758,0.007644
NGC5205,1.5,0,0.0,0.0
NGC5205,4.5,0,0.0,0.0
NGC5205,7.5,7,0.009984,0.001552
NGC5205,10.5,55,0.01048,0.003744
NGC5205,13.5,109,0.02039,0.01025
NGC5205,16.5,136,0.02993,0.0151
NGC5205,19.5,154,0.03082,0.01709
NGC5205,22.5,173,0.02457,0.01509
NGC5218,1.5,24,3.275,0.3718
NGC5218,4.5,73,1.789,0.5492
NGC5218,7.5,122,0.6025,0.2825
NGC5218,10.5,169,0.1873,0.1214
NGC5218,13.5,219,0.08236,0.06148
NGC5218,16.5,229,0.05863,0.05372
NGC5218,19.5,207,0.06293,0.06762
NGC5218,22.5,172,0.06679,0.07475
NGC5394,1.5,9,1.489,0.1087
NGC5394,4.5,28,1.106,0.2859
NGC5394,7.5,48,0.6886,0.3722
NGC5394,10.5,67,0.3963,0.3548
NGC5394,13.5,80,0.2464,0.2838
NGC5394,16.5,71,0.2055,0.2228
NGC5394,19.5,64,0.1604,0.1687
NGC5394,22.5,61,0.1175,0.1258
NGC5406,1.5,5,0.01167,0.002197
NGC5406,4.5,15,0.01312,0.003862
NGC5406,7.5,33,0.009768,0.004889
NGC5406,10.5,67,0.01475,0.009083
NGC5406,13.5,94,0.02379,0.01495
NGC5406,16.5,123,0.03018,0.01982
NGC5406,19.5,148,0.03362,0.02129
NGC5406,22.5,170,0.0314,0.02026
NGC5480,1.5,21,0.2871,0.02629
NGC5480,4.5,63,0.2124,0.04396
NGC5480,7.5,105,0.148,0.03869
NGC5480,10.5,148,0.1122,0.03421
NGC5480,13.5,190,0.08925,0.0346
NGC5480,16.5,233,0.07021,0.03199
NGC5480,19.5,275,0.0538,0.02395
NGC5480,22.5,310,0.04081,0.01478
NGC5520,1.5,14,0.2675,0.01667
NGC5520,4.5,42,0.2297,0.02463
NGC5520,7.5,73,0.1714,0.02644
NGC5520,10.5,102,0.1135,0.02494
NGC5520,13.5,132,0.07193,0.01981
NGC5520,16.5,157,0.04501,0.01835
NGC5520,19.5,179,0.0269,0.01712
NGC5520,22.5,158,0.01681,0.0159
NGC5614,1.5,23,0.6512,0.05474
NGC5614,4.5,69,0.5139,0.1043
NGC5614,7.5,114,0.3907,0.1279
NGC5614,10.5,158,0.2869,0.1278
NGC5614,13.5,206,0.1625,0.09211
NGC5614,16.5,251,0.06657,0.03807
NGC5614,19.5,255,0.02823,0.02945
NGC5614,22.5,130,0.04104,0.04047
NGC5633,1.5,20,0.2477,0.007408
NGC5633,4.5,64,0.2198,0.01337
NGC5633,7.5,104,0.1912,0.01487
NGC5633,10.5,149,0.1661,0.02099
NGC5633,13.5,188,0.1304,0.02949
NGC5633,16.5,231,0.08446,0.02912
NGC5633,19.5,269,0.044,0.02025
NGC5633,22.5,256,0.02322,0.013
NGC5657,1.5,9,0.2809,0.02737
NGC5657,4.5,32,0.2027,0.05531
NGC5657,7.5,52,0.1188,0.06143
NGC5657,10.5,67,0.06804,0.05028
NGC5657,13.5,78,0.04216,0.03546
NGC5657,16.5,65,0.02996,0.02207
NGC5657,19.5,59,0.02098,0.01304
NGC5657,22.5,40,0.0171,0.01105
NGC5784,1.5,19,0.06679,0.01346
NGC5784,4.5,60,0.06618,0.02378
NGC5784,7.5,100,0.05512,0.02694
NGC5784,10.5,137,0.03332,0.021
NGC5784,13.5,137,0.0183,0.01068
NGC5784,16.5,101,0.01003,0.006138
NGC5784,19.5,58,0.006828,0.003729
NGC5784,22.5,26,0.004863,0.001462
NGC5908,1.5,6,0.5189,0.01216
NGC5908,4.5,19,0.5155,0.02044
NGC5908,7.5,32,0.5166,0.03767
NGC5908,10.5,44,0.5316,0.07358
NGC5908,13.5,57,0.5385,0.1051
NGC5908,16.5,69,0.5103,0.1125
NGC5908,19.5,82,0.4462,0.1043
NGC5908,22.5,94,0.3745,0.09925
NGC5930,1.5,20,1.477,0.1419
NGC5930,4.5,60,0.8867,0.2401
NGC5930,7.5,99,0.3404,0.1623
NGC5930,10.5,139,0.09382,0.06677
NGC5930,13.5,139,0.02393,0.01996
NGC5930,16.5,88,0.0106,0.007343
NGC5930,19.5,39,0.006786,0.003051
NGC5930,22.5,23,0.007002,0.001383
NGC5934,1.5,16,0.5847,0.03062
NGC5934,4.5,48,0.4615,0.07489
NGC5934,7.5,79,0.2957,0.1029
NGC5934,10.5,115,0.1495,0.09447
NGC5934,13.5,138,0.07107,0.06202
NGC5934,16.5,131,0.03717,0.03293
NGC5934,19.5,119,0.0173,0.01489
NGC5934,22.5,83,0.007699,0.006182
NGC5947,1.5,23,0.02289,0.008984
NGC5947,4.5,69,0.02073,0.01237
NGC5947,7.5,120,0.02083,0.01071
NGC5947,10.5,154,0.02139,0.008959
NGC5947,13.5,183,0.01698,0.007613
NGC5947,16.5,199,0.01212,0.005327
NGC5947,19.5,191,0.008547,0.003363
NGC5947,22.5,94,0.005362,0.002089
NGC5953,1.5,25,1.059,0.04674
NGC5953,4.5,76,0.8607,0.1011
NGC5953,7.5,128,0.5363,0.1216
NGC5953,10.5,176,0.2334,0.09114
NGC5953,13.5,227,0.06524,0.04198
NGC5953,16.5,214,0.01592,0.01496
NGC5953,19.5,122,0.0129,0.0115
NGC5953,22.5,112,0.01778,0.01369
NGC5980,1.5,12,0.4099,0.02191
NGC5980,4.5,34,0.333,0.04667
NGC5980,7.5,57,0.262,0.05079
NGC5980,10.5,78,0.2096,0.05025
NGC5980,13.5,103,0.1651,0.05099
NGC5980,16.5,126,0.1326,0.04587
NGC5980,19.5,149,0.09841,0.03747
NGC5980,22.5,170,0.06807,0.02567
NGC6004,1.5,22,0.1865,0.02451
NGC6004,4.5,68,0.1088,0.04132
NGC6004,7.5,110,0.05318,0.03333
NGC6004,10.5,158,0.04514,0.02597
NGC6004,13.5,204,0.04687,0.02397
NGC6004,16.5,245,0.04134,0.01975
NGC6004,19.5,286,0.02674,0.01454
NGC6004,22.5,267,0.01815,0.008149
NGC6060,1.5,11,0.2196,0.004994
NGC6060,4.5,37,0.2022,0.01317
NGC6060,7.5,61,0.1648,0.02425
NGC6060,10.5,85,0.1135,0.03463
NGC6060,13.5,110,0.07798,0.03247
NGC6060,16.5,135,0.06208,0.0254
NGC6060,19.5,160,0.05875,0.02226
NGC6060,22.5,183,0.05681,0.01969
NGC6155,1.5,20,0.1223,0.006213
NGC6155,4.5,60,0.1079,0.01488
NGC6155,7.5,100,0.08556,0.01921
NGC6155,10.5,139,0.07209,0.02
NGC6155,13.5,182,0.06444,0.01641
NGC6155,16.5,221,0.05298,0.01606
NGC6155,19.5,261,0.03966,0.01727
NGC6155,22.5,296,0.02633,0.01565
NGC6168,1.5,6,0.0593,0.002338
NGC6168,4.5,19,0.06216,0.005184
NGC6168,7.5,32,0.06338,0.008457
NGC6168,10.5,46,0.06012,0.009726
NGC6168,13.5,60,0.05165,0.01398
NGC6168,16.5,72,0.04351,0.02044
NGC6168,19.5,76,0.03824,0.02102
NGC6168,22.5,79,0.03069,0.01785
NGC6186,1.5,9,1.002,0.07802
NGC6186,4.5,27,0.7451,0.2082
NGC6186,7.5,45,0.4528,0.2724
NGC6186,10.5,63,0.2788,0.2515
NGC6186,13.5,80,0.1845,0.1989
