dat_prof/bbarolo/gal_nrad8.txt
# %ECSV 0.9
# ---
# datatype:
# - {name: GAL_NAME, datatype: string}
# - {name: RACTR, unit: deg, datatype: float64}
# - {name: DCCTR, unit: deg, datatype: float64}
# - {name: offset, unit: arcsec, datatype: float64, description: offset from ned position. Only not equal to 0 when a 2D-Gaussian-fitted
#     position is used}
# - {name: XPOSFIT(-1/0/1), datatype: int64, description: 0=fixed to input value; 1=fitted per ring; -1=fixed to mean value of previous
#     fit}
# - {name: YPOSFIT(-1/0/1), datatype: int64, description: 0=fixed to input value; 1=fitted per ring; -1=fixed to mean value of previous
#     fit}
# - {name: INCFIT(-1/0/1), datatype: int64, description: 0=fixed to input value; 1=fitted per ring; -1=fixed to mean value of previous
#     fit}
# - {name: PAFIT(-1/0/1), datatype: int64, description: 0=fixed to input value; 1=fitted per ring; -1=fixed to mean value of previous
#     fit}
# - {name: VSYSFIT(-1/0/1), datatype: int64, description: 0=fixed to input value; 1=fitted per ring; -1=fixed to mean value of previous
#     fit}
# - {name: VDISPFIT(0/1), datatype: int64, description: 0=fixed to input value; 1=fitted per ring; -1=fixed to mean value of previous
#     fit}
# - {name: VROTFIT(0/1), datatype: int64, description: 0=fixed to input value; 1=fitted per ring; -1=fixed to mean value of previous fit}
# - {name: FTYPE, datatype: int64}
# - {name: WFUNC, datatype: int64}
# - {name: BADFLAG, datatype: int64, description: 'BADFLAG = 1 when some ringlog exits, but Bbarolo fails to produce at least one of the
#     plots'}
# - {name: RAD, unit: arcsec, datatype: float64}
# - {name: VROT, unit: km / s, datatype: float64}
# - {name: DISP, unit: km / s, datatype: float64}
# - {name: INC, unit: deg, datatype: float64}
# - {name: P.A., unit: deg, datatype: float64}
# - {name: Z0, unit: arcsec, datatype: float64}
# - {name: XPOS, unit: pix, datatype: float64}
# - {name: YPOS, unit: pix, datatype: float64}
# - {name: VSYS, unit: km / s, datatype: float64}
# - {name: E_VROT1, unit: km / s, datatype: float64}
# - {name: E_VROT2, unit: km / s, datatype: float64}
# - {name: E_DISP1, unit: km / s, datatype: float64}
# - {name: E_DISP2, unit: km / s, datatype: float64}
# - {name: E_PA1, unit: deg, datatype: float64}
# - {name: E_PA2, unit: deg, datatype: float64}
# - {name: E_VSYS1, unit: km / s, datatype: float64}
# - {name: E_VSYS2, unit: km / s, datatype: float64}
# delimiter: ','
# schema: astropy-2.0
GAL_NAME,RACTR,DCCTR,offset,XPOSFIT(-1/0/1),YPOSFIT(-1/0/1),INCFIT(-1/0/1),PAFIT(-1/0/1),VSYSFIT(-1/0/1),VDISPFIT(0/1),VROTFIT(0/1),FTYPE,WFUNC,BADFLAG,RAD,VROT,DISP,INC,P.A.,Z0,XPOS,YPOS,VSYS,E_VROT1,E_VROT2,E_DISP1,E_DISP2,E_PA1,E_PA2,E_VSYS1,E_VSYS2
[from data line 620]
NGC5016,198.02783,24.095,0.0,0,0,0,-1,-1,1,1,1,1,0,16.5,175.167,0.81,39.9,241.609,0.559,89.285,89.0,2595.095,-6.544,7.669,-4.123,4.123,,,,
NGC5016,198.02783,24.095,0.0,0,0,0,-1,-1,1,1,1,1,0,19.5,180.568,2.086,39.9,241.609,0.559,89.285,89.0,2595.095,-7.067,5.816,-1.543,2.011,,,,
NGC5016,198.02783,24.095,0.0,0,0,0,-1,-1,1,1,1,1,0,22.5,181.437,0.872,39.9,241.609,0.559,89.285,89.0,2595.095,-4.928,3.829,-1.941,1.941,,,,
NGC5056,199.05133,30.95033,0.0,0,0,0,1,1,1,1,1,1,0,1.5,176.208,8.846,61.4,358.0,0.254,88.753,89.088,5528.558,-12.929,9.872,-6.089,6.089,-7.834,7.65,-12.32,14.64
NGC5056,199.05133,30.95033,0.0,0,0,0,1,1,1,1,1,1,0,4.5,139.806,9.256,61.4,357.11,0.254,88.753,89.088,5484.371,-10.614,8.087,-7.792,7.792,-4.62,4.62,-11.392,12.125
NGC5056,199.05133,30.95033,0.0,0,0,0,1,1,1,1,1,1,0,7.5,158.988,8.459,61.4,357.221,0.254,88.753,89.088,5492.492,-5.492,5.82,-1.178,1.485,-6.941,6.941,-3.403,3.562
NGC5056,199.05133,30.95033,0.0,0,0,0,1,1,1,1,1,1,0,10.5,220.779,8.148,61.4,356.793,0.254,88.753,89.088,5452.353,-11.955,12.375,-4.821,5.983,-7.375,8.601,-12.723,16.044
NGC5056,199.05133,30.95033,0.0,0,0,0,1,1,1,1,1,1,0,13.5,172.365,7.869,61.4,357.338,0.254,88.753,89.088,5500.574,-7.01,4.441,-0.948,1.176,-2.759,2.083,-2.679,1.925
NGC5056,199.05133,30.95033,0.0,0,0,0,1,1,1,1,1,1,0,16.5,172.251,8.535,61.4,357.366,0.254,88.753,89.088,5494.921,-6.648,5.479,-1.181,1.579,-2.447,2.206,-1.957,1.765
NGC5056,199.05133,30.95033,0.0,0,0,0,1,1,1,1,1,1,0,19.5,171.637,8.007,61.4,357.524,0.254,88.753,89.088,5491.182,-5.518,5.067,-0.833,1.074,-2.567,1.989,-2.229,2.032
NGC5056,199.05133,30.95033,0.0,0,0,0,1,1,1,1,1,1,0,22.5,173.44,7.367,61.4,356.651,0.254,88.753,89.088,5491.418,-10.093,8.878,-1.153,1.507,-5.289,5.289,-8.135,6.904
NGC5056,199.05133,30.95033,0.0,0,0,0,-1,-1,1,1,1,1,0,1.5,103.634,18.63,61.4,357.225,0.254,88.753,89.088,5491.955,-8.048,6.101,-3.466,4.698,,,,
NGC5056,199.05133,30.95033,0.0,0,0,0,-1,-1,1,1,1,1,0,4.5,132.672,9.803,61.4,357.225,0.254,88.753,89.088,5491.955,-9.053,11.466,-7.687,8.002,,,,
NGC5056,199.05133,30.95033,0.0,0,0,0,-1,-1,1,1,1,1,0,7.5,160.979,1.601,61.4,357.225,0.254,88.753,89.088,5491.955,-4.799,3.746,-3.967,3.967,,,,
NGC5056,199.05133,30.95033,0.0,0,0,0,-1,-1,1,1,1,1,0,10.5,169.334,8.369,61.4,357.225,0.254,88.753,89.088,5491.955,-6.376,4.809,-1.063,1.363,,,,
NGC5056,199.05133,30.95033,0.0,0,0,0,-1,-1,1,1,1,1,0,13.5,166.125,6.044,61.4,357.225,0.254,88.753,89.088,5491.955,-7.32,7.289,-2.977,2.977,,,,
NGC5056,199.05133,30.95033,0.0,0,0,0,-1,-1,1,1,1,1,0,16.5,169.966,2.307,61.4,357.225,0.254,88.753,89.088,5491.955,-4.879,4.474,-2.7,2.7,,,,
NGC5056,199.05133,30.95033,0.0,0,0,0,-1,-1,1,1,1,1,0,19.5,171.186,1.343,61.4,357.225,0.254,88.753,89.088,5491.955,-5.087,4.347,-2.718,2.718,,,,
NGC5056,199.05133,30.95033,0.0,0,0,0,-1,-1,1,1,1,1,0,22.5,176.721,0.062,61.4,357.225,0.254,88.753,89.088,5491.955,-9.844,6.941,-3.93,3.93,,,,
NGC5205,202.51492,62.51158,0.0,0,0,0,1,1,1,1,1,1,0,16.5,171.507,7.744,49.8,359.986,0.822,89.133,89.088,1779.661,-11.212,14.58,-1.343,1.742,-6.197,7.747,-12.233,14.666
NGC5205,202.51492,62.51158,0.0,0,0,0,1,1,1,1,1,1,0,19.5,167.322,7.226,49.8,358.046,0.822,89.133,89.088,1785.998,-18.233,16.897,-1.306,1.695,-1.221,0.99,-5.19,4.896
NGC5205,202.51492,62.51158,0.0,0,0,0,1,1,1,1,1,1,0,22.5,195.797,7.106,49.8,359.999,0.822,89.133,89.088,1788.125,-31.741,23.578,-1.236,1.626,-10.305,7.876,-8.244,6.301
NGC5205,202.51492,62.51158,0.0,0,0,0,-1,-1,1,1,1,1,0,13.5,1.25,12.312,49.8,352.339,0.822,89.133,89.088,1760.3,-0.221,0.221,-3.497,2.172,,,,
NGC5205,202.51492,62.51158,0.0,0,0,0,-1,-1,1,1,1,1,0,16.5,175.377,0.6,49.8,352.339,0.822,89.133,89.088,1760.3,-20.616,22.888,-2.871,2.871,,,,
NGC5205,202.51492,62.51158,0.0,0,0,0,-1,-1,1,1,1,1,0,19.5,218.446,0.361,49.8,352.339,0.822,89.133,89.088,1760.3,-19.839,18.061,-3.957,3.957,,,,
NGC5205,202.51492,62.51158,0.0,0,0,0,-1,-1,1,1,1,1,0,22.5,190.172,6.543,49.8,352.339,0.822,89.133,89.088,1760.3,-28.739,28.739,-1.223,1.567,,,,
NGC5218,203.04325,62.76775,0.0,0,0,0,1,1,1,1,1,1,0,1.5,87.325,70.485,30.1,55.294,0.495,89.137,89.1,2887.103,-11.505,10.898,-2.544,2.724,-6.244,4.836,-5.073,4.614
NGC5218,203.04325,62.76775,0.0,0,0,0,1,1,1,1,1,1,0,4.5,112.412,70.926,30.1,65.846,0.495,89.137,89.1,2896.203,-16.651,14.512,-4.293,4.987,-7.85,7.85,-7.198,6.837
NGC5218,203.04325,62.76775,0.0,0,0,0,1,1,1,1,1,1,0,7.5,224.607,38.219,30.1,50.881,0.495,89.137,89.1,2889.386,-15.136,13.878,-5.678,5.991,-5.753,5.337,-6.642,6.301
NGC5218,203.04325,62.76775,0.0,0,0,0,1,1,1,1,1,1,0,10.5,246.461,11.616,30.1,42.137,0.495,89.137,89.1,2881.562,-11.679,16.731,-2.119,1.641,-3.034,3.034,-4.208,5.352
NGC5218,203.04325,62.76775,0.0,0,0,0,1,1,1,1,1,1,0,13.5,154.327,9.464,30.1,67.225,0.495,89.137,89.1,2871.666,-16.235,16.374,-1.295,1.0,-5.478,5.429,-4.383,4.343
NGC5218,203.04325,62.76775,0.0,0,0,0,1,1,1,1,1,1,0,16.5,177.906,16.741,30.1,67.546,0.495,89.137,89.1,2877.819,-14.324,16.386,-5.305,7.972,-11.738,11.738,-7.842,9.024
NGC5218,203.04325,62.76775,0.0,0,0,0,1,1,1,1,1,1,0,19.5,236.406,16.178,30.1,61.154,0.495,89.137,89.1,2883.216,-11.425,10.183,-3.552,4.415,-5.001,4.56,-4.994,4.789
NGC5218,203.04325,62.76775,0.0,0,0,0,1,1,1,1,1,1,0,22.5,209.891,8.518,30.1,56.457,0.495,89.137,89.1,2865.443,-7.614,6.663,-2.507,3.417,-2.724,2.708,-3.211,3.197
NGC5218,203.04325,62.76775,0.0,0,0,0,-1,-1,1,1,1,1,0,1.5,96.812,68.345,30.1,59.476,0.495,89.137,89.1,2882.389,-13.543,10.498,-3.53,3.119,,,,
NGC5218,203.04325,62.76775,0.0,0,0,0,-1,-1,1,1,1,1,0,4.5,101.554,73.735,30.1,59.476,0.495,89.137,89.1,2882.389,-17.876,19.562,-6.004,5.376,,,,
NGC5218,203.04325,62.76775,0.0,0,0,0,-1,-1,1,1,1,1,0,7.5,209.316,41.266,30.1,59.476,0.495,89.137,89.1,2882.389,-14.468,17.534,-6.037,7.33,,,,
NGC5218,203.04325,62.76775,0.0,0,0,0,-1,-1,1,1,1,1,0,10.5,182.776,30.74,30.1,59.476,0.495,89.137,89.1,2882.389,-20.077,20.453,-5.875,7.325,,,,
NGC5218,203.04325,62.76775,0.0,0,0,0,-1,-1,1,1,1,1,0,13.5,163.907,20.493,30.1,59.476,0.495,89.137,89.1,2882.389,-24.52,21.281,-5.335,6.851,,,,
NGC5218,203.04325,62.76775,0.0,0,0,0,-1,-1,1,1,1,1,0,16.5,199.307,20.794,30.1,59.476,0.495,89.137,89.1,2882.389,-22.538,22.869,-5.804,6.756,,,,
NGC5218,203.04325,62.76775,0.0,0,0,0,-1,-1,1,1,1,1,0,19.5,232.85,17.109,30.1,59.476,0.495,89.137,89.1,2882.389,-10.214,11.788,-4.092,4.356,,,,
NGC5218,203.04325,62.76775,0.0,0,0,0,-1,-1,1,1,1,1,0,22.5,240.724,10.757,30.1,59.476,0.495,89.137,89.1,2882.389,-5.795,6.439,-2.655,2.523,,,,
NGC5394,209.64021,37.45347,0.0,0,0,0,1,1,1,1,1,1,0,1.5,213.92,8.402,70.2,5.676,0.416,83.637,88.392,3561.691,-18.211,18.452,-4.694,3.085,-11.132,9.377,-146.283,112.467
NGC5394,209.64021,37.45347,0.0,0,0,0,1,1,1,1,1,1,0,4.5,182.524,8.537,70.2,16.629,0.416,83.637,88.392,3537.667,-17.303,15.865,-6.088,3.556,-5.159,3.395,-18.82,22.186
NGC5394,209.64021,37.45347,0.0,0,0,0,1,1,1,1,1,1,0,7.5,202.497,8.198,70.2,10.336,0.416,83.637,88.392,3465.199,-24.046,24.046,-4.595,4.595,-13.345,8.375,-47.701,50.691
NGC5394,209.64021,37.45347,0.0,0,0,0,1,1,1,1,1,1,0,10.5,202.306,8.214,70.2,15.648,0.416,83.637,88.392,3449.984,-21.04,28.927,-5.266,5.266,-7.808,5.268,-23.631,19.027
NGC5394,209.64021,37.45347,0.0,0,0,0,1,1,1,1,1,1,0,13.5,50.234,3.782,70.2,12.253,0.416,83.637,88.392,3420.832,-8.439,8.139,-1.399,1.039,-5.838,6.198,-3.919,3.844
NGC5394,209.64021,37.45347,0.0,0,0,0,1,1,1,1,1,1,0,16.5,41.919,4.084,70.2,11.181,0.416,83.637,88.392,3416.277,-9.829,8.763,-1.272,0.996,-11.233,7.074,-5.583,4.208
NGC5394,209.64021,37.45347,0.0,0,0,0,1,1,1,1,1,1,0,19.5,209.021,7.919,70.2,12.514,0.416,83.637,88.392,3452.239,-14.272,18.46,-3.752,3.752,-7.963,6.237,-6.497,7.112
NGC5394,209.64021,37.45347,0.0,0,0,0,1,1,1,1,1,1,0,22.5,24.215,6.208,70.2,12.729,0.416,83.637,88.392,3416.158,-7.363,7.363,-2.369,2.99,-6.575,8.64,-4.077,4.748
NGC5394,209.64021,37.45347,0.0,0,0,0,-1,-1,1,1,1,1,0,1.5,176.458,198.839,70.2,12.443,0.416,83.637,88.392,3451.112,-29.348,45.306,-14.674,22.653,,,,
NGC5394,209.64021,37.45347,0.0,0,0,0,-1,-1,1,1,1,1,0,4.5,32.987,35.134,70.2,12.443,0.416,83.637,88.392,3451.112,-8.335,8.335,-7.98,7.416,,,,
NGC5394,209.64021,37.45347,0.0,0,0,0,-1,-1,1,1,1,1,0,7.5,56.451,29.27,70.2,12.443,0.416,83.637,88.392,3451.112,-12.189,12.816,-8.149,10.35,,,,
NGC5394,209.64021,37.45347,0.0,0,0,0,-1,-1,1,1,1,1,0,10.5,82.408,8.859,70.2,12.443,0.416,83.637,88.392,3451.112,-12.64,14.492,-4.022,2.798,,,,
NGC5394,209.64021,37.45347,0.0,0,0,0,-1,-1,1,1,1,1,0,13.5,91.234,27.914,70.2,12.443,0.416,83.637,88.392,3451.112,-23.741,25.514,-9.145,10.354,,,,
NGC5394,209.64021,37.45347,0.0,0,0,0,-1,-1,1,1,1,1,0,16.5,92.323,38.553,70.2,12.443,0.416,83.637,88.392,3451.112,-5.797,5.91,-11.594,11.82,,,,
NGC5394,209.64021,37.45347,0.0,0,0,0,-1,-1,1,1,1,1,0,19.5,122.974,29.023,70.2,12.443,0.416,83.637,88.392,3451.112,-35.438,35.438,-9.224,8.891,,,,
NGC5394,209.64021,37.45347,0.0,0,0,0,-1,-1,1,1,1,1,0,22.5,79.476,44.72,70.2,12.443,0.416,83.637,88.392,3451.112,-4.877,4.877,-9.754,9.754,,,,
NGC5406,210.08383,38.91542,0.0,0,0,0,1,1,1,1,1,1,0,10.5,169.114,7.422,45.0,300.935,0.265,88.776,89.012,5276.559,-22.393,22.393,-0.808,1.035,-3.794,3.671,-64.2,76.551
NGC5406,210.08383,38.91542,0.0,0,0,0,1,1,1,1,1,1,0,13.5,199.1,6.445,45.0,306.221,0.265,88.776,89.012,5275.048,-21.374,16.512,-1.06,1.426,-4.386,4.386,-23.841,20.051
NGC5406,210.08383,38.91542,0.0,0,0,0,1,1,1,1,1,1,0,16.5,199.787,7.929,45.0,301.916,0.265,88.776,89.012,5294.518,-42.631,46.064,-0.974,1.259,-3.134,2.922,-33.713,21.195
NGC5406,210.08383,38.91542,0.0,0,0,0,1,1,1,1,1,1,0,19.5,215.703,7.831,45.0,295.739,0.265,88.776,89.012,5282.37,-10.038,10.566,-1.413,1.711,-5.189,3.567,-12.235,11.874
NGC5406,210.08383,38.91542,0.0,0,0,0,1,1,1,1,1,1,0,22.5,231.691,8.027,45.0,296.514,0.265,88.776,89.012,5292.296,-23.385,17.665,-1.491,1.825,-7.092,5.055,-15.106,19.543
NGC5406,210.08383,38.91542,0.0,0,0,0,-1,-1,1,1,1,1,0,7.5,5.0,13.25,45.0,296.317,0.265,88.776,89.012,5293.407,-0.9,0.9,-6.391,4.002,,,,
NGC5406,210.08383,38.91542,0.0,0,0,0,-1,-1,1,1,1,1,0,10.5,46.081,8.061,45.0,296.317,0.265,88.776,89.012,5293.407,-11.603,11.152,-2.011,2.011,,,,
NGC5406,210.08383,38.91542,0.0,0,0,0,-1,-1,1,1,1,1,0,13.5,241.143,0.077,45.0,296.317,0.265,88.776,89.012,5293.407,-34.322,23.853,-5.255,5.255,,,,
NGC5406,210.08383,38.91542,0.0,0,0,0,-1,-1,1,1,1,1,0,16.5,239.631,6.015,45.0,296.317,0.265,88.776,89.012,5293.407,-41.908,34.656,-1.133,1.442,,,,
NGC5406,210.08383,38.91542,0.0,0,0,0,-1,-1,1,1,1,1,0,19.5,235.439,7.094,45.0,296.317,0.265,88.776,89.012,5293.407,-11.475,11.923,-1.294,1.625,,,,
NGC5406,210.08383,38.91542,0.0,0,0,0,-1,-1,1,1,1,1,0,22.5,236.262,0.055,45.0,296.317,0.265,88.776,89.012,5293.407,-12.891,12.404,-3.138,3.138,,,,
NGC5480,211.58992,50.72511,0.0,0,0,0,1,1,1,1,1,1,0,1.5,197.238,7.753,41.5,15.941,0.765,89.182,89.196,1965.306,-13.729,12.356,-3.057,3.057,-8.357,8.357,-6.286,5.942
NGC5480,211.58992,50.72511,0.0,0,0,0,1,1,1,1,1,1,0,4.5,97.753,9.965,41.5,2.361,0.765,89.182,89.196,1888.602,-4.208,3.434,-0.794,0.999,-5.297,5.33,-2.575,2.441
NGC5480,211.58992,50.72511,0.0,0,0,0,1,1,1,1,1,1,0,7.5,102.326,10.416,41.5,3.814,0.765,89.182,89.196,1888.465,-6.354,5.099,-1.081,1.317,-6.39,4.511,-3.456,2.732
NGC5480,211.58992,50.72511,0.0,0,0,0,1,1,1,1,1,1,0,10.5,99.932,10.506,41.5,1.316,0.765,89.182,89.196,1890.906,-4.488,4.895,-0.828,1.041,-5.801,4.394,-2.78,2.583
NGC5480,211.58992,50.72511,0.0,0,0,0,1,1,1,1,1,1,0,13.5,102.762,10.171,41.5,-7.517,0.765,89.182,89.196,1891.849,-4.469,5.311,-0.885,1.165,-7.709,7.709,-3.266,3.546
NGC5480,211.58992,50.72511,0.0,0,0,0,1,1,1,1,1,1,0,16.5,108.319,8.386,41.5,4.767,0.765,89.182,89.196,1884.183,-5.722,5.181,-0.977,1.22,-4.345,3.71,-2.761,2.528
NGC5480,211.58992,50.72511,0.0,0,0,0,1,1,1,1,1,1,0,19.5,175.594,8.7,41.5,7.485,0.765,89.182,89.196,1858.914,-20.014,14.921,-5.432,5.432,-6.156,6.156,-10.174,11.968
NGC5480,211.58992,50.72511,0.0,0,0,0,1,1,1,1,1,1,0,22.5,126.402,9.384,41.5,11.277,0.765,89.182,89.196,1880.181,-7.143,5.21,-0.774,0.955,-7.333,6.092,-3.812,3.064
NGC5480,211.58992,50.72511,0.0,0,0,0,-1,-1,1,1,1,1,0,1.5,90.072,18.367,41.5,5.17,0.765,89.182,89.196,1888.533,-7.075,6.202,-5.676,4.081,,,,
NGC5480,211.58992,50.72511,0.0,0,0,0,-1,-1,1,1,1,1,0,4.5,98.504,2.174,41.5,5.17,0.765,89.182,89.196,1888.533,-3.124,3.583,-3.534,3.534,,,,
NGC5480,211.58992,50.72511,0.0,0,0,0,-1,-1,1,1,1,1,0,7.5,102.761,1.706,41.5,5.17,0.765,89.182,89.196,1888.533,-3.757,3.241,-3.399,3.399,,,,
NGC5480,211.58992,50.72511,0.0,0,0,0,-1,-1,1,1,1,1,0,10.5,98.734,0.217,41.5,5.17,0.765,89.182,89.196,1888.533,-2.091,3.187,-2.537,2.537,,,,
NGC5480,211.58992,50.72511,0.0,0,0,0,-1,-1,1,1,1,1,0,13.5,102.483,8.422,41.5,5.17,0.765,89.182,89.196,1888.533,-4.937,4.331,-3.31,2.255,,,,
NGC5480,211.58992,50.72511,0.0,0,0,0,-1,-1,1,1,1,1,0,16.5,107.102,7.099,41.5,5.17,0.765,89.182,89.196,1888.533,-5.705,4.909,-1.508,1.98,,,,
NGC5480,211.58992,50.72511,0.0,0,0,0,-1,-1,1,1,1,1,0,19.5,114.884,6.123,41.5,5.17,0.765,89.182,89.196,1888.533,-5.882,5.381,-3.269,3.269,,,,
NGC5480,211.58992,50.72511,0.0,0,0,0,-1,-1,1,1,1,1,0,22.5,128.886,0.733,41.5,5.17,0.765,89.182,89.196,1888.533,-5.534,5.063,-4.13,4.13,,,,
NGC5520,213.09496,50.34842,0.0,0,0,0,1,1,1,1,1,1,0,1.5,181.857,9.733,59.1,58.942,0.772,89.092,89.012,1832.735,-6.881,7.552,-6.637,7.958,-3.492,4.456,-7.292,8.3
NGC5520,213.09496,50.34842,0.0,0,0,0,1,1,1,1,1,1,0,4.5,145.82,8.963,59.1,64.213,0.772,89.092,89.012,1875.541,-3.4,4.346,-5.148,3.649,-5.296,7.542,-3.461,3.884
NGC5520,213.09496,50.34842,0.0,0,0,0,1,1,1,1,1,1,0,7.5,154.681,9.697,59.1,70.046,0.772,89.092,89.012,1878.556,-4.553,4.098,-1.533,2.019,-4.467,3.037,-2.638,2.288
NGC5520,213.09496,50.34842,0.0,0,0,0,1,1,1,1,1,1,0,10.5,160.339,9.193,59.1,65.947,0.772,89.092,89.012,1878.683,-5.305,4.366,-1.299,1.688,-5.288,4.698,-2.973,2.688
NGC5520,213.09496,50.34842,0.0,0,0,0,1,1,1,1,1,1,0,13.5,160.408,9.109,59.1,65.779,0.772,89.092,89.012,1878.428,-5.205,5.132,-1.185,1.525,-4.558,5.385,-2.737,3.01
NGC5520,213.09496,50.34842,0.0,0,0,0,1,1,1,1,1,1,0,16.5,158.007,9.275,59.1,65.423,0.772,89.092,89.012,1874.158,-4.992,4.819,-0.912,1.163,-5.29,3.663,-2.799,2.412
NGC5520,213.09496,50.34842,0.0,0,0,0,1,1,1,1,1,1,0,19.5,114.567,7.941,59.1,51.744,0.772,89.092,89.012,1825.184,-14.0,10.384,-3.016,3.828,-0.836,1.022,-4.463,3.808
NGC5520,213.09496,50.34842,0.0,0,0,0,1,1,1,1,1,1,0,22.5,229.503,8.176,59.1,63.895,0.772,89.092,89.012,1810.789,-12.291,15.502,-1.146,1.487,-2.087,2.621,-155.682,273.831
NGC5520,213.09496,50.34842,0.0,0,0,0,-1,-1,1,1,1,1,0,1.5,132.669,11.729,59.1,64.033,0.772,89.092,89.012,1874.85,-3.019,2.332,-4.135,3.207,,,,
NGC5520,213.09496,50.34842,0.0,0,0,0,-1,-1,1,1,1,1,0,4.5,147.103,8.842,59.1,64.033,0.772,89.092,89.012,1874.85,-4.503,4.563,-4.271,4.271,,,,
NGC5520,213.09496,50.34842,0.0,0,0,0,-1,-1,1,1,1,1,0,7.5,157.171,3.382,59.1,64.033,0.772,89.092,89.012,1874.85,-3.678,3.436,-4.207,4.207,,,,
NGC5520,213.09496,50.34842,0.0,0,0,0,-1,-1,1,1,1,1,0,10.5,159.251,2.682,59.1,64.033,0.772,89.092,89.012,1874.85,-3.702,3.704,-2.149,2.73,,,,
NGC5520,213.09496,50.34842,0.0,0,0,0,-1,-1,1,1,1,1,0,13.5,157.947,2.963,59.1,64.033,0.772,89.092,89.012,1874.85,-3.823,3.962,-2.274,2.746,,,,
NGC5520,213.09496,50.34842,0.0,0,0,0,-1,-1,1,1,1,1,0,16.5,158.649,0.231,59.1,64.033,0.772,89.092,89.012,1874.85,-3.487,3.375,-3.311,3.311,,,,
NGC5520,213.09496,50.34842,0.0,0,0,0,-1,-1,1,1,1,1,0,19.5,153.806,4.918,59.1,64.033,0.772,89.092,89.012,1874.85,-10.561,10.727,-1.412,1.825,,,,
NGC5520,213.09496,50.34842,0.0,0,0,0,-1,-1,1,1,1,1,0,22.5,103.816,4.448,59.1,64.033,0.772,89.092,89.012,1874.85,-28.866,28.866,-3.216,3.216,,,,
NGC5614,216.03162,34.85886,0.0,0,0,0,1,1,1,1,1,1,0,1.5,232.824,9.163,35.9,75.187,0.37,89.138,88.996,3842.366,-8.334,6.404,-1.183,0.951,-5.201,5.201,-3.68,3.139
NGC5614,216.03162,34.85886,0.0,0,0,0,1,1,1,1,1,1,0,4.5,220.836,10.728,35.9,81.93,0.37,89.138,88.996,3846.314,-15.088,10.63,-1.122,0.912,-11.266,11.266,-6.869,5.702
NGC5614,216.03162,34.85886,0.0,0,0,0,1,1,1,1,1,1,0,7.5,183.103,31.718,35.9,88.409,0.37,89.138,88.996,3848.171,-7.878,8.572,-4.922,4.644,-5.365,5.688,-4.541,4.726
