dat_prof/bbarolo/gal_nrad8.csv
# %ECSV 0.9
# ---
# datatype:
# - {name: bbName, datatype: string, description: Galaxy Name}
# - {name: bbRad, unit: arcsec, datatype: float64, description: Galactocentric radius of ring}
# - {name: bbVrot, unit: km / s, datatype: float64}
# - {name: bbVrot_e1, unit: km / s, datatype: float64}
# - {name: bbVrot_e2, unit: km / s, datatype: float64}
# - {name: bbVdisp, unit: km / s, datatype: float64}
# - {name: bbVdisp_e1, unit: km / s, datatype: float64}
# - {name: bbVdisp_e2, unit: km / s, datatype: float64}
# - {name: bbXpos, unit: pix, datatype: float64}
# - {name: bbYpos, unit: pix, datatype: float64}
# - {name: bbVmean, unit: km / s, datatype: float64, description: 'Systemic velocity in radio defn, LSR frame'}
# - {name: bbVmean_e1, unit: km / s, datatype: float64}
# - {name: bbVmean_e2, unit: km / s, datatype: float64}
# - {name: bbPA, unit: deg, datatype: float64}
# - {name: bbPA_e1, unit: deg, datatype: float64}
# - {name: bbPA_e2, unit: deg, datatype: float64}
# - {name: bbInc, unit: deg, datatype: float64}
# - {name: bbZ0, unit: arcsec, datatype: float64, description: Scale height of disk in arcsec}
# - {name: bbVrotfit, unit: km / s, datatype: int64, description: 0=fixed to input value; 1=fitted per ring; -1=fixed to mean value of
#     previous fit}
# - {name: bbVdispfit, unit: km / s, datatype: int64, description: 0=fixed to input value; 1=fitted per ring; -1=fixed to mean value of
#     previous fit}
# - {name: bbXposfit, unit: pix, datatype: int64, description: 0=fixed to input value; 1=fitted per ring; -1=fixed to mean value of previous
#     fit}
# - {name: bbYposfit, unit: pix, datatype: int64, description: 0=fixed to input value; 1=fitted per ring; -1=fixed to mean value of previous
#     fit}
# - {name: bbVsysfit, unit: km / s, datatype: int64, description: 0=fixed to input value; 1=fitted per ring; -1=fixed to mean value of
#     previous fit}
# - {name: bbPAfit, unit: deg, datatype: int64, description: 0=fixed to input value; 1=fitted per ring; -1=fixed to mean value of previous
#     fit}
# - {name: bbIncfit, unit: deg, datatype: int64, description: 0=fixed to input value; 1=fitted per ring; -1=fixed to mean value of previous
#     fit}
# - {name: bbFtype, datatype: int64, description: 'Function to minimize: 1=chi-squared, 2=|mod-obs|'}
# - {name: bbWfunc, datatype: int64, description: 'Weighting function: 0=uniform, 1=|cos|, 2=cos^2'}
# - {name: bbFlag, datatype: int64, description: '=1 when some ringlog exits, but Bbarolo fails to produce at least one of the plots'}
# delimiter: ','
# schema: astropy-2.0
bbName,bbRad,bbVrot,bbVrot_e1,bbVrot_e2,bbVdisp,bbVdisp_e1,bbVdisp_e2,bbXpos,bbYpos,bbVmean,bbVmean_e1,bbVmean_e2,bbPA,bbPA_e1,bbPA_e2,bbInc,bbZ0,bbVrotfit,bbVdispfit,bbXposfit,bbYposfit,bbVsysfit,bbPAfit,bbIncfit,bbFtype,bbWfunc,bbFlag
[from data line 860]
NGC5934,13.5,315.525,-17.697,18.434,27.639,-9.595,11.836,80.22,80.112,5550.229,,,192.673,,,55.0,0.249,1,1,0,0,-1,-1,0,1,1,0
NGC5934,16.5,343.73,-30.366,22.523,8.295,-13.575,13.575,80.22,80.112,5550.229,,,192.673,,,55.0,0.249,1,1,0,0,-1,-1,0,1,1,0
NGC5934,19.5,358.191,-38.89,28.534,1.473,-4.343,4.343,80.22,80.112,5550.229,,,192.673,,,55.0,0.249,1,1,0,0,-1,-1,0,1,1,0
NGC5934,22.5,1.413,-0.527,0.681,8.412,-1.055,1.363,80.22,80.112,5550.229,,,192.673,,,55.0,0.249,1,1,0,0,-1,-1,0,1,1,0
NGC5947,1.5,201.098,-3.31,4.208,8.627,-0.633,0.802,73.388,80.704,5677.076,-166.294,129.628,70.286,-9.417,9.417,32.2,0.24,1,1,0,0,1,1,0,1,1,0
NGC5947,4.5,123.67,-14.033,13.125,9.765,-1.959,1.959,73.388,80.704,5828.583,-9.252,7.407,72.987,-16.696,16.696,32.2,0.24,1,1,0,0,1,1,0,1,1,0
NGC5947,7.5,196.77,-27.287,19.092,7.82,-2.963,3.681,73.388,80.704,5836.115,-8.287,10.008,69.265,-10.096,10.096,32.2,0.24,1,1,0,0,1,1,0,1,1,0
NGC5947,10.5,207.232,-29.214,22.217,8.705,-7.691,14.42,73.388,80.704,5670.853,-76.455,107.854,83.399,-28.34,36.123,32.2,0.24,1,1,0,0,1,1,0,1,1,0
NGC5947,13.5,192.751,-10.152,7.808,8.503,-1.114,1.503,73.388,80.704,5842.655,-7.423,6.934,79.694,-18.427,18.427,32.2,0.24,1,1,0,0,1,1,0,1,1,0
NGC5947,16.5,192.106,-11.688,8.908,8.613,-0.857,1.125,73.388,80.704,5846.762,-4.65,4.893,62.392,-6.054,9.54,32.2,0.24,1,1,0,0,1,1,0,1,1,0
NGC5947,19.5,190.205,-16.85,13.366,9.044,-0.693,0.875,73.388,80.704,5847.896,-16.022,14.042,69.037,-8.014,5.61,32.2,0.24,1,1,0,0,1,1,0,1,1,0
NGC5947,22.5,156.728,-29.063,29.063,7.47,-1.087,1.398,73.388,80.704,5899.275,-225.141,162.347,83.543,-63.823,48.202,32.2,0.24,1,1,0,0,1,1,0,1,1,0
NGC5947,1.5,106.498,-19.986,19.986,12.29,-7.943,4.376,73.388,80.704,5839.385,,,74.111,,,32.2,0.24,1,1,0,0,-1,-1,0,1,1,0
NGC5947,4.5,151.158,-16.156,12.311,8.237,-1.638,1.638,73.388,80.704,5839.385,,,74.111,,,32.2,0.24,1,1,0,0,-1,-1,0,1,1,0
NGC5947,7.5,170.392,-19.962,27.83,8.267,-5.924,5.924,73.388,80.704,5839.385,,,74.111,,,32.2,0.24,1,1,0,0,-1,-1,0,1,1,0
NGC5947,10.5,198.149,-10.455,7.196,5.412,-1.516,2.108,73.388,80.704,5839.385,,,74.111,,,32.2,0.24,1,1,0,0,-1,-1,0,1,1,0
NGC5947,13.5,190.878,-6.933,5.825,0.284,-3.394,3.394,73.388,80.704,5839.385,,,74.111,,,32.2,0.24,1,1,0,0,-1,-1,0,1,1,0
NGC5947,16.5,189.547,-6.927,6.727,0.171,-3.046,3.046,73.388,80.704,5839.385,,,74.111,,,32.2,0.24,1,1,0,0,-1,-1,0,1,1,0
NGC5947,19.5,195.801,-13.682,10.142,0.705,-2.853,2.853,73.388,80.704,5839.385,,,74.111,,,32.2,0.24,1,1,0,0,-1,-1,0,1,1,0
NGC5947,22.5,176.68,-47.53,29.081,0.103,-1.634,1.634,73.388,80.704,5839.385,,,74.111,,,32.2,0.24,1,1,0,0,-1,-1,0,1,1,0
NGC5953,1.5,210.075,-7.282,7.411,8.191,-4.289,6.095,93.247,57.546,1999.595,-2.893,3.376,236.291,-3.616,4.22,26.0,0.726,1,1,0,0,1,1,0,1,1,0
NGC5953,4.5,215.205,-3.589,3.843,8.17,-7.033,7.033,93.247,57.546,1997.907,-3.517,3.544,228.178,-3.446,3.302,26.0,0.726,1,1,0,0,1,1,0,1,1,0
NGC5953,7.5,211.496,-2.757,3.307,8.225,-11.078,11.078,93.247,57.546,1998.07,-4.249,4.404,228.475,-3.16,3.23,26.0,0.726,1,1,0,0,1,1,0,1,1,0
NGC5953,10.5,201.304,-4.884,4.908,16.752,-2.058,2.058,93.247,57.546,1997.597,-2.397,2.54,228.368,-2.647,3.194,26.0,0.726,1,1,0,0,1,1,0,1,1,0
NGC5953,13.5,194.901,-7.449,6.448,8.25,-1.726,1.971,93.247,57.546,1994.887,-3.77,3.143,236.042,-5.904,4.153,26.0,0.726,1,1,0,0,1,1,0,1,1,0
NGC5953,16.5,216.544,-15.201,16.522,7.97,-5.091,5.091,93.247,57.546,1967.793,-7.325,7.655,233.58,-9.007,9.007,26.0,0.726,1,1,0,0,1,1,0,1,1,0
NGC5953,19.5,229.116,-22.036,16.061,8.771,-1.382,1.769,93.247,57.546,1955.957,-6.797,5.4,213.3,-3.771,3.771,26.0,0.726,1,1,0,0,1,1,0,1,1,0
NGC5953,22.5,219.299,-11.762,12.426,8.468,-3.862,3.489,93.247,57.546,1940.427,-5.259,5.331,225.75,-5.411,5.411,26.0,0.726,1,1,0,0,1,1,0,1,1,0
NGC5953,1.5,201.843,-6.155,9.175,14.637,-2.861,3.912,93.247,57.546,1996.242,,,230.066,,,26.0,0.726,1,1,0,0,-1,-1,0,1,1,0
NGC5953,4.5,214.918,-3.826,3.153,11.752,-1.569,1.725,93.247,57.546,1996.242,,,230.066,,,26.0,0.726,1,1,0,0,-1,-1,0,1,1,0
NGC5953,7.5,206.906,-4.892,5.22,14.777,-1.798,1.733,93.247,57.546,1996.242,,,230.066,,,26.0,0.726,1,1,0,0,-1,-1,0,1,1,0
NGC5953,10.5,202.174,-5.697,4.417,15.855,-1.887,2.291,93.247,57.546,1996.242,,,230.066,,,26.0,0.726,1,1,0,0,-1,-1,0,1,1,0
NGC5953,13.5,198.299,-8.391,8.729,13.615,-3.302,3.991,93.247,57.546,1996.242,,,230.066,,,26.0,0.726,1,1,0,0,-1,-1,0,1,1,0
NGC5953,16.5,286.471,-19.155,15.959,7.739,-4.188,4.46,93.247,57.546,1996.242,,,230.066,,,26.0,0.726,1,1,0,0,-1,-1,0,1,1,0
NGC5953,19.5,295.093,-19.251,23.715,6.162,-4.655,4.655,93.247,57.546,1996.242,,,230.066,,,26.0,0.726,1,1,0,0,-1,-1,0,1,1,0
NGC5953,22.5,350.519,-18.505,14.375,8.387,-2.461,3.186,93.247,57.546,1996.242,,,230.066,,,26.0,0.726,1,1,0,0,-1,-1,0,1,1,0
NGC5980,1.5,178.496,-44.9,44.9,79.939,-11.724,8.652,79.988,79.912,4043.639,-10.348,10.529,197.74,-8.931,8.931,66.2,0.348,1,1,0,0,1,1,0,1,1,0
NGC5980,4.5,219.326,-5.937,4.919,10.538,-4.263,8.106,79.988,79.912,4055.778,-4.454,5.409,198.612,-7.614,8.613,66.2,0.348,1,1,0,0,1,1,0,1,1,0
NGC5980,7.5,214.82,-3.963,3.105,9.145,-4.428,5.801,79.988,79.912,4050.873,-3.244,3.062,204.286,-4.583,3.344,66.2,0.348,1,1,0,0,1,1,0,1,1,0
NGC5980,10.5,210.873,-3.408,2.807,9.186,-3.613,3.792,79.988,79.912,4047.455,-2.772,2.392,197.705,-4.07,2.97,66.2,0.348,1,1,0,0,1,1,0,1,1,0
NGC5980,13.5,211.232,-3.44,3.44,9.167,-4.722,3.385,79.988,79.912,4044.323,-2.74,2.299,193.958,-2.798,2.373,66.2,0.348,1,1,0,0,1,1,0,1,1,0
NGC5980,16.5,215.652,-3.067,3.103,9.617,-6.259,3.699,79.988,79.912,4043.978,-2.883,2.174,192.801,-2.206,1.894,66.2,0.348,1,1,0,0,1,1,0,1,1,0
NGC5980,19.5,220.27,-2.773,1.875,9.294,-4.719,3.625,79.988,79.912,4045.785,-2.219,1.5,194.378,-4.155,2.376,66.2,0.348,1,1,0,0,1,1,0,1,1,0
NGC5980,22.5,220.798,-4.503,4.503,8.534,-3.647,3.647,79.988,79.912,4048.257,-2.512,2.452,192.68,-1.899,1.659,66.2,0.348,1,1,0,0,1,1,0,1,1,0
NGC5980,1.5,156.779,-15.759,11.799,82.502,-14.432,12.366,79.988,79.912,4046.62,,,195.865,,,66.2,0.348,1,1,0,0,-1,-1,0,1,1,0
NGC5980,4.5,213.408,-7.219,7.461,12.234,-2.861,2.164,79.988,79.912,4046.62,,,195.865,,,66.2,0.348,1,1,0,0,-1,-1,0,1,1,0
NGC5980,7.5,209.011,-5.326,4.824,13.553,-4.64,6.729,79.988,79.912,4046.62,,,195.865,,,66.2,0.348,1,1,0,0,-1,-1,0,1,1,0
NGC5980,10.5,209.471,-3.702,3.373,10.036,-3.416,3.833,79.988,79.912,4046.62,,,195.865,,,66.2,0.348,1,1,0,0,-1,-1,0,1,1,0
NGC5980,13.5,212.242,-2.972,2.972,9.115,-4.995,4.206,79.988,79.912,4046.62,,,195.865,,,66.2,0.348,1,1,0,0,-1,-1,0,1,1,0
NGC5980,16.5,215.535,-3.514,2.721,10.931,-5.321,3.738,79.988,79.912,4046.62,,,195.865,,,66.2,0.348,1,1,0,0,-1,-1,0,1,1,0
NGC5980,19.5,218.981,-3.716,3.636,10.034,-4.612,3.568,79.988,79.912,4046.62,,,195.865,,,66.2,0.348,1,1,0,0,-1,-1,0,1,1,0
NGC5980,22.5,221.164,-3.834,3.362,9.379,-5.652,4.012,79.988,79.912,4046.62,,,195.865,,,66.2,0.348,1,1,0,0,-1,-1,0,1,1,0
NGC6004,1.5,85.283,-4.366,3.53,9.282,-13.384,13.384,79.705,80.008,3796.083,-9.427,9.218,85.19,-19.959,19.959,37.3,0.374,1,1,0,0,1,1,0,1,1,0
NGC6004,4.5,182.495,-14.552,22.224,8.868,-3.609,3.609,79.705,80.008,3862.529,-11.561,10.158,105.515,-10.768,10.768,37.3,0.374,1,1,0,0,1,1,0,1,1,0
NGC6004,7.5,167.577,-12.61,10.515,8.143,-2.075,2.572,79.705,80.008,3800.687,-5.962,5.563,103.989,-9.165,9.165,37.3,0.374,1,1,0,0,1,1,0,1,1,0
NGC6004,10.5,157.687,-8.543,7.712,9.756,-0.927,1.196,79.705,80.008,3799.437,-4.908,4.768,100.44,-10.163,10.163,37.3,0.374,1,1,0,0,1,1,0,1,1,0
NGC6004,13.5,161.362,-5.2,4.666,3.763,-1.552,1.627,79.705,80.008,3799.232,-2.517,2.665,90.479,-3.315,4.367,37.3,0.374,1,1,0,0,1,1,0,1,1,0
NGC6004,16.5,164.181,-4.909,4.07,0.726,-3.03,3.03,79.705,80.008,3799.203,-2.861,2.723,92.213,-3.503,3.792,37.3,0.374,1,1,0,0,1,1,0,1,1,0
NGC6004,19.5,168.672,-10.218,7.865,7.248,-1.141,1.451,79.705,80.008,3799.542,-4.478,3.58,95.217,-6.553,5.003,37.3,0.374,1,1,0,0,1,1,0,1,1,0
NGC6004,22.5,172.796,-9.311,10.347,2.364,-1.399,1.789,79.705,80.008,3798.032,-4.249,4.202,98.142,-6.287,4.673,37.3,0.374,1,1,0,0,1,1,0,1,1,0
NGC6004,1.5,81.14,-2.518,1.934,15.018,-1.295,1.625,79.705,80.008,3799.335,,,96.747,,,37.3,0.374,1,1,0,0,-1,-1,0,1,1,0
NGC6004,4.5,76.554,-9.98,16.499,11.922,-3.002,3.002,79.705,80.008,3799.335,,,96.747,,,37.3,0.374,1,1,0,0,-1,-1,0,1,1,0
NGC6004,7.5,165.522,-10.73,7.579,3.148,-3.631,3.631,79.705,80.008,3799.335,,,96.747,,,37.3,0.374,1,1,0,0,-1,-1,0,1,1,0
NGC6004,10.5,159.586,-8.124,8.114,0.201,-4.949,4.949,79.705,80.008,3799.335,,,96.747,,,37.3,0.374,1,1,0,0,-1,-1,0,1,1,0
NGC6004,13.5,160.191,-8.574,5.267,0.658,-3.999,3.999,79.705,80.008,3799.335,,,96.747,,,37.3,0.374,1,1,0,0,-1,-1,0,1,1,0
NGC6004,16.5,163.243,-4.755,4.681,0.829,-3.226,3.226,79.705,80.008,3799.335,,,96.747,,,37.3,0.374,1,1,0,0,-1,-1,0,1,1,0
NGC6004,19.5,171.162,-7.514,6.185,0.55,-3.474,3.474,79.705,80.008,3799.335,,,96.747,,,37.3,0.374,1,1,0,0,-1,-1,0,1,1,0
NGC6004,22.5,172.818,-9.28,9.182,0.603,-2.66,2.66,79.705,80.008,3799.335,,,96.747,,,37.3,0.374,1,1,0,0,-1,-1,0,1,1,0
NGC6060,1.5,133.288,-7.205,6.763,8.547,-2.128,1.649,80.29,80.192,4433.962,-3.449,3.603,280.23,-4.463,6.0,64.3,0.326,1,1,0,0,1,1,0,1,1,0
NGC6060,4.5,196.556,-4.095,3.181,9.302,-5.707,6.522,80.29,80.192,4391.523,-4.086,3.661,285.599,-6.54,4.942,64.3,0.326,1,1,0,0,1,1,0,1,1,0
NGC6060,7.5,200.987,-4.397,4.403,9.126,-5.134,5.549,80.29,80.192,4401.996,-4.004,3.735,284.637,-6.487,4.99,64.3,0.326,1,1,0,0,1,1,0,1,1,0
NGC6060,10.5,204.234,-3.853,4.289,8.495,-4.982,2.853,80.29,80.192,4404.096,-3.458,3.037,283.204,-4.996,5.006,64.3,0.326,1,1,0,0,1,1,0,1,1,0
NGC6060,13.5,200.114,-6.536,5.126,8.515,-2.891,3.784,80.29,80.192,4400.981,-3.039,3.115,282.967,-2.727,3.551,64.3,0.326,1,1,0,0,1,1,0,1,1,0
NGC6060,16.5,213.974,-10.402,8.023,7.894,-6.83,10.13,80.29,80.192,4363.242,-10.776,9.655,287.959,-7.223,5.181,64.3,0.326,1,1,0,0,1,1,0,1,1,0
NGC6060,19.5,242.241,-7.884,8.23,6.575,-10.176,10.176,80.29,80.192,4339.88,-6.045,6.794,280.117,-6.118,8.768,64.3,0.326,1,1,0,0,1,1,0,1,1,0
NGC6060,22.5,191.8,-3.196,3.741,8.823,-1.051,1.373,80.29,80.192,4387.951,-1.859,1.97,281.544,-3.188,2.765,64.3,0.326,1,1,0,0,1,1,0,1,1,0
NGC6060,1.5,165.174,-14.632,11.499,14.665,-3.225,2.493,80.29,80.192,4396.252,,,283.03,,,64.3,0.326,1,1,0,0,-1,-1,0,1,1,0
NGC6060,4.5,193.53,-4.717,4.361,9.055,-3.696,4.851,80.29,80.192,4396.252,,,283.03,,,64.3,0.326,1,1,0,0,-1,-1,0,1,1,0
NGC6060,7.5,201.397,-4.48,4.809,10.197,-6.248,5.586,80.29,80.192,4396.252,,,283.03,,,64.3,0.326,1,1,0,0,-1,-1,0,1,1,0
NGC6060,10.5,202.188,-3.833,3.056,5.321,-4.595,4.595,80.29,80.192,4396.252,,,283.03,,,64.3,0.326,1,1,0,0,-1,-1,0,1,1,0
NGC6060,13.5,196.716,-6.976,5.558,7.603,-3.806,4.941,80.29,80.192,4396.252,,,283.03,,,64.3,0.326,1,1,0,0,-1,-1,0,1,1,0
NGC6060,16.5,181.161,-4.844,3.815,8.316,-2.631,3.284,80.29,80.192,4396.252,,,283.03,,,64.3,0.326,1,1,0,0,-1,-1,0,1,1,0
NGC6060,19.5,183.261,-5.148,4.687,6.087,-2.869,3.355,80.29,80.192,4396.252,,,283.03,,,64.3,0.326,1,1,0,0,-1,-1,0,1,1,0
NGC6060,22.5,190.185,-4.468,3.77,9.043,-3.789,3.789,80.29,80.192,4396.252,,,283.03,,,64.3,0.326,1,1,0,0,-1,-1,0,1,1,0
NGC6155,1.5,111.486,-6.833,9.256,9.708,-7.061,7.766,79.601,80.016,2453.471,-14.728,12.745,322.384,-9.219,9.219,44.7,0.596,1,1,0,0,1,1,0,1,1,0
NGC6155,4.5,223.352,-12.516,10.724,7.584,-6.965,7.995,79.601,80.016,2314.25,-6.002,5.811,313.653,-4.527,4.527,44.7,0.596,1,1,0,0,1,1,0,1,1,0
NGC6155,7.5,227.39,-10.22,12.051,8.701,-9.042,9.042,79.601,80.016,2320.207,-6.66,7.195,311.43,-7.38,7.688,44.7,0.596,1,1,0,0,1,1,0,1,1,0
NGC6155,10.5,184.45,-14.222,10.488,9.786,-6.396,6.396,79.601,80.016,2368.095,-10.097,9.888,305.902,-6.898,6.898,44.7,0.596,1,1,0,0,1,1,0,1,1,0
NGC6155,13.5,187.509,-10.469,8.299,8.849,-12.571,12.571,79.601,80.016,2374.357,-10.216,10.448,312.906,-9.313,8.197,44.7,0.596,1,1,0,0,1,1,0,1,1,0
NGC6155,16.5,194.733,-8.878,8.967,8.442,-4.807,6.369,79.601,80.016,2371.84,-4.693,5.34,317.572,-5.086,6.024,44.7,0.596,1,1,0,0,1,1,0,1,1,0
NGC6155,19.5,135.032,-5.147,4.973,9.333,-0.748,0.933,79.601,80.016,2413.052,-2.614,2.339,312.15,-4.563,3.452,44.7,0.596,1,1,0,0,1,1,0,1,1,0
NGC6155,22.5,141.739,-10.075,7.222,8.44,-0.917,1.198,79.601,80.016,2410.552,-4.079,3.162,314.684,-5.326,4.23,44.7,0.596,1,1,0,0,1,1,0,1,1,0
NGC6155,1.5,91.974,-9.746,7.256,10.76,-7.064,8.556,79.601,80.016,2373.099,,,313.733,,,44.7,0.596,1,1,0,0,-1,-1,0,1,1,0
NGC6155,4.5,314.788,-45.746,50.1,9.431,-10.566,10.566,79.601,80.016,2373.099,,,313.733,,,44.7,0.596,1,1,0,0,-1,-1,0,1,1,0
NGC6155,7.5,140.918,-19.642,19.112,25.5,-12.638,12.638,79.601,80.016,2373.099,,,313.733,,,44.7,0.596,1,1,0,0,-1,-1,0,1,1,0
NGC6155,10.5,165.215,-16.93,18.441,23.12,-11.422,11.588,79.601,80.016,2373.099,,,313.733,,,44.7,0.596,1,1,0,0,-1,-1,0,1,1,0
NGC6155,13.5,186.923,-10.12,9.908,9.39,-11.755,11.755,79.601,80.016,2373.099,,,313.733,,,44.7,0.596,1,1,0,0,-1,-1,0,1,1,0
NGC6155,16.5,194.733,-9.952,8.701,8.442,-5.037,6.793,79.601,80.016,2373.099,,,313.733,,,44.7,0.596,1,1,0,0,-1,-1,0,1,1,0
NGC6155,19.5,198.592,-11.512,12.3,8.088,-4.803,6.328,79.601,80.016,2373.099,,,313.733,,,44.7,0.596,1,1,0,0,-1,-1,0,1,1,0
NGC6155,22.5,208.133,-16.139,16.144,4.38,-3.428,4.423,79.601,80.016,2373.099,,,313.733,,,44.7,0.596,1,1,0,0,-1,-1,0,1,1,0
NGC6168,1.5,43.426,-4.771,3.83,7.257,-3.421,2.854,72.961,77.484,2542.173,-2.569,2.192,276.403,-2.084,2.084,76.6,0.571,1,1,0,0,1,1,0,1,1,0
NGC6168,4.5,187.467,-7.961,9.636,9.093,-3.829,4.922,72.961,77.484,2403.257,-51.238,63.577,303.048,-15.757,19.534,76.6,0.571,1,1,0,0,1,1,0,1,1,0
NGC6168,7.5,220.031,-14.161,19.311,8.689,-6.328,9.887,72.961,77.484,2347.889,-28.19,23.2,297.487,-7.333,7.333,76.6,0.571,1,1,0,0,1,1,0,1,1,0
NGC6168,10.5,195.504,-8.316,10.38,8.888,-5.775,10.345,72.961,77.484,2391.034,-51.328,63.161,292.577,-5.479,3.9,76.6,0.571,1,1,0,0,1,1,0,1,1,0
NGC6168,13.5,146.082,-11.429,13.629,8.917,-8.426,8.426,72.961,77.484,2597.689,-7.614,7.64,290.897,-10.6,8.507,76.6,0.571,1,1,0,0,1,1,0,1,1,0
NGC6168,16.5,184.459,-13.884,11.058,8.437,-4.503,5.808,72.961,77.484,2612.142,-19.31,15.125,298.037,-5.787,4.352,76.6,0.571,1,1,0,0,1,1,0,1,1,0
NGC6168,19.5,174.541,-12.745,16.001,8.477,-2.823,3.633,72.961,77.484,2596.183,-5.493,6.009,296.54,-6.405,4.4,76.6,0.571,1,1,0,0,1,1,0,1,1,0
NGC6168,22.5,180.929,-8.511,6.939,8.412,-1.82,2.335,72.961,77.484,2592.733,-5.455,5.191,294.768,-11.49,11.49,76.6,0.571,1,1,0,0,1,1,0,1,1,0
NGC6168,1.5,68.343,-8.091,6.679,7.58,-2.51,3.006,72.961,77.484,2567.453,,,295.051,,,76.6,0.571,1,1,0,0,-1,-1,0,1,1,0
NGC6168,4.5,86.451,-10.197,7.459,9.696,-4.537,4.537,72.961,77.484,2567.453,,,295.051,,,76.6,0.571,1,1,0,0,-1,-1,0,1,1,0
NGC6168,7.5,252.843,-38.765,24.236,8.204,-5.662,8.973,72.961,77.484,2567.453,,,295.051,,,76.6,0.571,1,1,0,0,-1,-1,0,1,1,0
NGC6168,10.5,116.664,-14.883,11.394,12.029,-7.153,4.675,72.961,77.484,2567.453,,,295.051,,,76.6,0.571,1,1,0,0,-1,-1,0,1,1,0
NGC6168,13.5,122.095,-19.325,16.844,10.459,-7.631,7.631,72.961,77.484,2567.453,,,295.051,,,76.6,0.571,1,1,0,0,-1,-1,0,1,1,0
NGC6168,16.5,128.209,-10.245,11.606,11.374,-8.879,6.656,72.961,77.484,2567.453,,,295.051,,,76.6,0.571,1,1,0,0,-1,-1,0,1,1,0
NGC6168,19.5,144.541,-7.765,5.651,9.477,-2.478,2.835,72.961,77.484,2567.453,,,295.051,,,76.6,0.571,1,1,0,0,-1,-1,0,1,1,0
NGC6168,22.5,152.896,-4.777,4.245,1.869,-1.757,2.382,72.961,77.484,2567.453,,,295.051,,,76.6,0.571,1,1,0,0,-1,-1,0,1,1,0
NGC6186,1.5,186.176,-14.353,10.31,8.966,-4.764,3.151,80.268,79.904,2980.578,-41.762,32.773,244.411,-3.968,3.968,71.2,0.487,1,1,0,0,1,1,0,1,1,0
NGC6186,4.5,129.768,-6.114,5.47,9.581,-1.428,1.073,80.268,79.904,2941.74,-1.886,1.636,255.704,-2.357,2.044,71.2,0.487,1,1,0,0,1,1,0,1,1,0
NGC6186,7.5,126.688,-6.253,5.334,9.586,-1.698,1.329,80.268,79.904,2943.151,-1.988,1.666,258.119,-2.485,2.082,71.2,0.487,1,1,0,0,1,1,0,1,1,0
NGC6186,10.5,120.37,-10.596,9.993,11.263,-4.885,3.577,80.268,79.904,2940.903,-5.928,5.132,259.564,-5.352,4.675,71.2,0.487,1,1,0,0,1,1,0,1,1,0
NGC6186,13.5,193.309,-23.014,23.014,7.577,-10.734,10.375,80.268,79.904,2941.231,-19.158,17.876,258.623,-0.763,0.61,71.2,0.487,1,1,0,0,1,1,0,1,1,0
NGC6186,16.5,202.618,-16.167,21.464,8.272,-7.482,11.113,80.268,79.904,2936.742,-24.698,25.371,257.661,-12.087,14.487,71.2,0.487,1,1,0,0,1,1,0,1,1,0
