dat_prof/bbarolo/gal_nrad8_vdisp8.txt
# %ECSV 0.9
# ---
# datatype:
# - {name: GAL_NAME, datatype: string}
# - {name: RACTR, unit: deg, datatype: float64}
# - {name: DCCTR, unit: deg, datatype: float64}
# - {name: offset, unit: arcsec, datatype: float64, description: offset from ned position. Only not equal to 0 when a 2D-Gaussian-fitted
#     position is used}
# - {name: XPOSFIT(-1/0/1), datatype: int64, description: 0=fixed to input value; 1=fitted per ring; -1=fixed to mean value of previous
#     fit}
# - {name: YPOSFIT(-1/0/1), datatype: int64, description: 0=fixed to input value; 1=fitted per ring; -1=fixed to mean value of previous
#     fit}
# - {name: INCFIT(-1/0/1), datatype: int64, description: 0=fixed to input value; 1=fitted per ring; -1=fixed to mean value of previous
#     fit}
# - {name: PAFIT(-1/0/1), datatype: int64, description: 0=fixed to input value; 1=fitted per ring; -1=fixed to mean value of previous
#     fit}
# - {name: VSYSFIT(-1/0/1), datatype: int64, description: 0=fixed to input value; 1=fitted per ring; -1=fixed to mean value of previous
#     fit}
# - {name: VDISPFIT(0/1), datatype: int64, description: 0=fixed to input value; 1=fitted per ring; -1=fixed to mean value of previous
#     fit}
# - {name: VROTFIT(0/1), datatype: int64, description: 0=fixed to input value; 1=fitted per ring; -1=fixed to mean value of previous fit}
# - {name: FTYPE, datatype: int64}
# - {name: WFUNC, datatype: int64}
# - {name: BADFLAG, datatype: int64, description: 'BADFLAG = 1 when some ringlog exits, but Bbarolo fails to produce at least one of the
#     plots'}
# - {name: RAD, unit: arcsec, datatype: float64}
# - {name: VROT, unit: km / s, datatype: float64}
# - {name: DISP, unit: km / s, datatype: float64}
# - {name: INC, unit: deg, datatype: float64}
# - {name: P.A., unit: deg, datatype: float64}
# - {name: Z0, unit: arcsec, datatype: float64}
# - {name: XPOS, unit: pix, datatype: float64}
# - {name: YPOS, unit: pix, datatype: float64}
# - {name: VSYS, unit: km / s, datatype: float64}
# - {name: E_VROT1, unit: km / s, datatype: float64}
# - {name: E_VROT2, unit: km / s, datatype: float64}
# - {name: E_PA1, unit: deg, datatype: float64}
# - {name: E_PA2, unit: deg, datatype: float64}
# - {name: E_VSYS1, unit: km / s, datatype: float64}
# - {name: E_VSYS2, unit: km / s, datatype: float64}
# delimiter: ','
# schema: astropy-2.0
GAL_NAME,RACTR,DCCTR,offset,XPOSFIT(-1/0/1),YPOSFIT(-1/0/1),INCFIT(-1/0/1),PAFIT(-1/0/1),VSYSFIT(-1/0/1),VDISPFIT(0/1),VROTFIT(0/1),FTYPE,WFUNC,BADFLAG,RAD,VROT,DISP,INC,P.A.,Z0,XPOS,YPOS,VSYS,E_VROT1,E_VROT2,E_PA1,E_PA2,E_VSYS1,E_VSYS2
[from data line 226]
NGC2253,100.92433,65.20628,0.0,0,0,0,-1,-1,0,1,1,1,0,19.5,171.521,8.0,47.4,120.157,0.403,88.753,88.708,3523.212,-5.056,5.119,,,,
NGC2253,100.92433,65.20628,0.0,0,0,0,-1,-1,0,1,1,1,0,22.5,173.871,8.0,47.4,120.157,0.403,88.753,88.708,3523.212,-5.956,4.802,,,,
NGC2347,109.017375457,64.7109797287,8.03,0,0,0,1,1,0,1,1,1,0,1.5,207.906,8.0,50.2,11.906,0.324,88.551,87.727,4329.523,-14.337,14.726,-16.587,10.485,-14.636,13.053
NGC2347,109.017375457,64.7109797287,8.03,0,0,0,1,1,0,1,1,1,0,4.5,258.625,8.0,50.2,6.759,0.324,88.551,87.727,4349.471,-7.692,8.092,-4.747,7.269,-4.146,5.12
NGC2347,109.017375457,64.7109797287,8.03,0,0,0,1,1,0,1,1,1,0,7.5,271.632,8.0,50.2,8.73,0.324,88.551,87.727,4356.666,-5.026,7.968,-4.241,4.896,-3.089,4.288
NGC2347,109.017375457,64.7109797287,8.03,0,0,0,1,1,0,1,1,1,0,10.5,281.413,8.0,50.2,7.651,0.324,88.551,87.727,4354.922,-4.932,4.808,-2.88,2.855,-2.604,2.554
NGC2347,109.017375457,64.7109797287,8.03,0,0,0,1,1,0,1,1,1,0,13.5,228.156,8.0,50.2,2.737,0.324,88.551,87.727,4393.209,-8.583,7.888,-4.414,5.393,-4.332,4.427
NGC2347,109.017375457,64.7109797287,8.03,0,0,0,1,1,0,1,1,1,0,16.5,278.002,8.0,50.2,8.64,0.324,88.551,87.727,4361.562,-7.888,9.463,-3.359,4.108,-3.749,4.524
NGC2347,109.017375457,64.7109797287,8.03,0,0,0,1,1,0,1,1,1,0,19.5,236.103,8.0,50.2,10.582,0.324,88.551,87.727,4390.87,-16.369,21.506,-8.645,7.913,-39.045,39.045
NGC2347,109.017375457,64.7109797287,8.03,0,0,0,1,1,0,1,1,1,0,22.5,245.208,8.0,50.2,10.938,0.324,88.551,87.727,4348.285,-19.005,17.867,-13.459,9.803,-92.598,75.714
NGC2347,109.017375457,64.7109797287,8.03,0,0,0,-1,-1,0,1,1,1,0,1.5,252.906,8.0,50.2,8.883,0.324,88.551,87.727,4355.794,-28.546,21.386,,,,
NGC2347,109.017375457,64.7109797287,8.03,0,0,0,-1,-1,0,1,1,1,0,4.5,264.25,8.0,50.2,8.883,0.324,88.551,87.727,4355.794,-8.272,6.585,,,,
NGC2347,109.017375457,64.7109797287,8.03,0,0,0,-1,-1,0,1,1,1,0,7.5,272.57,8.0,50.2,8.883,0.324,88.551,87.727,4355.794,-6.095,6.095,,,,
NGC2347,109.017375457,64.7109797287,8.03,0,0,0,-1,-1,0,1,1,1,0,10.5,281.413,8.0,50.2,8.883,0.324,88.551,87.727,4355.794,-5.056,3.723,,,,
NGC2347,109.017375457,64.7109797287,8.03,0,0,0,-1,-1,0,1,1,1,0,13.5,283.468,8.0,50.2,8.883,0.324,88.551,87.727,4355.794,-5.827,5.185,,,,
NGC2347,109.017375457,64.7109797287,8.03,0,0,0,-1,-1,0,1,1,1,0,16.5,278.002,8.0,50.2,8.883,0.324,88.551,87.727,4355.794,-8.205,10.659,,,,
NGC2347,109.017375457,64.7109797287,8.03,0,0,0,-1,-1,0,1,1,1,0,19.5,281.103,8.0,50.2,8.883,0.324,88.551,87.727,4355.794,-22.367,16.667,,,,
NGC2347,109.017375457,64.7109797287,8.03,0,0,0,-1,-1,0,1,1,1,0,22.5,243.333,8.0,50.2,8.883,0.324,88.551,87.727,4355.794,-37.728,28.339,,,,
NGC2410,113.75942,32.82211,0.0,0,0,0,1,1,0,1,1,1,0,1.5,177.436,8.0,71.6,50.008,0.306,89.494,88.996,4538.697,-14.863,11.722,-10.787,10.349,-17.498,19.325
NGC2410,113.75942,32.82211,0.0,0,0,0,1,1,0,1,1,1,0,4.5,201.902,8.0,71.6,47.112,0.306,89.494,88.996,4581.994,-23.057,16.279,-5.524,4.087,-17.782,14.634
NGC2410,113.75942,32.82211,0.0,0,0,0,1,1,0,1,1,1,0,7.5,208.088,8.0,71.6,43.618,0.306,89.494,88.996,4575.357,-19.881,14.937,-3.596,2.787,-11.446,14.705
NGC2410,113.75942,32.82211,0.0,0,0,0,1,1,0,1,1,1,0,10.5,244.773,8.0,71.6,39.154,0.306,89.494,88.996,4591.645,-5.878,7.385,-2.34,1.671,-2.739,3.019
NGC2410,113.75942,32.82211,0.0,0,0,0,1,1,0,1,1,1,0,13.5,247.731,8.0,71.6,35.156,0.306,89.494,88.996,4597.239,-6.752,7.014,-2.655,3.14,-3.136,3.385
NGC2410,113.75942,32.82211,0.0,0,0,0,1,1,0,1,1,1,0,16.5,226.177,8.0,71.6,35.596,0.306,89.494,88.996,4606.254,-12.948,15.762,-2.585,2.061,-5.178,5.941
NGC2410,113.75942,32.82211,0.0,0,0,0,1,1,0,1,1,1,0,19.5,226.914,8.0,71.6,34.03,0.306,89.494,88.996,4605.496,-9.73,9.559,-0.995,1.245,-9.432,11.001
NGC2410,113.75942,32.82211,0.0,0,0,0,1,1,0,1,1,1,0,22.5,212.121,8.0,71.6,34.519,0.306,89.494,88.996,4599.356,-13.757,12.601,-6.845,5.331,-14.163,19.234
NGC2410,113.75942,32.82211,0.0,0,0,0,-1,-1,0,1,1,1,0,1.5,74.311,8.0,71.6,39.193,0.306,89.494,88.996,4594.442,-6.157,8.08,,,,
NGC2410,113.75942,32.82211,0.0,0,0,0,-1,-1,0,1,1,1,0,4.5,163.934,8.0,71.6,39.193,0.306,89.494,88.996,4594.442,-16.399,23.388,,,,
NGC2410,113.75942,32.82211,0.0,0,0,0,-1,-1,0,1,1,1,0,7.5,231.057,8.0,71.6,39.193,0.306,89.494,88.996,4594.442,-19.672,15.313,,,,
NGC2410,113.75942,32.82211,0.0,0,0,0,-1,-1,0,1,1,1,0,10.5,248.992,8.0,71.6,39.193,0.306,89.494,88.996,4594.442,-6.126,6.295,,,,
NGC2410,113.75942,32.82211,0.0,0,0,0,-1,-1,0,1,1,1,0,13.5,251.481,8.0,71.6,39.193,0.306,89.494,88.996,4594.442,-12.097,8.554,,,,
NGC2410,113.75942,32.82211,0.0,0,0,0,-1,-1,0,1,1,1,0,16.5,218.677,8.0,71.6,39.193,0.306,89.494,88.996,4594.442,-14.174,19.435,,,,
NGC2410,113.75942,32.82211,0.0,0,0,0,-1,-1,0,1,1,1,0,19.5,226.914,8.0,71.6,39.193,0.306,89.494,88.996,4594.442,-24.813,22.588,,,,
NGC2410,113.75942,32.82211,0.0,0,0,0,-1,-1,0,1,1,1,0,22.5,216.808,8.0,71.6,39.193,0.306,89.494,88.996,4594.442,-13.739,10.706,,,,
NGC2480,119.2935,23.77981,0.0,0,0,0,1,1,0,1,1,1,0,1.5,185.905,8.0,55.4,177.22,0.624,88.451,89.016,2183.662,-29.197,29.678,-46.999,58.707,-111.798,146.444
NGC2480,119.2935,23.77981,0.0,0,0,0,1,1,0,1,1,1,0,4.5,147.955,8.0,55.4,172.398,0.624,88.451,89.016,2410.782,-21.919,14.94,-2.241,2.241,-294.796,231.143
NGC2480,119.2935,23.77981,0.0,0,0,0,1,1,0,1,1,1,0,7.5,13.24,8.0,55.4,171.981,0.624,88.451,89.016,2304.545,-2.883,2.516,-3.805,3.805,-2.229,2.107
NGC2480,119.2935,23.77981,0.0,0,0,0,1,1,0,1,1,1,0,10.5,187.286,8.0,55.4,148.386,0.624,88.451,89.016,2582.944,-36.428,36.428,-5.39,5.39,-473.784,473.784
NGC2480,119.2935,23.77981,0.0,0,0,0,1,1,0,1,1,1,0,13.5,244.987,8.0,55.4,148.232,0.624,88.451,89.016,2556.993,-35.286,38.703,-1.378,1.378,-12.221,13.36
NGC2480,119.2935,23.77981,0.0,0,0,0,1,1,0,1,1,1,0,16.5,166.871,8.0,55.4,176.278,0.624,88.451,89.016,2193.976,-5.542,4.414,-1.412,1.119,-2.318,1.844
NGC2480,119.2935,23.77981,0.0,0,0,0,1,1,0,1,1,1,0,19.5,201.042,8.0,55.4,169.987,0.624,88.451,89.016,2610.871,-38.044,36.952,-2.365,3.038,-13.47,13.33
NGC2480,119.2935,23.77981,0.0,0,0,0,1,1,0,1,1,1,0,22.5,183.691,8.0,55.4,157.388,0.624,88.451,89.016,2649.139,-37.274,37.274,-3.449,4.232,-13.574,13.835
NGC2480,119.2935,23.77981,0.0,0,0,0,-1,-1,0,1,1,1,0,1.5,185.905,8.0,55.4,166.07,0.624,88.451,89.016,2483.888,-25.51,31.068,,,,
NGC2480,119.2935,23.77981,0.0,0,0,0,-1,-1,0,1,1,1,0,4.5,57.955,8.0,55.4,166.07,0.624,88.451,89.016,2483.888,-18.44,18.44,,,,
NGC2480,119.2935,23.77981,0.0,0,0,0,-1,-1,0,1,1,1,0,7.5,3.865,8.0,55.4,166.07,0.624,88.451,89.016,2483.888,0.0,0.0,,,,
NGC2480,119.2935,23.77981,0.0,0,0,0,-1,-1,0,1,1,1,0,10.5,162.911,8.0,55.4,166.07,0.624,88.451,89.016,2483.888,-35.964,39.762,,,,
NGC2480,119.2935,23.77981,0.0,0,0,0,-1,-1,0,1,1,1,0,13.5,304.987,8.0,55.4,166.07,0.624,88.451,89.016,2483.888,-24.858,19.345,,,,
NGC2480,119.2935,23.77981,0.0,0,0,0,-1,-1,0,1,1,1,0,16.5,168.511,8.0,55.4,166.07,0.624,88.451,89.016,2483.888,-46.924,43.903,,,,
NGC2480,119.2935,23.77981,0.0,0,0,0,-1,-1,0,1,1,1,0,19.5,217.448,8.0,55.4,166.07,0.624,88.451,89.016,2483.888,-47.051,40.735,,,,
NGC2480,119.2935,23.77981,0.0,0,0,0,-1,-1,0,1,1,1,0,22.5,24.316,8.0,55.4,166.07,0.624,88.451,89.016,2483.888,-7.283,7.283,,,,
NGC2487,119.58525,25.14922,0.0,0,0,0,1,1,0,1,1,1,0,1.5,170.224,8.0,31.4,295.809,0.293,89.543,88.992,4756.722,-6.344,6.783,-13.102,16.113,-6.482,7.632
NGC2487,119.58525,25.14922,0.0,0,0,0,1,1,0,1,1,1,0,4.5,170.632,8.0,31.4,296.685,0.293,89.543,88.992,4757.835,-10.82,9.213,-11.06,11.06,-7.293,6.758
NGC2487,119.58525,25.14922,0.0,0,0,0,1,1,0,1,1,1,0,7.5,165.607,8.0,31.4,298.156,0.293,89.543,88.992,4735.329,-15.123,15.123,-4.839,3.776,-16.401,20.233
NGC2487,119.58525,25.14922,0.0,0,0,0,1,1,0,1,1,1,0,10.5,49.326,8.0,31.4,311.955,0.293,89.543,88.992,4771.055,-14.415,14.415,-13.905,13.368,-27.3,25.689
NGC2487,119.58525,25.14922,0.0,0,0,0,1,1,0,1,1,1,0,13.5,0.043,8.0,31.4,312.229,0.293,89.543,88.992,4790.813,0.0,0.0,0.0,0.0,0.0,0.0
NGC2487,119.58525,25.14922,0.0,0,0,0,1,1,0,1,1,1,0,16.5,201.754,8.0,31.4,312.426,0.293,89.543,88.992,4724.08,-12.708,16.272,-97.519,102.203,-279.85,290.337
NGC2487,119.58525,25.14922,0.0,0,0,0,1,1,0,1,1,1,0,19.5,226.492,8.0,31.4,311.434,0.293,89.543,88.992,4737.403,-10.258,13.252,-21.782,25.436,-55.087,63.056
NGC2487,119.58525,25.14922,0.0,0,0,0,1,1,0,1,1,1,0,22.5,11.822,8.0,31.4,308.342,0.293,89.543,88.992,4744.737,-3.987,4.486,-3.476,3.008,-8.484,10.451
NGC2487,119.58525,25.14922,0.0,0,0,0,-1,-1,0,1,1,1,0,1.5,181.708,8.0,31.4,306.467,0.293,89.543,88.992,4750.729,-8.158,6.186,,,,
NGC2487,119.58525,25.14922,0.0,0,0,0,-1,-1,0,1,1,1,0,4.5,175.319,8.0,31.4,306.467,0.293,89.543,88.992,4750.729,-11.684,8.479,,,,
NGC2487,119.58525,25.14922,0.0,0,0,0,-1,-1,0,1,1,1,0,7.5,148.732,8.0,31.4,306.467,0.293,89.543,88.992,4750.729,-23.569,16.646,,,,
NGC2487,119.58525,25.14922,0.0,0,0,0,-1,-1,0,1,1,1,0,10.5,133.232,8.0,31.4,306.467,0.293,89.543,88.992,4750.729,-39.626,29.248,,,,
NGC2487,119.58525,25.14922,0.0,0,0,0,-1,-1,0,1,1,1,0,13.5,5.043,8.0,31.4,306.467,0.293,89.543,88.992,4750.729,0.0,0.0,,,,
NGC2487,119.58525,25.14922,0.0,0,0,0,-1,-1,0,1,1,1,0,16.5,29.254,8.0,31.4,306.467,0.293,89.543,88.992,4750.729,-6.711,6.711,,,,
NGC2487,119.58525,25.14922,0.0,0,0,0,-1,-1,0,1,1,1,0,19.5,31.492,8.0,31.4,306.467,0.293,89.543,88.992,4750.729,-9.307,9.307,,,,
NGC2487,119.58525,25.14922,0.0,0,0,0,-1,-1,0,1,1,1,0,22.5,14.322,8.0,31.4,306.467,0.293,89.543,88.992,4750.729,0.0,0.0,,,,
NGC2623,129.60033,25.75464,0.0,0,0,0,1,1,0,1,1,1,0,1.5,220.242,8.0,45.6,80.898,0.257,89.281,88.704,5442.082,-17.206,15.955,-13.864,13.864,-16.179,16.179
NGC2623,129.60033,25.75464,0.0,0,0,0,1,1,0,1,1,1,0,4.5,233.782,8.0,45.6,89.554,0.257,89.281,88.704,5443.015,-20.697,15.952,-9.199,7.09,-6.899,5.317
NGC2623,129.60033,25.75464,0.0,0,0,0,1,1,0,1,1,1,0,7.5,225.972,8.0,45.6,89.848,0.257,89.281,88.704,5421.359,-22.289,25.999,-11.827,13.514,-13.194,14.544
NGC2623,129.60033,25.75464,0.0,0,0,0,1,1,0,1,1,1,0,10.5,207.559,8.0,45.6,72.048,0.257,89.281,88.704,5432.849,-24.347,20.251,-3.791,4.887,-10.062,8.008
NGC2623,129.60033,25.75464,0.0,0,0,0,1,1,0,1,1,1,0,13.5,4.972,8.0,45.6,79.551,0.257,89.281,88.704,5350.872,-1.34,1.043,-3.015,2.347,-1.005,0.782
NGC2623,129.60033,25.75464,0.0,0,0,0,1,1,0,1,1,1,0,16.5,91.36,8.0,45.6,89.977,0.257,89.281,88.704,5373.859,-3.689,4.755,-1.64,2.113,-1.23,1.585
NGC2623,129.60033,25.75464,0.0,0,0,0,1,1,0,1,1,1,0,19.5,0.296,8.0,45.6,89.073,0.257,89.281,88.704,5374.143,0.0,0.0,0.0,0.0,0.0,0.0
NGC2623,129.60033,25.75464,0.0,0,0,0,1,1,0,1,1,1,0,22.5,199.162,8.0,45.6,89.993,0.257,89.281,88.704,5401.151,-9.268,11.82,-4.119,5.253,-3.089,3.94
NGC2623,129.60033,25.75464,0.0,0,0,0,-1,-1,0,1,1,1,0,1.5,202.429,8.0,45.6,86.483,0.257,89.281,88.704,5411.255,-23.88,22.498,,,,
NGC2623,129.60033,25.75464,0.0,0,0,0,-1,-1,0,1,1,1,0,4.5,216.907,8.0,45.6,86.483,0.257,89.281,88.704,5411.255,-22.039,18.661,,,,
NGC2623,129.60033,25.75464,0.0,0,0,0,-1,-1,0,1,1,1,0,7.5,222.222,8.0,45.6,86.483,0.257,89.281,88.704,5411.255,-25.715,29.579,,,,
NGC2623,129.60033,25.75464,0.0,0,0,0,-1,-1,0,1,1,1,0,10.5,170.528,8.0,45.6,86.483,0.257,89.281,88.704,5411.255,-20.865,27.042,,,,
NGC2623,129.60033,25.75464,0.0,0,0,0,-1,-1,0,1,1,1,0,13.5,197.785,8.0,45.6,86.483,0.257,89.281,88.704,5411.255,-31.386,31.192,,,,
NGC2623,129.60033,25.75464,0.0,0,0,0,-1,-1,0,1,1,1,0,16.5,166.36,8.0,45.6,86.483,0.257,89.281,88.704,5411.255,-33.083,42.989,,,,
NGC2623,129.60033,25.75464,0.0,0,0,0,-1,-1,0,1,1,1,0,19.5,185.296,8.0,45.6,86.483,0.257,89.281,88.704,5411.255,-25.686,35.026,,,,
NGC2623,129.60033,25.75464,0.0,0,0,0,-1,-1,0,1,1,1,0,22.5,148.537,8.0,45.6,86.483,0.257,89.281,88.704,5411.255,-33.862,36.039,,,,
NGC2639,130.90867,50.20556,0.0,0,0,0,1,1,0,1,1,1,1,4.5,41.507,8.0,49.5,130.493,0.451,89.184,89.116,3341.082,-9.357,9.366,-5.461,6.597,-14.042,14.478
NGC2639,130.90867,50.20556,0.0,0,0,0,1,1,0,1,1,1,1,7.5,264.534,8.0,49.5,120.97,0.451,89.184,89.116,3170.938,-13.548,12.94,-16.62,16.62,-10.056,9.853
NGC2639,130.90867,50.20556,0.0,0,0,0,1,1,0,1,1,1,1,10.5,251.329,8.0,49.5,144.313,0.451,89.184,89.116,3212.042,-13.97,13.253,-6.209,5.89,-4.657,4.418
NGC2639,130.90867,50.20556,0.0,0,0,0,1,1,0,1,1,1,1,13.5,179.133,8.0,49.5,130.3,0.451,89.184,89.116,3032.323,-10.868,13.768,-9.489,9.489,-13.617,13.387
NGC2639,130.90867,50.20556,0.0,0,0,0,1,1,0,1,1,1,1,16.5,219.171,8.0,49.5,130.987,0.451,89.184,89.116,3260.167,-13.299,10.103,-75.727,56.545,-213.882,159.533
NGC2639,130.90867,50.20556,0.0,0,0,0,1,1,0,1,1,1,1,19.5,221.806,8.0,49.5,125.435,0.451,89.184,89.116,3269.156,-10.616,9.414,-8.863,8.863,-6.493,6.092
NGC2639,130.90867,50.20556,0.0,0,0,0,1,1,0,1,1,1,1,22.5,217.708,8.0,49.5,124.344,0.451,89.184,89.116,3278.359,-7.837,9.999,-8.532,8.532,-233.363,196.283
NGC2730,135.56596,16.83831,0.0,0,0,0,1,1,0,1,1,1,0,1.5,3.454,8.0,27.7,90.695,0.377,88.564,89.116,3998.261,-0.653,0.653,-81.863,63.62,-244.935,190.208
NGC2730,135.56596,16.83831,0.0,0,0,0,1,1,0,1,1,1,0,7.5,197.362,8.0,27.7,90.135,0.377,88.564,89.116,3809.662,-14.527,13.339,-5.124,3.965,-14.907,12.418
NGC2730,135.56596,16.83831,0.0,0,0,0,1,1,0,1,1,1,0,10.5,161.81,8.0,27.7,83.975,0.377,88.564,89.116,3794.56,-14.328,10.684,-6.099,4.812,-6.809,5.165
NGC2730,135.56596,16.83831,0.0,0,0,0,1,1,0,1,1,1,0,13.5,202.663,8.0,27.7,92.264,0.377,88.564,89.116,3738.536,-14.695,18.512,-10.916,10.916,-12.136,14.411
NGC2730,135.56596,16.83831,0.0,0,0,0,1,1,0,1,1,1,0,16.5,196.268,8.0,27.7,95.781,0.377,88.564,89.116,3763.541,-6.573,8.921,-5.8,6.583,-10.828,10.828
NGC2730,135.56596,16.83831,0.0,0,0,0,1,1,0,1,1,1,0,19.5,202.534,8.0,27.7,81.233,0.377,88.564,89.116,3808.6,-16.36,22.035,-7.301,7.301,-19.0,14.524
NGC2730,135.56596,16.83831,0.0,0,0,0,1,1,0,1,1,1,0,22.5,195.69,8.0,27.7,92.705,0.377,88.564,89.116,3810.152,-16.474,14.732,-9.781,9.781,-13.581,11.275
NGC2730,135.56596,16.83831,0.0,0,0,0,-1,-1,0,1,1,1,0,1.5,3.454,8.0,27.7,88.501,0.377,88.564,89.116,3801.85,-0.384,0.63,,,,
NGC2730,135.56596,16.83831,0.0,0,0,0,-1,-1,0,1,1,1,0,4.5,2.188,8.0,27.7,88.501,0.377,88.564,89.116,3801.85,0.0,0.0,,,,
NGC2730,135.56596,16.83831,0.0,0,0,0,-1,-1,0,1,1,1,0,7.5,171.112,8.0,27.7,88.501,0.377,88.564,89.116,3801.85,-20.222,15.615,,,,
NGC2730,135.56596,16.83831,0.0,0,0,0,-1,-1,0,1,1,1,0,10.5,176.81,8.0,27.7,88.501,0.377,88.564,89.116,3801.85,-28.612,23.124,,,,
NGC2730,135.56596,16.83831,0.0,0,0,0,-1,-1,0,1,1,1,0,13.5,172.663,8.0,27.7,88.501,0.377,88.564,89.116,3801.85,-33.456,33.456,,,,
NGC2730,135.56596,16.83831,0.0,0,0,0,-1,-1,0,1,1,1,0,16.5,235.643,8.0,27.7,88.501,0.377,88.564,89.116,3801.85,-31.854,31.0,,,,
NGC2730,135.56596,16.83831,0.0,0,0,0,-1,-1,0,1,1,1,0,19.5,189.409,8.0,27.7,88.501,0.377,88.564,89.116,3801.85,-26.112,18.989,,,,
NGC2730,135.56596,16.83831,0.0,0,0,0,-1,-1,0,1,1,1,0,22.5,174.596,8.0,27.7,88.501,0.377,88.564,89.116,3801.85,-18.548,21.343,,,,
NGC2906,143.02592,8.44178,0.0,0,0,0,1,1,0,1,1,1,0,1.5,162.858,8.0,55.7,93.81,0.547,88.691,89.008,2150.945,-13.41,10.351,-8.784,7.33,-12.943,11.638
NGC2906,143.02592,8.44178,0.0,0,0,0,1,1,0,1,1,1,0,4.5,153.735,8.0,55.7,74.793,0.547,88.691,89.008,2145.874,-17.318,10.57,-7.508,9.486,-23.643,23.643
NGC2906,143.02592,8.44178,0.0,0,0,0,1,1,0,1,1,1,0,7.5,184.312,8.0,55.7,78.793,0.547,88.691,89.008,2121.03,-9.001,7.398,-4.855,3.289,-6.188,5.399
NGC2906,143.02592,8.44178,0.0,0,0,0,1,1,0,1,1,1,0,10.5,183.872,8.0,55.7,76.347,0.547,88.691,89.008,2125.742,-7.502,7.363,-4.561,3.82,-4.021,3.728
NGC2906,143.02592,8.44178,0.0,0,0,0,1,1,0,1,1,1,0,13.5,179.254,8.0,55.7,80.196,0.547,88.691,89.008,2127.057,-4.824,4.677,-2.613,1.877,-2.479,2.185
NGC2906,143.02592,8.44178,0.0,0,0,0,1,1,0,1,1,1,0,16.5,180.354,8.0,55.7,79.506,0.547,88.691,89.008,2120.847,-3.975,3.185,-1.788,2.213,-1.921,1.799
NGC2906,143.02592,8.44178,0.0,0,0,0,1,1,0,1,1,1,0,19.5,185.91,8.0,55.7,82.102,0.547,88.691,89.008,2117.276,-3.876,3.146,-2.723,2.032,-2.2,1.726
NGC2906,143.02592,8.44178,0.0,0,0,0,1,1,0,1,1,1,0,22.5,194.082,8.0,55.7,84.902,0.547,88.691,89.008,2116.361,-6.44,6.187,-3.782,2.889,-3.407,3.025
NGC2906,143.02592,8.44178,0.0,0,0,0,-1,-1,0,1,1,1,0,1.5,197.077,8.0,55.7,80.308,0.547,88.691,89.008,2123.386,-19.853,15.423,,,,
