dat_prof/bbarolo/gal_nrad8_vdisp8_smolist_densprof.csv
# %ECSV 0.9
# ---
# datatype:
# - {name: bbName, datatype: string}
# - {name: RADIUS, unit: arcsec, datatype: float64}
# - {name: NPIX, datatype: int64, description: number of pixels in ring}
# - {name: SURFDENS, unit: (Jy*km/s)/arcsec**2, datatype: float64, description: 'average intensity in ring, not corrected for inclination'}
# - {name: ERR_SD, unit: (Jy*km/s)/arcsec**2, datatype: float64, description: standard deviation of intensity in ring}
# delimiter: ','
# meta: !!omap
# - {comments: ''}
# schema: astropy-2.0
bbName,RADIUS,NPIX,SURFDENS,ERR_SD
ARP220,1.5,24,4.88,0.584
ARP220,4.5,73,2.493,0.8261
ARP220,7.5,123,0.7057,0.3809
ARP220,10.5,172,0.1426,0.1088
ARP220,13.5,215,0.03039,0.03098
ARP220,16.5,154,0.01588,0.01764
ARP220,19.5,52,0.02398,0.01754
ARP220,22.5,35,0.01849,0.01016
IC0480,1.5,6,0.4575,0.01217
IC0480,4.5,20,0.4033,0.03909
IC0480,7.5,33,0.3186,0.06241
IC0480,10.5,45,0.2362,0.0668
IC0480,13.5,60,0.1719,0.06027
IC0480,16.5,69,0.1147,0.05435
IC0480,19.5,87,0.07852,0.04809
IC0480,22.5,84,0.05137,0.03449
IC0540,1.5,10,0.04931,0.01269
IC0540,4.5,31,0.02926,0.01713
IC0540,7.5,32,0.02203,0.0128
IC0540,10.5,24,0.01634,0.006604
IC0540,13.5,16,0.01308,0.005973
IC0540,16.5,12,0.01068,0.003707
IC0540,19.5,4,0.01108,0.001983
IC0540,22.5,0,0.0,0.0
IC0944,1.5,7,0.2278,0.0166
IC0944,4.5,22,0.1969,0.03019
IC0944,7.5,36,0.154,0.0366
IC0944,10.5,52,0.1145,0.03753
IC0944,13.5,65,0.08429,0.03135
IC0944,16.5,80,0.06022,0.02671
IC0944,19.5,95,0.04354,0.02283
IC0944,22.5,104,0.03029,0.01726
IC1151,1.5,8,0.01126,0.002379
IC1151,4.5,17,0.01232,0.002278
IC1151,7.5,11,0.01095,0.002336
IC1151,10.5,3,0.009383,0.001024
IC1151,13.5,0,0.0,0.0
IC1151,16.5,0,0.0,0.0
IC1151,19.5,0,0.0,0.0
IC1151,22.5,0,0.0,0.0
IC1199,1.5,12,0.06138,0.02198
IC1199,4.5,35,0.04112,0.01967
IC1199,7.5,60,0.02714,0.01171
IC1199,10.5,81,0.02709,0.01583
IC1199,13.5,99,0.03004,0.02248
IC1199,16.5,113,0.02625,0.02077
IC1199,19.5,114,0.01981,0.01303
IC1199,22.5,93,0.01288,0.008641
IC1683,1.5,17,0.7355,0.07596
IC1683,4.5,48,0.4871,0.1298
IC1683,7.5,80,0.2391,0.1142
IC1683,10.5,115,0.1094,0.07224
IC1683,13.5,130,0.05231,0.04744
IC1683,16.5,85,0.03517,0.02885
IC1683,19.5,49,0.01784,0.01221
IC1683,22.5,17,0.008772,0.005
IC2247,1.5,5,0.2409,0.008021
IC2247,4.5,18,0.2299,0.01186
IC2247,7.5,30,0.2028,0.0153
IC2247,10.5,42,0.1705,0.01947
IC2247,13.5,54,0.1381,0.0205
IC2247,16.5,66,0.1034,0.02216
IC2247,19.5,77,0.07415,0.02302
IC2247,22.5,90,0.04971,0.02259
IC2487,1.5,5,0.08792,0.009343
IC2487,4.5,18,0.09329,0.01519
IC2487,7.5,29,0.08841,0.01231
IC2487,10.5,42,0.07965,0.01234
IC2487,13.5,52,0.06852,0.01959
IC2487,16.5,65,0.05055,0.0202
IC2487,19.5,74,0.03924,0.02166
IC2487,22.5,77,0.03191,0.02007
IC4566,1.5,0,0.0,0.0
IC4566,4.5,26,0.007989,0.002689
IC4566,7.5,69,0.01192,0.004959
IC4566,10.5,109,0.01941,0.01196
IC4566,13.5,145,0.02473,0.01425
IC4566,16.5,177,0.02356,0.01289
IC4566,19.5,194,0.01745,0.01204
IC4566,22.5,164,0.01266,0.008933
NGC0447,1.5,25,0.2458,0.02292
NGC0447,4.5,74,0.1405,0.0401
NGC0447,7.5,123,0.03918,0.02286
NGC0447,10.5,122,0.006967,0.00588
NGC0447,13.5,18,0.003335,0.001853
NGC0447,16.5,0,0.0,0.0
NGC0447,19.5,1,0.004975,0.0004661
NGC0447,22.5,34,0.006684,0.0009991
NGC0477,1.5,13,0.01281,0.002089
NGC0477,4.5,42,0.01268,0.00534
NGC0477,7.5,53,0.008553,0.00295
NGC0477,10.5,49,0.0096,0.004559
NGC0477,13.5,59,0.01272,0.005633
NGC0477,16.5,62,0.01223,0.006134
NGC0477,19.5,75,0.01015,0.006038
NGC0477,22.5,94,0.009443,0.004112
NGC0496,1.5,15,0.1654,0.006173
NGC0496,4.5,47,0.1366,0.01443
NGC0496,7.5,76,0.09783,0.01585
NGC0496,10.5,107,0.06268,0.01539
NGC0496,13.5,140,0.03433,0.01236
NGC0496,16.5,165,0.0179,0.008467
NGC0496,19.5,152,0.01066,0.00591
NGC0496,22.5,88,0.007829,0.003767
NGC0523,1.5,9,0.1533,0.01155
NGC0523,4.5,27,0.1121,0.02772
NGC0523,7.5,44,0.08292,0.03415
NGC0523,10.5,61,0.06592,0.03418
NGC0523,13.5,82,0.05639,0.03992
NGC0523,16.5,82,0.05312,0.0487
NGC0523,19.5,75,0.06181,0.05552
NGC0523,22.5,72,0.07166,0.06616
NGC0551,1.5,0,0.0,0.0
NGC0551,4.5,16,0.009316,0.003576
NGC0551,7.5,41,0.01414,0.008104
NGC0551,10.5,61,0.02099,0.01375
NGC0551,13.5,80,0.02429,0.01604
NGC0551,16.5,101,0.02475,0.01487
NGC0551,19.5,108,0.02145,0.01173
NGC0551,22.5,124,0.01342,0.008708
NGC1167,1.5,0,0.0,0.0
NGC1167,4.5,0,0.0,0.0
NGC1167,7.5,0,0.0,0.0
NGC1167,10.5,0,0.0,0.0
NGC1167,13.5,0,0.0,0.0
NGC1167,16.5,0,0.0,0.0
NGC1167,19.5,0,0.0,0.0
NGC1167,22.5,26,0.006077,0.001448
NGC2253,1.5,19,0.48,0.05463
NGC2253,4.5,57,0.2886,0.09124
NGC2253,7.5,93,0.158,0.05259
NGC2253,10.5,136,0.1306,0.01809
NGC2253,13.5,170,0.1198,0.0224
NGC2253,16.5,212,0.09092,0.0281
NGC2253,19.5,248,0.06602,0.0244
NGC2253,22.5,286,0.04852,0.02124
NGC2347,1.5,18,0.1679,0.01466
NGC2347,4.5,54,0.1467,0.02232
NGC2347,7.5,91,0.1177,0.02785
NGC2347,10.5,125,0.08386,0.02803
NGC2347,13.5,162,0.05138,0.02221
NGC2347,16.5,200,0.0285,0.01579
NGC2347,19.5,211,0.01581,0.009738
NGC2347,22.5,132,0.008876,0.005917
NGC2410,1.5,9,0.1576,0.009091
NGC2410,4.5,26,0.1433,0.02037
NGC2410,7.5,44,0.1273,0.02707
NGC2410,10.5,62,0.1108,0.03129
NGC2410,13.5,80,0.08869,0.03608
NGC2410,16.5,100,0.0651,0.04182
NGC2410,19.5,113,0.04737,0.03814
NGC2410,22.5,125,0.03535,0.02855
NGC2480,1.5,16,0.04265,0.01188
NGC2480,4.5,47,0.02663,0.009543
NGC2480,7.5,70,0.01743,0.0076
NGC2480,10.5,44,0.01874,0.01289
NGC2480,13.5,38,0.02514,0.01675
NGC2480,16.5,36,0.02356,0.01687
NGC2480,19.5,31,0.01666,0.01194
NGC2480,22.5,26,0.007098,0.003324
NGC2487,1.5,24,0.0928,0.0225
NGC2487,4.5,61,0.03565,0.02009
NGC2487,7.5,76,0.01458,0.009071
NGC2487,10.5,40,0.01014,0.004614
NGC2487,13.5,21,0.007417,0.001361
NGC2487,16.5,0,0.006397,0.0
NGC2487,19.5,21,0.007864,0.001809
NGC2487,22.5,53,0.00893,0.002812
NGC2623,1.5,19,1.436,0.145
NGC2623,4.5,59,0.8052,0.2575
NGC2623,7.5,98,0.2747,0.1673
NGC2623,10.5,138,0.07128,0.06679
NGC2623,13.5,169,0.01854,0.02154
NGC2623,16.5,117,0.009072,0.009708
NGC2623,19.5,54,0.00692,0.006238
NGC2623,22.5,20,0.006041,0.00384
NGC2639,1.5,13,0.007609,0.002635
NGC2639,4.5,49,0.01503,0.01577
NGC2639,7.5,73,0.04352,0.0335
NGC2639,10.5,113,0.07107,0.05183
NGC2639,13.5,140,0.07312,0.05473
NGC2639,16.5,154,0.06626,0.05059
NGC2639,19.5,161,0.04423,0.03653
NGC2639,22.5,134,0.02893,0.02319
NGC2730,1.5,25,0.01683,0.005626
NGC2730,4.5,67,0.009006,0.003072
NGC2730,7.5,89,0.01017,0.00448
NGC2730,10.5,108,0.01347,0.006237
NGC2730,13.5,137,0.01423,0.006451
NGC2730,16.5,169,0.01157,0.005009
NGC2730,19.5,158,0.00938,0.00415
NGC2730,22.5,101,0.00723,0.003298
NGC2906,1.5,15,0.09807,0.01564
NGC2906,4.5,49,0.08186,0.02943
NGC2906,7.5,77,0.06095,0.02944
NGC2906,10.5,112,0.06003,0.02624
NGC2906,13.5,137,0.06264,0.02831
NGC2906,16.5,168,0.05689,0.03122
NGC2906,19.5,180,0.04907,0.02717
NGC2906,22.5,187,0.03383,0.01978
NGC2916,1.5,0,0.0,0.0
NGC2916,4.5,0,0.0,0.0
NGC2916,7.5,0,0.0,0.0
NGC2916,10.5,7,0.007841,0.001036
NGC2916,13.5,36,0.01107,0.004191
NGC2916,16.5,82,0.01323,0.006237
NGC2916,19.5,108,0.01661,0.008566
NGC2916,22.5,119,0.01969,0.01088
NGC3303,1.5,14,0.07821,0.01221
NGC3303,4.5,41,0.05146,0.02224
NGC3303,7.5,59,0.02861,0.02324
NGC3303,10.5,47,0.01761,0.0137
NGC3303,13.5,33,0.008774,0.004308
NGC3303,16.5,13,0.004344,0.002499
NGC3303,19.5,5,0.004577,0.001211
NGC3303,22.5,0,0.0,0.0
NGC3381,1.5,24,0.04353,0.01539
NGC3381,4.5,54,0.02333,0.01587
NGC3381,7.5,49,0.01493,0.01135
NGC3381,10.5,52,0.01301,0.009596
NGC3381,13.5,46,0.01751,0.009573
NGC3381,16.5,53,0.02049,0.01048
NGC3381,19.5,65,0.02257,0.01022
NGC3381,22.5,57,0.01783,0.006621
NGC3811,1.5,21,0.4781,0.04734
NGC3811,4.5,65,0.2776,0.07929
NGC3811,7.5,107,0.1131,0.04655
NGC3811,10.5,153,0.03837,0.01945
NGC3811,13.5,186,0.01924,0.01189
NGC3811,16.5,177,0.02299,0.01193
NGC3811,19.5,188,0.02704,0.01234
NGC3811,22.5,209,0.02138,0.01147
NGC3815,1.5,13,0.02766,0.01644
NGC3815,4.5,43,0.04639,0.02899
NGC3815,7.5,68,0.06403,0.03303
NGC3815,10.5,91,0.06847,0.03345
NGC3815,13.5,105,0.05009,0.02409
NGC3815,16.5,120,0.02266,0.01173
NGC3815,19.5,112,0.01008,0.004654
NGC3815,22.5,58,0.006315,0.002649
NGC3994,1.5,14,0.2906,0.01406
NGC3994,4.5,43,0.2696,0.03015
NGC3994,7.5,72,0.2049,0.04004
NGC3994,10.5,99,0.1215,0.04111
NGC3994,13.5,130,0.05233,0.0275
NGC3994,16.5,138,0.02007,0.0129
NGC3994,19.5,100,0.01025,0.005993
NGC3994,22.5,46,0.007199,0.004764
NGC4047,1.5,21,0.4236,0.01758
NGC4047,4.5,62,0.379,0.03234
NGC4047,7.5,105,0.3177,0.03614
NGC4047,10.5,146,0.2364,0.03374
NGC4047,13.5,190,0.1612,0.03214
NGC4047,16.5,229,0.1058,0.03238
NGC4047,19.5,274,0.05928,0.02769
NGC4047,22.5,305,0.02678,0.01803
NGC4149,1.5,11,0.4545,0.01986
NGC4149,4.5,33,0.3691,0.03828
NGC4149,7.5,58,0.2645,0.04489
NGC4149,10.5,77,0.1656,0.04389
NGC4149,13.5,103,0.08438,0.03298
NGC4149,16.5,125,0.0394,0.02044
NGC4149,19.5,144,0.01574,0.0112
NGC4149,22.5,109,0.004594,0.003579
NGC4185,1.5,0,0.0,0.0
NGC4185,4.5,0,0.0,0.0
NGC4185,7.5,6,0.01178,0.00149
NGC4185,10.5,38,0.01321,0.005927
NGC4185,13.5,68,0.01585,0.01185
NGC4185,16.5,93,0.01505,0.01255
NGC4185,19.5,117,0.01261,0.008483
NGC4185,22.5,127,0.009733,0.004041
NGC4211NED02,1.5,24,0.03399,0.01109
NGC4211NED02,4.5,69,0.01593,0.007904
NGC4211NED02,7.5,54,0.007644,0.00196
NGC4211NED02,10.5,2,0.006321,0.0001166
NGC4211NED02,13.5,3,0.008417,0.0009985
NGC4211NED02,16.5,10,0.009527,0.0007976
NGC4211NED02,19.5,0,0.0,0.0
NGC4211NED02,22.5,9,0.007576,0.0006996
NGC4470,1.5,19,0.0272,0.004624
NGC4470,4.5,58,0.03054,0.008391
NGC4470,7.5,95,0.03135,0.01293
NGC4470,10.5,125,0.02754,0.01656
NGC4470,13.5,136,0.02906,0.01988
NGC4470,16.5,132,0.03176,0.02113
NGC4470,19.5,121,0.02806,0.01885
NGC4470,22.5,96,0.01963,0.01159
NGC4644,1.5,8,0.01749,0.003527
NGC4644,4.5,25,0.0148,0.004416
NGC4644,7.5,40,0.01661,0.008879
NGC4644,10.5,55,0.01826,0.009236
NGC4644,13.5,68,0.01911,0.007832
NGC4644,16.5,76,0.0175,0.008432
NGC4644,19.5,65,0.01534,0.008909
NGC4644,22.5,56,0.01407,0.008818
NGC4676A,1.5,18,0.6796,0.07904
NGC4676A,4.5,54,0.4229,0.1331
NGC4676A,7.5,91,0.164,0.1027
NGC4676A,10.5,116,0.04178,0.04304
NGC4676A,13.5,79,0.01409,0.01211
NGC4676A,16.5,40,0.007296,0.002829
NGC4676A,19.5,16,0.007777,0.001556
NGC4676A,22.5,26,0.007538,0.001379
NGC4711,1.5,15,0.01787,0.007056
NGC4711,4.5,45,0.02419,0.01138
NGC4711,7.5,74,0.02877,0.01604
NGC4711,10.5,92,0.03076,0.01761
NGC4711,13.5,105,0.03424,0.01862
NGC4711,16.5,116,0.03164,0.01921
NGC4711,19.5,117,0.02346,0.01403
NGC4711,22.5,96,0.0152,0.009372
NGC4961,1.5,19,0.02872,0.01041
NGC4961,4.5,55,0.02563,0.01354
NGC4961,7.5,86,0.02597,0.01333
NGC4961,10.5,100,0.02668,0.01323
NGC4961,13.5,91,0.02153,0.01111
NGC4961,16.5,47,0.01446,0.009249
NGC4961,19.5,30,0.007356,0.004405
NGC4961,22.5,8,0.003784,0.0007013
NGC5000,1.5,26,0.3342,0.05363
NGC5000,4.5,80,0.1506,0.06485
NGC5000,7.5,131,0.03184,0.02307
NGC5000,10.5,132,0.00852,0.008413
NGC5000,13.5,95,0.01331,0.007444
NGC5000,16.5,115,0.01792,0.009662
NGC5000,19.5,122,0.01591,0.008425
NGC5000,22.5,107,0.009318,0.005142
NGC5016,1.5,21,0.1073,0.01175
NGC5016,4.5,65,0.09386,0.01141
NGC5016,7.5,109,0.07887,0.01411
NGC5016,10.5,151,0.06399,0.0161
NGC5016,13.5,195,0.04618,0.01566
NGC5016,16.5,226,0.0275,0.0115
NGC5016,19.5,213,0.01721,0.008911
NGC5016,22.5,162,0.01211,0.006373
NGC5056,1.5,13,0.07376,0.01285
NGC5056,4.5,40,0.06169,0.02111
NGC5056,7.5,68,0.04668,0.01732
NGC5056,10.5,95,0.03413,0.01275
NGC5056,13.5,120,0.02534,0.01328
NGC5056,16.5,142,0.01853,0.01115
NGC5056,19.5,151,0.01369,0.007768
NGC5056,22.5,113,0.008659,0.00458
NGC5205,1.5,0,0.0,0.0
NGC5205,4.5,0,0.0,0.0
NGC5205,7.5,0,0.0,0.0
NGC5205,10.5,11,0.01134,0.006351
NGC5205,13.5,47,0.01603,0.006227
NGC5205,16.5,82,0.01548,0.005384
NGC5205,19.5,110,0.01358,0.004302
NGC5205,22.5,99,0.01247,0.005028
NGC5218,1.5,24,3.241,0.37
NGC5218,4.5,73,1.771,0.5411
NGC5218,7.5,121,0.5983,0.2812
NGC5218,10.5,170,0.1746,0.1281
NGC5218,13.5,221,0.07084,0.06594
NGC5218,16.5,257,0.04789,0.05451
NGC5218,19.5,192,0.0538,0.0702
NGC5218,22.5,115,0.07753,0.08214
NGC5394,1.5,9,1.446,0.106
NGC5394,4.5,29,1.077,0.2799
NGC5394,7.5,47,0.6684,0.3618
NGC5394,10.5,66,0.3875,0.341
NGC5394,13.5,86,0.2262,0.2787
NGC5394,16.5,94,0.1488,0.2087
NGC5394,19.5,78,0.1355,0.1667
NGC5394,22.5,68,0.1009,0.1242
NGC5406,1.5,0,0.0,0.0
NGC5406,4.5,0,0.0,0.0
NGC5406,7.5,6,0.006076,0.0003151
NGC5406,10.5,12,0.005849,0.0004937
NGC5406,13.5,33,0.007319,0.002451
NGC5406,16.5,83,0.009719,0.003749
NGC5406,19.5,90,0.01082,0.00384
NGC5406,22.5,109,0.00988,0.0031
NGC5480,1.5,21,0.2808,0.02435
NGC5480,4.5,63,0.2091,0.04315
NGC5480,7.5,106,0.1481,0.03976
NGC5480,10.5,148,0.1122,0.03582
NGC5480,13.5,191,0.08855,0.03556
NGC5480,16.5,231,0.06824,0.03352
NGC5480,19.5,264,0.05391,0.02462
NGC5480,22.5,291,0.03962,0.01672
NGC5520,1.5,15,0.231,0.01925
NGC5520,4.5,43,0.1995,0.02878
NGC5520,7.5,72,0.1473,0.03027
NGC5520,10.5,101,0.09078,0.02577
NGC5520,13.5,131,0.05195,0.02015
NGC5520,16.5,155,0.02862,0.01451
NGC5520,19.5,151,0.01411,0.009387
NGC5520,22.5,93,0.0077,0.007209
NGC5614,1.5,23,0.634,0.05537
NGC5614,4.5,69,0.4994,0.1017
NGC5614,7.5,114,0.3815,0.1314
NGC5614,10.5,158,0.2786,0.1317
NGC5614,13.5,207,0.1563,0.08929
NGC5614,16.5,252,0.0618,0.03623
NGC5614,19.5,263,0.02315,0.02681
NGC5614,22.5,145,0.02963,0.03508
NGC5633,1.5,20,0.2487,0.007224
NGC5633,4.5,64,0.2202,0.01319
NGC5633,7.5,104,0.1922,0.01473
NGC5633,10.5,149,0.1649,0.02165
NGC5633,13.5,189,0.1259,0.03145
NGC5633,16.5,226,0.07783,0.03263
NGC5633,19.5,245,0.03839,0.02075
NGC5633,22.5,196,0.01964,0.01254
NGC5657,1.5,10,0.1342,0.01717
NGC5657,4.5,32,0.08863,0.0353
NGC5657,7.5,52,0.04379,0.03153
NGC5657,10.5,50,0.02745,0.02412
NGC5657,13.5,34,0.01851,0.01734
NGC5657,16.5,29,0.008255,0.005494
NGC5657,19.5,11,0.005293,0.002374
NGC5657,22.5,2,0.004539,0.000489
NGC5784,1.5,20,0.01918,0.01118
NGC5784,4.5,57,0.02763,0.01718
NGC5784,7.5,82,0.02963,0.01852
NGC5784,10.5,90,0.02203,0.01421
NGC5784,13.5,87,0.01237,0.007532
NGC5784,16.5,51,0.006312,0.005356
NGC5784,19.5,1,0.003978,0.0008975
NGC5784,22.5,0,0.0,0.0
NGC5908,1.5,6,0.5124,0.01021
NGC5908,4.5,19,0.5115,0.02032
NGC5908,7.5,31,0.5145,0.03698
NGC5908,10.5,44,0.5307,0.07364
NGC5908,13.5,57,0.5298,0.1026
NGC5908,16.5,68,0.5053,0.1138
NGC5908,19.5,85,0.4432,0.1085
NGC5908,22.5,95,0.3691,0.106
NGC5930,1.5,20,1.437,0.1399
NGC5930,4.5,59,0.8561,0.2324
NGC5930,7.5,100,0.3278,0.1561
NGC5930,10.5,140,0.08856,0.06448
NGC5930,13.5,141,0.0176,0.02145
NGC5930,16.5,48,0.00648,0.005056
NGC5930,19.5,17,0.00635,0.002
NGC5930,22.5,2,0.006647,0.001092
NGC5934,1.5,16,0.5377,0.03165
NGC5934,4.5,48,0.4137,0.07433
NGC5934,7.5,81,0.2486,0.0934
NGC5934,10.5,112,0.1218,0.07941
NGC5934,13.5,131,0.05553,0.04673
NGC5934,16.5,112,0.02436,0.02141
NGC5934,19.5,62,0.009065,0.00629
NGC5934,22.5,21,0.004789,0.0011
NGC5947,1.5,1,0.005085,3.457e-05
NGC5947,4.5,32,0.006464,0.002319
NGC5947,7.5,80,0.01055,0.005964
NGC5947,10.5,106,0.01444,0.008587
NGC5947,13.5,119,0.01485,0.007236
NGC5947,16.5,121,0.01106,0.004905
NGC5947,19.5,71,0.00612,0.002739
NGC5947,22.5,1,0.004768,0.0001266
NGC5953,1.5,25,1.052,0.04398
NGC5953,4.5,75,0.8539,0.09865
NGC5953,7.5,128,0.53,0.1201
NGC5953,10.5,176,0.2326,0.09262
NGC5953,13.5,227,0.06324,0.04272
NGC5953,16.5,278,0.01231,0.01418
NGC5953,19.5,174,0.007608,0.00824
NGC5953,22.5,49,0.01285,0.009138
NGC5980,1.5,12,0.362,0.02265
NGC5980,4.5,34,0.2972,0.03865
NGC5980,7.5,57,0.2403,0.04554
NGC5980,10.5,78,0.1991,0.05046
NGC5980,13.5,103,0.1586,0.05154
NGC5980,16.5,126,0.1242,0.04601
NGC5980,19.5,149,0.08808,0.04014
NGC5980,22.5,171,0.05597,0.03017
NGC6004,1.5,23,0.1441,0.02188
NGC6004,4.5,66,0.07979,0.0347
NGC6004,7.5,111,0.0394,0.02639
NGC6004,10.5,156,0.03361,0.02133
NGC6004,13.5,203,0.03545,0.0216
NGC6004,16.5,241,0.02922,0.01865
NGC6004,19.5,245,0.01651,0.01166
NGC6004,22.5,232,0.008965,0.005339
NGC6060,1.5,11,0.1535,0.00633
NGC6060,4.5,36,0.1454,0.0171
NGC6060,7.5,61,0.1274,0.01729
NGC6060,10.5,86,0.08753,0.02324
NGC6060,13.5,109,0.05901,0.02543
NGC6060,16.5,135,0.04839,0.02453
NGC6060,19.5,158,0.04688,0.02603
NGC6060,22.5,176,0.04666,0.02545
NGC6155,1.5,20,0.1186,0.007295
NGC6155,4.5,60,0.1065,0.01454
NGC6155,7.5,100,0.086,0.01835
NGC6155,10.5,141,0.07258,0.01944
NGC6155,13.5,180,0.06232,0.01636
NGC6155,16.5,221,0.04828,0.01699
NGC6155,19.5,261,0.03148,0.01763
NGC6155,22.5,260,0.01955,0.01523
NGC6168,1.5,5,0.04487,0.006365
NGC6168,4.5,20,0.0391,0.01131
NGC6168,7.5,32,0.03382,0.01379
NGC6168,10.5,45,0.02852,0.01417
NGC6168,13.5,48,0.02586,0.01195
NGC6168,16.5,52,0.026,0.01444
NGC6168,19.5,55,0.02199,0.01161
NGC6168,22.5,60,0.01694,0.008097
NGC6186,1.5,9,0.9758,0.07643
NGC6186,4.5,27,0.7231,0.2094
NGC6186,7.5,45,0.4402,0.2705
NGC6186,10.5,64,0.2712,0.2496
NGC6186,13.5,83,0.1757,0.1924
NGC6186,16.5,99,0.1213,0.1389
NGC6186,19.5,109,0.09304,0.1029
NGC6186,22.5,112,0.0781,0.08008
