edge_pydb/dat_prof/carma_spec/cospec_smo7.csv
# %ECSV 0.9
# ---
# datatype:
# - {name: Name, datatype: string, description: Galaxy Name}
# - {name: coVlsr_smo7, unit: km / s, datatype: float64}
# - {name: coNomaskSpec_smo7, unit: Jy, datatype: float64, format: .5f, description: channel-averaged flux}
# - {name: coNomaskUnc_smo7, unit: Jy, datatype: float64, format: .5f, description: formal uncertainty}
# - {name: coDilatedSpec_smo7, unit: Jy, datatype: float64, format: .5f, description: channel-averaged flux}
# - {name: coDilatedUnc_smo7, unit: Jy, datatype: float64, format: .5f, description: formal uncertainty}
# - {name: coSmoothSpec_smo7, unit: Jy, datatype: float64, format: .5f, description: channel-averaged flux}
# - {name: coSmoothUnc_smo7, unit: Jy, datatype: float64, format: .5f, description: formal uncertainty}
# - {name: coMask2dSpec_smo7, unit: Jy, datatype: float64, format: .5f, description: channel-averaged flux}
# - {name: coMask2dUnc_smo7, unit: Jy, datatype: float64, format: .5f, description: formal uncertainty}
# delimiter: ','
# schema: astropy-2.0
Name,coVlsr_smo7,coNomaskSpec_smo7,coNomaskUnc_smo7,coDilatedSpec_smo7,coDilatedUnc_smo7,coSmoothSpec_smo7,coSmoothUnc_smo7,coMask2dSpec_smo7,coMask2dUnc_smo7
[from data line 5402]
UGC10380,8300.0,-0.05522,0.23501,0.01432,0.01208,0.01168,0.03313,-0.03454,0.06958
UGC10380,8320.0,0.06908,0.23501,0.03353,0.01406,0.08823,0.03419,0.14511,0.06958
UGC10380,8340.0,-0.18768,0.23501,0.04157,0.01512,0.10121,0.04341,0.09076,0.06958
UGC10380,8360.0,-0.40428,0.23502,0.03672,0.01518,0.04619,0.04720,0.06176,0.06958
UGC10380,8380.0,-0.13657,0.23499,0.03410,0.01393,0.10054,0.04757,0.07940,0.06958
UGC10380,8400.0,0.02285,0.23499,0.01163,0.02010,0.05298,0.04309,0.09029,0.06957
UGC10380,8420.0,-0.02595,0.23500,0.09280,0.02001,0.10235,0.04309,0.15446,0.06957
UGC10380,8440.0,0.09412,0.23500,0.04499,0.02119,0.01302,0.04107,0.05684,0.06957
UGC10380,8460.0,-0.09172,0.23500,0.07088,0.02158,0.04310,0.03494,0.01735,0.06957
UGC10380,8480.0,-0.00545,0.23495,0.09213,0.02153,0.11642,0.03957,0.08035,0.06957
UGC10380,8500.0,0.08431,0.23496,0.04738,0.02142,0.00793,0.03957,0.00515,0.06957
UGC10380,8520.0,0.03595,0.23496,0.05654,0.01894,0.10021,0.04545,0.05559,0.06957
UGC10380,8540.0,-0.28745,0.23494,0.03062,0.02018,0.03556,0.06090,0.01686,0.06957
UGC10380,8560.0,-0.01734,0.23491,0.08195,0.02265,0.08187,0.06086,0.05910,0.06957
UGC10380,8580.0,0.06756,0.23492,0.06176,0.02294,0.25440,0.05401,0.19894,0.06957
UGC10380,8600.0,0.05991,0.23492,0.00435,0.02314,-0.02159,0.05401,-0.05579,0.06956
UGC10380,8620.0,-0.02547,0.23492,0.07772,0.01949,0.01268,0.05178,0.02693,0.06956
UGC10380,8640.0,0.12042,0.23490,0.00832,0.01818,nan,nan,0.18316,0.06956
UGC10380,8660.0,0.04910,0.23488,0.01424,0.00858,nan,nan,0.09672,0.06956
UGC10380,8680.0,-0.06705,0.23488,-0.00369,0.00858,nan,nan,0.04158,0.06956
UGC10380,8700.0,0.06129,0.23483,nan,nan,nan,nan,-0.08397,0.06956
UGC10380,8720.0,-0.00431,0.23481,nan,nan,nan,nan,0.02994,0.06956
UGC10380,8740.0,-0.06573,0.23481,nan,nan,nan,nan,0.04758,0.06956
UGC10380,8760.0,0.03994,0.23481,nan,nan,nan,nan,0.02962,0.06956
UGC10380,8780.0,0.06064,0.23482,nan,nan,nan,nan,0.06884,0.06955
UGC10380,8800.0,0.03320,0.23482,nan,nan,nan,nan,0.01022,0.06955
UGC10380,8820.0,-0.02473,0.23482,nan,nan,nan,nan,-0.01998,0.06955
UGC10380,8840.0,-0.05331,0.23482,nan,nan,nan,nan,0.00685,0.06955
UGC10380,8860.0,-0.10166,0.23483,nan,nan,nan,nan,0.03147,0.06955
UGC10380,8880.0,0.29053,0.23483,nan,nan,nan,nan,-0.01394,0.06955
UGC10380,8900.0,-0.07339,0.23483,nan,nan,nan,nan,-0.05962,0.06955
UGC10380,8920.0,0.16090,0.23483,nan,nan,nan,nan,0.02269,0.06955
UGC10380,8940.0,-0.11079,0.23486,nan,nan,nan,nan,0.03652,0.06955
UGC10384,4440.0,0.12654,0.21902,nan,nan,nan,nan,-0.01010,0.05826
UGC10384,4460.0,0.23710,0.21900,nan,nan,nan,nan,-0.01376,0.05825
UGC10384,4480.0,-0.18623,0.21900,nan,nan,nan,nan,-0.02930,0.05825
UGC10384,4500.0,-0.00619,0.21901,nan,nan,nan,nan,-0.02175,0.05825
UGC10384,4520.0,0.13584,0.21901,nan,nan,nan,nan,0.00403,0.05825
UGC10384,4540.0,-0.09558,0.21899,nan,nan,nan,nan,-0.01500,0.05825
UGC10384,4560.0,-0.08507,0.21899,nan,nan,nan,nan,0.05530,0.05825
UGC10384,4580.0,0.05472,0.21899,nan,nan,nan,nan,-0.03347,0.05825
UGC10384,4600.0,0.35051,0.21899,nan,nan,nan,nan,-0.03010,0.05824
UGC10384,4620.0,-0.28163,0.21900,nan,nan,nan,nan,0.08846,0.05824
UGC10384,4640.0,-0.17195,0.21900,nan,nan,nan,nan,-0.05655,0.05824
UGC10384,4660.0,0.15580,0.21900,nan,nan,-0.00008,0.01148,0.02983,0.05824
UGC10384,4680.0,-0.07124,0.21900,nan,nan,-0.00348,0.03245,0.02195,0.05824
UGC10384,4700.0,0.00609,0.21901,0.01301,0.01388,0.05551,0.03913,0.02336,0.05824
UGC10384,4720.0,-0.05328,0.21901,0.06276,0.02166,0.11777,0.04161,0.07390,0.05823
UGC10384,4740.0,-0.07196,0.21901,0.16722,0.02316,0.17243,0.04416,0.10731,0.05823
UGC10384,4760.0,0.21274,0.21899,0.21807,0.02535,0.16555,0.04454,0.17472,0.05823
UGC10384,4780.0,0.26985,0.21899,0.25786,0.02364,0.26246,0.04294,0.29183,0.05823
UGC10384,4800.0,0.25315,0.21897,0.19037,0.02328,0.16817,0.03910,0.14385,0.05823
UGC10384,4820.0,0.19924,0.21897,0.19492,0.02248,0.21203,0.03800,0.19997,0.05823
UGC10384,4840.0,0.11614,0.21897,0.18571,0.02124,0.17595,0.03831,0.11781,0.05823
UGC10384,4860.0,0.02464,0.21895,0.15143,0.02138,0.11091,0.03690,0.00577,0.05822
UGC10384,4880.0,0.34768,0.21895,0.13590,0.02116,0.12839,0.04130,0.10176,0.05822
UGC10384,4900.0,0.17007,0.21896,0.16454,0.02305,0.13919,0.04051,0.09339,0.05822
UGC10384,4920.0,0.24089,0.21896,0.22938,0.02347,0.25409,0.04087,0.20319,0.05822
UGC10384,4940.0,0.40502,0.21896,0.20855,0.02564,0.20672,0.04374,0.14302,0.05822
UGC10384,4960.0,-0.00437,0.21894,0.23196,0.02877,0.25691,0.04374,0.19995,0.05822
UGC10384,4980.0,0.27590,0.21892,0.22473,0.02806,0.25494,0.04470,0.15392,0.05822
UGC10384,5000.0,0.08391,0.21892,0.11198,0.02750,0.08603,0.04469,0.07836,0.05821
UGC10384,5020.0,0.19271,0.21892,0.23578,0.02539,0.19837,0.04500,0.16138,0.05821
UGC10384,5040.0,0.26315,0.21893,0.21125,0.02772,0.22026,0.04176,0.17448,0.05821
UGC10384,5060.0,0.17125,0.21893,0.19115,0.02650,0.19900,0.04176,0.13466,0.05821
UGC10384,5080.0,-0.01661,0.21893,0.07696,0.02154,0.14078,0.04089,0.15861,0.05821
UGC10384,5100.0,0.05851,0.21891,0.01625,0.01504,0.06090,0.03694,0.10184,0.05821
UGC10384,5120.0,-0.10829,0.21889,-0.00056,0.00590,0.01678,0.03221,0.05439,0.05821
UGC10384,5140.0,-0.07829,0.21889,nan,nan,0.00686,0.01187,0.01431,0.05820
UGC10384,5160.0,0.30570,0.21889,nan,nan,nan,nan,-0.03504,0.05820
UGC10384,5180.0,-0.05259,0.21889,nan,nan,nan,nan,0.00963,0.05820
UGC10384,5200.0,-0.20250,0.21890,nan,nan,nan,nan,0.03119,0.05820
UGC10384,5220.0,0.00050,0.21890,nan,nan,nan,nan,-0.03050,0.05820
UGC10384,5240.0,0.15024,0.21890,nan,nan,nan,nan,0.02704,0.05820
UGC10384,5260.0,0.26625,0.21890,nan,nan,nan,nan,-0.10157,0.05820
UGC10384,5280.0,0.15422,0.21891,nan,nan,nan,nan,0.04018,0.05819
UGC10384,5300.0,0.07298,0.21891,nan,nan,nan,nan,-0.01122,0.05819
UGC10710,7720.0,0.06272,0.24576,nan,nan,nan,nan,0.07807,0.05985
UGC10710,7740.0,-0.21800,0.24574,nan,nan,nan,nan,-0.00393,0.05985
UGC10710,7760.0,0.11327,0.24574,nan,nan,nan,nan,-0.04453,0.05985
UGC10710,7780.0,0.28562,0.24574,nan,nan,nan,nan,-0.06904,0.05985
UGC10710,7800.0,0.19417,0.24574,nan,nan,nan,nan,-0.00456,0.05985
UGC10710,7820.0,0.00337,0.24572,nan,nan,0.00635,0.01918,0.00292,0.05985
UGC10710,7840.0,-0.16279,0.24572,nan,nan,-0.00810,0.02563,0.02888,0.05984
UGC10710,7860.0,-0.14345,0.24572,nan,nan,0.06870,0.03906,0.07862,0.05984
UGC10710,7880.0,-0.11794,0.24570,0.02873,0.02348,0.09991,0.04513,0.09210,0.05984
UGC10710,7900.0,0.02224,0.24570,0.10698,0.02647,0.12137,0.04537,0.08490,0.05984
UGC10710,7920.0,0.34397,0.24568,0.14415,0.02844,0.22008,0.04539,0.17687,0.05984
UGC10710,7940.0,0.12543,0.24568,0.11701,0.02357,0.11827,0.04513,0.08068,0.05984
UGC10710,7960.0,0.16994,0.24569,0.06955,0.02102,0.01458,0.04397,-0.00528,0.05983
UGC10710,7980.0,-0.01303,0.24566,0.06091,0.01765,0.05725,0.03519,0.02971,0.05983
UGC10710,8000.0,-0.13436,0.24567,0.06401,0.01761,0.09178,0.03608,0.05875,0.05983
UGC10710,8020.0,0.01383,0.24564,0.04297,0.01667,0.04606,0.03627,0.00159,0.05983
UGC10710,8040.0,-0.06062,0.24559,0.03824,0.01705,0.09631,0.03627,0.11095,0.05983
UGC10710,8060.0,0.00476,0.24559,0.05522,0.01744,0.09716,0.03370,0.04814,0.05983
UGC10710,8080.0,0.27070,0.24562,0.03391,0.01825,0.04383,0.03349,0.05340,0.05983
UGC10710,8100.0,-0.22285,0.24563,0.04589,0.01496,0.03628,0.03219,0.01988,0.05982
UGC10710,8120.0,-0.10344,0.24565,0.03071,0.01603,0.02113,0.02393,0.07706,0.05982
UGC10710,8140.0,0.03878,0.24566,0.04033,0.01557,0.04882,0.02919,0.04927,0.05982
UGC10710,8160.0,0.06351,0.24558,0.04320,0.01770,0.01884,0.03427,0.00665,0.05982
UGC10710,8180.0,0.01906,0.24558,0.06678,0.01908,0.07093,0.03795,0.11482,0.05982
UGC10710,8200.0,0.08087,0.24556,0.08307,0.02014,0.14625,0.04217,0.14439,0.05982
UGC10710,8220.0,-0.23295,0.24556,0.07808,0.01997,0.13440,0.04777,0.09928,0.05982
UGC10710,8240.0,0.06872,0.24554,0.06244,0.02260,0.13316,0.04777,0.09489,0.05981
UGC10710,8260.0,-0.26002,0.24554,0.08163,0.02087,0.12689,0.04823,0.07062,0.05981
UGC10710,8280.0,0.15044,0.24554,0.08812,0.02396,0.06514,0.04513,0.05057,0.05981
UGC10710,8300.0,0.02078,0.24555,0.09653,0.02459,0.14527,0.04463,0.11234,0.05981
UGC10710,8320.0,-0.08076,0.24552,0.10441,0.02579,0.12070,0.03967,0.11165,0.05981
UGC10710,8340.0,-0.12097,0.24545,0.11451,0.02668,0.10339,0.03938,0.05176,0.05981
UGC10710,8360.0,0.02579,0.24545,0.10195,0.02538,0.13087,0.03769,0.14677,0.05980
UGC10710,8380.0,0.09117,0.24545,0.02223,0.02168,0.02518,0.03690,0.01508,0.05980
UGC10710,8400.0,-0.08113,0.24543,-0.00209,0.00736,-0.05525,0.03332,-0.07807,0.05980
UGC10710,8420.0,0.04999,0.24543,nan,nan,nan,nan,-0.01605,0.05980
UGC10710,8440.0,0.12997,0.24541,nan,nan,nan,nan,0.03861,0.05980
UGC10710,8460.0,-0.00944,0.24539,nan,nan,nan,nan,0.00004,0.05980
UGC10710,8480.0,0.11100,0.24536,nan,nan,nan,nan,0.01980,0.05980
UGC10710,8500.0,0.08867,0.24534,nan,nan,nan,nan,-0.04308,0.05979
UGC10710,8520.0,-0.17788,0.24531,nan,nan,nan,nan,-0.07865,0.05979
UGC10710,8540.0,0.09588,0.24532,nan,nan,nan,nan,-0.00335,0.05979
UGC10710,8560.0,0.11141,0.24529,nan,nan,nan,nan,0.02506,0.05979
UGC10710,8580.0,0.10680,0.24530,nan,nan,nan,nan,-0.04119,0.05979
