edge_pydb/dat_prof/carma_spec/cospec_smo7.csv
# %ECSV 0.9
# ---
# datatype:
# - {name: Name, datatype: string, description: Galaxy Name}
# - {name: coVlsr_smo7, unit: km / s, datatype: float64}
# - {name: coNomaskSpec_smo7, unit: Jy, datatype: float64, format: .5f, description: channel-averaged flux}
# - {name: coNomaskUnc_smo7, unit: Jy, datatype: float64, format: .5f, description: formal uncertainty}
# - {name: coDilatedSpec_smo7, unit: Jy, datatype: float64, format: .5f, description: channel-averaged flux}
# - {name: coDilatedUnc_smo7, unit: Jy, datatype: float64, format: .5f, description: formal uncertainty}
# - {name: coSmoothSpec_smo7, unit: Jy, datatype: float64, format: .5f, description: channel-averaged flux}
# - {name: coSmoothUnc_smo7, unit: Jy, datatype: float64, format: .5f, description: formal uncertainty}
# - {name: coMask2dSpec_smo7, unit: Jy, datatype: float64, format: .5f, description: channel-averaged flux}
# - {name: coMask2dUnc_smo7, unit: Jy, datatype: float64, format: .5f, description: formal uncertainty}
# delimiter: ','
# schema: astropy-2.0
Name,coVlsr_smo7,coNomaskSpec_smo7,coNomaskUnc_smo7,coDilatedSpec_smo7,coDilatedUnc_smo7,coSmoothSpec_smo7,coSmoothUnc_smo7,coMask2dSpec_smo7,coMask2dUnc_smo7
[from data line 2570]
NGC5614,3640.0,-0.15677,0.26462,0.00625,0.00979,0.03306,0.02496,-0.07615,0.09936
NGC5614,3660.0,0.09164,0.26462,0.02026,0.01584,0.01666,0.03860,-0.00607,0.09936
NGC5614,3680.0,0.07215,0.26462,0.06237,0.02338,0.07125,0.04471,0.02698,0.09935
NGC5614,3700.0,0.07397,0.26457,0.20807,0.02761,0.17533,0.06367,0.08466,0.09935
NGC5614,3720.0,0.01566,0.26457,0.44085,0.03157,0.33208,0.06552,0.22170,0.09935
NGC5614,3740.0,0.25280,0.26455,0.63852,0.03453,0.77765,0.06615,0.65338,0.09935
NGC5614,3760.0,0.31160,0.26455,0.75594,0.04606,0.70997,0.07494,0.65230,0.09935
NGC5614,3780.0,0.41177,0.26455,0.68279,0.05278,0.53871,0.08151,0.46698,0.09935
NGC5614,3800.0,0.16228,0.26455,0.92321,0.05921,0.81254,0.08072,0.60978,0.09934
NGC5614,3820.0,0.41604,0.26456,0.96137,0.07593,0.90690,0.09207,0.81175,0.09934
NGC5614,3840.0,0.39972,0.26453,1.19302,0.08651,0.82420,0.09604,0.76134,0.09934
NGC5614,3860.0,0.73396,0.26451,1.39334,0.08472,1.24139,0.09377,1.11647,0.09934
NGC5614,3880.0,0.45219,0.26445,1.20052,0.07041,1.08014,0.08995,0.95473,0.09934
NGC5614,3900.0,0.35626,0.26443,0.99518,0.05852,0.88372,0.08362,0.76469,0.09934
NGC5614,3920.0,0.45623,0.26443,0.72381,0.05635,0.58417,0.07255,0.43395,0.09933
NGC5614,3940.0,0.37656,0.26438,0.68002,0.05128,0.62751,0.06700,0.48851,0.09933
NGC5614,3960.0,0.21461,0.26438,0.57886,0.05540,0.45720,0.05387,0.29833,0.09933
NGC5614,3980.0,0.03207,0.26435,0.43278,0.04891,0.26823,0.05260,0.16750,0.09933
NGC5614,4000.0,-0.09382,0.26436,0.23852,0.04243,0.20162,0.04708,0.13524,0.09933
NGC5614,4020.0,-0.00818,0.26436,0.11576,0.02652,0.12975,0.04236,-0.03575,0.09933
NGC5614,4040.0,0.31874,0.26436,0.01528,0.02322,-0.02557,0.03786,0.05219,0.09932
NGC5614,4060.0,-0.04133,0.26436,-0.00300,0.00980,0.00348,0.03045,0.03561,0.09932
NGC5614,4080.0,-0.01029,0.26437,nan,nan,nan,nan,0.05610,0.09932
NGC5614,4100.0,0.13302,0.26437,nan,nan,nan,nan,-0.05177,0.09932
NGC5614,4120.0,-0.11840,0.26434,nan,nan,nan,nan,-0.01634,0.09932
NGC5614,4140.0,-0.16488,0.26429,nan,nan,nan,nan,0.03907,0.09931
NGC5614,4160.0,0.12872,0.26429,nan,nan,nan,nan,-0.05299,0.09931
NGC5614,4180.0,0.23438,0.26430,nan,nan,nan,nan,-0.07007,0.09931
NGC5614,4200.0,-0.18191,0.26430,nan,nan,nan,nan,-0.08043,0.09931
NGC5614,4220.0,0.19419,0.26427,nan,nan,nan,nan,-0.11831,0.09931
NGC5614,4240.0,0.32884,0.26428,nan,nan,nan,nan,-0.00228,0.09931
NGC5614,4260.0,-0.04136,0.26428,nan,nan,nan,nan,0.01040,0.09930
NGC5633,1880.0,0.11315,0.28643,nan,nan,nan,nan,-0.02118,0.08907
NGC5633,1900.0,0.32746,0.28644,nan,nan,nan,nan,0.08455,0.08906
NGC5633,1920.0,0.15281,0.28644,nan,nan,nan,nan,0.01703,0.08906
NGC5633,1940.0,0.10565,0.28641,nan,nan,nan,nan,-0.02243,0.08906
NGC5633,1960.0,-0.21571,0.28641,nan,nan,nan,nan,0.06994,0.08906
NGC5633,1980.0,-0.13388,0.28642,nan,nan,nan,nan,-0.01668,0.08906
NGC5633,2000.0,0.06682,0.28642,nan,nan,nan,nan,-0.06275,0.08905
NGC5633,2020.0,-0.23063,0.28642,nan,nan,nan,nan,0.05335,0.08905
NGC5633,2040.0,-0.05460,0.28640,nan,nan,nan,nan,0.03625,0.08905
NGC5633,2060.0,-0.00997,0.28640,nan,nan,nan,nan,-0.00377,0.08905
NGC5633,2080.0,-0.12309,0.28634,nan,nan,nan,nan,-0.03864,0.08905
NGC5633,2100.0,0.08483,0.28634,nan,nan,nan,nan,-0.02792,0.08904
NGC5633,2120.0,-0.15580,0.28628,nan,nan,-0.00279,0.02333,-0.06772,0.08904
NGC5633,2140.0,-0.17276,0.28628,nan,nan,-0.01212,0.04251,-0.07724,0.08904
NGC5633,2160.0,-0.00351,0.28629,0.01657,0.02746,0.06393,0.05790,0.02153,0.08904
NGC5633,2180.0,0.27447,0.28629,0.16319,0.04059,0.09984,0.06121,0.07123,0.08904
NGC5633,2200.0,0.12828,0.28629,0.55305,0.04587,0.47487,0.06546,0.44313,0.08903
NGC5633,2220.0,0.51857,0.28630,0.52710,0.04956,0.42381,0.06851,0.31961,0.08903
NGC5633,2240.0,0.36028,0.28630,0.43636,0.04497,0.38228,0.07052,0.32930,0.08903
NGC5633,2260.0,0.63077,0.28630,0.56589,0.04158,0.47576,0.06717,0.34015,0.08903
NGC5633,2280.0,0.49885,0.28627,0.46239,0.04430,0.41102,0.06492,0.23295,0.08903
NGC5633,2300.0,0.28384,0.28624,0.38812,0.04482,0.30467,0.06411,0.15886,0.08902
NGC5633,2320.0,0.19196,0.28625,0.39516,0.04352,0.30934,0.06538,0.16698,0.08902
NGC5633,2340.0,0.38401,0.28625,0.35875,0.04166,0.24284,0.06450,0.14164,0.08902
NGC5633,2360.0,0.26182,0.28625,0.45337,0.04317,0.41299,0.06398,0.29515,0.08902
NGC5633,2380.0,0.46032,0.28622,0.44471,0.04412,0.36434,0.06229,0.28378,0.08902
NGC5633,2400.0,0.42822,0.28623,0.53698,0.04342,0.46825,0.06538,0.47896,0.08901
NGC5633,2420.0,0.24002,0.28620,0.58398,0.04224,0.51989,0.06324,0.48469,0.08901
NGC5633,2440.0,0.31568,0.28620,0.53944,0.04001,0.47989,0.06024,0.43543,0.08901
NGC5633,2460.0,0.21760,0.28620,0.26945,0.03670,0.27125,0.05893,0.12656,0.08901
NGC5633,2480.0,-0.07963,0.28618,0.01843,0.03105,-0.02331,0.05344,-0.05281,0.08901
NGC5633,2500.0,0.08722,0.28615,nan,nan,-0.04453,0.04677,-0.12934,0.08900
NGC5633,2520.0,0.19349,0.28615,nan,nan,nan,nan,-0.00207,0.08900
NGC5633,2540.0,0.09113,0.28615,nan,nan,nan,nan,-0.04938,0.08900
NGC5633,2560.0,0.13357,0.28613,nan,nan,nan,nan,0.00118,0.08900
NGC5633,2580.0,-0.08021,0.28613,nan,nan,nan,nan,0.05184,0.08900
NGC5633,2600.0,0.25153,0.28610,nan,nan,nan,nan,-0.05995,0.08900
NGC5633,2620.0,0.00521,0.28610,nan,nan,nan,nan,-0.04660,0.08899
NGC5633,2640.0,-0.09114,0.28611,nan,nan,nan,nan,0.02472,0.08899
NGC5633,2660.0,-0.09679,0.28611,nan,nan,nan,nan,0.04437,0.08899
NGC5633,2680.0,0.20109,0.28608,nan,nan,nan,nan,-0.03985,0.08899
NGC5633,2700.0,0.10465,0.28608,nan,nan,nan,nan,-0.08325,0.08899
NGC5633,2720.0,-0.01819,0.28605,nan,nan,nan,nan,0.01457,0.08898
NGC5633,2740.0,0.01712,0.28606,nan,nan,nan,nan,-0.05348,0.08898
NGC5657,3440.0,0.06487,0.27341,nan,nan,nan,nan,-0.01364,0.04932
NGC5657,3460.0,-0.05268,0.27338,nan,nan,nan,nan,0.00804,0.04932
NGC5657,3480.0,-0.14707,0.27338,nan,nan,nan,nan,0.04730,0.04932
NGC5657,3500.0,0.36085,0.27339,nan,nan,nan,nan,0.08992,0.04932
NGC5657,3520.0,-0.07048,0.27339,nan,nan,nan,nan,-0.04292,0.04932
NGC5657,3540.0,-0.16814,0.27339,nan,nan,nan,nan,-0.00408,0.04932
NGC5657,3560.0,0.25356,0.27336,nan,nan,nan,nan,0.06280,0.04931
NGC5657,3580.0,0.13702,0.27337,nan,nan,nan,nan,-0.03751,0.04931
NGC5657,3600.0,0.19398,0.27337,nan,nan,nan,nan,-0.03957,0.04931
NGC5657,3620.0,-0.10680,0.27337,nan,nan,nan,nan,0.00702,0.04931
NGC5657,3640.0,0.09331,0.27335,nan,nan,nan,nan,0.05465,0.04931
NGC5657,3660.0,0.19473,0.27335,-0.00068,0.00856,0.01566,0.03219,0.04642,0.04931
NGC5657,3680.0,-0.09482,0.27335,0.01447,0.01375,0.01910,0.03273,0.08390,0.04931
NGC5657,3700.0,0.12781,0.27335,0.03957,0.01753,0.09868,0.03450,0.11604,0.04930
NGC5657,3720.0,-0.05554,0.27336,0.06500,0.01932,0.05768,0.04153,0.05771,0.04930
NGC5657,3740.0,0.18552,0.27336,0.06563,0.02144,0.05604,0.04480,0.04554,0.04930
NGC5657,3760.0,0.19589,0.27336,0.09224,0.02950,0.14006,0.04643,0.13197,0.04930
NGC5657,3780.0,-0.02252,0.27337,0.17766,0.03132,0.18266,0.04731,0.17981,0.04930
NGC5657,3800.0,-0.00940,0.27337,0.10023,0.03242,0.09731,0.04751,0.08422,0.04930
NGC5657,3820.0,0.15565,0.27337,0.10232,0.02618,0.07686,0.04485,0.06026,0.04930
NGC5657,3840.0,0.04646,0.27335,0.10191,0.02512,0.14082,0.04193,0.13636,0.04929
NGC5657,3860.0,0.22680,0.27335,0.11556,0.02314,0.16371,0.04088,0.14967,0.04929
NGC5657,3880.0,-0.10440,0.27329,0.11646,0.02518,0.14789,0.04177,0.14412,0.04929
NGC5657,3900.0,-0.14337,0.27329,0.12352,0.02607,0.11906,0.04150,0.12904,0.04929
NGC5657,3920.0,0.09864,0.27330,0.13176,0.02543,0.14380,0.04295,0.13280,0.04929
NGC5657,3940.0,0.10261,0.27327,0.09832,0.02606,0.11226,0.04084,0.11672,0.04929
NGC5657,3960.0,0.34067,0.27327,0.07663,0.02474,0.07677,0.04036,0.05061,0.04929
NGC5657,3980.0,0.17972,0.27328,0.04358,0.02142,0.08587,0.03834,0.05438,0.04928
NGC5657,4000.0,-0.26664,0.27328,0.02369,0.01406,0.04337,0.03535,0.05216,0.04928
NGC5657,4020.0,-0.23735,0.27328,0.00927,0.01074,0.04321,0.03015,0.02534,0.04928
NGC5657,4040.0,-0.11550,0.27328,nan,nan,0.03375,0.01963,0.09467,0.04928
NGC5657,4060.0,-0.03124,0.27329,nan,nan,nan,nan,-0.03988,0.04928
NGC5657,4080.0,-0.10611,0.27329,nan,nan,nan,nan,0.02451,0.04928
NGC5657,4100.0,-0.12699,0.27329,nan,nan,nan,nan,0.02485,0.04928
NGC5657,4120.0,0.15297,0.27330,nan,nan,nan,nan,0.04759,0.04927
NGC5657,4140.0,-0.09313,0.27321,nan,nan,nan,nan,0.01060,0.04927
NGC5657,4160.0,0.10716,0.27318,nan,nan,nan,nan,-0.00906,0.04927
NGC5657,4180.0,-0.03932,0.27316,nan,nan,nan,nan,-0.00470,0.04927
NGC5657,4200.0,-0.21866,0.27316,nan,nan,nan,nan,0.00726,0.04927
NGC5657,4220.0,-0.17047,0.27316,nan,nan,nan,nan,0.06034,0.04927
NGC5657,4240.0,0.08084,0.27316,nan,nan,nan,nan,-0.03175,0.04926
NGC5657,4260.0,0.04120,0.27317,nan,nan,nan,nan,0.00467,0.04926
NGC5682,1820.0,0.15829,0.30135,nan,nan,nan,nan,,
NGC5682,1840.0,-0.00226,0.30135,nan,nan,nan,nan,,
NGC5682,1860.0,-0.09536,0.30132,nan,nan,nan,nan,,
NGC5682,1880.0,-0.47538,0.30132,nan,nan,nan,nan,,
NGC5682,1900.0,-0.41459,0.30133,nan,nan,nan,nan,,
NGC5682,1920.0,-0.08630,0.30133,nan,nan,nan,nan,,
NGC5682,1940.0,-0.06681,0.30133,nan,nan,nan,nan,,
NGC5682,1960.0,0.12532,0.30134,nan,nan,nan,nan,,
NGC5682,1980.0,-0.23170,0.30131,nan,nan,nan,nan,,
NGC5682,2000.0,0.08358,0.30131,nan,nan,nan,nan,,
NGC5682,2020.0,0.10176,0.30131,nan,nan,nan,nan,,
NGC5682,2040.0,0.07967,0.30132,nan,nan,nan,nan,,
NGC5682,2060.0,-0.29215,0.30132,nan,nan,nan,nan,,
NGC5682,2080.0,-0.15863,0.30132,nan,nan,nan,nan,,
NGC5682,2100.0,0.18553,0.30132,nan,nan,nan,nan,,
NGC5682,2120.0,-0.08962,0.30130,nan,nan,nan,nan,,
NGC5682,2140.0,-0.37173,0.30130,nan,nan,nan,nan,,
NGC5682,2160.0,0.06680,0.30127,nan,nan,nan,nan,,
NGC5682,2180.0,0.04155,0.30127,nan,nan,nan,nan,,
NGC5682,2200.0,0.19216,0.30127,nan,nan,nan,nan,,
NGC5682,2220.0,-0.14007,0.30128,nan,nan,nan,nan,,
NGC5682,2240.0,0.15817,0.30128,nan,nan,nan,nan,,
NGC5682,2260.0,0.00918,0.30128,nan,nan,nan,nan,,
NGC5682,2280.0,0.09969,0.30129,nan,nan,nan,nan,,
NGC5682,2300.0,-0.00568,0.30129,nan,nan,nan,nan,,
NGC5682,2320.0,-0.01835,0.30123,nan,nan,nan,nan,,
NGC5682,2340.0,0.07233,0.30116,nan,nan,nan,nan,,
NGC5682,2360.0,0.10705,0.30113,nan,nan,nan,nan,,
NGC5682,2380.0,0.06887,0.30114,nan,nan,nan,nan,,
NGC5682,2400.0,0.05760,0.30111,nan,nan,nan,nan,,
NGC5682,2420.0,-0.05151,0.30111,nan,nan,nan,nan,,
NGC5682,2440.0,-0.18612,0.30111,nan,nan,nan,nan,,
NGC5682,2460.0,0.24618,0.30112,nan,nan,nan,nan,,
NGC5682,2480.0,0.28948,0.30109,nan,nan,nan,nan,,
NGC5682,2500.0,0.17348,0.30109,nan,nan,nan,nan,,
NGC5682,2520.0,-0.16769,0.30109,nan,nan,nan,nan,,
NGC5682,2540.0,0.25743,0.30110,nan,nan,nan,nan,,
NGC5682,2560.0,-0.06568,0.30107,nan,nan,nan,nan,,
NGC5682,2580.0,0.25054,0.30107,nan,nan,nan,nan,,
NGC5682,2600.0,0.04707,0.30104,nan,nan,nan,nan,,
NGC5682,2620.0,-0.28683,0.30101,nan,nan,nan,nan,,
NGC5682,2640.0,0.13887,0.30101,nan,nan,nan,nan,,
NGC5682,2660.0,-0.25162,0.30102,nan,nan,nan,nan,,
NGC5682,2680.0,-0.16051,0.30099,nan,nan,nan,nan,,
NGC5732,3300.0,0.02724,0.29350,nan,nan,nan,nan,-0.01511,0.04965
NGC5732,3320.0,0.05113,0.29350,nan,nan,nan,nan,-0.13405,0.04964
NGC5732,3340.0,0.19210,0.29350,nan,nan,nan,nan,-0.01300,0.04964
NGC5732,3360.0,-0.15219,0.29351,nan,nan,nan,nan,0.03958,0.04964
NGC5732,3380.0,0.11321,0.29348,nan,nan,nan,nan,-0.01296,0.04964
NGC5732,3400.0,-0.31783,0.29348,nan,nan,nan,nan,0.05662,0.04964
NGC5732,3420.0,-0.33063,0.29348,nan,nan,nan,nan,0.08968,0.04964
NGC5732,3440.0,-0.02989,0.29349,nan,nan,nan,nan,0.12103,0.04964
NGC5732,3460.0,0.04726,0.29349,nan,nan,nan,nan,0.02993,0.04963
NGC5732,3480.0,-0.01222,0.29349,nan,nan,nan,nan,-0.02191,0.04963
NGC5732,3500.0,-0.27159,0.29349,nan,nan,nan,nan,-0.00340,0.04963
NGC5732,3520.0,-0.06501,0.29350,nan,nan,nan,nan,0.03842,0.04963
NGC5732,3540.0,-0.03965,0.29350,nan,nan,nan,nan,0.08992,0.04963
NGC5732,3560.0,-0.36596,0.29350,0.00148,0.00571,0.01845,0.04221,0.02183,0.04963
NGC5732,3580.0,-0.14478,0.29351,0.01157,0.03006,0.00217,0.04538,-0.00662,0.04963
NGC5732,3600.0,-0.06533,0.29351,0.16537,0.03277,0.19838,0.04572,0.19002,0.04962
NGC5732,3620.0,0.50523,0.29351,0.15156,0.03301,0.16514,0.04962,0.16514,0.04962
NGC5732,3640.0,-0.25160,0.29352,0.04651,0.03132,0.05558,0.04962,0.05558,0.04962
NGC5732,3660.0,-0.12406,0.29352,0.11310,0.02664,0.07095,0.04584,0.04406,0.04962
NGC5732,3680.0,0.18026,0.29352,0.05132,0.02529,0.05048,0.03945,0.02160,0.04962
NGC5732,3700.0,0.21609,0.29353,0.03918,0.02246,0.04682,0.03268,-0.02819,0.04962
NGC5732,3720.0,0.58308,0.29350,0.07270,0.02389,nan,nan,-0.04227,0.04962
NGC5732,3740.0,-0.22729,0.29350,0.07811,0.02517,nan,nan,0.00141,0.04961
NGC5732,3760.0,0.10109,0.29347,0.06584,0.02361,nan,nan,0.05175,0.04961
NGC5732,3780.0,0.40552,0.29347,0.05396,0.02444,nan,nan,0.03722,0.04961
NGC5732,3800.0,-0.08099,0.29348,0.07841,0.02545,nan,nan,0.04883,0.04961
NGC5732,3820.0,-0.03530,0.29348,0.03447,0.02301,nan,nan,0.09694,0.04961
NGC5732,3840.0,-0.04636,0.29348,-0.00767,0.01430,nan,nan,0.03790,0.04961
NGC5732,3860.0,-0.02496,0.29349,nan,nan,nan,nan,0.10839,0.04961
NGC5732,3880.0,0.17965,0.29349,nan,nan,nan,nan,-0.04672,0.04960
NGC5732,3900.0,0.05939,0.29346,nan,nan,nan,nan,0.01066,0.04960
NGC5732,3920.0,-0.14309,0.29346,nan,nan,nan,nan,0.03371,0.04960
NGC5732,3940.0,-0.03704,0.29347,nan,nan,nan,nan,-0.00154,0.04960
NGC5732,3960.0,0.06591,0.29347,nan,nan,nan,nan,0.01560,0.04960
NGC5732,3980.0,-0.39921,0.29347,nan,nan,nan,nan,-0.02075,0.04960
NGC5732,4000.0,-0.02709,0.29347,nan,nan,nan,nan,0.02092,0.04960
NGC5732,4020.0,0.22611,0.29344,nan,nan,nan,nan,-0.06699,0.04959
NGC5732,4040.0,-0.11370,0.29345,nan,nan,nan,nan,-0.02053,0.04959
NGC5732,4060.0,-0.24458,0.29345,nan,nan,nan,nan,-0.03498,0.04959
NGC5732,4080.0,-0.08861,0.29345,nan,nan,nan,nan,-0.09634,0.04959
NGC5732,4100.0,-0.25061,0.29346,nan,nan,nan,nan,-0.02430,0.04959
NGC5732,4120.0,0.27421,0.29346,nan,nan,nan,nan,-0.02639,0.04959
NGC5732,4140.0,0.03590,0.29346,nan,nan,nan,nan,0.02588,0.04959
NGC5732,4160.0,0.40198,0.29343,nan,nan,nan,nan,-0.06444,0.04958
NGC5784,4980.0,0.03862,0.20344,nan,nan,nan,nan,-0.01791,0.04793
NGC5784,5000.0,-0.29486,0.20342,nan,nan,nan,nan,0.03579,0.04792
NGC5784,5020.0,0.02330,0.20342,nan,nan,nan,nan,0.01589,0.04792
NGC5784,5040.0,0.10717,0.20342,nan,nan,nan,nan,0.01037,0.04792
NGC5784,5060.0,0.03663,0.20342,nan,nan,nan,nan,0.02508,0.04792
NGC5784,5080.0,0.00740,0.20343,nan,nan,-0.01440,0.01681,0.03217,0.04792
NGC5784,5100.0,0.17583,0.20343,0.00890,0.01097,-0.00959,0.02987,-0.01759,0.04792
NGC5784,5120.0,0.18160,0.20343,0.04135,0.01809,0.04350,0.03195,0.05061,0.04792
NGC5784,5140.0,0.16613,0.20341,0.12984,0.02010,0.14747,0.03520,0.10219,0.04792
NGC5784,5160.0,0.18230,0.20341,0.11919,0.02025,0.12740,0.03519,0.14596,0.04791
NGC5784,5180.0,-0.03661,0.20341,0.05975,0.01966,0.07421,0.03819,0.08867,0.04791
NGC5784,5200.0,0.13009,0.20339,0.09575,0.01947,0.10539,0.03795,0.10626,0.04791
NGC5784,5220.0,-0.13802,0.20335,0.04991,0.02081,0.09653,0.03649,0.08432,0.04791
NGC5784,5240.0,-0.09257,0.20336,0.06852,0.02029,0.04583,0.03350,0.02382,0.04791
NGC5784,5260.0,0.08735,0.20334,0.07194,0.02096,0.06570,0.03317,0.04735,0.04791
NGC5784,5280.0,0.24298,0.20332,0.06536,0.02057,0.05676,0.03119,0.04029,0.04791
NGC5784,5300.0,0.12231,0.20327,0.03493,0.01748,0.02910,0.03539,0.01249,0.04790
NGC5784,5320.0,-0.04738,0.20328,0.06338,0.01486,0.06905,0.03447,0.02876,0.04790
NGC5784,5340.0,-0.26542,0.20328,0.03122,0.01737,0.08832,0.03354,0.04781,0.04790
NGC5784,5360.0,0.01385,0.20328,0.06872,0.01839,0.10950,0.03152,0.01591,0.04790
NGC5784,5380.0,-0.04299,0.20326,0.04473,0.01859,0.03838,0.03079,0.00896,0.04790
NGC5784,5400.0,0.07496,0.20324,0.04857,0.01500,0.03017,0.02761,-0.02315,0.04790
NGC5784,5420.0,-0.03525,0.20324,0.02755,0.01499,0.03052,0.02887,0.03654,0.04790
NGC5784,5440.0,0.04718,0.20324,0.04754,0.01547,0.07625,0.02887,0.06215,0.04790
NGC5784,5460.0,-0.07649,0.20325,0.04585,0.01533,0.10809,0.02887,0.07079,0.04789
NGC5784,5480.0,-0.08960,0.20325,0.01611,0.01358,0.02028,0.02930,0.02321,0.04789
NGC5784,5500.0,-0.16147,0.20323,0.03553,0.01374,0.01334,0.03062,0.02279,0.04789
NGC5784,5520.0,-0.04013,0.20323,0.04374,0.01683,0.04822,0.02486,0.01440,0.04789
NGC5784,5540.0,0.27654,0.20323,0.04418,0.01685,0.03937,0.02599,0.02297,0.04789
NGC5784,5560.0,0.15196,0.20324,0.05046,0.01585,0.07511,0.02610,0.04030,0.04789
