edge_pydb/dat_prof/carma_spec/cospec_smo7.csv
# %ECSV 0.9
# ---
# datatype:
# - {name: Name, datatype: string, description: Galaxy Name}
# - {name: coVlsr_smo7, unit: km / s, datatype: float64}
# - {name: coNomaskSpec_smo7, unit: Jy, datatype: float64, format: .5f, description: channel-averaged flux}
# - {name: coNomaskUnc_smo7, unit: Jy, datatype: float64, format: .5f, description: formal uncertainty}
# - {name: coDilatedSpec_smo7, unit: Jy, datatype: float64, format: .5f, description: channel-averaged flux}
# - {name: coDilatedUnc_smo7, unit: Jy, datatype: float64, format: .5f, description: formal uncertainty}
# - {name: coSmoothSpec_smo7, unit: Jy, datatype: float64, format: .5f, description: channel-averaged flux}
# - {name: coSmoothUnc_smo7, unit: Jy, datatype: float64, format: .5f, description: formal uncertainty}
# - {name: coMask2dSpec_smo7, unit: Jy, datatype: float64, format: .5f, description: channel-averaged flux}
# - {name: coMask2dUnc_smo7, unit: Jy, datatype: float64, format: .5f, description: formal uncertainty}
# delimiter: ','
# schema: astropy-2.0
Name,coVlsr_smo7,coNomaskSpec_smo7,coNomaskUnc_smo7,coDilatedSpec_smo7,coDilatedUnc_smo7,coSmoothSpec_smo7,coSmoothUnc_smo7,coMask2dSpec_smo7,coMask2dUnc_smo7
[from data line 2328]
NGC5218,3120.0,0.13395,0.27249,0.03953,0.01999,0.04348,0.05047,0.04154,0.12976
NGC5218,3140.0,-0.12707,0.27249,0.02318,0.01396,0.03036,0.04287,0.07414,0.12976
NGC5218,3160.0,0.09593,0.27250,0.00206,0.00951,nan,nan,-0.06016,0.12975
NGC5218,3180.0,-0.28318,0.27250,nan,nan,nan,nan,-0.07428,0.12975
NGC5218,3200.0,-0.25284,0.27250,nan,nan,nan,nan,0.07299,0.12975
NGC5218,3220.0,-0.01122,0.27251,nan,nan,nan,nan,0.06511,0.12975
NGC5218,3240.0,-0.04599,0.27248,nan,nan,nan,nan,-0.10337,0.12975
NGC5218,3260.0,0.10411,0.27245,nan,nan,nan,nan,0.13271,0.12975
NGC5218,3280.0,0.26954,0.27246,nan,nan,nan,nan,0.16872,0.12975
NGC5218,3300.0,-0.03776,0.27246,nan,nan,nan,nan,-0.11040,0.12975
NGC5394,2940.0,0.00425,0.29780,nan,nan,nan,nan,0.06124,0.07214
NGC5394,2960.0,-0.15648,0.29780,nan,nan,nan,nan,-0.01765,0.07214
NGC5394,2980.0,0.21532,0.29780,nan,nan,nan,nan,0.00444,0.07214
NGC5394,3000.0,-0.09112,0.29780,nan,nan,nan,nan,0.01151,0.07214
NGC5394,3020.0,-0.18250,0.29781,nan,nan,nan,nan,-0.01821,0.07214
NGC5394,3040.0,-0.16455,0.29775,nan,nan,nan,nan,0.01838,0.07214
NGC5394,3060.0,0.05709,0.29768,nan,nan,nan,nan,-0.01068,0.07213
NGC5394,3080.0,0.27169,0.29769,nan,nan,nan,nan,-0.00308,0.07213
NGC5394,3100.0,0.23949,0.29769,nan,nan,nan,nan,0.01276,0.07213
NGC5394,3120.0,-0.02582,0.29769,nan,nan,nan,nan,-0.05037,0.07213
NGC5394,3140.0,0.26118,0.29770,nan,nan,nan,nan,-0.06272,0.07213
NGC5394,3160.0,-0.01131,0.29770,nan,nan,nan,nan,-0.03323,0.07212
NGC5394,3180.0,0.20511,0.29770,nan,nan,nan,nan,0.04572,0.07212
NGC5394,3200.0,0.08083,0.29771,nan,nan,nan,nan,0.02873,0.07212
NGC5394,3220.0,-0.03189,0.29771,nan,nan,nan,nan,0.02055,0.07212
NGC5394,3240.0,-0.36974,0.29771,nan,nan,nan,nan,-0.02638,0.07212
NGC5394,3260.0,-0.22361,0.29771,nan,nan,nan,nan,0.03630,0.07212
NGC5394,3280.0,-0.18911,0.29772,nan,nan,nan,nan,0.08035,0.07211
NGC5394,3300.0,-0.34527,0.29772,nan,nan,0.02716,0.02666,0.02908,0.07211
NGC5394,3320.0,-0.02165,0.29772,0.00840,0.01811,-0.00008,0.04597,-0.02292,0.07211
NGC5394,3340.0,0.06893,0.29773,0.07039,0.02810,0.03229,0.05727,-0.03603,0.07211
NGC5394,3360.0,0.53027,0.29773,0.31527,0.03537,0.26640,0.06673,0.25705,0.07211
NGC5394,3380.0,0.97220,0.29773,0.95317,0.04187,0.88124,0.07154,0.87240,0.07210
NGC5394,3400.0,1.77235,0.29770,1.99828,0.04230,1.96908,0.07180,1.96632,0.07210
NGC5394,3420.0,1.97631,0.29767,2.04942,0.04279,2.00670,0.07210,2.00670,0.07210
NGC5394,3440.0,1.19238,0.29768,1.47393,0.04078,1.33980,0.07210,1.33980,0.07210
NGC5394,3460.0,0.66737,0.29768,0.93715,0.03722,0.92661,0.07004,0.92717,0.07210
NGC5394,3480.0,0.46605,0.29768,0.41718,0.03250,0.41439,0.06251,0.39348,0.07209
NGC5394,3500.0,0.22707,0.29769,0.16399,0.02787,0.22673,0.05981,0.20972,0.07209
NGC5394,3520.0,0.15324,0.29769,0.05191,0.02413,-0.01523,0.05274,0.01942,0.07209
NGC5394,3540.0,0.07540,0.29766,-0.00096,0.01678,-0.00984,0.04715,-0.03520,0.07209
NGC5394,3560.0,0.11753,0.29763,nan,nan,0.00409,0.01387,-0.04497,0.07209
NGC5394,3580.0,0.23257,0.29763,nan,nan,nan,nan,0.07127,0.07209
NGC5394,3600.0,0.03415,0.29764,nan,nan,nan,nan,0.01413,0.07208
NGC5394,3620.0,-0.00989,0.29761,nan,nan,nan,nan,-0.03434,0.07208
NGC5394,3640.0,0.17590,0.29761,nan,nan,nan,nan,-0.03188,0.07208
NGC5394,3660.0,-0.03097,0.29761,nan,nan,nan,nan,0.00930,0.07208
NGC5394,3680.0,0.22509,0.29762,nan,nan,nan,nan,0.00082,0.07208
NGC5394,3700.0,-0.20112,0.29762,nan,nan,nan,nan,-0.04208,0.07207
NGC5394,3720.0,-0.09910,0.29762,nan,nan,nan,nan,-0.06124,0.07207
NGC5394,3740.0,0.03796,0.29759,nan,nan,nan,nan,0.02344,0.07207
NGC5394,3760.0,-0.08579,0.29760,nan,nan,nan,nan,-0.05334,0.07207
NGC5394,3780.0,0.19377,0.29760,nan,nan,nan,nan,0.02760,0.07207
NGC5394,3800.0,0.07257,0.29757,nan,nan,nan,nan,-0.02445,0.07207
NGC5406,4880.0,0.16981,0.26502,nan,nan,nan,nan,0.03249,0.12315
NGC5406,4900.0,0.11095,0.26503,nan,nan,nan,nan,-0.06531,0.12315
NGC5406,4920.0,0.07749,0.26500,nan,nan,nan,nan,0.07251,0.12315
NGC5406,4940.0,0.28405,0.26500,nan,nan,nan,nan,0.13437,0.12314
NGC5406,4960.0,0.01733,0.26501,nan,nan,nan,nan,0.14915,0.12314
NGC5406,4980.0,0.03452,0.26501,nan,nan,nan,nan,0.04193,0.12314
NGC5406,5000.0,-0.22827,0.26498,nan,nan,nan,nan,-0.04451,0.12314
NGC5406,5020.0,-0.34245,0.26496,nan,nan,nan,nan,0.02170,0.12314
NGC5406,5040.0,-0.07723,0.26493,nan,nan,nan,nan,0.08206,0.12314
NGC5406,5060.0,0.36721,0.26493,nan,nan,nan,nan,-0.03247,0.12314
NGC5406,5080.0,-0.29620,0.26491,nan,nan,0.03014,0.03761,0.00443,0.12314
NGC5406,5100.0,-0.31473,0.26491,0.01409,0.02766,0.02819,0.05717,-0.01869,0.12313
NGC5406,5120.0,0.09519,0.26491,0.14531,0.04168,0.04765,0.06532,0.04609,0.12313
NGC5406,5140.0,-0.10866,0.26492,0.29901,0.04624,0.34013,0.06532,0.16331,0.12313
NGC5406,5160.0,0.04160,0.26492,0.14354,0.04666,0.21462,0.06770,0.15720,0.12313
NGC5406,5180.0,0.10446,0.26489,0.13595,0.03739,0.13252,0.07643,0.01944,0.12313
NGC5406,5200.0,0.04629,0.26487,0.09970,0.03795,0.07438,0.06729,0.00653,0.12313
NGC5406,5220.0,0.03215,0.26484,0.17113,0.03636,0.26116,0.06469,0.12945,0.12313
NGC5406,5240.0,-0.09079,0.26485,0.15579,0.03756,0.25456,0.06953,0.27211,0.12313
NGC5406,5260.0,0.12867,0.26482,0.13466,0.03721,0.16129,0.07568,0.13818,0.12312
NGC5406,5280.0,-0.01573,0.26482,0.12851,0.03350,0.19683,0.07294,-0.14654,0.12312
NGC5406,5300.0,-0.16716,0.26483,0.12172,0.03844,0.19892,0.06718,-0.03288,0.12312
NGC5406,5320.0,-0.11730,0.26483,0.23938,0.03880,0.22843,0.06473,0.12955,0.12312
NGC5406,5340.0,-0.10312,0.26483,0.15902,0.03643,0.14571,0.06624,0.06500,0.12312
NGC5406,5360.0,-0.03605,0.26481,0.13287,0.03749,0.07013,0.05770,-0.05720,0.12312
NGC5406,5380.0,-0.06110,0.26481,0.20612,0.03936,0.20168,0.07445,0.05910,0.12312
NGC5406,5400.0,-0.14496,0.26475,0.21071,0.04274,0.20019,0.07741,0.06909,0.12312
NGC5406,5420.0,-0.49294,0.26473,0.19238,0.04443,0.25066,0.08296,0.16776,0.12312
NGC5406,5440.0,-0.07924,0.26473,0.12660,0.04370,0.22819,0.08718,0.16237,0.12311
NGC5406,5460.0,-0.02985,0.26473,0.16029,0.04003,0.22679,0.08512,0.10346,0.12311
NGC5406,5480.0,-0.11630,0.26474,0.15686,0.03723,0.22708,0.06322,0.00521,0.12311
NGC5406,5500.0,-0.12751,0.26474,0.03375,0.03058,0.06133,0.06307,-0.08067,0.12311
NGC5406,5520.0,0.14471,0.26474,0.01094,0.01145,0.08971,0.05204,0.06976,0.12311
NGC5406,5540.0,-0.06347,0.26469,nan,nan,-0.00513,0.02707,-0.00586,0.12305
NGC5406,5560.0,0.18318,0.26466,nan,nan,nan,nan,0.04541,0.12305
NGC5406,5580.0,0.18282,0.26467,nan,nan,nan,nan,-0.01416,0.12304
NGC5406,5600.0,0.17954,0.26467,nan,nan,nan,nan,-0.05561,0.12304
NGC5406,5620.0,0.27287,0.26467,nan,nan,nan,nan,0.05518,0.12304
NGC5406,5640.0,-0.06591,0.26467,nan,nan,nan,nan,-0.01128,0.12304
NGC5406,5660.0,-0.12396,0.26462,nan,nan,nan,nan,0.14854,0.12304
NGC5406,5680.0,-0.27203,0.26462,nan,nan,nan,nan,0.00157,0.12304
NGC5406,5700.0,0.05505,0.26463,nan,nan,nan,nan,-0.02235,0.12304
NGC5406,5720.0,0.33479,0.26460,nan,nan,nan,nan,0.15679,0.12304
NGC5406,5740.0,0.06915,0.26460,nan,nan,nan,nan,-0.00186,0.12303
NGC5480,1460.0,0.22281,0.28038,nan,nan,nan,nan,0.02536,0.13864
NGC5480,1480.0,-0.27230,0.28038,nan,nan,nan,nan,-0.00613,0.13864
NGC5480,1500.0,-0.21121,0.28036,nan,nan,nan,nan,0.20772,0.13864
NGC5480,1520.0,-0.15614,0.28036,nan,nan,nan,nan,-0.03392,0.13864
NGC5480,1540.0,-0.02248,0.28036,nan,nan,nan,nan,-0.05488,0.13864
NGC5480,1560.0,-0.02638,0.28037,nan,nan,nan,nan,0.03558,0.13864
NGC5480,1580.0,0.46187,0.28034,nan,nan,nan,nan,-0.08681,0.13864
NGC5480,1600.0,0.29387,0.28034,nan,nan,nan,nan,-0.02446,0.13864
NGC5480,1620.0,0.00373,0.28031,nan,nan,nan,nan,0.09158,0.13864
NGC5480,1640.0,-0.12378,0.28028,nan,nan,nan,nan,-0.06917,0.13864
NGC5480,1660.0,0.24064,0.28025,nan,nan,nan,nan,0.09460,0.13864
NGC5480,1680.0,-0.14738,0.28026,nan,nan,nan,nan,-0.16501,0.13863
NGC5480,1700.0,0.00323,0.28026,nan,nan,nan,nan,0.03885,0.13863
NGC5480,1720.0,-0.13870,0.28026,nan,nan,nan,nan,0.07628,0.13863
NGC5480,1740.0,-0.02170,0.28027,nan,nan,-0.07140,0.03292,-0.06729,0.13863
NGC5480,1760.0,0.06543,0.28024,-0.01951,0.01589,-0.01858,0.05561,0.05685,0.13863
NGC5480,1780.0,-0.23459,0.28024,0.04656,0.03778,0.07342,0.06964,0.15877,0.13863
NGC5480,1800.0,-0.21971,0.28021,0.33650,0.05230,0.27413,0.07507,0.43571,0.13863
NGC5480,1820.0,0.38685,0.28022,0.79343,0.05829,0.57015,0.08225,0.55504,0.13863
NGC5480,1840.0,0.36576,0.28019,0.76746,0.06150,0.52899,0.08405,0.53259,0.13863
NGC5480,1860.0,0.42500,0.28016,0.76858,0.06054,0.53190,0.10211,0.48250,0.13863
NGC5480,1880.0,0.27243,0.28013,0.66230,0.05890,0.45069,0.11081,0.46772,0.13862
NGC5480,1900.0,0.44563,0.28013,0.78631,0.05866,0.72044,0.11558,0.62086,0.13862
NGC5480,1920.0,0.53436,0.28013,0.72665,0.06003,0.65817,0.11818,0.61363,0.13862
NGC5480,1940.0,0.45226,0.28014,0.72845,0.06258,0.50624,0.12211,0.35889,0.13862
NGC5480,1960.0,0.30067,0.28014,0.81506,0.06561,0.54763,0.10577,0.31184,0.13862
NGC5480,1980.0,-0.32605,0.28014,0.31480,0.06126,0.26114,0.09273,0.06815,0.13862
NGC5480,2000.0,-0.25295,0.28015,0.07657,0.04511,0.02938,0.08158,0.05257,0.13862
NGC5480,2020.0,0.30434,0.28015,0.02831,0.01798,0.07275,0.05800,-0.10730,0.13862
NGC5480,2040.0,0.02022,0.28015,-0.00942,0.01471,nan,nan,0.01743,0.13862
NGC5480,2060.0,-0.09951,0.28016,nan,nan,nan,nan,-0.04899,0.13862
NGC5480,2080.0,0.08565,0.28016,nan,nan,nan,nan,-0.08746,0.13862
NGC5480,2100.0,0.15723,0.28016,nan,nan,nan,nan,-0.02389,0.13861
NGC5480,2120.0,-0.12979,0.28017,nan,nan,nan,nan,-0.14501,0.13861
NGC5480,2140.0,0.09753,0.28017,nan,nan,nan,nan,-0.02273,0.13861
NGC5480,2160.0,0.03386,0.28017,nan,nan,nan,nan,0.10599,0.13861
NGC5480,2180.0,-0.19054,0.28018,nan,nan,nan,nan,0.01781,0.13861
NGC5480,2200.0,0.17475,0.28008,nan,nan,nan,nan,-0.05961,0.13861
NGC5480,2220.0,-0.00342,0.28009,nan,nan,nan,nan,-0.07471,0.13861
NGC5480,2240.0,0.37569,0.28009,nan,nan,nan,nan,-0.06079,0.13861
NGC5480,2260.0,0.00472,0.28006,nan,nan,nan,nan,0.03042,0.13861
NGC5480,2280.0,-0.13746,0.28006,nan,nan,nan,nan,-0.00845,0.13861
NGC5480,2300.0,0.02988,0.28007,nan,nan,nan,nan,-0.07661,0.13860
NGC5480,2320.0,-0.05954,0.28007,nan,nan,nan,nan,-0.03302,0.13860
NGC5485,1480.0,0.32621,0.27616,nan,nan,nan,nan,,
NGC5485,1500.0,0.00272,0.27616,nan,nan,nan,nan,,
NGC5485,1520.0,-0.14095,0.27616,nan,nan,nan,nan,,
NGC5485,1540.0,0.21471,0.27617,nan,nan,nan,nan,,
NGC5485,1560.0,0.21098,0.27617,nan,nan,nan,nan,,
NGC5485,1580.0,0.16049,0.27617,nan,nan,nan,nan,,
NGC5485,1600.0,0.22848,0.27617,nan,nan,nan,nan,,
NGC5485,1620.0,-0.03938,0.27614,nan,nan,nan,nan,,
NGC5485,1640.0,-0.00054,0.27614,nan,nan,nan,nan,,
NGC5485,1660.0,0.06946,0.27611,nan,nan,nan,nan,,
NGC5485,1680.0,0.15666,0.27612,nan,nan,nan,nan,,
NGC5485,1700.0,0.11807,0.27609,nan,nan,nan,nan,,
NGC5485,1720.0,-0.02506,0.27609,nan,nan,nan,nan,,
NGC5485,1740.0,-0.05304,0.27609,nan,nan,nan,nan,,
NGC5485,1760.0,-0.11661,0.27609,nan,nan,nan,nan,,
NGC5485,1780.0,-0.19381,0.27609,nan,nan,nan,nan,,
NGC5485,1800.0,0.07940,0.27610,nan,nan,nan,nan,,
NGC5485,1820.0,0.12829,0.27610,nan,nan,nan,nan,,
NGC5485,1840.0,-0.06674,0.27610,nan,nan,nan,nan,,
NGC5485,1860.0,-0.21046,0.27610,nan,nan,nan,nan,,
NGC5485,1880.0,-0.00605,0.27610,nan,nan,nan,nan,,
NGC5485,1900.0,0.04977,0.27607,nan,nan,nan,nan,,
NGC5485,1920.0,0.24090,0.27604,nan,nan,nan,nan,,
NGC5485,1940.0,0.04409,0.27605,nan,nan,nan,nan,,
NGC5485,1960.0,0.10412,0.27605,nan,nan,nan,nan,,
NGC5485,1980.0,0.04409,0.27599,nan,nan,nan,nan,,
NGC5485,2000.0,0.00209,0.27599,nan,nan,nan,nan,,
NGC5485,2020.0,-0.07645,0.27599,nan,nan,nan,nan,,
NGC5485,2040.0,0.24666,0.27596,nan,nan,nan,nan,,
NGC5485,2060.0,-0.23380,0.27596,nan,nan,nan,nan,,
NGC5485,2080.0,0.09409,0.27596,nan,nan,nan,nan,,
NGC5485,2100.0,-0.02748,0.27597,nan,nan,nan,nan,,
NGC5485,2120.0,0.03432,0.27597,nan,nan,nan,nan,,
NGC5485,2140.0,0.07249,0.27597,nan,nan,nan,nan,,
NGC5485,2160.0,0.02978,0.27594,nan,nan,nan,nan,,
NGC5485,2180.0,0.09892,0.27594,nan,nan,nan,nan,,
NGC5485,2200.0,-0.03321,0.27594,nan,nan,nan,nan,,
NGC5485,2220.0,0.04978,0.27595,nan,nan,nan,nan,,
NGC5485,2240.0,-0.33106,0.27595,nan,nan,nan,nan,,
NGC5485,2260.0,-0.15435,0.27595,nan,nan,nan,nan,,
NGC5485,2280.0,-0.22019,0.27595,nan,nan,nan,nan,,
NGC5485,2300.0,-0.04380,0.27596,nan,nan,nan,nan,,
NGC5485,2320.0,0.14748,0.27596,nan,nan,nan,nan,,
NGC5485,2340.0,0.21541,0.27596,nan,nan,nan,nan,,
NGC5520,1440.0,0.11978,0.26229,nan,nan,nan,nan,-0.08480,0.07339
NGC5520,1460.0,-0.14813,0.26220,nan,nan,nan,nan,0.02081,0.07338
NGC5520,1480.0,0.05070,0.26217,nan,nan,nan,nan,0.00898,0.07338
NGC5520,1500.0,0.24462,0.26214,nan,nan,nan,nan,0.02762,0.07338
NGC5520,1520.0,-0.02434,0.26214,nan,nan,nan,nan,-0.00453,0.07338
NGC5520,1540.0,0.07949,0.26214,nan,nan,nan,nan,-0.03812,0.07338
NGC5520,1560.0,0.17659,0.26215,nan,nan,nan,nan,-0.00048,0.07338
NGC5520,1580.0,0.21778,0.26215,nan,nan,nan,nan,-0.04059,0.07337
NGC5520,1600.0,0.03211,0.26215,nan,nan,nan,nan,0.06993,0.07337
NGC5520,1620.0,-0.17740,0.26215,nan,nan,nan,nan,0.01890,0.07337
NGC5520,1640.0,0.08642,0.26216,nan,nan,nan,nan,0.02931,0.07337
NGC5520,1660.0,-0.08766,0.26213,nan,nan,nan,nan,-0.03772,0.07337
NGC5520,1680.0,0.02446,0.26213,nan,nan,nan,nan,-0.04693,0.07337
NGC5520,1700.0,0.37314,0.26213,0.00375,0.00660,-0.03797,0.04611,-0.02115,0.07336
NGC5520,1720.0,-0.12374,0.26213,-0.00077,0.02772,-0.01227,0.05106,0.00634,0.07336
NGC5520,1740.0,0.14132,0.26214,0.26406,0.03263,0.24388,0.05270,0.25682,0.07336
NGC5520,1760.0,0.53467,0.26214,0.29722,0.03638,0.27593,0.05589,0.22532,0.07336
NGC5520,1780.0,-0.10537,0.26214,0.29498,0.03758,0.25580,0.05588,0.16847,0.07336
NGC5520,1800.0,0.15281,0.26214,0.26142,0.03592,0.20425,0.05167,0.12370,0.07336
NGC5520,1820.0,0.02245,0.26211,0.17101,0.03338,0.13991,0.05153,0.06450,0.07336
NGC5520,1840.0,0.06549,0.26208,0.13029,0.03094,0.11131,0.05140,0.00838,0.07335
NGC5520,1860.0,0.19720,0.26205,0.20120,0.03319,0.13421,0.05309,0.07317,0.07335
NGC5520,1880.0,-0.15666,0.26206,0.18499,0.03401,0.12591,0.05074,0.06703,0.07335
NGC5520,1900.0,0.03889,0.26203,0.16308,0.03252,0.13800,0.05169,0.09798,0.07335
NGC5520,1920.0,0.31718,0.26203,0.20573,0.03200,0.16799,0.05018,0.05955,0.07335
NGC5520,1940.0,0.15134,0.26200,0.19146,0.03342,0.10848,0.05552,0.01455,0.07335
NGC5520,1960.0,0.05464,0.26197,0.23806,0.03366,0.21354,0.05611,0.09807,0.07334
NGC5520,1980.0,-0.09593,0.26197,0.23345,0.03667,0.25081,0.05403,0.22592,0.07334
NGC5520,2000.0,0.13305,0.26197,0.34371,0.03433,0.31854,0.05225,0.26696,0.07334
NGC5520,2020.0,0.33909,0.26198,0.11862,0.03111,0.08306,0.05039,0.05514,0.07334
NGC5520,2040.0,-0.00786,0.26195,0.01271,0.02229,0.00765,0.04908,-0.00700,0.07334
NGC5520,2060.0,-0.34113,0.26195,nan,nan,-0.00789,0.03363,0.05768,0.07334
NGC5520,2080.0,-0.13191,0.26195,nan,nan,nan,nan,0.06683,0.07334
NGC5520,2100.0,-0.07624,0.26195,nan,nan,nan,nan,0.00046,0.07333
NGC5520,2120.0,-0.18676,0.26196,nan,nan,nan,nan,0.04018,0.07333
NGC5520,2140.0,0.13628,0.26196,nan,nan,nan,nan,-0.01640,0.07333
NGC5520,2160.0,0.15435,0.26196,nan,nan,nan,nan,-0.04175,0.07333
NGC5520,2180.0,0.04657,0.26193,nan,nan,nan,nan,-0.03506,0.07333
NGC5520,2200.0,-0.01770,0.26193,nan,nan,nan,nan,-0.01403,0.07333
NGC5520,2220.0,-0.02402,0.26194,nan,nan,nan,nan,-0.04150,0.07332
NGC5520,2240.0,-0.04030,0.26191,nan,nan,nan,nan,0.01659,0.07332
NGC5520,2260.0,0.03404,0.26191,nan,nan,nan,nan,0.04511,0.07332
NGC5520,2280.0,-0.20900,0.26185,nan,nan,nan,nan,0.04182,0.07332
NGC5520,2300.0,-0.15649,0.26182,nan,nan,nan,nan,0.02468,0.07332
NGC5614,3400.0,0.02196,0.26459,nan,nan,nan,nan,-0.09460,0.09938
NGC5614,3420.0,-0.08138,0.26459,nan,nan,nan,nan,-0.06005,0.09938
NGC5614,3440.0,-0.29667,0.26459,nan,nan,nan,nan,-0.11047,0.09937
NGC5614,3460.0,0.07309,0.26459,nan,nan,nan,nan,0.04911,0.09937
NGC5614,3480.0,0.14738,0.26460,nan,nan,nan,nan,0.09677,0.09937
NGC5614,3500.0,-0.14640,0.26460,nan,nan,nan,nan,0.00410,0.09937
NGC5614,3520.0,0.14168,0.26460,nan,nan,nan,nan,-0.11210,0.09937
NGC5614,3540.0,-0.10354,0.26460,nan,nan,nan,nan,0.01532,0.09937
NGC5614,3560.0,-0.25726,0.26461,nan,nan,nan,nan,0.01892,0.09936
NGC5614,3580.0,-0.22548,0.26461,nan,nan,nan,nan,0.08009,0.09936
NGC5614,3600.0,-0.11966,0.26461,nan,nan,nan,nan,0.04550,0.09936
