edge_pydb/dat_glob/external/edge_wise.csv
# %ECSV 0.9
# ---
# datatype:
# - {name: Name, datatype: string}
# - {name: W1, unit: mag, datatype: float64, description: 3.4 um Vega magnitude from
#     image photometry from table by Bitsakis. NGC0598 and NGC4676A are from w1mpro
#     in allWISE catalog}
# - {name: eW1, unit: mag, datatype: float64, description: Error in W1 in Vega magnitudes
#     from table by Bitsakis. NGC0598 and NGC4676A are from w1mpro+2.5*log(w1snr) in
#     allWISE catalog}
# - {name: W2, unit: mag, datatype: float64, description: 4.6 um Vega magnitude from
#     Bitsakis}
# - {name: eW2, unit: mag, datatype: float64, description: Error in W2 in Vega magnitudes
#     from Bitsakis}
# - {name: W3, unit: mag, datatype: float64, description: 12 um Vega magnitude from
#     Bitsakis}
# - {name: eW3, unit: mag, datatype: float64, description: Error in W3 in Vega magnitudes
#     from Bitsakis}
# - {name: W4, unit: mag, datatype: float64, description: 22 um Vega magnitude from
#     Bitsakis}
# - {name: eW4, unit: mag, datatype: float64, description: Error in W4 in Vega magnitudes
#     from Bitsakis}
# - {name: W1lum, unit: dex(erg / s), datatype: float64, description: 'Luminosity in
#     W1 from caDistMpc and W1 magnitude using the zero point, frequency, and bandwidth
#     from Jarrett+11'}
# - {name: W2lum, unit: dex(erg / s), datatype: float64, description: 'Luminosity in
#     W2 from caDistMpc and W2 magnitude using the zero point, frequency, and bandwidth
#     from Jarrett+11'}
# - {name: W3lum, unit: dex(erg / s), datatype: float64, description: 'Luminosity in
#     W3 from caDistMpc and W3 magnitude using the zero point, frequency, and bandwidth
#     from Jarrett+11'}
# - {name: W4lum, unit: dex(erg / s), datatype: float64, description: 'Luminosity in
#     W4 from caDistMpc and W4 magnitude using the zero point, frequency, and bandwidth
#     from Jarrett+11'}
# - {name: W4SFR, unit: solMass / yr, datatype: float64, description: SFR from W4lum
#     using Catalan-Torrecilla+14 calibration}
# delimiter: ','
Name,W1,eW1,W2,eW2,W3,eW3,W4,eW4,W1lum,W2lum,W3lum,W4lum,W4SFR
ARP220,9.496,15.01,9.02,14.278,4.559,11.261,0.576,6.802,43.5025,43.2996,43.9673,44.6841,101.455
IC0480,10.32,15.423,10.048,14.789,6.228,12.088,4.462,8.744,43.0318,42.7474,43.1587,42.9886,2.04567
IC0540,10.335,15.43,10.375,14.946,7.827,12.801,6.503,9.736,42.3345,41.9253,41.8278,41.4809,0.0635549
IC0944,9.553,15.041,9.507,14.522,6.805,12.371,5.237,9.13,43.7028,43.3279,43.292,43.0428,2.31726
IC1151,10.189,15.357,10.155,14.839,6.792,12.352,5.002,9.01,42.4186,42.039,42.2675,42.107,0.26868
IC1199,10.177,15.343,10.097,14.805,7.04,12.487,5.225,9.125,43.1144,42.7532,42.8593,42.7088,1.0741
IC1683,10.18,15.354,10.038,14.787,6.509,12.235,4.027,8.528,43.1318,42.7954,43.0902,43.2066,3.37901
IC2247,9.724,15.125,9.592,14.559,6.437,12.175,4.648,8.833,43.2126,42.8722,43.0174,42.8566,1.50931
IC2487,10.123,15.324,10.045,14.785,6.854,12.363,5.227,9.119,43.0574,42.6954,42.8551,42.6294,0.894612
IC4566,10.016,15.273,10.01,14.774,7.367,12.661,5.697,9.362,43.3249,42.934,42.8745,42.6661,0.973355
IC5376,10.158,15.338,10.126,14.823,7.452,12.663,6.533,9.761,43.1794,42.799,42.7519,42.243,0.367447
NGC0444,11.444,15.983,11.521,15.521,8.4,13.158,6.668,9.842,42.6306,42.2066,42.3382,42.1546,0.299765
NGC0447,9.576,15.05,9.591,14.563,7.598,12.766,5.757,9.392,43.4899,43.0906,42.7711,42.6311,0.898003
NGC0477,10.262,15.395,10.218,14.875,6.88,12.418,5.233,9.13,43.2753,42.8997,43.1182,42.9005,1.6701
NGC0496,10.532,15.529,10.397,14.963,6.797,12.369,5.129,9.076,43.1879,42.8486,43.1719,42.9626,1.92692
NGC0523,9.44,14.98,9.338,14.431,6.094,12.02,3.976,8.501,43.4046,43.0522,43.2331,43.2038,3.35748
NGC0528,10.133,14.4559,10.17,14.5616,8.543,12.7393,6.741,9.85478,43.1395,42.7315,42.2656,42.1099,0.270461
NGC0551,10.022,15.274,9.981,14.756,6.876,12.407,5.251,9.138,43.2525,42.8756,43.0009,42.7744,1.2493
NGC1167,8.535,14.528,8.557,14.043,6.882,12.333,5.626,9.299,43.8043,43.4022,42.9555,42.5815,0.801082
NGC2253,9.271,14.901,9.132,14.334,5.427,11.695,3.482,8.255,43.2264,42.8887,43.254,43.1556,3.00452
NGC2347,9.235,14.88,9.163,14.346,5.866,11.907,4.257,8.641,43.4319,43.0675,43.2696,43.0367,2.2853
NGC2410,9.229,14.878,8.935,14.233,5.656,11.784,3.507,8.266,43.4841,43.2085,43.4033,43.3865,5.11309
NGC2480,11.247,15.872,11.164,15.317,7.832,12.844,5.305,9.16,42.0571,41.697,41.9131,42.0475,0.234247
NGC2486,10.114,15.318,10.121,14.818,8.087,12.913,6.719,9.843,43.1301,42.7341,42.431,42.1017,0.265418
NGC2487,9.622,15.073,9.597,14.562,6.799,12.355,5.388,9.202,43.3647,42.9815,42.984,42.6719,0.986619
NGC2623,10.152,15.324,9.543,14.531,5.539,11.725,2.18,7.604,43.2646,43.115,43.5999,44.067,24.5052
NGC2639,8.343,14.437,8.339,13.938,5.99,11.963,4.343,8.682,43.5004,43.1088,42.9317,42.714,1.08694
NGC2730,10.563,15.546,10.447,14.989,6.901,12.421,5.055,9.039,42.7691,42.4222,42.7239,42.5858,0.809218
NGC2880,8.646,14.586,8.685,14.11,8.282,13.007,8.43,10.644,42.7712,42.3624,41.4068,40.4712,0.00621409
NGC2906,8.945,14.738,8.834,14.185,5.957,11.947,4.434,8.726,43.0923,42.7435,42.7776,42.5103,0.68008
NGC2916,9.048,14.789,9.017,14.275,6.042,11.989,4.46,8.741,43.3501,42.9693,43.0426,42.7989,1.32162
NGC2918,9.44,14.984,9.453,14.491,8.711,13.171,7.664,10.3,43.7113,43.3128,42.4929,42.0353,0.227757
NGC3303,9.837,15.178,9.87,14.693,8.152,12.935,7.283,10.105,43.4889,43.0825,42.653,42.1241,0.279455
NGC3381,9.924,15.226,9.872,14.7,6.284,12.107,4.445,8.734,42.2859,41.9135,42.232,42.0911,0.259024
NGC3687,9.552,15.04,9.575,14.553,6.788,12.348,5.384,9.197,42.8098,42.4074,42.4054,42.0906,0.258689
NGC3811,9.459,14.994,9.351,14.443,5.81,11.882,3.981,8.504,43.0252,42.6752,42.9749,42.83,1.41989
NGC3815,10.04,15.283,10.005,14.765,6.759,12.338,5.093,9.057,42.9592,42.58,42.7617,42.5516,0.747883
NGC3994,9.382,14.957,9.221,14.377,5.41,11.682,3.459,8.243,43.0657,42.7369,43.1446,43.0485,2.34807
NGC4047,9.005,14.769,8.898,14.218,5.277,11.618,3.551,8.289,43.2964,42.946,43.2777,43.0916,2.5932
NGC4149,10.591,15.557,10.478,15.003,7.369,12.629,5.767,9.389,42.5689,42.2209,42.3477,42.1121,0.271827
NGC4185,9.421,14.972,9.41,14.469,6.623,12.256,5.033,9.022,43.2436,42.8547,42.8528,42.6123,0.860127
NGC4210,9.598,15.063,9.579,14.556,6.566,12.257,5.051,9.037,42.8553,42.4697,42.5581,42.2877,0.407269
NGC4211NED02,10.028,15.274,10.016,14.767,7.436,12.645,4.728,8.874,43.4784,43.09,43.0053,43.212,3.42176
NGC4470,9.79,15.157,9.737,14.629,6.159,12.027,4.425,8.723,42.6492,42.2772,42.5917,42.4088,0.538278
NGC4644,10.497,15.513,10.42,14.972,7.546,12.72,5.916,9.465,43.0286,42.6661,42.699,42.4745,0.62628
NGC4676A,10.588,14.7956,10.339,14.686,6.481,11.1107,4.077,8.16319,43.2518,42.9582,43.3847,43.4698,6.19447
NGC4711,10.254,15.391,10.202,14.866,6.846,12.386,5.132,9.076,42.9546,42.5821,42.8078,42.617,0.869306
NGC4961,10.495,15.51,10.379,14.955,6.661,12.294,4.97,8.997,42.4455,42.0987,42.4691,42.2691,0.3902
NGC5000,10.169,15.349,10.112,14.822,6.966,12.455,4.841,8.933,43.2642,42.8938,43.0355,43.009,2.14418
NGC5016,9.568,15.049,9.539,14.536,6.094,11.974,4.462,8.741,42.8239,42.4423,42.7036,42.4799,0.634038
NGC5056,10.25,15.386,10.125,14.826,6.562,12.25,4.702,8.864,43.2355,42.8923,43.2007,43.0683,2.4575
NGC5205,9.841,15.183,9.842,14.688,6.831,12.386,5.486,9.252,42.3802,41.9866,42.0742,41.7358,0.114284
NGC5218,9.003,14.765,8.881,14.207,5.292,11.626,2.636,7.832,43.1559,42.8115,43.1303,43.3163,4.3499
NGC5394,9.592,15.058,9.413,14.472,5.362,11.641,2.494,7.761,43.0702,42.7486,43.2523,43.523,7.00247
NGC5406,9.205,14.867,9.179,14.356,6.393,12.169,4.935,8.979,43.6174,43.2346,43.2322,42.939,1.82471
NGC5480,9.21,14.869,9.067,14.3,5.135,11.547,3.342,8.185,42.6944,42.3584,42.8144,42.6552,0.949267
NGC5485,8.324,14.422,8.344,13.938,7.304,12.589,6.227,9.611,43.0456,42.6444,41.9437,41.498,0.0661034
NGC5520,9.646,15.088,9.503,14.519,5.823,11.89,4.031,8.529,42.5127,42.1766,42.5319,42.3722,0.494842
NGC5614,8.415,14.471,8.392,13.964,5.838,11.889,4.36,8.69,43.6432,43.2592,43.164,42.8788,1.5885
NGC5633,9.279,14.905,9.151,14.344,5.36,11.66,3.632,8.33,42.8523,42.5103,42.91,42.7247,1.11406
NGC5657,10.073,15.297,9.998,14.763,6.524,12.234,4.313,8.669,42.9893,42.6261,42.899,42.9069,1.69488
NGC5682,11.391,15.948,11.332,15.419,8.107,12.995,6.005,9.512,41.9873,41.6177,41.791,41.7553,0.119545
NGC5732,10.868,15.697,10.812,15.171,7.312,12.627,5.667,9.345,42.6345,42.2637,42.547,42.3285,0.447418
NGC5784,9.128,14.829,9.109,14.322,6.773,12.359,5.392,9.208,43.6656,43.28,43.0977,42.7736,1.24685
NGC5876,9.393,14.962,9.433,14.484,7.753,12.834,6.365,9.689,43.103,42.6938,42.249,41.9278,0.177822
NGC5908,7.995,14.263,7.861,13.699,4.827,11.393,3.156,8.092,43.6657,43.326,43.4229,43.2149,3.44407
NGC5930,8.64,14.584,8.514,14.025,4.975,11.468,1.971,7.5,43.2028,42.86,43.1589,43.484,6.40083
NGC5934,9.691,15.108,9.631,14.581,6.634,12.295,4.89,8.959,43.4757,43.1065,43.1886,43.0097,2.14742
NGC5947,10.397,15.461,10.261,14.897,7.196,12.573,5.337,9.181,43.2279,42.8891,42.9983,42.8655,1.54058
NGC5953,8.954,14.743,8.788,14.164,4.844,11.403,2.673,7.851,42.8429,42.5161,42.977,42.9689,1.9548
NGC5980,9.16,14.845,9.008,14.272,5.34,11.65,3.457,8.242,43.3999,43.0675,43.418,43.2947,4.13925
NGC6004,10.074,15.281,10.066,14.783,7.027,12.463,5.303,9.158,42.9713,42.5813,42.6802,42.4933,0.653966
NGC6021,9.711,15.118,9.723,14.626,8.531,13.145,7.495,10.211,43.3112,42.9132,42.2733,41.8112,0.135968
NGC6027,10.659,15.583,10.638,15.082,8.416,13.183,6.594,9.809,42.8502,42.4654,42.2374,42.0898,0.258213
NGC6060,9.067,14.799,8.979,14.257,5.695,11.808,3.995,8.51,43.4922,43.1341,43.331,43.1346,2.86268
NGC6063,10.26,15.389,10.282,14.896,7.264,12.563,5.745,9.373,42.6322,42.2302,42.3206,42.0518,0.236585
NGC6081,9.594,15.06,9.615,14.57,7.965,12.862,6.261,9.629,43.4125,43.0109,42.5542,42.3593,0.480342
NGC6125,8.83,14.678,8.876,14.205,8.245,13.052,7.234,10.12,43.6502,43.2385,42.3742,41.9022,0.167639
NGC6146,9.298,14.913,9.306,14.42,8.518,13.166,7.143,10.066,44.0171,43.6207,42.8192,42.4927,0.653064
NGC6155,9.664,15.098,9.55,14.544,5.867,11.916,4.111,8.57,42.7295,42.3818,42.7383,42.5643,0.76997
NGC6168,10.282,15.398,10.124,14.819,6.519,12.23,4.501,8.762,42.519,42.189,42.5143,42.445,0.585094
NGC6186,9.357,14.942,9.273,14.403,5.845,11.902,3.793,8.41,43.0284,42.6688,42.9233,42.8676,1.54816
NGC6301,9.791,15.157,9.763,14.647,6.76,12.348,5.239,9.129,43.7687,43.3867,43.4712,43.2031,3.3523
NGC6310,9.725,15.125,9.715,14.622,7.527,12.731,6.102,9.563,43.0018,42.6126,42.3711,42.0646,0.24369
NGC6314,9.581,15.052,9.505,14.516,7.032,12.462,5.603,9.308,43.6479,43.2851,43.1576,42.8527,1.49588
NGC6361,8.815,14.673,8.637,14.086,5.02,11.492,3.274,8.151,43.4694,43.1474,43.4775,43.2994,4.18448
NGC6394,10.543,15.532,10.345,14.939,7.061,12.505,4.823,8.925,43.4886,43.1746,43.3714,43.3902,5.1569
NGC6478,9.451,14.988,9.349,14.441,5.879,11.92,4.278,8.652,43.7134,43.3609,43.6322,43.3962,5.2284
NGC7738,9.572,15.05,9.407,14.469,5.917,11.912,3.247,8.137,43.6691,43.3419,43.6211,43.8127,13.6421
NGC7819,10.61,15.566,10.484,15.002,6.848,12.395,4.773,8.899,42.9831,42.6403,42.9779,42.9315,1.79341
UGC00809,11.259,15.891,11.105,15.313,7.763,12.847,5.953,9.488,42.576,42.2444,42.4644,42.312,0.430718
UGC03253,9.898,15.206,9.885,14.703,7.078,12.501,5.245,9.133,43.1062,42.7182,42.7243,42.581,0.800258
UGC03539,10.291,15.409,10.13,14.832,6.675,12.312,4.969,8.998,42.747,42.4182,42.6835,42.4894,0.648091
UGC03969,10.7,15.612,10.518,15.023,7.117,12.522,5.508,9.265,43.3837,43.0632,43.3069,43.0741,2.49042
UGC03973,8.812,14.668,7.94,13.738,4.967,11.458,2.588,7.807,43.9561,43.9117,43.9842,44.0593,24.0732
UGC04029,10.09,15.308,9.949,14.735,6.589,12.246,4.5,8.759,43.0865,42.7496,42.9769,42.9361,1.81248
UGC04132,9.303,14.914,9.162,14.343,5.324,11.636,3.552,8.289,43.55,43.2131,43.6316,43.4639,6.11173
UGC04280,10.369,15.447,10.25,14.885,7.344,12.621,5.361,9.189,42.7823,42.4367,42.4824,42.3991,0.526392
UGC04461,10.657,15.59,10.423,14.974,6.88,12.4,4.933,8.978,42.9721,42.6725,42.973,42.8753,1.57585
UGC05108,10.364,15.446,10.267,14.9,7.15,12.541,4.774,8.899,43.5182,43.1637,43.2938,43.3677,4.89742
UGC05111,10.049,15.288,9.965,14.748,6.648,12.293,5.081,9.052,43.4813,43.1217,43.3318,43.0821,2.53724
UGC05244,11.672,16.093,11.579,15.542,8.551,13.197,6.961,9.977,42.1289,41.7729,41.8674,41.6269,0.0889418
UGC05359,11.034,15.779,10.902,15.208,7.898,12.883,6.185,9.596,43.2846,42.9442,43.0291,42.8378,1.44552
UGC05498NED01,10.233,15.38,10.033,14.782,7.611,12.748,6.049,9.525,43.349,43.0358,42.8879,42.6362,0.908713
UGC05598,10.957,15.741,10.87,15.197,7.373,12.639,5.728,9.373,42.9526,42.5942,42.8763,42.6578,0.955098
UGC06312,10.188,15.358,10.186,14.859,7.903,12.895,6.568,9.786,43.3507,42.9583,42.7548,42.4123,0.54263
UGC07012,11.357,15.941,11.251,15.389,7.734,12.826,5.961,9.49,42.2666,41.9157,42.2058,42.0386,0.229497
UGC08107,9.867,15.198,9.738,14.635,6.702,12.323,5.043,9.032,43.7402,43.3986,43.4963,43.2834,4.03289
UGC08250,11.524,16.023,11.307,15.412,8.093,12.952,6.116,9.567,42.6693,42.3629,42.5317,42.4461,0.586524
UGC08267,10.507,15.519,10.365,14.949,6.973,12.458,5.305,9.164,43.3458,43.0094,43.2495,43.0402,2.30372
UGC09067,10.691,15.607,10.591,15.061,7.13,12.543,5.514,9.27,43.3582,43.005,43.2727,43.0426,2.31632
UGC09476,10.009,15.267,9.935,14.734,6.527,12.238,4.882,8.952,42.8507,42.487,42.7335,42.5151,0.687506
UGC09537,9.71,15.116,9.675,14.601,6.938,12.411,5.312,9.164,43.8613,43.4821,43.4602,43.2341,3.60029
UGC09542,10.795,15.662,10.71,15.119,7.436,12.688,5.724,9.373,43.0019,42.6427,42.8355,42.6439,0.924888
UGC09665,9.901,15.213,9.766,14.649,6.177,12.065,4.339,8.683,42.6821,42.3429,42.6618,42.5205,0.696229
UGC09759,10.365,15.447,10.263,14.9,7.036,12.493,5.311,9.168,42.7558,42.4034,42.5775,42.391,0.516656
UGC09873,11.412,15.964,11.313,15.417,8.012,12.972,6.039,9.531,42.8752,42.5216,42.7252,42.638,0.912392
UGC09892,11.068,15.796,11.03,15.278,7.91,12.911,6.377,9.696,42.9199,42.5419,42.6732,42.4099,0.539682
UGC09919,11.187,15.853,11.053,15.289,7.821,12.88,5.859,9.441,42.3888,42.0492,42.2253,42.1336,0.285628
UGC10043,10.038,15.284,9.837,14.686,6.436,12.195,4.909,8.967,42.4851,42.1723,42.416,42.1503,0.296859
UGC10123,9.692,15.111,9.54,14.538,6.004,11.984,4.347,8.687,43.1011,42.7687,43.0663,42.8527,1.49584
UGC10205,9.607,15.066,9.59,14.56,7.084,12.489,5.786,9.399,43.6289,43.2425,43.1282,42.7709,1.23908
UGC10331,11.142,15.827,10.996,15.26,7.217,12.587,4.528,8.778,42.6833,42.3484,42.7433,42.9424,1.83935
UGC10380,10.572,15.551,10.496,15.015,7.995,12.962,6.429,9.725,43.3776,43.0148,42.8985,42.6484,0.934548
UGC10384,10.257,15.39,10.028,14.78,6.052,12.001,4.166,8.596,43.1258,42.8242,43.2979,43.1758,3.1481
UGC10710,10.27,15.4,10.184,14.858,7.181,12.557,5.923,9.47,43.5795,43.2207,43.3052,42.9319,1.79526
