edge_pydb/dat_glob/external/edge_leda.csv
# %ECSV 1.0
# ---
# datatype:
# - {name: Name, datatype: string, description: Galaxy Name}
# - {name: ledaRA, unit: hourangle, datatype: float64, description: RA J2000 from LEDA /al2000/}
# - {name: ledaDE, unit: deg, datatype: float64, description: DEC J2000 from LEDA /de2000/}
# - {name: ledaMorph, datatype: string, description: Hubble type from LEDA /type/}
# - {name: ledaBar, datatype: string, description: B = bar present from LEDA /bar/}
# - {name: ledaRing, datatype: string, description: R = ring present from LEDA /ring/}
# - {name: ledaMultiple, datatype: string, description: M = multiple system from LEDA /multiple/}
# - {name: ledaType, datatype: float64, description: Morphological type from LEDA /t/}
# - {name: ledaPA, unit: deg, datatype: float64, description: 'PA from LEDA /pa/, N to E'}
# - {name: ledaBt, unit: mag, datatype: float64, description: Apparent B total magnitude from LEDA /bt/}
# - {name: ledaIt, unit: mag, datatype: float64, description: Apparent I total magnitude from LEDA /it/}
# - {name: ledaVmaxg, unit: km / s, datatype: float64, description: HI max v_rot uncorrected for incl from LEDA /vmaxg/}
# - {name: ledaFIR, unit: mag, datatype: float64, description: FIR flux as magnitude from LEDA /mfir/}
# - {name: ledaVrad, unit: km / s, datatype: float64, description: cz from mean data from LEDA /v/}
# - {name: ledaA_Bgal, unit: mag, datatype: float64, description: Galactic A_B from LEDA /ag/}
# - {name: ledaIncl, unit: deg, datatype: float64, description: Morph inclination from LEDA /incl/}
# - {name: ledaVrot, unit: km / s, datatype: float64, description: HI max v_rot corrected for incl from LEDA /vrot/}
# - {name: ledaVvir, unit: km / s, datatype: float64, description: Virgo infall corrected cz from LEDA /vvir/}
# - {name: ledaModz, unit: mag, datatype: float64, description: Dist modulus from LEDA /modz/ based on /vvir/}
# - {name: ledaD25, unit: arcmin, datatype: float64, format: .2f, description: Apparent B diameter from LEDA /logd25/ linearized}
# - {name: ledaAxrat, datatype: float64, format: .4f, description: Minor to major axis ratio from LEDA /logr25/ linearized}
# - {name: ledaAxIncl, unit: deg, datatype: float64, format: .1f, description: Inclination estimated from LEDA axratio using Bottinelli+83}
# - {name: ledaDistMpc, unit: Mpc, datatype: float64, format: .2f, description: Luminosity distance in Mpc corresponding to ledaModz}
# - {name: ledaHIflux, unit: Jy km / s, datatype: float64, format: .2f, description: 21cm flux from LEDA /m21/ linearized}
# delimiter: ','
# meta: !!omap
# - {date: '2022-01-27'}
# - {comments: Galaxy Parameters from HyperLEDA}
# schema: astropy-2.0
Name,ledaRA,ledaDE,ledaMorph,ledaBar,ledaRing,ledaMultiple,ledaType,ledaPA,ledaBt,ledaIt,ledaVmaxg,ledaFIR,ledaVrad,ledaA_Bgal,ledaIncl,ledaVrot,ledaVvir,ledaModz,ledaD25,ledaAxrat,ledaAxIncl,ledaDistMpc,ledaHIflux
[from data line 83]
NGC2540,8.2128998,26.361597,Sc,B,,,5.5,123.3,14.397,12.707,153.19,12.94,6288.8,0.148,60.43,176.14,6310.2,34.81,1.2416523075924113,0.519995996533516,59.64621391175703,91.62204901220011,3.241902878227866
NGC2554,8.2981892,23.4722394,S0-a,,R,M,-0.1,153.75,12.946,,241.28,13.386,4128.9,0.246,55.75,291.9,4137.6,33.888,2.0417379446695296,0.6426877173170197,52.37882028562331,59.92389025834776,1.7362009919014185
NGC2592,8.4522375,25.97031,E,,,,-4.8,47.17,13.555,,,,2043.7,0.255,51.27,,2069.2,32.384,1.4655478409559113,0.8128305161640993,39.76285622869199,29.97781671582383,
NGC2595,8.4616721,21.4791171,Sc,B,R,M,5.0,30.57,13.165,11.431,159.24,12.852,4326.2,0.172,48.78,211.71,4328.9,33.993,1.6595869074375607,0.6760829753919817,48.17751303923611,62.89266531604166,9.65606098541548
NGC2596,8.4573682,17.2841269,Sb,,,,3.1,63.92,14.211,12.466,203.17,13.141,5935.3,0.177,74.22,211.13,5916.4,34.678,1.3835663789717811,0.3664375746478333,71.13417024168551,86.21840810727005,6.194410750767807
NGC2623,8.6400187,25.7545702,Sb,,,M,2.7,36.46,13.984,13.277,34.14,9.847,5496.6,0.178,82.99,34.39,5526.0,34.521,2.3933157564053875,0.2910717118066605,77.01539319931717,80.20473348006661,1.9248637777825293
NGC2639,8.7272387,50.2055329,Sa,,R,,0.8,140.0,12.596,,269.76,12.034,3225.0,0.102,44.64,383.91,3373.7,33.464,1.6106456351782708,0.7498942093324559,42.84224265990379,49.29467413122059,
NGC2730,9.037727,16.8382614,Sd,B,,,8.0,71.99,13.78,13.252,83.79,13.209,3826.2,0.118,55.72,101.4,3822.3,33.732,1.4454397707459272,0.660693448007596,49.04366651600431,55.76991723756762,6.228737089440282
NGC2880,9.4929378,62.4906177,E-S0,B,R,,-2.6,141.66,12.525,11.148,,,1481.0,0.143,68.45,,1691.3,31.968,2.3334580622810033,0.6011737374832781,57.79875839563649,24.75141318074314,
NGC2906,9.5350625,8.4418092,Sc,,,M,5.7,70.71,13.173,11.785,156.66,12.376,2279.0,0.205,54.96,191.34,2250.1,32.585,1.3551894123510357,0.5942921586155726,54.30662636220196,32.88516308759833,5.062907583460215
NGC2916,9.5826648,21.7052457,Sb,,,,3.1,15.65,12.745,12.306,172.33,12.551,3716.2,0.115,47.92,232.18,3754.2,33.686,2.387811282913177,0.6966265141107687,46.85658982954264,54.60092497542736,9.471090794701595
NGC2918,9.5955682,31.7054665,E,,,,-4.7,65.83,13.519,11.992,,,6756.3,0.083,77.27,,6842.8,34.989,1.5559656316050743,0.6807693586937414,53.381435661772066,99.49471217509914,
NGC3300,10.6106743,14.1712429,S0,B,R,,-1.8,173.64,13.323,11.918,,,3017.7,0.165,75.44,,3056.5,33.246,1.5275660582380723,0.5116818355403078,64.35116401025816,44.586152794807106,
NGC3303,10.6166915,18.1358324,Sa,,,M,0.5,157.0,14.441,,153.41,,6277.3,0.119,52.53,193.31,6335.0,34.825,1.0964781961431853,0.6683439175686147,49.992226114018365,92.25714271547648,2.766941645411504
NGC3381,10.8068937,34.7114023,SBbc,B,,,3.6,75.87,12.893,12.397,43.29,12.551,1628.1,0.089,26.26,97.85,1766.6,32.067,2.0183663636815607,0.9036494737223014,25.774340336151454,25.905978454758696,10.89431679659131
NGC3687,11.46683,29.5110084,Sbc,B,R,M,3.8,167.1,12.986,12.073,76.09,,2502.8,0.096,74.41,78.99,2642.1,32.94,1.4028137045619582,0.7925013304804716,38.229819391612814,38.72576449216169,9.078205301781841
NGC3811,11.6879558,47.6908329,SBc,B,R,,5.7,172.45,12.939,11.929,127.68,12.04,3152.0,0.082,42.54,188.83,3364.1,33.438,2.0276827195212817,0.7464487584100665,42.220136075079125,48.70796664925376,13.740419750125142
NGC3815,11.694251,24.8005045,Sab,,,,2.0,70.07,14.081,12.672,158.12,,3703.0,0.129,62.24,178.68,3830.7,33.732,1.4387985782558452,0.5321082592667942,59.87079194030172,55.76991723756762,9.638290236239698
NGC3994,11.9602411,32.2776664,Sc,,R,M,4.8,9.65,13.348,12.293,48.48,,3070.9,0.095,59.51,56.26,3238.1,33.358,0.8491804750363139,0.5382697825162883,58.515443177365675,46.94615193825906,23.550492838960054
NGC4003,11.9664003,23.1248961,S0,B,R,,-1.6,159.7,14.592,12.777,,,6550.1,0.113,65.25,,6680.6,34.936,1.0423174293933042,0.5874893525297766,57.92238265094058,97.09570065288246,
NGC4047,12.0474071,48.6362161,Sb,,,,3.3,99.87,12.756,11.738,138.66,11.485,3428.3,0.1,42.03,207.11,3652.6,33.638,1.5346169827992941,0.7603262769401818,41.31027530927659,53.40722340937608,5.142804319487914
NGC4149,12.1757966,58.3040773,SABb,B,,,3.7,86.04,13.917,12.619,207.66,12.422,3063.3,0.085,90.0,207.66,3314.0,33.411,1.3708817661648538,0.19860949173573716,84.13468558653649,48.10608341479544,
NGC4185,12.2228368,28.5109692,SBbc,B,R,,3.7,165.44,13.412,12.078,169.65,,3893.3,0.092,48.84,225.34,4054.9,33.845,1.8535316234148116,0.6823386941416696,47.901254833643364,58.74893525297766,9.73643569798885
NGC4210,12.254401,65.9853551,Sb,B,R,,3.1,96.23,13.378,12.228,118.64,13.11,2711.1,0.08,46.18,164.43,2976.4,33.188,1.936421963946607,0.7161434102129021,45.221249847938545,43.411020970734604,3.5974933515574135
NGC4211NED02,12.2603641,28.1696736,S0-a,B,,M,-0.3,156.54,15.849,14.562,,13.311,6680.9,0.1,54.39,,6842.4,34.989,0.4355118736855686,0.660693448007596,51.00500211486284,99.49471217509914,
NGC4470,12.4938346,7.8241102,Sab,,,M,1.9,1.15,13.065,12.103,59.6,12.331,2336.8,0.105,50.58,77.15,2419.0,32.734,1.282330582656022,0.674528027697922,48.97987165396522,35.2208635618468,7.530087105475883
NGC4644,12.7118502,55.1455026,Sb,B,,M,3.1,51.06,14.6,13.236,179.79,,4927.8,0.088,69.97,191.36,5183.5,34.387,1.513561248436208,0.41783036664662176,67.51620994204075,75.40497494853079,4.265795188015924
NGC4676A,12.7694705,30.7319684,S0-a,B,,M,-1.4,179.14,14.53,13.491,328.12,,6566.0,0.071,64.42,363.79,6754.1,34.963,2.1627185237270203,0.5847900841444807,57.964254993351254,98.310521528177,7.105587633694722
NGC4711,12.8127393,35.3327152,SBb,B,,,3.2,40.93,14.268,12.847,135.69,13.408,4053.3,0.093,58.49,159.16,4258.7,33.952,1.2050359403717974,0.5649369748123025,57.02227162725605,61.71631684555834,4.848417387084457
NGC4816,12.9366946,27.7455344,E-S0,,,,-3.0,-25.0,13.638,10.925,,,6934.6,0.038,90.0,,7117.1,35.08,1.3803842646028848,0.457088189614875,71.22271905834187,103.75284158180116,
NGC4841A,12.9588724,28.4769592,E,,,M,-4.1,-25.0,13.762,12.095,,,6765.6,0.047,21.76,,6951.6,35.029,1.4454397707459272,0.954992586021436,18.740427614761415,101.34445697847934,
NGC4961,13.0965539,27.7340646,Sc,B,,,5.6,106.08,13.956,12.844,95.82,12.907,2531.7,0.049,38.71,153.23,2719.4,33.005,1.1142945335917298,0.7888601176185545,38.370144712329314,39.90249023621427,13.778438433514518
NGC5000,13.1631908,28.9068688,Sbc,B,R,M,3.8,62.96,13.98,12.668,65.85,13.042,5594.0,0.039,38.43,105.94,5788.0,34.632,1.2793813041575248,0.7961593504173188,37.87667841853699,84.4111855592768,4.613175745603788
NGC5016,13.2018565,24.0950337,SABb,B,,,4.4,57.39,13.083,12.068,112.01,12.657,2609.2,0.057,44.69,159.26,2786.4,33.036,1.5739828644662197,0.727779804536824,44.00115138204427,40.476224868787384,8.67760744991145
NGC5056,13.2700898,30.9503465,SABc,B,,,5.8,0.71,13.699,12.345,157.82,12.831,5592.7,0.05,61.41,179.73,5797.2,34.632,1.6218100973589298,0.5046612975635284,60.647800725431416,84.4111855592768,6.582638416409014
NGC5205,13.5010013,62.5115364,SBbc,B,R,,4.0,167.86,13.436,12.097,113.24,13.789,1760.3,0.098,56.05,136.52,2041.5,32.384,1.5848931924611134,0.5902010801718443,54.94570595908507,29.97781671582383,11.934383792107937
NGC5218,13.5362216,62.767743,SBb,B,,M,3.1,93.36,13.093,11.814,151.65,10.954,2860.4,0.09,51.12,194.81,3142.3,33.303,1.8365383433483466,0.6576578373554205,50.00833148825181,45.77201167050861,7.655966069112558
NGC5394,13.9760117,37.4534963,SBb,B,,M,3.1,30.0,13.567,,242.74,11.029,3467.0,0.045,70.75,257.11,3711.0,33.662,2.6302679918953817,0.4083193863326921,68.18294736215347,54.000775906659264,18.197008586099816
NGC5406,14.0055879,38.9154284,Sbc,B,,M,3.8,115.03,13.117,11.827,177.34,13.037,5388.6,0.051,45.52,248.54,5637.4,34.569,1.6943378004473288,0.7194489780036994,44.80811078285897,81.99738454574761,4.773094139287511
NGC5480,14.1059949,50.7251039,Sc,,,M,4.9,177.02,12.756,11.707,90.47,11.521,1906.5,0.079,41.47,136.63,2182.9,32.507,1.6749428760264373,0.762079010025412,40.92061980507715,31.72488087350879,7.741052270741206
NGC5485,14.1198186,55.0016262,S0,,,,-2.0,170.25,12.4,10.855,75.4,,1904.5,0.068,54.59,92.52,2187.5,32.507,2.5118864315095797,0.6982324040771714,48.82608427273306,31.72488087350879,5.053589947531671
NGC5520,14.206337,50.3484461,Sb,,,,3.1,65.65,13.309,12.112,123.43,12.077,1877.0,0.078,63.85,137.5,2154.7,32.507,1.6069412530128773,0.4965923214503361,61.97670189194152,31.72488087350879,6.779536449241946
NGC5614,14.402108,34.858852,Sab,,R,M,1.7,150.0,12.568,,68.85,12.324,3896.6,0.068,36.23,116.49,4143.6,33.909,2.426610095082416,0.8260379495771787,35.20808622152757,60.50621691582962,2.823579369110296
NGC5633,14.4578802,46.1465238,Sb,,R,,3.2,10.86,13.105,11.723,125.4,11.825,2325.8,0.071,50.75,161.94,2600.8,32.907,1.0889300933334334,0.662216503701762,49.62290912641076,38.14169596669381,8.79022516830884
NGC5657,14.5121139,29.1807544,Sb,B,R,,3.1,168.16,14.344,12.678,151.67,12.695,3964.9,0.08,71.07,160.34,4197.2,33.931,1.7498466886246575,0.40364539296760493,68.51085380120143,61.12234388984107,8.896107044092288
NGC5682,14.5791894,48.669722,Sb,B,,,3.2,136.07,14.797,13.792,99.19,13.731,2276.9,0.14,73.58,103.41,2558.7,32.873,0.6456542290346556,0.37153522909717257,70.71508086537617,37.5491404609842,4.070052394402333
NGC5732,14.6774938,38.6377297,Sbc,,,,4.0,42.34,14.341,13.34,283.4,13.65,3735.5,0.067,60.76,324.78,3998.4,33.823,1.2302687708123818,0.5272298614228227,59.504809357417855,58.15673277185147,
NGC5784,14.9045693,42.557903,S0,,,M,-1.9,40.0,13.655,,,13.157,5370.0,0.094,27.47,,5646.1,34.569,1.4825180851459538,0.9141132414702502,25.205476119862876,81.99738454574761,
NGC5876,15.1587724,54.5064656,SBab,B,R,,1.5,48.22,13.707,12.076,221.57,,3254.1,0.057,68.09,238.82,3552.2,33.565,2.4603676041476277,0.4698941086052154,64.67106792907477,51.64163692720705,2.992264636608183
NGC5908,15.2786653,55.4095087,SBb,B,,,3.0,153.45,12.805,10.711,314.56,11.188,3332.8,0.065,65.31,346.21,3633.1,33.614,3.372873086588689,0.4786300923226383,63.288505153394844,52.820194976999645,14.282360800191817
NGC5928,15.4341321,18.0736438,S0,,,,-2.1,103.15,13.683,11.991,,,4460.5,0.231,59.21,,4673.4,34.17,1.6405897731995396,0.6561452663029054,52.59407069665771,68.23386941416705,
NGC5930,15.4355388,41.6760604,SABa,B,,M,2.3,173.28,13.177,10.426,106.1,10.797,2588.2,0.104,70.45,112.59,2871.0,33.098,1.8492686189780778,0.42657951880159267,67.32460087693211,41.648560934074126,2.5421431362049343
NGC5934,15.4702123,42.9299198,SBa,B,,M,1.0,4.93,14.444,12.756,,12.735,5563.4,0.127,68.65,,5849.1,34.647,0.6109420249055721,0.4753352259428053,64.59158526734994,84.99629594496193,
NGC5947,15.510164,42.7171558,SBbc,B,,,3.7,45.24,14.584,13.107,,13.525,5934.6,0.141,47.25,,6220.5,34.782,1.1668096170609625,0.7014552984199712,46.33534700077922,90.44821490475891,
NGC5953,15.575665,15.1937933,S0-a,,,M,0.1,65.0,12.983,,61.58,10.567,1969.8,0.211,43.94,88.75,2173.9,32.507,1.4723125024327188,0.7638357835776907,41.78437205291661,31.72488087350879,5.87759963680599
NGC5954,15.5764252,15.1992225,SABc,B,,M,5.9,19.17,12.81,,111.38,,1924.6,0.212,63.56,124.39,2128.7,32.467,1.0209394837076797,0.47315125896148047,62.78297105709914,31.145836540121316,9.664958643142132
NGC5957,15.5897826,12.04757,Sb,B,R,,2.9,-25.0,13.562,11.965,42.1,13.149,1820.4,0.188,17.52,139.9,2011.9,32.341,2.4434305526939717,0.9571940712948445,17.13278672343499,29.390028011711482,18.65520389100593
NGC5980,15.6917825,15.7876763,Sbc,,,,4.4,14.49,13.21,,194.96,11.657,4087.1,0.15,76.43,200.56,4295.6,33.972,1.6330519478943348,0.31550046233746265,73.98454339753215,62.28737089440294,8.218640803889047
NGC6004,15.8396439,18.9392466,Sc,B,,,4.8,95.48,13.368,12.066,104.47,12.804,3818.8,0.175,38.86,166.5,4041.6,33.845,1.892343618644975,0.7888601176185545,38.45290630433934,58.74893525297766,2.4888573182823874
NGC6020,15.9522607,22.4045495,E,,,,-4.8,136.14,13.759,12.247,,,4304.2,0.282,90.0,,4541.1,34.093,1.7378008287493754,0.6324118513762195,58.274936443647455,65.85670531543794,
NGC6021,15.958526,15.9560201,E,,,,-4.0,157.97,14.079,12.451,,,4740.2,0.169,90.0,,4953.3,34.281,1.5452544395384142,0.5861381645140287,61.162408220793615,71.81249238834741,
NGC6027,15.9868219,20.7633378,S0-a,B,,M,-1.5,81.08,14.394,13.06,,,4394.0,0.238,67.09,,4625.5,34.132,2.2750974307720706,0.5649369748123025,59.66958950925821,67.0501880162841,
NGC6060,16.0977736,21.4849331,SABc,B,R,,4.8,103.34,14.083,11.649,214.23,12.288,4404.3,0.347,59.49,248.66,4639.8,34.151,1.892343618644975,0.5382697825162883,58.515443177365675,67.63943948096029,25.515260109096687
NGC6063,16.1202739,7.978973,Sc,,,M,5.8,157.07,13.948,12.584,124.68,,2845.1,0.201,60.26,143.58,3027.1,33.217,1.6292960326397221,0.5211947111050804,59.502170194764744,43.99466347160462,6.779536449241946
NGC6081,16.2157929,9.8671048,S0,,,,-1.8,130.67,14.331,12.389,280.93,,5114.1,0.192,90.0,280.93,5305.5,34.438,1.5523870099580825,0.3622429984166986,77.94873570202394,77.19692476102523,1.9860949173573668
NGC6125,16.3198732,57.9841256,E,,,,-4.9,50.0,12.997,,,,4810.0,0.054,0.0,,5120.8,34.352,1.3772094688939467,1.0,0.0,74.19933277899425,
NGC6132,16.3941192,11.7862551,Sab,,,,2.0,126.5,14.709,13.453,154.64,13.708,4964.9,0.314,79.87,157.09,5166.3,34.387,1.282330582656022,0.33496543915782767,74.26070457930723,75.40497494853079,11.598451211901645
NGC6146,16.4195407,40.8926984,E,,,,-4.8,82.77,13.511,11.242,,15.06,8816.8,0.036,60.7,,9108.7,35.623,1.6595869074375607,0.7585775750291838,45.68149858676914,133.22937789769384,
NGC6155,16.4356458,48.3667871,SBbc,B,R,,4.1,147.41,13.065,12.166,82.71,12.202,2413.7,0.06,51.94,105.05,2717.6,33.005,1.3273944577297396,0.6412095765851616,51.071511677865296,39.90249023621427,3.5974933515574135
NGC6168,16.5226413,20.1843875,Sd,,,,7.9,111.0,14.609,13.185,117.26,12.481,2523.2,0.274,90.0,117.26,2758.3,33.036,1.6481623915255086,0.28840315031266056,74.45925120820634,40.476224868787384,8.487895030072435
NGC6186,16.5737475,21.5408868,Sa,B,,,1.2,58.87,14.229,13.059,119.05,11.902,2936.5,0.202,71.02,125.89,3176.7,33.33,1.5703628043335525,0.4446312674691087,66.72198399821427,46.34469197362877,1.960649667226597
NGC6301,17.1424262,42.3389919,Sc,,R,,5.9,112.76,14.504,,204.89,13.481,8360.9,0.124,57.09,244.05,8658.7,35.509,1.7701089583174214,0.5636376558259545,56.49147413925518,126.41540489485821,3.872576449216168
NGC6310,17.132626,60.9901251,Sb,,R,,3.1,69.56,13.785,12.486,212.18,,3400.1,0.118,90.0,212.18,3714.2,33.662,1.6788040181225607,0.2070141348791042,84.26163343389395,54.000775906659264,2.8840315031266024
NGC6314,17.2107538,23.2701144,Sa,,,,0.9,174.24,13.902,12.199,230.2,13.574,6620.3,0.283,65.88,252.22,6869.2,35.003,1.374041975012515,0.5081594425605606,62.219155203477705,100.13825058370986,2.0892961308540343
NGC6361,17.3114197,60.608128,Sb,,,,3.0,52.0,13.798,11.931,223.37,11.231,3798.9,0.116,84.56,224.38,4113.0,33.888,2.0558905959841414,0.27289777828080414,78.17230785946465,59.92389025834776,14.845676750522706
NGC6394,17.5059512,59.6398916,SBb,B,,,3.2,40.15,15.195,13.395,,13.372,8522.4,0.137,73.1,,8836.4,35.551,1.137627285823431,0.3784425847170933,70.22818208047755,128.8842949160221,
NGC6427,17.7273861,25.4938889,E-S0,,,,-3.0,35.67,14.515,,,,3231.3,0.287,90.0,,3487.0,33.515,1.5452544395384142,0.3357376142429547,71.92630308460504,50.46612975635287,
NGC6478,17.81065,51.1572222,Sc,,,,4.9,35.21,14.02,11.722,238.15,12.362,6776.0,0.19,76.7,244.71,7085.0,35.067,1.4487718535447618,0.30338911841942706,74.56788353479125,103.13355783043848,5.9319843966497166
NGC6941,20.6065194,-4.6187515,Sb,B,,,3.3,125.97,14.167,12.44,176.35,13.721,6218.0,0.272,48.06,237.06,6296.2,34.81,1.725837891990204,0.6934258060165691,47.07795983554774,91.62204901220011,7.177942912713609
NGC6977,20.8749255,-5.7461617,Sa,B,R,,1.3,167.85,14.124,12.741,75.25,,6112.8,0.345,44.71,106.96,6177.2,34.767,1.2531411749414163,0.744731973905989,43.16102509365208,89.82557377294182,
