edge_pydb/dat_glob/external/edge_leda.csv
# %ECSV 1.0
# ---
# datatype:
# - {name: Name, datatype: string, description: Galaxy Name}
# - {name: ledaRA, unit: hourangle, datatype: float64, description: RA J2000 from LEDA /al2000/}
# - {name: ledaDE, unit: deg, datatype: float64, description: DEC J2000 from LEDA /de2000/}
# - {name: ledaMorph, datatype: string, description: Hubble type from LEDA /type/}
# - {name: ledaBar, datatype: string, description: B = bar present from LEDA /bar/}
# - {name: ledaRing, datatype: string, description: R = ring present from LEDA /ring/}
# - {name: ledaMultiple, datatype: string, description: M = multiple system from LEDA /multiple/}
# - {name: ledaType, datatype: float64, description: Morphological type from LEDA /t/}
# - {name: ledaPA, unit: deg, datatype: float64, description: 'PA from LEDA /pa/, N to E'}
# - {name: ledaBt, unit: mag, datatype: float64, description: Apparent B total magnitude from LEDA /bt/}
# - {name: ledaIt, unit: mag, datatype: float64, description: Apparent I total magnitude from LEDA /it/}
# - {name: ledaVmaxg, unit: km / s, datatype: float64, description: HI max v_rot uncorrected for incl from LEDA /vmaxg/}
# - {name: ledaFIR, unit: mag, datatype: float64, description: FIR flux as magnitude from LEDA /mfir/}
# - {name: ledaVrad, unit: km / s, datatype: float64, description: cz from mean data from LEDA /v/}
# - {name: ledaA_Bgal, unit: mag, datatype: float64, description: Galactic A_B from LEDA /ag/}
# - {name: ledaIncl, unit: deg, datatype: float64, description: Morph inclination from LEDA /incl/}
# - {name: ledaVrot, unit: km / s, datatype: float64, description: HI max v_rot corrected for incl from LEDA /vrot/}
# - {name: ledaVvir, unit: km / s, datatype: float64, description: Virgo infall corrected cz from LEDA /vvir/}
# - {name: ledaModz, unit: mag, datatype: float64, description: Dist modulus from LEDA /modz/ based on /vvir/}
# - {name: ledaD25, unit: arcmin, datatype: float64, format: .2f, description: Apparent B diameter from LEDA /logd25/ linearized}
# - {name: ledaAxrat, datatype: float64, format: .4f, description: Minor to major axis ratio from LEDA /logr25/ linearized}
# - {name: ledaAxIncl, unit: deg, datatype: float64, format: .1f, description: Inclination estimated from LEDA axratio using Bottinelli+83}
# - {name: ledaDistMpc, unit: Mpc, datatype: float64, format: .2f, description: Luminosity distance in Mpc corresponding to ledaModz}
# - {name: ledaHIflux, unit: Jy km / s, datatype: float64, format: .2f, description: 21cm flux from LEDA /m21/ linearized}
# delimiter: ','
# meta: !!omap
# - {date: '2022-01-27'}
# - {comments: Galaxy Parameters from HyperLEDA}
# schema: astropy-2.0
Name,ledaRA,ledaDE,ledaMorph,ledaBar,ledaRing,ledaMultiple,ledaType,ledaPA,ledaBt,ledaIt,ledaVmaxg,ledaFIR,ledaVrad,ledaA_Bgal,ledaIncl,ledaVrot,ledaVvir,ledaModz,ledaD25,ledaAxrat,ledaAxIncl,ledaDistMpc,ledaHIflux
[from data line 164]
NGC7194,22.0585828,12.6368719,E,,,,-4.9,17.65,14.317,12.481,,,8146.3,0.249,82.59,,8255.7,35.401,1.309181922999407,0.6823386941416696,53.55669012462863,120.28182253556557,
NGC7311,22.5685444,5.5703056,Sab,,,,2.0,11.0,13.318,,233.24,,4520.5,0.573,67.82,251.88,4577.9,34.113,1.4723125024327188,0.463446919736288,64.84927346648855,66.46606990710733,4.222795013060558
NGC7321,22.6077842,21.6214952,SBb,B,R,,3.1,17.74,13.922,11.88,197.63,13.166,7142.0,0.2,48.71,263.04,7270.4,35.131,1.4060475241299137,0.6870684400142322,47.64281352070366,106.2184598668703,5.485295139412027
NGC7364,22.7401069,-0.1620814,S0-a,,R,,0.2,66.14,13.356,12.02,174.02,,4846.3,0.28,51.82,221.38,4869.6,34.245,1.6481623915255086,0.6807693586937414,49.08907016376357,70.63175542629612,7.571815097147048
NGC7466,23.0342819,27.0524028,Sb,,,,3.1,25.4,14.557,12.7,194.08,13.045,7509.1,0.224,72.96,202.99,7645.0,35.24,1.5417004529495593,0.38106582339377304,70.09919005843676,111.68632477805623,4.4014928428681435
NGC7489,23.1257528,22.9979722,Sc,,,,6.4,165.16,14.233,12.422,166.39,12.828,6239.4,0.994,58.96,194.2,6354.7,34.825,1.2161860006463678,0.5357966575133416,58.37610162458952,92.25714271547648,11.271974561755094
NGC7549,23.2547968,19.0417755,Sc,B,,,5.9,33.0,14.077,12.776,111.66,12.307,4697.1,0.633,68.4,120.09,4790.0,34.208,1.8492686189780778,0.4045758916974427,67.38647936150986,69.43844712409815,2.4888573182823874
NGC7559B,23.2629374,13.2902966,E-S0,,,M,-3.2,-25.0,14.431,12.501,,,4566.8,0.229,28.73,,4633.1,34.151,1.2852866599436155,0.9162204901219998,25.32289181279858,67.63943948096029,
NGC7562,23.265964,6.6873656,E,,,,-4.9,83.67,12.618,10.265,36.38,,3484.8,0.437,67.65,39.33,3519.9,33.54,2.177709772353159,0.7294575102545687,48.82604993454118,51.05049999754062,1.6780310782909527
NGC7563,23.2655387,13.1962135,Sa,B,,,1.0,143.2,13.887,12.124,179.93,,4292.0,0.239,58.09,211.96,4357.7,34.013,1.5310874616820305,0.5984115950603197,55.341826390491555,63.47460398326994,1.6904409316432647
NGC7591,23.3045194,6.58575,SBbc,B,,,3.6,146.94,13.87,11.881,194.06,10.947,4955.3,0.448,66.91,210.95,4988.4,34.299,1.6069412530128773,0.449779854893288,65.06811413708316,72.41024217924128,19.516413002858254
NGC7608,23.3209221,8.3500663,Sbc,,,,3.7,18.84,14.991,12.83,131.82,,3529.7,0.308,81.73,133.2,3570.4,33.59,1.4321878992735433,0.2754228703338166,77.35059130697007,52.23961889991208,2.6619506511518347
NGC7625,23.3417069,17.2256058,Sa,,,M,1.0,-25.0,12.937,10.869,73.76,10.68,1630.5,0.108,14.98,285.4,1711.9,32.018,1.4757065332758947,0.9705099672454897,14.329089047458123,25.327947656899944,12.647363474711502
NGC7631,23.3574083,8.2176111,Sb,,R,,3.1,78.17,13.899,11.952,167.95,,3754.9,0.315,67.7,181.52,3793.7,33.709,1.8620871366628677,0.44668359215096315,65.49419718188577,55.18232567565663,3.6475394692560754
NGC7653,23.413707,15.2756006,Sb,,,,3.1,172.47,13.424,12.109,117.38,12.524,4259.3,0.29,31.01,227.86,4328.9,33.993,1.6180800376430662,0.8669618757582166,30.454674092158044,62.89266531604166,6.8485715912585485
NGC7683,23.4843889,11.4450833,S0,,,,-1.9,140.0,13.615,,,,3729.0,0.318,84.69,,3777.9,33.709,1.967886289706845,0.4753352259428053,67.53084732434513,55.18232567565663,
NGC7684,23.5088952,0.0810968,S0-a,,R,,-0.2,17.68,14.352,12.214,116.9,,5150.1,0.2,90.0,116.9,5143.9,34.37,1.5776112696993485,0.2937649651961531,81.47459766987969,74.81695005111537,2.849705627341145
NGC7716,23.6087363,0.2972754,Sb,B,R,,3.0,34.34,12.966,11.674,103.53,13.261,2558.4,0.149,48.37,138.51,2549.2,32.839,1.8323144223712113,0.6918309709189365,47.27450052569723,36.965790681932724,14.401243711755692
NGC7738,23.7339019,0.5167414,Sb,B,,,3.0,54.79,14.16,12.32,201.11,11.525,6794.5,0.116,63.56,224.61,6781.4,34.976,1.1857687481671604,0.5011872336272722,61.68860382912024,98.90084450210652,1.461503972006163
NGC7783NED01,23.9027987,0.3828544,S0,B,,M,-2.1,108.81,14.03,12.332,,,7835.2,0.186,90.0,,7814.8,35.287,1.5417004529495593,0.4645152752227494,68.77616134301493,114.1300480213992,
NGC7819,0.0734694,31.4720278,Sb,B,,,3.1,96.79,14.264,,110.69,12.967,4955.7,0.245,59.79,128.09,5074.1,34.335,1.4387985782558452,0.5495408738576245,58.17754603399482,73.62070974947365,10.299117193406973
UGC00005,0.0515714,-1.9138398,Sbc,B,,,3.9,47.0,14.222,12.17,211.11,13.029,7296.9,0.173,65.92,231.23,7259.6,35.118,1.393156802945303,0.45919801283686856,64.30213701213069,105.58445924300814,5.355499708401132
UGC00036,0.087181,6.7719444,Sa,,R,,1.0,17.2,14.618,12.33,235.69,,6289.9,0.226,72.21,247.53,6292.9,34.81,1.4791083881682072,0.4375221051582521,67.39739189972232,91.62204901220011,1.8264172487743542
UGC00312,0.5233028,8.46675,SBd,B,R,M,8.0,7.8,13.923,,120.89,,4361.0,0.163,78.92,123.18,4355.3,34.013,1.4893610777109156,0.4518559443749224,63.831687549440694,63.47460398326994,12.40509230042223
UGC00335NED02,0.5659306,7.2681944,S0,,,M,-2.0,147.5,14.733,,,,5491.0,0.154,90.0,,5478.0,34.505,1.492794409578996,0.457088189614875,69.25999329301564,79.615935041732,
UGC00809,1.2644064,33.8107296,Sc,,,,5.9,22.43,15.363,13.611,141.97,,4205.1,0.256,82.79,143.1,4296.4,33.972,1.191242008027375,0.21928049353504486,80.01496389154946,62.28737089440294,5.157034063026454
UGC01057,1.4814655,13.7936009,SABb,B,,,4.0,152.77,14.855,13.515,161.63,,6334.1,0.21,76.92,165.94,6320.6,34.825,1.276438808811344,0.31622776601683794,74.15922252417916,92.25714271547648,7.447319739059877
UGC01062,1.4832108,-0.5619152,S0-a,B,R,,-1.4,59.69,13.855,12.246,,,5464.5,0.126,90.0,,5380.5,34.472,1.4893610777109156,0.422668614265603,71.28028471013667,78.41515405281223,
UGC01123,1.5688794,-1.0322362,SABa,B,R,M,2.0,70.18,14.395,12.751,200.32,,4892.2,0.152,90.0,200.32,4803.1,34.226,1.2274392311584073,0.2710191631890843,79.51016892323382,70.01643593729747,
UGC01368,1.9036525,7.8836222,Sab,,,,2.0,51.5,14.926,,,,7972.8,0.251,75.35,,7916.2,35.31,1.336595516546442,0.3784425847170933,71.0042908514586,115.34532578210941,
UGC01659,2.1657944,16.03275,SBc,B,,,6.0,35.85,14.823,12.85,196.19,,8239.9,0.296,69.36,209.65,8216.5,35.39,1.3963683610559379,0.38994198667654345,68.33120255739051,119.67405313072443,2.0455024311093495
UGC01749,2.2706788,18.311048,Sab,,,,2.0,136.2,16.024,,218.5,,8068.4,0.547,90.0,218.5,8053.8,35.345,1.233104833228909,0.2805433637951713,78.66530745372887,117.21953655481303,2.3056851369472864
UGC01938,2.4728148,23.2146741,Sbc,,,,4.0,155.0,15.146,13.376,186.15,,6397.8,0.601,81.95,188.0,6403.1,34.853,1.1776059735208073,0.2648500138606701,77.91819372981358,93.45445303153411,4.096377763696792
UGC02018,2.5444909,0.2600876,S0-a,B,R,,-1.0,74.03,14.226,12.585,,,6164.0,0.121,90.0,,6051.4,34.723,1.4487718535447618,0.36897759857015033,75.4110827031381,88.0237770591344,
UGC02099,2.6202806,21.5674722,S0,,,,-1.9,138.0,15.489,,351.11,,8198.5,0.642,90.0,351.11,8191.6,35.39,1.1668096170609625,0.46131757456037936,68.73133024619597,119.67405313072443,1.8484171953696527
UGC02134,2.6477427,27.8468203,Sb,,,,3.1,106.23,14.684,12.04,149.67,12.777,4586.2,0.743,71.84,157.52,4611.2,34.132,1.6069412530128773,0.3953666200681279,69.0922592893684,67.0501880162841,7.413102413009169
UGC02229,2.7576582,0.9143693,SBa,B,,M,0.5,176.71,14.64,13.01,,,7303.6,0.155,68.92,,7188.7,35.105,1.333521432163324,0.4841723675840993,64.28637976206761,104.9542428652321,
UGC02311,2.8244334,-0.873019,Sb,B,R,,3.1,68.6,13.884,12.559,126.35,,7127.1,0.236,51.23,162.05,7002.0,35.042,1.3427649611378636,0.6576578373554205,50.00833148825181,101.95299775626034,7.392647526562261
UGC02319,2.8315532,-1.0036103,SABc,B,,M,5.8,46.12,15.466,13.89,165.79,,7022.9,0.314,80.75,167.97,6896.9,35.016,1.2531411749414163,0.24154608344449405,78.4427712245555,100.73954848112501,
UGC02628,3.2755124,-0.4681234,Sbc,B,R,,4.0,124.77,14.862,13.55,186.38,,6801.8,0.309,84.29,187.3,6668.3,34.936,1.538154640303035,0.24660393372343392,79.34067479803159,97.09570065288246,
UGC03253,5.3282278,84.0525278,Sb,B,R,,3.0,85.82,13.45,12.16,154.96,13.379,4123.7,0.29,60.74,177.63,4380.6,34.013,1.374041975012515,0.5370317963702527,59.11815383712189,63.47460398326994,5.495408738576236
UGC03539,6.8149688,66.2613351,Sbc,B,,,4.2,116.34,15.277,13.381,142.12,12.947,3304.5,0.346,90.0,142.12,3498.4,33.54,1.8323144223712113,0.1051961873823223,90.0,51.05049999754062,6.66192900223455
UGC03969,7.6873134,27.6140919,Sc,,,,5.8,134.06,15.434,13.882,217.57,13.494,8168.7,0.222,80.01,220.92,8184.8,35.39,1.2676518658578457,0.25003453616964316,77.8369414010331,119.67405313072443,2.7925438412373342
UGC03973,7.7090448,49.8098112,Sb,B,,,3.0,73.0,13.625,,73.0,12.793,6653.5,0.307,36.74,122.04,6782.5,34.976,1.3396766874259352,0.8165823713585925,35.96310828790698,98.90084450210652,3.1131496654470143
UGC04029,7.8052774,34.3322151,Sbc,B,,,4.0,64.43,14.503,12.652,159.78,12.801,4417.0,0.235,90.0,159.78,4470.5,34.073,1.8030177408595691,0.18749945080674188,84.92360835310781,65.25292741192514,9.392906516183979
UGC04132,7.9869478,32.9148756,Sbc,,,M,4.0,28.67,13.836,12.415,238.72,11.576,5195.2,0.294,77.36,244.65,5245.2,34.404,1.233104833228909,0.3118889584093937,74.46764986905856,75.99762143610386,8.068633703638186
UGC04145,7.9944781,15.3868023,SBa,B,R,,0.9,136.21,14.142,12.9,162.52,11.791,4650.0,0.15,68.46,174.71,4609.2,34.132,1.4521116175877422,0.4797334486366891,64.3332218075718,67.0501880162841,2.4076868456124396
UGC04197,8.0570889,10.0505778,Sb,,,,3.1,131.13,14.439,12.995,213.38,,4570.8,0.107,90.0,213.38,4504.3,34.074,1.721868574986007,0.17139573075084252,83.88200910621687,65.28298441586138,2.9349452222697843
UGC04240,8.1350284,14.837764,Sbc,,,,4.0,177.99,15.264,13.739,248.87,,8526.0,0.141,81.2,251.83,8485.9,35.466,1.2560299636948749,0.2722701308077913,77.35677028459594,123.9367204820682,3.1419552846410683
UGC04245,8.1460598,18.1942214,SBb,B,,,3.1,107.74,14.759,12.681,162.72,13.529,5202.7,0.184,78.53,166.04,5180.2,34.387,1.4157937799570819,0.3184197521726125,74.59743513116959,75.40497494853079,9.246981739382221
UGC04280,8.2425948,54.7995167,SABa,B,,,1.1,2.14,14.404,13.172,156.42,13.488,3512.3,0.183,90.0,156.42,3672.3,33.638,1.3212956341865754,0.2223309890651403,79.73014829527301,53.40722340937608,5.649369748123021
UGC04375,8.3864649,22.6646066,SABc,B,,,5.3,178.65,12.874,11.468,123.15,,2053.8,0.196,51.74,156.83,2060.6,32.384,1.6982436524617446,0.6382634861905486,51.08198465055775,29.97781671582383,0.4149540426343622
UGC04455,8.5258031,-1.1977411,Sa,B,R,,1.0,13.4,15.493,12.953,,,9272.3,0.147,39.99,,9163.5,35.633,0.8317637711026711,0.7943282347242815,38.58629924591005,133.844336764991,
UGC04461,8.5562957,52.532288,Sbc,,,M,4.0,43.92,14.399,13.442,298.4,13.097,4987.6,0.163,77.81,305.29,5143.2,34.37,1.3803842646028848,0.30690219883911574,74.82366969161076,74.81695005111537,6.486344335482381
UGC05108,9.5906365,29.8126339,SBab,B,R,,2.1,142.22,14.802,13.142,226.58,12.925,8135.5,0.075,74.38,235.26,8212.9,35.39,1.0939563662720937,0.38725764492161724,70.2865275892648,119.67405313072443,3.0283076942657776
UGC05111,9.6145772,66.7883459,Sbc,,,,4.0,119.59,15.267,13.287,211.71,13.215,6731.3,0.402,90.0,211.71,6956.9,35.029,1.492794409578996,0.1828100216142743,85.54126603954424,101.34445697847934,2.669316063624287
UGC05244,9.8133444,64.167634,Sc,,,,5.9,32.07,15.137,13.975,104.42,,3014.4,0.245,90.0,104.42,3235.2,33.358,1.506607066186742,0.1318256738556407,90.0,46.94615193825906,4.7818946066590735
UGC05359,9.9810167,19.2149883,SABb,B,,,3.9,95.27,14.918,13.584,208.32,,8470.8,0.103,72.04,218.99,8510.5,35.467,1.5559656316050743,0.3784425847170933,69.87090809823569,123.99380859509427,5.743809134963167
UGC05396,10.0279095,10.7564347,Sc,,,,5.8,155.94,14.577,13.286,152.63,,5402.3,0.133,69.95,162.48,5402.6,34.472,1.4655478409559113,0.3837072454922788,68.80240554556967,78.41515405281223,5.119175279997099
UGC05498NED01,10.2010154,23.08551,Sa,,,M,1.0,61.37,15.065,13.43,228.88,13.686,6296.4,0.113,90.0,228.88,6362.3,34.839,1.5667510701081495,0.1651961798229015,84.48601202533806,92.85386804397007,4.195657223387249
UGC05598,10.3705635,20.5894374,Sab,,R,,2.5,35.39,15.338,13.485,155.0,13.785,5636.4,0.114,83.03,156.15,5696.7,34.585,1.2676518658578457,0.29853826189179594,76.61945233798524,82.60379495771792,5.306400191947746
UGC06312,11.3000542,7.8449016,Sa,B,,,0.9,47.04,14.725,12.949,253.02,,6332.0,0.182,73.46,263.93,6367.7,34.839,1.18032063565173,0.42657951880159267,68.29510264515905,92.85386804397007,5.7121552162304265
UGC07012,12.0342061,29.8480469,SBc,B,,,5.7,9.74,14.342,13.655,88.67,,3073.5,0.092,59.4,103.01,3233.9,33.358,1.081433951297938,0.5333348954876209,58.67314361762998,46.94615193825906,10.318106352675912
UGC08107,12.9943719,53.3412702,IB,B,,M,9.7,51.85,14.567,13.047,361.44,13.364,8296.1,0.095,83.75,363.6,8554.4,35.477,2.28559880337543,0.4285485203974395,65.14327711045586,124.5661380113885,7.19117735782509
UGC08250,13.1722567,32.4827197,Sc,,,,5.9,12.59,15.477,13.954,125.17,,5268.0,0.064,83.93,125.87,5474.8,34.505,1.3212956341865754,0.20892961308540392,80.80250897167616,79.615935041732,4.010513660865755
UGC08267,13.1864745,43.7264078,Sbc,,,,3.9,40.48,15.481,13.616,221.21,13.302,7261.8,0.088,82.27,223.24,7502.7,35.192,1.1246049739669262,0.265460556197554,77.95102577316852,109.24460532267929,1.3702505971242434
UGC08322,13.2502528,12.7252067,SABa,B,R,,1.0,36.13,14.755,12.919,238.12,,7603.3,0.101,90.0,238.12,7735.2,35.264,1.1350108156723149,0.195884467350599,81.76422142226262,112.92757442094182,0.6420960525675932
UGC08781,13.8729815,21.5393583,Sb,B,,,3.1,161.78,14.306,12.458,238.57,,7570.6,0.13,57.13,284.04,7758.9,35.264,1.5885467485977791,0.5834451042737447,55.68747264616399,112.92757442094182,1.380384264602882
UGC09067,14.1792947,15.2094136,Sab,,,,2.0,10.64,14.594,13.332,184.11,13.32,7840.5,0.073,69.45,196.62,8012.4,35.333,0.8128305161640994,0.4446312674691087,66.20405755369157,116.57354404412692,2.6570516703550706
UGC09476,14.6922234,44.5127532,SABc,B,,M,5.2,128.71,13.762,12.557,101.27,13.137,3270.7,0.078,52.61,127.45,3546.9,33.565,1.5031419660900225,0.6266138646723354,51.9837865070728,51.64163692720705,4.698941086052146
UGC09537,14.8074328,34.998053,Sb,,,,3.1,139.83,14.695,12.71,299.13,13.747,8820.5,0.09,90.0,299.13,9076.6,35.613,2.2335722228305315,0.16904409316432642,84.10651859885138,132.6172445097383,10.934526967309177
UGC09542,14.8169996,42.4639592,Sc,,,,6.4,31.76,15.068,13.439,147.1,,5458.2,0.081,76.06,151.56,5732.5,34.601,1.435489433353656,0.29241523778433354,74.66632079103768,83.21469006867935,5.233593651867576
UGC09665,15.0256829,48.3197881,Sbc,,,M,4.0,143.03,14.684,13.088,134.91,12.352,2557.6,0.098,90.0,134.91,2846.1,33.098,1.6943378004473288,0.22594357702209775,81.05536606229984,41.648560934074126,12.325370982033437
UGC09759,15.1780571,55.3498168,Sb,,,,2.5,52.73,15.142,13.119,138.85,13.27,3427.3,0.053,63.2,155.56,3726.3,33.662,1.333521432163324,0.5128613839913648,61.0536372937027,54.000775906659264,8.55066712884682
UGC09777,15.2375431,20.478665,Sab,,R,,2.0,149.64,14.818,13.365,135.46,13.462,4691.8,0.203,68.23,145.86,4909.9,34.263,0.9332543007969911,0.45919801283686856,65.15526117583397,71.2196770487378,7.14496326075512
UGC09873,15.4973994,42.6289746,Sc,,R,,5.3,125.9,15.477,13.958,130.72,13.852,5618.2,0.129,83.27,131.62,5903.7,34.678,1.3304544179780915,0.2269864851883822,79.83602641627597,86.21840810727005,3.584264080437142
UGC09892,15.5477652,41.1914589,Sb,,,,3.2,101.73,15.16,13.77,148.18,,5658.2,0.112,90.0,148.18,5941.6,34.678,1.3031667784522993,0.24266100950824154,80.4962745560566,86.21840810727005,3.7290653996215215
UGC09919,15.5943476,12.6063777,Sc,,,,5.8,169.98,15.059,13.912,116.07,14.1,3178.0,0.192,90.0,116.07,3371.9,33.464,1.4757065332758947,0.12161860006463679,90.0,49.29467413122059,5.6911495762884
UGC10043,15.8114754,21.8695246,Sbc,,,,4.2,150.04,15.123,13.76,146.1,12.703,2156.9,0.247,90.0,146.1,2389.9,32.698,2.1978598727848255,0.142232878712282,87.4097448121017,34.64176410352489,16.534840121711518
UGC10117,15.9899733,21.6035196,Sab,,,,2.0,131.78,15.29,13.583,,14.219,5349.6,0.338,82.82,,5584.1,34.553,0.9862794856312105,0.3147748314101316,75.8340929430157,81.39542590972674,
