edge_pydb/dat_glob/external/edge_wise_20220118.csv
# %ECSV 0.9
# ---
# datatype:
# - {name: Name, datatype: string}
# - {name: W1, unit: mag, datatype: float64, description: 3.4 um Vega magnitude from image photometry from table by Bitsakis. NGC0598
#     and NGC4676A are from w1mpro in allWISE catalog}
# - {name: eW1, unit: mag, datatype: float64, description: Error in W1 in Vega magnitudes from table by Bitsakis corrected by Rebecca
#     Levy for improper error propagation. NGC0598 and NGC4676A are from w1mpro+2.5*log(w1snr) in allWISE catalog}
# - {name: W2, unit: mag, datatype: float64, description: 4.6 um Vega magnitude from Bitsakis}
# - {name: eW2, unit: mag, datatype: float64, description: Error in W2 in Vega magnitudes from table by Bitsakis corrected by Rebecca
#     Levy for improper error propagation. NGC0598 and NGC4676A are from w1mpro+2.5*log(w1snr) in allWISE catalog}
# - {name: W3, unit: mag, datatype: float64, description: 12 um Vega magnitude from Bitsakis}
# - {name: eW3, unit: mag, datatype: float64, description: Error in W3 in Vega magnitudes from table by Bitsakis corrected by Rebecca
#     Levy for improper error propagation. NGC0598 and NGC4676A are from w1mpro+2.5*log(w1snr) in allWISE catalog}
# - {name: W4, unit: mag, datatype: float64, description: 22 um Vega magnitude from Bitsakis}
# - {name: eW4, unit: mag, datatype: float64, description: Error in W4 in Vega magnitudes from table by Bitsakis corrected by Rebecca
#     Levy for improper error propagation. NGC0598 and NGC4676A are from w1mpro+2.5*log(w1snr) in allWISE catalog}
# - {name: W1lum, unit: dex(erg / s), datatype: float64, description: 'Luminosity in W1 from caDistMpc and W1 magnitude using the zero
#     point, frequency, and bandwidth from Jarrett+11'}
# - {name: W2lum, unit: dex(erg / s), datatype: float64, description: 'Luminosity in W2 from caDistMpc and W2 magnitude using the zero
#     point, frequency, and bandwidth from Jarrett+11'}
# - {name: W3lum, unit: dex(erg / s), datatype: float64, description: 'Luminosity in W3 from caDistMpc and W3 magnitude using the zero
#     point, frequency, and bandwidth from Jarrett+11'}
# - {name: W4lum, unit: dex(erg / s), datatype: float64, description: 'Luminosity in W4 from caDistMpc and W4 magnitude using the zero
#     point, frequency, and bandwidth from Jarrett+11'}
# - {name: W4SFR, unit: solMass / yr, datatype: float64, description: SFR from W4lum using Catalan-Torrecilla+14 calibration}
# meta: !!omap
# - {date: '2021-06-28'}
# - {comments: WISE photometry from Bitsakis}
# schema: astropy-2.0
Name W1 eW1 W2 eW2 W3 eW3 W4 eW4 W1lum W2lum W3lum W4lum W4SFR
[from data line 102]
UGC05359 11.034 0.013731700419229876 10.902 0.020574264557141068 7.898 0.011008402999107976 6.185 0.046916361070115736 43.2846 42.9442 43.0291 42.8378 1.44551515
UGC05498NED01 10.233 0.009482532065803847 10.033 0.013681204040213677 7.611 0.009570272854727268 6.049 0.04419003239865128 43.349 43.0358 42.8879 42.6362 0.90871271
UGC05598 10.957 0.013247206919130857 10.87 0.020180146744020286 7.373 0.008498148580611818 5.728 0.03782024344028366 42.9526 42.5942 42.8763 42.6578 0.95509793
UGC06312 10.188 0.009283768876624262 10.186 0.014673182526777637 7.903 0.010937657503694449 6.568 0.056043380010930115 43.3507 42.9583 42.7548 42.4123 0.54263005
UGC07012 11.357 0.015926645736888775 11.251 0.024017307581755507 7.734 0.009975262200531828 5.961 0.042084708169919036 42.2666 41.9157 42.2058 42.0386 0.22949686
UGC08107 9.867 0.00800431773778363 9.738 0.011937800585793518 6.702 0.006128078500686739 5.043 0.027550172343093572 43.7402 43.3986 43.4963 43.2834 4.03288668
UGC08250 11.524 0.017223615430166046 11.307 0.02475849946804021 8.093 0.012363012830826534 6.116 0.04521935048219936 42.6693 42.3629 42.5317 42.4461 0.58652434
UGC08267 10.507 0.0107380227557091 10.365 0.01592664573688871 6.973 0.006945832723284967 5.305 0.031054484182331983 43.3458 43.0094 43.2495 43.0402 2.30371784
UGC09067 10.691 0.011730710578933871 10.591 0.017689856909057288 7.13 0.007422057592117316 5.514 0.0341447800891879 43.3582 43.005 43.2727 43.0426 2.31631735
UGC09476 10.009 0.008560996509363487 9.935 0.01306544842625056 6.527 0.005640587231626917 4.882 0.025569622715156032 42.8507 42.487 42.7335 42.5151 0.68750574
UGC09537 9.71 0.007470063953732213 9.675 0.011623162777899248 6.938 0.007023026707458529 5.312 0.03125534664923125 43.8613 43.4821 43.4602 43.2341 3.60029094
UGC09542 10.795 0.012272253565979486 10.71 0.018712177134658642 7.436 0.008608437287409716 5.724 0.03768116486378267 43.0019 42.6427 42.8355 42.6439 0.92488797
UGC09665 9.901 0.008145623262634016 9.766 0.012092728988860267 6.177 0.004792082872489323 4.339 0.019866635329382654 42.6821 42.3429 42.6618 42.5205 0.69622866
UGC09759 10.365 0.010067562165258382 10.263 0.015167860297452603 7.036 0.007127288193919925 5.311 0.0311117413758447 42.7558 42.4034 42.5775 42.391 0.51665647
UGC09873 11.412 0.01640303909420928 11.313 0.02478131339334832 8.012 0.011264821645189623 6.039 0.043543598812790164 42.8752 42.5216 42.7252 42.638 0.91239197
UGC09892 11.068 0.013948397648148463 11.03 0.021703227356480066 7.91 0.010847366651337977 6.377 0.0510651156684521 42.9199 42.5419 42.6732 42.4099 0.53968212
UGC09919 11.187 0.014768089646222565 11.053 0.02194443077381177 7.821 0.010283106174358974 5.859 0.0400796868798246 42.3888 42.0492 42.2253 42.1336 0.28562813
UGC10043 10.038 0.008656140958615525 9.837 0.01247740638011476 6.436 0.005396650834844086 4.909 0.02585379613680791 42.4851 42.1723 42.416 42.1503 0.29685869
UGC10123 9.692 0.0073811549084921765 9.54 0.010877380479577963 6.004 0.004402752982747548 4.347 0.019939961707998128 43.1011 42.7687 43.0663 42.8527 1.49584014
UGC10205 9.607 0.007114171328669293 9.59 0.011161545139573393 7.084 0.0074769473063080365 5.786 0.03895151194746634 43.6289 43.2425 43.1282 42.7709 1.23907578
UGC10331 11.142 0.014511901434318667 10.996 0.0213857418439499 7.217 0.007721902610866601 4.528 0.02166328533351233 42.6833 42.3484 42.7433 42.9424 1.83934673
UGC10380 10.572 0.011069406084759632 10.496 0.016909249019932744 7.995 0.01119242827549752 6.429 0.052158407130246616 43.3776 43.0148 42.8985 42.6484 0.93454804
UGC10384 10.257 0.00960559607072052 10.028 0.013643453654544052 6.052 0.00453027243706812 4.166 0.018353729214901537 43.1258 42.8242 43.2979 43.1758 3.14809772
UGC10710 10.27 0.00963217401538452 10.184 0.01465967424798373 7.181 0.00767934749248379 5.923 0.04139275376448427 43.5795 43.2207 43.3052 42.9319 1.79526343
