edge_pydb/dat_glob/external/edge_wise_20220118.csv
# %ECSV 0.9
# ---
# datatype:
# - {name: Name, datatype: string}
# - {name: W1, unit: mag, datatype: float64, description: 3.4 um Vega magnitude from image photometry from table by Bitsakis. NGC0598
#     and NGC4676A are from w1mpro in allWISE catalog}
# - {name: eW1, unit: mag, datatype: float64, description: Error in W1 in Vega magnitudes from table by Bitsakis corrected by Rebecca
#     Levy for improper error propagation. NGC0598 and NGC4676A are from w1mpro+2.5*log(w1snr) in allWISE catalog}
# - {name: W2, unit: mag, datatype: float64, description: 4.6 um Vega magnitude from Bitsakis}
# - {name: eW2, unit: mag, datatype: float64, description: Error in W2 in Vega magnitudes from table by Bitsakis corrected by Rebecca
#     Levy for improper error propagation. NGC0598 and NGC4676A are from w1mpro+2.5*log(w1snr) in allWISE catalog}
# - {name: W3, unit: mag, datatype: float64, description: 12 um Vega magnitude from Bitsakis}
# - {name: eW3, unit: mag, datatype: float64, description: Error in W3 in Vega magnitudes from table by Bitsakis corrected by Rebecca
#     Levy for improper error propagation. NGC0598 and NGC4676A are from w1mpro+2.5*log(w1snr) in allWISE catalog}
# - {name: W4, unit: mag, datatype: float64, description: 22 um Vega magnitude from Bitsakis}
# - {name: eW4, unit: mag, datatype: float64, description: Error in W4 in Vega magnitudes from table by Bitsakis corrected by Rebecca
#     Levy for improper error propagation. NGC0598 and NGC4676A are from w1mpro+2.5*log(w1snr) in allWISE catalog}
# - {name: W1lum, unit: dex(erg / s), datatype: float64, description: 'Luminosity in W1 from caDistMpc and W1 magnitude using the zero
#     point, frequency, and bandwidth from Jarrett+11'}
# - {name: W2lum, unit: dex(erg / s), datatype: float64, description: 'Luminosity in W2 from caDistMpc and W2 magnitude using the zero
#     point, frequency, and bandwidth from Jarrett+11'}
# - {name: W3lum, unit: dex(erg / s), datatype: float64, description: 'Luminosity in W3 from caDistMpc and W3 magnitude using the zero
#     point, frequency, and bandwidth from Jarrett+11'}
# - {name: W4lum, unit: dex(erg / s), datatype: float64, description: 'Luminosity in W4 from caDistMpc and W4 magnitude using the zero
#     point, frequency, and bandwidth from Jarrett+11'}
# - {name: W4SFR, unit: solMass / yr, datatype: float64, description: SFR from W4lum using Catalan-Torrecilla+14 calibration}
# meta: !!omap
# - {date: '2021-06-28'}
# - {comments: WISE photometry from Bitsakis}
# schema: astropy-2.0
Name W1 eW1 W2 eW2 W3 eW3 W4 eW4 W1lum W2lum W3lum W4lum W4SFR
ARP220 9.496 0.006762765367925104 9.02 0.008560996509363487 4.559 0.002264249705731249 0.576 0.0035101390427629484 43.5025 43.2996 43.9673 44.6841 101.45519809
IC0480 10.32 0.009874709313920321 10.048 0.013782383176892687 6.228 0.004917272995486996 4.462 0.021034118679006904 43.0318 42.7474 43.1587 42.9886 2.04567356
IC0540 10.335 0.009947737576666948 10.375 0.016118488732178568 7.827 0.011120500141753278 6.503 0.05527443601021454 42.3345 41.9253 41.8278 41.4809 0.06355491
IC0944 9.553 0.006926667168606456 9.507 0.010708393455600311 6.805 0.006446504942518224 5.237 0.030097077041930514 43.7028 43.3279 43.292 43.0428 2.31726367
IC1151 10.189 0.009300885971468739 10.155 0.014525273546624093 6.792 0.006482228261622168 5.002 0.02707224801033963 42.4186 42.039 42.2675 42.107 0.26867969
IC1199 10.177 0.009318034626226022 10.097 0.014207717721558322 7.04 0.00719323617961397 5.225 0.029903658193982847 43.1144 42.7532 42.8593 42.7088 1.07409771
IC1683 10.18 0.009249629134452467 10.038 0.013681204040213677 6.509 0.00556319547346696 4.027 0.017191917561835267 43.1318 42.7954 43.0902 43.2066 3.37900943
IC2247 9.724 0.007504544202308847 9.592 0.011192428275497504 6.437 0.005502047304561795 4.648 0.022999813792918315 43.2126 42.8722 43.0174 42.8566 1.50931275
IC2487 10.123 0.0090224465924502 10.045 0.013795083068530787 6.854 0.0067939808745654355 5.227 0.03012481024395732 43.0574 42.6954 42.8551 42.6294 0.89461225
IC4566 10.016 0.00856888511081852 10.01 0.013493490883597574 7.367 0.008281792021389739 5.697 0.03712994620201349 43.3249 42.934 42.8745 42.6661 0.97335475
IC5376 10.158 0.009198654771960567 10.126 0.014352393071854465 7.452 0.008939728304888586 6.533 0.05552957121459431 43.1794 42.799 42.7519 42.243 0.36744708
NGC0444 11.444 0.016600620443331725 11.521 0.027272460409306542 8.4 0.013568265088373579 6.668 0.05836121436100753 42.6306 42.2066 42.3382 42.1546 0.29976475
NGC0447 9.576 0.007016561238732236 9.591 0.011141003738748654 7.598 0.009300885971468775 5.757 0.038170189844229034 43.4899 43.0906 42.7711 42.6311 0.8980027
NGC0477 10.262 0.00960559607072054 10.218 0.014891015647038588 6.88 0.006614915791857242 5.233 0.029986399313521844 43.2753 42.8997 43.1182 42.9005 1.67009907
NGC0496 10.532 0.010887403532312993 10.397 0.016192888295770966 6.797 0.0064109784932985464 5.129 0.028636789025891615 43.1879 42.8486 43.1719 42.9626 1.92692129
NGC0523 9.44 0.006602741882689352 9.338 0.00996607887424241 6.094 0.004627264446392193 3.976 0.01681606277684357 43.4046 43.0522 43.2331 43.2038 3.35747907
NGC0528 10.133 0.02025627255578455 10.17 0.01901464457745619 8.543 0.022761765248604057 6.741 0.06168955706213099 43.1395 42.7315 42.2656 42.1099 0.27046104
NGC0551 10.022 0.008608437287409699 9.981 0.013357473460542866 6.876 0.006657701506682914 5.251 0.03026386005021987 43.2525 42.8756 43.0009 42.7744 1.24929709
NGC1167 8.535 0.004350351213961062 8.557 0.0069394383201136665 6.882 0.007166784074675091 5.626 0.03685736809607631 43.8043 43.4022 42.9555 42.5815 0.80108232
NGC2253 9.271 0.006077490938318148 9.132 0.009014140437752532 5.427 0.0033769475861594018 3.482 0.013382101512268955 43.2264 42.8887 43.254 43.1556 3.00452063
NGC2347 9.235 0.005994104636572762 9.163 0.00917327303185475 5.866 0.004162213178629692 4.257 0.01914803973221236 43.4319 43.0675 43.2696 43.0367 2.28529677
NGC2410 9.229 0.005972062167661394 8.935 0.008251336906868054 5.656 0.0038417077168105026 3.507 0.013555774007639711 43.4841 43.2085 43.4033 43.3865 5.11308575
NGC2480 11.247 0.015336431527770774 11.164 0.02368777776798042 7.832 0.010738022755709101 5.305 0.0311691041382082 42.0571 41.697 41.9131 42.0475 0.23424728
NGC2486 10.114 0.008997551061505158 10.121 0.014352393071854467 8.087 0.01274454455618955 6.719 0.06111169365632917 43.1301 42.7341 42.431 42.1017 0.26541805
NGC2487 9.622 0.007166784074675083 9.597 0.011213064491120495 6.799 0.006506153718344114 5.388 0.032368630124063276 43.3647 42.9815 42.984 42.6719 0.98661949
NGC2623 10.152 0.009266683283610518 9.543 0.01097802764196826 5.539 0.0036418690003388 2.18 0.00734724158222392 43.2646 43.115 43.5999 44.067 24.50518503
NGC2639 8.343 0.00396391487979465 8.339 0.006253516786492997 5.99 0.004431230281551507 4.343 0.01995833555160043 43.5004 43.1088 42.9317 42.714 1.08693773
NGC2730 10.563 0.011028699915233984 10.447 0.016554814546259417 6.901 0.0067254960192516 5.055 0.02767733816076295 42.7691 42.4222 42.7239 42.5858 0.80921773
NGC2880 8.646 0.0045679813274281085 8.685 0.007340477638036742 8.282 0.013986991790366662 8.43 0.14129419517079592 42.7712 42.3624 41.4068 40.4712 0.00621409
NGC2906 8.945 0.005230272542640068 8.834 0.007858222474347441 5.957 0.004362388300778196 4.434 0.020841276719825687 43.0923 42.7435 42.7776 42.5103 0.68008031
NGC2916 9.048 0.005486865570036876 9.017 0.008560996509363504 6.042 0.004538625198108081 4.46 0.02105350074265273 43.3501 42.9693 43.0426 42.7989 1.32162143
NGC2918 9.44 0.00657846123670413 9.453 0.010483935007218054 8.711 0.01785353913974966 7.664 0.09579091462267166 43.7113 43.3128 42.4929 42.0353 0.22775718
NGC3303 9.837 0.007930933711667844 9.87 0.012779807729603096 8.152 0.013259413668153922 7.283 0.08070943739679426 43.4889 43.0825 42.653 42.1241 0.27945491
NGC3381 9.924 0.008220993786706751 9.872 0.012721089846757861 6.284 0.005087733095450004 4.445 0.02089894292766003 42.2859 41.9135 42.232 42.0911 0.2590239
NGC3687 9.552 0.006926667168606441 9.575 0.011079606081086085 6.788 0.006482228261622177 5.384 0.0323984564675753 42.8098 42.4074 42.4054 42.0906 0.25868885
NGC3811 9.459 0.006633218754482218 9.351 0.00997526220053184 5.81 0.0040450539656512845 3.981 0.016847067657004583 43.0252 42.6752 42.9749 42.83 1.41988854
NGC3815 10.04 0.008680091834095613 10.005 0.013543294426319913 6.759 0.006369778343773611 5.093 0.02819189829481468 42.9592 42.58 42.7617 42.5516 0.74788263
NGC3994 9.382 0.006393288755616806 9.221 0.009404253339081093 5.41 0.0033645293407839226 3.459 0.01324720691913084 43.0657 42.7369 43.1446 43.0485 2.34807243
NGC4047 9.005 0.0053718554765584455 8.898 0.008085824669107186 5.277 0.0031573615797994285 3.551 0.013820517969852637 43.2964 42.946 43.2777 43.0916 2.59320055
NGC4149 10.591 0.011202741631645087 10.478 0.016816062776843572 7.369 0.008545241086744202 5.767 0.03862996547253584 42.5689 42.2209 42.3477 42.1121 0.2718273
NGC4185 9.421 0.006536184759426989 9.41 0.010283106174358975 6.623 0.006060721388931207 5.033 0.027550172343093593 43.2436 42.8547 42.8528 42.6123 0.86012722
NGC4210 9.598 0.007074965394802536 9.579 0.011089815476284022 6.566 0.005745453577703184 5.051 0.027626401548509608 42.8553 42.4697 42.5581 42.2877 0.40726897
NGC4211NED02 10.028 0.008656140958615506 10.016 0.013656025528417957 7.436 0.008956211069519238 4.728 0.02384099188836 43.4784 43.09 43.0053 43.212 3.42176054
NGC4470 9.79 0.007743268520777996 9.737 0.011992902969682837 6.159 0.00488117434475925 4.425 0.020726421218176066 42.6492 42.2772 42.5917 42.4088 0.53827834
NGC4644 10.497 0.010698535201334772 10.42 0.01640303909420928 7.546 0.009249629134452472 5.916 0.04131657567841434 43.0286 42.6661 42.699 42.4745 0.6262796
NGC4676A 10.588 0.022525647310274968 10.339 0.019812704397245466 6.481 0.015270551428727778 4.077 0.025191095131321537 43.2518 42.9582 43.3847 43.4698 6.19446727
NGC4711 10.254 0.009570272854727268 10.202 0.014795318543721611 6.846 0.006602741882689358 5.132 0.028716024815995816 42.9546 42.5821 42.8078 42.617 0.86930635
NGC4961 10.495 0.0107083934556003 10.379 0.016044431003530066 6.661 0.006060721388931202 4.97 0.026602614430361913 42.4455 42.0987 42.4691 42.2691 0.39020001
NGC5000 10.169 0.00919865477196057 10.112 0.014181570228458196 6.966 0.006920290409436722 4.841 0.025056725772266298 43.2642 42.8938 43.0355 43.009 2.14418307
NGC5016 9.568 0.006971469312049151 9.539 0.010887403532313017 6.094 0.004827522648587065 4.462 0.021092318465692785 42.8239 42.4423 42.7036 42.4799 0.63403763
NGC5056 10.25 0.009579091462267165 10.125 0.014299614183718327 6.562 0.005761350805333152 4.702 0.023492234102037438 43.2355 42.8923 43.2007 43.0683 2.45750335
NGC5205 9.841 0.007923632414660303 9.842 0.012511930402765672 6.831 0.0065121488678145135 5.486 0.03383173886370593 42.3802 41.9866 42.0742 41.7358 0.11428382
NGC5218 9.003 0.0053817599195605395 8.881 0.008041263989782868 5.292 0.003177783604267392 2.636 0.00906409231371898 43.1559 42.8115 43.1303 43.3163 4.34989932
NGC5394 9.592 0.007068452110800503 9.413 0.010283106174358975 5.362 0.0033429071949498354 2.494 0.008490325099914979 43.0702 42.7486 43.2523 43.523 7.0024665
NGC5406 9.205 0.005900982408675433 9.179 0.00922410674138676 6.393 0.005312810431748959 4.935 0.02618932589540147 43.6174 43.2346 43.2322 42.939 1.82470881
NGC5480 9.21 0.005917309972604458 9.067 0.008760407734971649 5.135 0.00295749704908724 3.342 0.012546549950728757 42.6944 42.3584 42.8144 42.6552 0.94926686
NGC5485 8.324 0.003949338145519435 8.344 0.006282381708481863 7.304 0.008350727652007311 6.227 0.048097701193350544 43.0456 42.6444 41.9437 41.498 0.06610336
NGC5520 9.646 0.007226438649242045 9.503 0.010698535201334762 5.823 0.004063725086421516 4.031 0.017239486273892532 42.5127 42.1766 42.5319 42.3722 0.49484175
NGC5614 8.415 0.004105105472906344 8.392 0.006410978493298553 5.838 0.00412405377883996 4.36 0.020124463902055727 43.6432 43.2592 43.164 42.8788 1.58850377
NGC5633 9.279 0.006099922537538993 9.151 0.009089171959185 5.36 0.0032788709194620717 3.632 0.014339180115045575 42.8523 42.5103 42.91 42.7247 1.11406364
NGC5657 10.073 0.008833327246849983 9.998 0.013481068640745579 6.524 0.005645784797657196 4.313 0.019648270114913293 42.9893 42.6261 42.899 42.9069 1.69487865
NGC5682 11.391 0.016327673975404775 11.332 0.025172382363494315 8.107 0.012037167946075397 6.005 0.042946158239610496 41.9873 41.6177 41.791 41.7553 0.11954483
NGC5732 10.868 0.012709378684036363 10.812 0.019594054873886404 7.312 0.008123147140007655 5.667 0.036688023872153676 42.6345 42.2637 42.547 42.3285 0.44741761
NGC5784 9.128 0.005692778942686756 9.109 0.008923275874684796 6.773 0.006328842966985411 5.392 0.03230905978705241 43.6656 43.28 43.0977 42.7736 1.24685273
NGC5876 9.393 0.006428717177122278 9.433 0.010359154729883918 7.753 0.010076839004170588 6.365 0.050830492774059585 43.103 42.6938 42.249 41.9278 0.17782224
NGC5908 7.995 0.0033769475861594018 7.861 0.0050179267804093194 4.827 0.0025663998426250635 3.156 0.011516600981031121 43.6657 43.326 43.4229 43.2149 3.44407133
NGC5930 8.64 0.004551183224541613 8.514 0.00678147741894212 4.975 0.00274488604951705 1.971 0.006669976748521727 43.2028 42.86 43.1589 43.484 6.40083222
NGC5934 9.691 0.0073947640289161775 9.631 0.011369053756546753 6.634 0.0059064199180079305 4.89 0.025593184056728197 43.4757 43.1065 43.1886 43.0097 2.14742311
NGC5947 10.397 0.010235859593157884 10.261 0.015181836848509612 7.196 0.007672277808269412 5.337 0.031486495090645994 43.2279 42.8891 42.9983 42.8655 1.5405835
NGC5953 8.954 0.0052495771172882365 8.788 0.007679347492483792 4.844 0.002582999487314471 2.673 0.009215614936336238 42.8429 42.5161 42.977 42.9689 1.95480069
NGC5980 9.16 0.005777292019367834 9.008 0.008513817175682425 5.34 0.003248810050182939 3.457 0.013235011407763186 43.3999 43.0675 43.418 43.2947 4.13924727
NGC6004 10.074 0.008972724224506377 10.066 0.014090432375707427 7.027 0.0072664839724293885 5.303 0.03116910413820823 42.9713 42.5813 42.6802 42.4933 0.65396574
NGC6021 9.711 0.0074631869380396955 9.723 0.011872011810311717 8.531 0.015492600424637758 7.495 0.08898653984336866 43.3112 42.9132 42.2733 41.8112 0.13596814
NGC6027 10.659 0.011644593167033911 10.638 0.018118586761928058 8.416 0.013456258452636973 6.594 0.056198447727888866 42.8502 42.4654 42.2374 42.0898 0.25821291
NGC6060 9.067 0.005532536909912053 8.979 0.008404740713268868 5.695 0.0038951511947466285 3.995 0.01697165988997607 43.4922 43.1341 43.331 43.1346 2.86268004
NGC6063 10.26 0.0096410496622639 10.282 0.015492600424637775 7.264 0.008243740643469987 5.745 0.03841707716810506 42.6322 42.2302 42.3206 42.0518 0.23658485
NGC6081 9.594 0.007068452110800494 9.615 0.011316817699427351 7.965 0.011937800585793516 6.261 0.048811743447592544 43.4125 43.0109 42.5542 42.3593 0.48034241
NGC6125 8.83 0.004971922151162474 8.876 0.008019075824472753 8.245 0.012969532446036896 7.234 0.07608942811485121 43.6502 43.2385 42.3742 41.9022 0.1676394
NGC6146 9.298 0.006162037259072254 9.306 0.009775170023022162 8.518 0.015014964854108023 7.143 0.07354011759103717 44.0171 43.6207 42.8192 42.4927 0.65306383
NGC6155 9.664 0.007279881666511943 9.55 0.010917528139519694 5.867 0.004131657567841448 4.111 0.017869990431918868 42.7295 42.3818 42.7383 42.5643 0.7699704
NGC6168 10.282 0.009757180068848053 10.124 0.0143788555222581 6.519 0.005640587231626911 4.501 0.021444914544857013 42.519 42.189 42.5143 42.445 0.58509425
NGC6186 9.357 0.006334674731988873 9.273 0.00963217401538454 5.845 0.004101326271693137 3.793 0.015449851874193187 43.0284 42.6688 42.9233 42.8676 1.54815948
NGC6301 9.791 0.007750403619975022 9.763 0.012081596301437922 6.76 0.006317195538379789 5.239 0.03018035333652791 43.7687 43.3867 43.4712 43.2031 3.35229845
NGC6310 9.725 0.007511459326996578 9.715 0.011828354172163822 7.527 0.008997551061505188 6.102 0.04480477698506535 43.0018 42.6126 42.3711 42.0646 0.24368953
NGC6314 9.581 0.007035975523380658 9.505 0.01074791739611018 7.032 0.007306751206849518 5.603 0.03578691979509725 43.6479 43.2851 43.1576 42.8527 1.49587569
NGC6361 8.815 0.004926339294891742 8.637 0.007179997945503483 5.02 0.0027984936124760226 3.274 0.012159740868996675 43.4694 43.1474 43.4775 43.2994 4.18448201
NGC6394 10.543 0.010967921159770211 10.345 0.015780629371099565 7.061 0.007213139310219209 4.823 0.024827004329579336 43.4886 43.1746 43.3714 43.3902 5.15689679
NGC6478 9.451 0.006621011161045104 9.349 0.009975262200531838 5.879 0.004162213178629696 4.278 0.019325214362446344 43.7134 43.3609 43.6322 43.3962 5.2284048
NGC7738 9.572 0.006990758830808668 9.407 0.010254732120231659 5.917 0.004342344947185541 3.247 0.012015015073109904 43.6691 43.3419 43.6211 43.8127 13.64207194
NGC7819 10.61 0.011306399323709236 10.484 0.01692483018811527 6.848 0.006560309365855029 4.773 0.024284229020151583 42.9831 42.6403 42.9779 42.9315 1.79341157
UGC00809 11.259 0.015237871959557696 11.105 0.022517715097306917 7.763 0.010049034100624087 5.953 0.04185278090684317 42.576 42.2444 42.4644 42.312 0.43071753
UGC03253 9.898 0.00817568819539753 9.885 0.012838796641881178 7.078 0.007354011759103732 5.245 0.030235998837548787 43.1062 42.7182 42.7243 42.581 0.80025835
UGC03539 10.291 0.009739223222891029 10.13 0.014286449815682464 6.675 0.0060384339463695775 4.969 0.02655365571011601 42.747 42.4182 42.6835 42.4894 0.64809118
UGC03969 10.7 0.011774007821324388 10.518 0.017128696725470224 7.117 0.007476947306308059 5.508 0.03411334606265942 43.3837 43.0632 43.3069 43.0741 2.49042257
UGC03973 8.812 0.0049354223104285996 7.94 0.005206241623168872 4.967 0.002749946976331511 2.588 0.008874100032881874 43.9561 43.9117 43.9842 44.0593 24.07317525
UGC04029 10.09 0.008882277146183436 9.949 0.01322282712370544 6.589 0.005928220105910388 4.5 0.02148445394324949 43.0865 42.7496 42.9769 42.9361 1.81248007
UGC04132 9.303 0.006184780912922551 9.162 0.009190186398248024 5.324 0.003242831029481973 3.552 0.013833253001112936 43.55 43.2131 43.6316 43.4639 6.11173337
UGC04280 10.369 0.010104720841744148 10.25 0.015195826278375858 7.344 0.008412485331520652 5.361 0.031953932980085344 42.7823 42.4367 42.4824 42.3991 0.52639241
UGC04461 10.657 0.011548466529128075 10.423 0.016418153811044375 6.88 0.006725496019251599 4.933 0.026165215739681974 42.9721 42.6725 42.973 42.8753 1.57585409
UGC05108 10.364 0.010067562165258405 10.267 0.015223843822016208 7.15 0.007573982894870266 4.774 0.024306605925009897 43.5182 43.1637 43.2938 43.3677 4.89742447
UGC05111 10.049 0.008712129453435353 9.965 0.01325941366815392 6.648 0.0059941046365727686 5.081 0.02801072307696734 43.4813 43.1217 43.3318 43.0821 2.53724258
