edge_pydb/dat_glob/external/edge_leda.csv
# %ECSV 1.0
# ---
# datatype:
# - {name: Name, datatype: string, description: Galaxy Name}
# - {name: ledaName, datatype: string, description: Galaxy name as known by LEDA}
# - {name: ledaRA, unit: hourangle, datatype: float64, description: RA J2000 from LEDA /al2000/}
# - {name: ledaDE, unit: deg, datatype: float64, description: DEC J2000 from LEDA /de2000/}
# - {name: ledaMorph, datatype: string, description: Hubble type from LEDA /type/}
# - {name: ledaBar, datatype: string, description: B = bar present from LEDA /bar/}
# - {name: ledaRing, datatype: string, description: R = ring present from LEDA /ring/}
# - {name: ledaMultiple, datatype: string, description: M = multiple system from LEDA /multiple/}
# - {name: ledaType, datatype: float64, description: Morphological type from LEDA /t/}
# - {name: ledaPA, unit: deg, datatype: float64, description: 'PA from LEDA /pa/, N to E'}
# - {name: ledaBt, unit: mag, datatype: float64, description: Apparent B total magnitude from LEDA /bt/}
# - {name: ledaIt, unit: mag, datatype: float64, description: Apparent I total magnitude from LEDA /it/}
# - {name: ledaVmaxg, unit: km / s, datatype: float64, description: HI max v_rot uncorrected for incl from LEDA /vmaxg/}
# - {name: ledaFIR, unit: mag, datatype: float64, description: FIR flux as magnitude from LEDA /mfir/}
# - {name: ledaVrad, unit: km / s, datatype: float64, description: cz from mean data from LEDA /v/}
# - {name: ledaA_Bgal, unit: mag, datatype: float64, description: Galactic A_B from LEDA /ag/}
# - {name: ledaIncl, unit: deg, datatype: float64, description: Morph inclination from LEDA /incl/}
# - {name: ledaVrot, unit: km / s, datatype: float64, description: HI max v_rot corrected for incl from LEDA /vrot/}
# - {name: ledaVvir, unit: km / s, datatype: float64, description: Virgo infall corrected cz from LEDA /vvir/}
# - {name: ledaModz, unit: mag, datatype: float64, description: Dist modulus from LEDA /modz/ based on /vvir/}
# - {name: ledaD25, unit: arcmin, datatype: float64, format: .2f, description: Apparent B diameter from LEDA /logd25/ linearized}
# - {name: ledaAxrat, datatype: float64, format: .4f, description: Minor to major axis ratio from LEDA /logr25/ linearized}
# - {name: ledaAxIncl, unit: deg, datatype: float64, format: .1f, description: Inclination estimated from LEDA axratio using Bottinelli+83}
# - {name: ledaDistMpc, unit: Mpc, datatype: float64, format: .2f, description: Luminosity distance in Mpc corresponding to ledaModz}
# - {name: ledaHIflux, unit: Jy km / s, datatype: float64, format: .2f, description: 21cm flux from LEDA /m21/ linearized}
# - {name: ID, datatype: int64, description: CALIFA ID}
# delimiter: ','
# meta: !!omap
# - {comments: Galaxy Parameters from HyperLEDA}
# - {date: '2022-02-08'}
# schema: astropy-2.0
Name,ledaName,ledaRA,ledaDE,ledaMorph,ledaBar,ledaRing,ledaMultiple,ledaType,ledaPA,ledaBt,ledaIt,ledaVmaxg,ledaFIR,ledaVrad,ledaA_Bgal,ledaIncl,ledaVrot,ledaVvir,ledaModz,ledaD25,ledaAxrat,ledaAxIncl,ledaDistMpc,ledaHIflux,ID
[from data line 235]
NGC4003,NGC4003,11.9664003,23.1248961,S0,B,R,,-1.6,159.7,14.592,12.777,,,6550.1,0.113,65.25,,6680.6,34.936,1.0423174293933042,0.5874893525297766,57.92238265094058,97.09570065288246,,479
NGC4047,NGC4047,12.0474071,48.6362161,Sb,,,,3.3,99.87,12.756,11.738,138.66,11.485,3428.3,0.1,42.03,207.11,3652.6,33.638,1.5346169827992941,0.7603262769401818,41.31027530927659,53.40722340937608,5.142804319487914,489
NGC4149,NGC4149,12.1757966,58.3040773,SABb,B,,,3.7,86.04,13.917,12.619,207.66,12.422,3063.3,0.085,90.0,207.66,3314.0,33.411,1.3708817661648538,0.19860949173573716,84.13468558653649,48.10608341479544,,502
NGC4185,NGC4185,12.2228368,28.5109692,SBbc,B,R,,3.7,165.44,13.412,12.078,169.65,,3893.3,0.092,48.84,225.34,4054.9,33.845,1.8535316234148116,0.6823386941416696,47.901254833643364,58.74893525297766,9.73643569798885,515
NGC4210,NGC4210,12.254401,65.9853551,Sb,B,R,,3.1,96.23,13.378,12.228,118.64,13.11,2711.1,0.08,46.18,164.43,2976.4,33.188,1.936421963946607,0.7161434102129021,45.221249847938545,43.411020970734604,3.5974933515574135,518
NGC4211NED02,NGC4211A,12.2603641,28.1696736,S0-a,B,,M,-0.3,156.54,15.849,14.562,,13.311,6680.9,0.1,54.39,,6842.4,34.989,0.4355118736855686,0.660693448007596,51.00500211486284,99.49471217509914,,520
NGC4384,NGC4384,12.4199798,54.5061989,Sa,,,M,1.2,84.92,13.519,12.931,65.98,12.26,2498.7,0.083,41.69,99.2,2746.7,33.005,1.2735030810166617,0.7762471166286917,40.28089464595218,39.90249023621427,3.590872623694506,5039
NGC4470,NGC4470,12.4938346,7.8241102,Sab,,,M,1.9,1.15,13.065,12.103,59.6,12.331,2336.8,0.105,50.58,77.15,2419.0,32.734,1.282330582656022,0.674528027697922,48.97987165396522,35.2208635618468,7.530087105475883,548
NGC4630,NGC4630,12.7086466,3.9597647,I,B,,M,9.6,10.21,13.04,12.164,58.61,12.07,735.2,0.129,49.15,77.48,807.5,30.403,1.6634126503701698,0.7261059574351547,43.67516789331286,12.03926572216007,7.634841051830958,1067
NGC4644,NGC4644,12.7118502,55.1455026,Sb,B,,M,3.1,51.06,14.6,13.236,179.79,,4927.8,0.088,69.97,191.36,5183.5,34.387,1.513561248436208,0.41783036664662176,67.51620994204075,75.40497494853079,4.265795188015924,569
NGC4676A,NGC4676A,12.7694705,30.7319684,S0-a,B,,M,-1.4,179.14,14.53,13.491,328.12,,6566.0,0.071,64.42,363.79,6754.1,34.963,2.1627185237270203,0.5847900841444807,57.964254993351254,98.310521528177,7.105587633694722,577
NGC4676B,NGC4676B,12.7697966,30.7228223,S0-a,B,,M,-0.5,45.0,14.329,13.218,318.08,12.098,6540.7,0.071,53.27,396.89,6728.8,34.963,0.9817479430199845,0.6760829753919817,49.82219051766212,98.310521528177,3.594181463147145,2999
NGC4711,NGC4711,12.8127393,35.3327152,SBb,B,,,3.2,40.93,14.268,12.847,135.69,13.408,4053.3,0.093,58.49,159.16,4258.7,33.952,1.2050359403717974,0.5649369748123025,57.02227162725605,61.71631684555834,4.848417387084457,580
NGC4816,NGC4816,12.9366946,27.7455344,E-S0,,,,-3.0,79.0,13.638,10.925,,,6934.6,0.038,90.0,,7117.1,35.08,1.3803842646028848,0.457088189614875,71.22271905834187,103.75284158180116,,588
NGC4841A,NGC4841A,12.9588724,28.4769592,E,,,M,-4.1,162.0,13.762,12.095,,,6765.6,0.047,21.76,,6951.6,35.029,1.4454397707459272,0.954992586021436,18.740427614761415,101.34445697847934,,589
NGC4874,NGC4874,12.9932486,27.9592823,E,,,,-3.6,49.33,12.777,11.658,,15.183,7168.0,0.039,38.1,,7353.2,35.155,2.28559880337543,0.8649679187756932,32.61282414813947,107.3989412341245,,592
NGC4956,NGC4956,13.0835994,35.1780854,S0,,,,-2.3,36.0,13.265,,85.98,,4678.7,0.04,15.25,326.86,4891.8,34.263,1.559552502826954,0.9727472237769651,14.160052808076834,71.2196770487378,1.0327614057613976,602
NGC4961,NGC4961,13.0965539,27.7340646,Sc,B,,,5.6,106.08,13.956,12.844,95.82,12.907,2531.7,0.049,38.71,153.23,2719.4,33.005,1.1142945335917298,0.7888601176185545,38.370144712329314,39.90249023621427,13.778438433514518,603
NGC5000,NGC5000,13.1631908,28.9068688,Sbc,B,R,M,3.8,62.96,13.98,12.668,65.85,13.042,5594.0,0.039,38.43,105.94,5788.0,34.632,1.2793813041575248,0.7961593504173188,37.87667841853699,84.4111855592768,4.613175745603788,608
NGC5016,NGC5016,13.2018565,24.0950337,SABb,B,,,4.4,57.39,13.083,12.068,112.01,12.657,2609.2,0.057,44.69,159.26,2786.4,33.036,1.5739828644662197,0.727779804536824,44.00115138204427,40.476224868787384,8.67760744991145,611
NGC5029,NGC5029,13.2104415,47.0632854,E,,,,-4.8,147.34,14.202,12.332,,,8694.1,0.04,90.0,,8943.8,35.582,1.517050367459337,0.6137620051647942,60.100001659694236,130.73744701631327,,612
NGC5145,NGC5145,13.4205309,43.2672556,S0-a,B,,,0.0,84.42,13.477,12.032,94.18,11.111,1225.8,0.052,46.73,129.34,1471.5,31.697,1.967886289706845,0.7362070974947361,44.36069901102,21.847412064790447,11.334438229710335,3029
NGC5157,NGC5157,13.4546797,32.0307369,Sa,B,R,,1.1,115.53,14.132,12.296,241.03,,7308.6,0.061,35.43,415.75,7522.2,35.204,1.324341535194665,0.835603018231248,34.310266441671615,109.84998450583767,1.980614708971734,624
NGC5198,NGC5198,13.5031694,46.6708056,E,,,,-4.8,15.0,12.707,,,,2467.6,0.104,48.94,,2723.3,33.005,2.0276827195212817,0.8298507675144224,37.78448592931817,39.90249023621427,,631
NGC5205,NGC5205,13.5010013,62.5115364,SBbc,B,R,,4.0,167.86,13.436,12.097,113.24,13.789,1760.3,0.098,56.05,136.52,2041.5,32.384,1.5848931924611134,0.5902010801718443,54.94570595908507,29.97781671582383,11.934383792107937,630
NGC5216,NGC5216,13.5352457,62.7007228,E,,,M,-4.5,53.99,13.638,12.362,150.11,,2923.9,0.088,83.91,150.96,3205.7,33.358,1.6943378004473288,0.6516283940608427,55.87270144386341,46.94615193825906,3.3946890538007795,633
NGC5218,NGC5218,13.5362216,62.767743,SBb,B,,M,3.1,93.36,13.093,11.814,151.65,10.954,2860.4,0.09,51.12,194.81,3142.3,33.303,1.8365383433483466,0.6576578373554205,50.00833148825181,45.77201167050861,7.655966069112558,634
NGC5267,NGC5267,13.6777662,38.7940386,SBb,B,R,,3.0,53.31,14.132,12.496,69.82,,5918.0,0.052,75.06,72.26,6158.3,34.767,1.5346169827992941,0.358096437102636,71.78990152893542,89.82557377294182,0.7691304402866095,651
NGC5289,NGC5289,13.7524138,41.5033236,SABa,B,R,,2.0,100.04,13.938,12.379,168.86,,2519.4,0.041,85.31,169.43,2768.7,33.036,2.3334580622810033,0.3019951720402016,76.86148231792444,40.476224868787384,7.399459543127229,653
NGC5320,NGC5320,13.8389934,41.3661875,SABc,B,,,5.1,17.42,13.138,11.938,137.01,12.857,2610.8,0.03,61.85,155.4,2861.9,33.098,1.8197008586099834,0.5035006087879048,60.882828040562345,41.648560934074126,17.914306484060244,659
NGC5358,NGC5358,13.9001143,40.2773344,S0-a,B,,,-0.4,137.84,14.576,13.21,131.19,,2408.1,0.043,90.0,131.19,2657.9,32.94,1.1220184543019636,0.3411929116219285,76.89799749415145,38.72576449216169,4.111497211045217,3030
NGC5376,NGC5376,13.9211281,59.5066316,SABa,B,R,,2.4,66.29,12.919,11.557,135.0,12.769,2070.7,0.057,54.75,165.31,2355.6,32.698,1.4825180851459538,0.6208690342300636,53.07295164645227,34.64176410352489,2.1877616239495485,672
NGC5378,NGC5378,13.9475025,37.7972197,Sa,B,R,,1.0,73.36,13.632,12.198,134.16,,2985.8,0.055,41.99,200.55,3230.1,33.358,2.032357010936222,0.7744617978025188,40.50353209925555,46.94615193825906,3.4801663221500374,676
NGC5379,NGC5379,13.9262022,59.7428209,S0,B,R,,-1.7,59.91,14.013,12.63,61.75,,1765.4,0.075,90.0,61.75,2050.6,32.384,2.0558905959841414,0.350751873952568,78.97594814053714,29.97781671582383,6.792036326171836,673
NGC5394,NGC5394,13.9760117,37.4534963,SBb,B,,M,3.1,117.0,13.567,,242.74,11.029,3467.0,0.045,70.75,257.11,3711.0,33.662,2.6302679918953817,0.4083193863326921,68.18294736215347,54.000775906659264,18.197008586099816,680
NGC5402,NGC5402,13.9712707,59.8143016,SBc,B,,,5.0,166.0,14.539,,122.24,12.885,3039.0,0.055,81.23,123.68,3324.9,33.411,1.1324003632355573,0.251188643150958,78.2254848917054,48.10608341479544,3.4737615197265286,679
NGC5406,NGC5406,14.0055879,38.9154284,Sbc,B,,M,3.8,115.03,13.117,11.827,177.34,13.037,5388.6,0.051,45.52,248.54,5637.4,34.569,1.6943378004473288,0.7194489780036994,44.80811078285897,81.99738454574761,4.773094139287511,684
NGC5421NED02,PGC049949,14.0283613,33.8215473,S0,B,,M,-1.6,168.14,15.108,13.682,,,7857.9,0.061,69.19,,8092.7,35.356,1.0,0.5533501092157367,60.7109616121639,117.81484060029273,,686
NGC5423,NGC5423,14.0468424,9.3413177,E-S0,,,,-3.1,75.3,13.816,12.384,240.78,,5912.5,0.133,74.73,249.6,6055.2,34.723,1.5310874616820305,0.5847900841444807,59.84859878867288,88.0237770591344,1.710802987599326,695
NGC5425,NGC5425,14.0132439,48.443878,Sc,,,,6.5,126.65,14.231,13.315,102.93,,2074.3,0.077,77.16,105.57,2344.9,32.661,1.5812480392703836,0.27605778562203453,75.7250404648874,34.056498956736135,6.625215359025821,685
NGC5434B,UGC08967,14.057527,9.467135,Sbc,,,M,4.0,70.84,14.672,13.479,169.29,12.728,5641.6,0.117,90.0,169.29,5785.2,34.632,1.559552502826954,0.186637969083467,85.03249543948483,84.4111855592768,8.464474480976994,699
NGC5439,NGC5439,14.0326865,46.3118823,Sa,,R,,0.5,10.01,14.507,13.246,56.42,13.982,1895.8,0.048,90.0,56.42,2162.6,32.507,1.2735030810166617,0.31550046233746265,77.72119750373074,31.72488087350879,0.4703270964407767,688
NGC5443,NGC5443,14.0366096,55.8140827,Sb,B,,,2.8,31.29,13.113,11.67,163.55,13.804,1796.7,0.059,77.42,167.57,2079.3,32.426,1.6826740610704674,0.33651156937549076,73.48845013619307,30.56328280365971,4.681661397243637,690
NGC5473,NGC5473,14.0786679,54.8925641,E-S0,B,,,-2.6,155.77,12.368,,116.86,,1893.4,0.046,47.72,157.96,2175.6,32.507,1.9906733389871865,0.7726805850957024,42.23559066499483,31.72488087350879,0.939290651618398,703
NGC5475,NGC5475,14.0867782,55.7418526,Sa,,,,0.8,165.77,13.273,11.898,,,1647.2,0.051,90.0,,1930.6,32.254,1.936421963946607,0.29853826189179594,78.80660592005769,28.235793691102966,,705
NGC5480,NGC5480,14.1059949,50.7251039,Sc,,,M,4.9,177.02,12.756,11.707,90.47,11.521,1906.5,0.079,41.47,136.63,2182.9,32.507,1.6749428760264373,0.762079010025412,40.92061980507715,31.72488087350879,7.741052270741206,707
NGC5481,NGC5481,14.1114553,50.7232928,E,,,,-3.9,113.25,13.244,,,,1898.0,0.078,63.9,,2174.5,32.507,1.7619760464116294,0.6950243175887968,50.897209354497654,31.72488087350879,,2707
NGC5485,NGC5485,14.1198186,55.0016262,S0,,,,-2.0,170.25,12.4,10.855,75.4,,1904.5,0.068,54.59,92.52,2187.5,32.507,2.5118864315095797,0.6982324040771714,48.82608427273306,31.72488087350879,5.053589947531671,708
NGC5513,NGC5513,14.2190635,20.416272,S0,,,,-2.0,114.2,13.781,11.865,,,5013.8,0.125,73.33,,5207.6,34.404,2.023019178678272,0.5382697825162883,62.39304606788461,75.99762143610386,,716
NGC5519,NGC5519,14.2391294,7.5159134,SBa,B,,,1.1,76.49,14.505,12.971,167.66,,7449.9,0.124,57.22,199.41,7590.1,35.216,1.7741894808901664,0.6067363295885054,54.6520794364035,110.45871839886301,2.8106062003343983,719
NGC5520,NGC5520,14.206337,50.3484461,Sb,,,,3.1,65.65,13.309,12.112,123.43,12.077,1877.0,0.078,63.85,137.5,2154.7,32.507,1.6069412530128773,0.4965923214503361,61.97670189194152,31.72488087350879,6.779536449241946,715
NGC5522,NGC5522,14.2473217,15.1468368,SBb,B,,,3.1,50.27,13.997,12.52,197.33,12.29,4578.7,0.103,90.0,197.33,4752.2,34.189,1.870682140365801,0.22335722228305316,82.44811419617669,68.83352332539906,7.791121911130922,720
NGC5525,NGC5525,14.2608935,14.2826566,S0,B,,,-1.7,21.22,13.801,11.963,273.61,,5529.4,0.11,70.25,290.71,5699.7,34.601,1.2105981335504823,0.5482769649208538,61.229362235963066,83.21469006867935,0.9602846792093808,723
NGC5532,NGC5532,14.2813659,10.8076728,S0,,,M,-2.1,144.13,12.952,11.436,,,7408.4,0.111,41.06,,7564.4,35.216,2.338837238659355,0.8184647881347898,37.21417578429736,110.45871839886301,,726
NGC5533,NGC5533,14.2688128,35.3437622,SABa,B,,,2.4,28.2,12.676,10.54,205.61,12.77,3863.2,0.064,60.26,236.79,4108.4,33.888,2.8641779699065815,0.5520774392807574,58.24050847445478,59.92389025834776,25.894051057392293,724
NGC5546,NGC5546,14.3025613,7.5645616,E,,,,-4.9,22.09,13.325,11.782,,,7376.9,0.13,51.18,,7519.2,35.204,1.5739828644662197,0.8184647881347898,39.21648401709434,109.84998450583767,,727
NGC5549,NGC5549,14.3107801,7.3773692,S0,,,,-2.0,118.88,13.945,11.969,,,7672.7,0.129,81.19,,7814.4,35.287,1.5310874616820305,0.4920395356814509,66.25952137505872,114.1300480213992,,730
NGC5557,NGC5557,14.3071453,36.493565,E,,,,-4.7,97.0,11.931,,,,3213.0,0.026,90.0,,3462.3,33.515,2.2803420720004186,0.4897788193684462,72.80687598064472,50.46612975635287,,729
NGC5559,NGC5559,14.3202197,24.7987266,Sb,B,,,3.1,65.43,14.809,12.81,175.85,13.029,5158.2,0.085,81.46,177.83,5371.0,34.471,1.306170888131842,0.29241523778433354,76.54848321426775,78.3790508535616,4.285485203974389,732
NGC5580,NGC5580,14.3606691,35.2049047,S0,,,,-2.2,137.0,13.553,,,,3208.8,0.072,30.75,,3455.8,33.515,1.5417004529495593,0.8953647655495938,27.989059798177983,50.46612975635287,,734
NGC5587,NGC5587,14.3696449,13.9180123,S0-a,B,,,0.1,161.71,13.791,12.191,182.22,,2293.9,0.1,90.0,182.22,2465.6,32.77,2.1281390459827123,0.31550046233746265,78.4302114956966,35.80964371026366,9.558725718846901,736
NGC5598,NGC5598,14.3745205,40.3197938,S0,,R,,-2.3,51.05,14.097,12.464,,,5429.7,0.031,62.06,,5690.4,34.585,1.5452544395384142,0.6382634861905486,54.31074054637114,82.60379495771792,,738
NGC5602,NGC5602,14.3718998,50.5013706,Sa,,R,,0.8,167.33,13.365,11.356,,,2221.0,0.086,64.77,,2502.0,32.805,1.306170888131842,0.5236004365857502,61.126868669486576,36.391503612720705,,737
NGC5610,NGC5610,14.4063772,24.6140837,SBab,B,,,1.6,104.62,14.293,12.309,185.98,11.435,5054.3,0.095,79.68,189.04,5268.6,34.421,1.7298163592151015,0.3491403154785861,73.54437452499998,76.59492583728877,2.8575905433749393,742
NGC5611,NGC5611,14.4013283,33.0474667,S0,,,,-1.9,64.99,13.455,12.083,,,1954.5,0.048,90.0,,2196.2,32.546,1.3583134465871542,0.43151907682776525,71.35306159996344,32.299812405956246,,739
NGC5614,NGC5614,14.402108,34.858852,Sab,,R,M,1.7,150.0,12.568,,68.85,12.324,3896.6,0.068,36.23,116.49,4143.6,33.909,2.426610095082416,0.8260379495771787,35.20808622152757,60.50621691582962,2.823579369110296,740
NGC5616,NGC5616,14.4057558,36.4613632,SBbc,B,,,4.0,157.87,14.555,12.524,278.24,12.484,8422.0,0.041,90.0,278.24,8673.5,35.509,2.1281390459827123,0.1909853258566238,84.50008828893267,126.41540489485821,4.285485203974389,741
NGC5622,NGC5622,14.4367205,48.5639674,Sb,,R,,3.1,85.71,14.144,12.899,148.13,,3871.8,0.098,58.23,174.23,4150.8,33.909,1.336595516546442,0.5688529308438415,56.76574790573917,60.50621691582962,4.638739667560305,743
NGC5623,NGC5623,14.4524055,33.2525115,E,B,,,-4.7,17.0,13.65,,,,3359.1,0.04,90.0,,3602.6,33.59,1.6519617982290151,0.6531305526474723,56.07213798054345,52.23961889991208,,746
NGC5630,NGC5630,14.4601722,41.2577621,SBd,B,,,7.8,95.74,13.605,12.983,106.43,12.625,2672.1,0.05,90.0,106.43,2936.8,33.159,1.4791083881682072,0.35399734108343467,70.24763473336161,42.8351211945938,10.111137119549056,749
NGC5631,NGC5631,14.4425796,56.5826269,S0,,,,-2.0,133.0,12.48,,165.36,,1953.4,0.088,0.0,,2243.5,32.585,1.9453600816226626,1.0,0.0,32.88516308759833,4.211143104363176,744
NGC5633,NGC5633,14.4578802,46.1465238,Sb,,R,,3.2,10.86,13.105,11.723,125.4,11.825,2325.8,0.071,50.75,161.94,2600.8,32.907,1.0889300933334334,0.662216503701762,49.62290912641076,38.14169596669381,8.79022516830884,748
NGC5635,NGC5635,14.4754834,27.4090213,Sb,,,,3.2,64.25,13.663,11.281,363.46,,4318.2,0.104,72.93,380.2,4543.8,34.093,2.6242185433844423,0.37931498497368193,70.16677095090635,65.85670531543794,13.280058862437281,750
NGC5642,NGC5642,14.4870892,30.0264653,E,B,,,-4.7,125.55,14.204,,,,4311.3,0.084,90.0,,4545.8,34.093,1.7741894808901664,0.6367955209079158,57.65568792552189,65.85670531543794,,752
NGC5656,NGC5656,14.5070848,35.3209722,Sab,,,,2.0,57.21,12.835,11.646,162.93,11.815,3147.2,0.066,47.59,220.68,3397.8,33.464,1.2618275345906707,0.7079457843841379,46.17554012268867,49.29467413122059,6.211550208324414,753
NGC5657,NGC5657,14.5121139,29.1807544,Sb,B,R,,3.1,168.16,14.344,12.678,151.67,12.695,3964.9,0.08,71.07,160.34,4197.2,33.931,1.7498466886246575,0.40364539296760493,68.51085380120143,61.12234388984107,8.896107044092288,754
