edge_pydb/dat_glob/external/edge_leda.csv
# %ECSV 0.9
# ---
# datatype:
# - {name: Name, datatype: string}
# - {name: ledaRA, unit: hourangle, datatype: float64, description: RA J2000 from LEDA <celpos>}
# - {name: ledaDE, unit: deg, datatype: float64, description: DEC J2000 from LEDA <celpos>}
# - {name: ledaA_Bgal, unit: mag, datatype: float64, description: Galactic A_B from LEDA <ag>}
# - {name: ledaType, datatype: float64, description: Morphological type from LEDA <t>}
# - {name: ledaMorph, datatype: string, description: Hubble type from LEDA <type>}
# - {name: ledaD25, unit: arcmin, datatype: float64, description: Apparent B diameter from LEDA <logd25> linearized}
# - {name: ledaAxRatio, datatype: float64, description: Maj/min axis ratio from LEDA <logr25> linearized}
# - {name: ledaPA, unit: deg, datatype: float64, description: 'PA from LEDA <pa>, N to E'}
# - {name: ledaIncl, unit: deg, datatype: float64, description: Morph inclination from LEDA <incl>}
# - {name: ledaVrad, unit: km / s, datatype: float64, description: cz from radio data from LEDA <vrad>}
# - {name: ledaVmaxg, unit: km / s, datatype: float64, description: HI max v_rot not corr for incl from LEDA <vmaxg>}
# - {name: ledaVrot, unit: km / s, datatype: float64, description: HI max v_rot corr for incl from LEDA <vrot>}
# - {name: ledaBar, datatype: string, description: B = bar present from LEDA <bar>}
# - {name: ledaRing, datatype: string, description: R = ring present from LEDA <ring>}
# - {name: ledaMultiple, datatype: string, description: M = multiple system from LEDA <multiple>}
# - {name: ledaBt, unit: mag, datatype: float64, description: Apparent B total magnitude from LEDA <bt>}
# - {name: ledaIt, unit: mag, datatype: float64, description: Apparent I total magnitude from LEDA <it>}
# - {name: ledaMfir, unit: mag, datatype: float64, description: FIR flux as magnitude from LEDA <mfir>}
# - {name: ledaM21, unit: mag, datatype: float64, description: HI line flux as magnitude from LEDA <m21>}
# - {name: ledaVvir, unit: km / s, datatype: float64, description: Virgo infall corr cz from LEDA <vvir>}
# - {name: ledaModz, unit: mag, datatype: float64, description: Dist modulus from LEDA <modz> based on <vvir>; NGC2880 NGC4211 and UGC05498
#     substituted with NED scaled to same cosmology}
# - {name: ledaDistMpc, unit: Mpc, datatype: float64, description: Distance in Mpc corresponding to ledaModz}
# delimiter: ','
# schema: astropy-2.0
Name,ledaRA,ledaDE,ledaA_Bgal,ledaType,ledaMorph,ledaD25,ledaAxRatio,ledaPA,ledaIncl,ledaVrad,ledaVmaxg,ledaVrot,ledaBar,ledaRing,ledaMultiple,ledaBt,ledaIt,ledaMfir,ledaM21,ledaVvir,ledaModz,ledaDistMpc
[from data line 106]
UGC07012,12.0342058,29.8480725,0.092,5.7,SBc,1.08143395,1.87499451,9.13,59.4,3080.1,88.35,102.64,B,,,14.664,13.628,nan,14.953,3231.9,33.358,46.94615194
UGC08107,12.994371,53.3413312,0.095,9.9,IB,2.2855988,2.33345806,51.46,83.75,8306.0,353.71,355.83,B,,,14.443,13.047,13.364,nan,8556.4,35.488,125.19875206
UGC08250,13.1722518,32.482623,0.064,5.8,Sc,1.32129563,4.78630092,13.11,84.02,5273.0,125.72,126.41,,,,15.458,13.906,nan,16.019,5462.9,34.504,79.57927899
UGC08267,13.1864695,43.7264591,0.088,3.2,Sb,1.12460497,3.76703799,40.8,84.65,nan,nan,nan,,,,15.383,13.623,13.302,nan,7459.1,35.18,108.64256236
UGC09067,14.179299,15.2092462,0.073,2.0,Sab,0.81283052,2.24905461,10.01,69.45,7840.9,184.57,197.11,,,,15.031,13.362,13.32,16.339,7973.2,35.333,116.57354404
UGC09476,14.6922202,44.5127452,0.078,5.2,SABc,1.50314197,1.59587915,128.42,52.61,3273.2,101.72,128.03,B,,,13.818,12.525,13.137,15.72,3518.9,33.54,51.0505
UGC09537,14.8074332,34.9980494,0.09,3.1,Sb,2.23357222,5.91561634,139.48,90.0,8822.4,299.37,299.37,,,,14.615,12.688,13.747,14.813,9041.0,35.603,132.00792362
UGC09542,14.8170012,42.4639798,0.081,6.5,Sc,1.43548943,3.41979443,32.08,75.98,5458.3,147.1,151.62,,,,15.046,13.372,nan,15.603,5701.6,34.601,83.21469007
UGC09665,15.0256821,48.3198291,0.098,4.0,Sbc,1.6943378,4.42588372,142.33,90.0,2560.2,135.89,135.89,,,,14.628,13.105,12.352,14.445,2818.3,33.068,41.07712126
UGC09759,15.1780248,55.3503541,0.053,2.5,Sb,1.33352143,1.9498446,53.74,63.2,3421.3,138.85,155.56,,,,15.045,12.69,13.27,15.07,3696.9,33.662,54.00077591
UGC09873,15.4973977,42.6290023,0.129,5.3,Sc,1.33045442,4.40554864,124.75,83.23,5624.4,130.72,131.64,,,,15.614,13.884,13.852,16.014,5869.1,34.662,85.58546212
UGC09892,15.5477663,41.1914452,0.112,3.0,Sb,1.30316678,4.12097519,101.91,90.0,nan,nan,nan,,,,15.292,13.831,nan,nan,5915.1,34.678,86.21840811
UGC09919,15.5943455,12.6063379,0.192,5.8,Sc,1.47570653,8.2224265,170.27,90.0,3184.2,113.4,113.4,,,,15.136,13.883,14.1,15.883,3317.4,33.411,48.10608341
UGC10043,15.8114719,21.8694914,0.247,4.2,Sbc,2.19785987,7.0307232,149.91,90.0,2158.7,143.81,143.81,,,,15.175,13.76,12.703,14.419,2337.4,32.661,34.05649896
UGC10123,15.9841238,51.3045558,0.063,2.0,Sab,1.15611224,4.31519077,55.21,90.0,3758.1,196.57,196.57,,,,14.84,13.103,12.379,15.602,4019.7,33.845,58.74893525
UGC10205,16.1111606,30.0989726,0.201,1.0,Sa,1.44543977,1.70608239,133.94,59.01,6558.6,260.89,304.32,,,,14.383,12.539,13.735,16.626,6776.4,34.976,98.9008445
UGC10331,16.2891971,59.320144,0.057,3.1,Sb,1.45545908,3.77572191,146.49,85.94,4471.0,101.23,101.48,,,,14.713,13.788,12.843,15.82,4758.5,34.208,69.43844712
UGC10380,16.430538,16.5761297,0.23,3.0,Sb,1.54525444,6.39734835,109.96,90.0,8753.0,242.42,242.42,,,,15.35,13.633,nan,16.021,8915.3,35.572,130.13676301
UGC10384,16.4462964,11.5802413,0.253,1.6,Sab,1.16680962,4.77529274,90.53,90.0,4967.6,165.43,165.43,,,,15.118,13.677,12.141,15.208,5103.0,34.352,74.19933278
UGC10710,17.1145801,43.1221174,0.149,3.0,Sb,1.66724721,3.63078055,149.5,84.16,8326.8,244.77,246.05,,,,14.779,13.019,nan,15.906,8601.7,35.499,125.83457887
