edge_pydb/dat_glob/external/edge_leda.csv
# %ECSV 1.0
# ---
# datatype:
# - {name: Name, datatype: string, description: Galaxy Name}
# - {name: ledaName, datatype: string, description: Galaxy name as known by LEDA}
# - {name: ledaRA, unit: hourangle, datatype: float64, description: RA J2000 from LEDA /al2000/}
# - {name: ledaDE, unit: deg, datatype: float64, description: DEC J2000 from LEDA /de2000/}
# - {name: ledaMorph, datatype: string, description: Hubble type from LEDA /type/}
# - {name: ledaBar, datatype: string, description: B = bar present from LEDA /bar/}
# - {name: ledaRing, datatype: string, description: R = ring present from LEDA /ring/}
# - {name: ledaMultiple, datatype: string, description: M = multiple system from LEDA /multiple/}
# - {name: ledaType, datatype: float64, description: Morphological type from LEDA /t/}
# - {name: ledaPA, unit: deg, datatype: float64, description: 'PA from LEDA /pa/, N to E'}
# - {name: ledaBt, unit: mag, datatype: float64, description: Apparent B total magnitude from LEDA /bt/}
# - {name: ledaIt, unit: mag, datatype: float64, description: Apparent I total magnitude from LEDA /it/}
# - {name: ledaVmaxg, unit: km / s, datatype: float64, description: HI max v_rot uncorrected for incl from LEDA /vmaxg/}
# - {name: ledaFIR, unit: mag, datatype: float64, description: FIR flux as magnitude from LEDA /mfir/}
# - {name: ledaVrad, unit: km / s, datatype: float64, description: cz from mean data from LEDA /v/}
# - {name: ledaA_Bgal, unit: mag, datatype: float64, description: Galactic A_B from LEDA /ag/}
# - {name: ledaIncl, unit: deg, datatype: float64, description: Morph inclination from LEDA /incl/}
# - {name: ledaVrot, unit: km / s, datatype: float64, description: HI max v_rot corrected for incl from LEDA /vrot/}
# - {name: ledaVvir, unit: km / s, datatype: float64, description: Virgo infall corrected cz from LEDA /vvir/}
# - {name: ledaModz, unit: mag, datatype: float64, description: Dist modulus from LEDA /modz/ based on /vvir/}
# - {name: ledaD25, unit: arcmin, datatype: float64, format: .2f, description: Apparent B diameter from LEDA /logd25/ linearized}
# - {name: ledaAxrat, datatype: float64, format: .4f, description: Minor to major axis ratio from LEDA /logr25/ linearized}
# - {name: ledaAxIncl, unit: deg, datatype: float64, format: .1f, description: Inclination estimated from LEDA axratio using Bottinelli+83}
# - {name: ledaDistMpc, unit: Mpc, datatype: float64, format: .2f, description: Luminosity distance in Mpc corresponding to ledaModz}
# - {name: ledaHIflux, unit: Jy km / s, datatype: float64, format: .2f, description: 21cm flux from LEDA /m21/ linearized}
# - {name: ID, datatype: int64, description: CALIFA ID}
# delimiter: ','
# meta: !!omap
# - {comments: Galaxy Parameters from HyperLEDA}
# - {date: '2022-02-08'}
# schema: astropy-2.0
Name,ledaName,ledaRA,ledaDE,ledaMorph,ledaBar,ledaRing,ledaMultiple,ledaType,ledaPA,ledaBt,ledaIt,ledaVmaxg,ledaFIR,ledaVrad,ledaA_Bgal,ledaIncl,ledaVrot,ledaVvir,ledaModz,ledaD25,ledaAxrat,ledaAxIncl,ledaDistMpc,ledaHIflux,ID
[from data line 312]
NGC5665,NGC5665,14.5404878,8.0785656,Sc,B,R,M,5.0,149.85,12.606,11.862,104.25,11.058,2233.0,0.108,53.13,130.31,2384.1,32.698,1.8836490894898004,0.6208690342300636,52.451643216531785,34.64176410352489,5.649369748123021,756
NGC5675,NGC5675,14.5443997,36.3022219,SBab,B,,M,1.7,135.17,13.822,12.077,244.51,13.377,3972.4,0.08,83.94,245.89,4226.5,33.951,2.2698648518838223,0.31915378551007617,75.80100753633076,61.68790197459379,4.051352202292632,757
NGC5682,NGC5682,14.5791894,48.669722,Sb,B,,,3.2,136.07,14.797,13.792,99.19,13.731,2276.9,0.14,73.58,103.41,2558.7,32.873,0.6456542290346556,0.37153522909717257,70.71508086537617,37.5491404609842,4.070052394402333,758
NGC5684,NGC5684,14.5972672,36.5431881,S0,,,,-2.2,100.65,13.64,13.595,,,4093.4,0.046,44.26,,4349.3,34.013,1.409288798421875,0.7925013304804718,39.99311774343476,63.47460398326994,,761
NGC5687,NGC5687,14.5812169,54.4757598,E-S0,,,,-3.2,103.34,12.591,,,,2113.3,0.049,79.12,,2403.2,32.734,2.4099054286865944,0.5688529308438415,61.3962935057544,35.2208635618468,,759
NGC5689,NGC5689,14.5915795,48.7415561,S0-a,B,,,0.4,85.75,12.74,,195.63,13.73,2168.2,0.152,90.0,195.63,2450.3,32.77,3.6643757464783335,0.24774220576332856,86.60679736373713,35.80964371026366,1.7346026278792848,760
NGC5714,NGC5714,14.6365301,46.6382986,SBc,B,,,5.8,81.71,14.096,12.482,153.96,12.807,2238.4,0.064,90.0,153.96,2517.6,32.839,2.837919028441557,0.1753880501841761,83.70517356394215,36.965790681932724,16.17335055799849,763
NGC5720,NGC5720,14.6425816,50.8152879,SBb,B,R,,3.1,131.98,14.454,12.96,194.81,,7783.0,0.068,52.05,247.06,8069.2,35.356,1.9010782799232997,0.6471426157485831,50.83624500946942,117.81484060029273,4.168693834703351,764
NGC5730,NGC5730,14.6644928,42.7423322,Sm,,,,9.2,88.73,14.452,13.338,121.88,13.11,2526.6,0.069,90.0,121.88,2798.7,33.067,2.0090928126087277,0.19054607179632474,80.5094428900912,41.05820889699133,11.934383792107937,766
NGC5731,NGC5731,14.669225,42.7795421,Sc,,,,4.9,115.24,14.099,13.581,85.03,,2515.0,0.072,82.13,85.84,2787.2,33.036,1.5031419660900225,0.2443430552693972,78.80263997912496,40.476224868787384,11.076434916697421,767
NGC5732,NGC5732,14.6774938,38.6377297,Sbc,,,,4.0,42.34,14.341,13.34,283.4,13.65,3735.5,0.067,60.76,324.78,3998.4,33.823,1.2302687708123818,0.5272298614228227,59.504809357417855,58.15673277185147,,768
NGC5735,NGC5735,14.7092354,28.7264273,Sbc,B,R,M,3.6,49.55,13.657,12.578,103.58,13.234,3730.2,0.074,44.22,148.5,3965.7,33.8,2.0044720273651615,0.7362070974947361,43.40213087159146,57.54399373371564,15.233510631495674,771
NGC5739,NGC5739,14.7080139,41.84225,S0-a,B,R,,-0.9,43.5,13.272,,,,5564.1,0.073,49.68,,5835.0,34.647,1.7458221529205038,0.7194489780036994,46.266016442846144,84.99629594496193,,770
NGC5772,NGC5772,14.8608022,40.5992007,Sb,,R,,3.0,32.01,13.708,12.14,235.12,13.672,4873.1,0.081,73.12,245.71,5144.2,34.37,1.3803842646028848,0.3801893963205612,70.21822449762148,74.81695005111537,5.582130689177259,777
NGC5784,NGC5784,14.9045693,42.557903,S0,,,M,-1.9,34.0,13.655,,,13.157,5370.0,0.094,27.47,,5646.1,34.569,1.4825180851459538,0.9141132414702502,25.205476119862876,81.99738454574761,,778
NGC5794,NGC5794,14.9315627,49.726084,S0-a,B,R,,0.0,143.26,14.318,12.665,,,4188.2,0.077,35.12,,4477.4,34.073,1.0739894123412446,0.84527884516029,33.50600363308514,65.25292741192514,,2780
NGC5797,NGC5797,14.940015,49.6961014,S0-a,,,M,-0.3,107.52,13.513,,,,4032.0,0.078,56.28,,4321.2,33.993,1.5812480392703836,0.6397348354826481,52.72853360085693,62.89266531604166,,780
NGC5829,NGC5829,15.0450006,23.3336126,Sc,,,M,5.3,40.96,13.971,12.951,76.48,,5686.1,0.193,41.45,115.55,5910.6,34.678,1.419057521689092,0.7603262769401818,41.03223468086061,86.21840810727005,8.519223264285463,784
NGC5876,NGC5876,15.1587724,54.5064656,SBab,B,R,,1.5,48.22,13.707,12.076,221.57,,3254.1,0.057,68.09,238.82,3552.2,33.565,2.4603676041476277,0.4698941086052154,64.67106792907477,51.64163692720705,2.992264636608183,787
NGC5888,NGC5888,15.2187184,41.2646586,Sbc,B,,M,3.7,156.69,14.173,12.592,,,8709.7,0.093,54.58,,8988.4,35.592,1.3304544179780915,0.610942024905572,53.4693292589405,131.3409036532733,,789
NGC5908,NGC5908,15.2786653,55.4095087,SBb,B,,,3.0,153.45,12.805,10.711,314.56,11.188,3332.8,0.065,65.31,346.21,3633.1,33.614,3.372873086588689,0.4786300923226383,63.288505153394844,52.820194976999645,14.282360800191817,791
NGC5928,NGC5928,15.4341321,18.0736438,S0,,,,-2.1,103.15,13.683,11.991,,,4460.5,0.231,59.21,,4673.4,34.17,1.6405897731995396,0.6561452663029054,52.59407069665771,68.23386941416705,,794
NGC5929,NGC5929,15.4350413,41.6706914,Sa,,,M,1.3,38.0,14.071,12.612,111.77,,2549.7,0.104,24.41,270.45,2832.4,33.068,0.9036494737223015,0.9204495717531713,23.617869078616682,41.07712125533874,3.1622776601683795,2795
NGC5930,NGC5930,15.4355388,41.6760604,SABa,B,,M,2.3,173.28,13.177,10.426,106.1,10.797,2588.2,0.104,70.45,112.59,2871.0,33.098,1.8492686189780778,0.42657951880159267,67.32460087693211,41.648560934074126,2.5421431362049343,795
NGC5934,NGC5934,15.4702123,42.9299198,SBa,B,,M,1.0,4.93,14.444,12.756,,12.735,5563.4,0.127,68.65,,5849.1,34.647,0.6109420249055721,0.4753352259428053,64.59158526734994,84.99629594496193,,796
NGC5935,NGC5935,15.4713121,42.9441413,SBa,B,,M,0.5,36.62,14.845,13.129,,,5330.7,0.128,70.33,,5616.4,34.569,0.8511380382023767,0.4709773263969529,65.2796538149606,81.99738454574761,,2796
NGC5947,NGC5947,15.510164,42.7171558,SBbc,B,,,3.7,45.24,14.584,13.107,,13.525,5934.6,0.141,47.25,,6220.5,34.782,1.1668096170609625,0.7014552984199712,46.33534700077922,90.44821490475891,,4034
NGC5950,NGC5950,15.5252216,40.4300635,SBb,B,R,M,3.2,37.84,14.555,13.292,187.4,13.527,2615.1,0.117,63.33,209.72,2896.6,33.129,1.2531411749414163,0.5023425895223871,61.53104754961674,42.24740129875452,4.7863009232263805,3034
NGC5951,NGC5951,15.5619624,15.0072234,SBc,B,,,5.2,4.13,13.671,12.551,120.75,13.384,1778.5,0.209,84.6,121.29,1981.7,32.298,3.0338911841942706,0.21827299118430013,80.5886751625444,28.81376434839703,15.024499029989123,799
NGC5953,NGC5953,15.575665,15.1937933,S0-a,,,M,0.1,6.0,12.983,,61.58,10.567,1969.8,0.211,43.94,88.75,2173.9,32.507,1.4723125024327188,0.7638357835776907,41.78437205291661,31.72488087350879,5.87759963680599,801
NGC5954,NGC5954,15.5764252,15.1992225,SABc,B,,M,5.9,19.17,12.81,,111.38,,1924.6,0.212,63.56,124.39,2128.7,32.467,1.0209394837076797,0.47315125896148047,62.78297105709914,31.145836540121316,9.664958643142132,2801
NGC5957,NGC5957,15.5897826,12.04757,Sb,B,R,,2.9,96.0,13.562,11.965,42.1,13.149,1820.4,0.188,17.52,139.9,2011.9,32.341,2.4434305526939717,0.9571940712948445,17.13278672343499,29.390028011711482,18.65520389100593,803
NGC5966,NGC5966,15.5978098,39.7689601,E,,,,-4.9,87.88,13.138,12.173,187.19,,4503.9,0.093,90.0,187.19,4785.0,34.208,1.5275660582380723,0.6441692655151773,57.31907509395468,69.43844712409815,0.4998043135782392,806
NGC5971,NGC5971,15.5935814,56.4616827,Sa,,R,,1.1,132.19,14.719,13.126,,,3363.9,0.036,73.19,,3668.4,33.638,1.2531411749414163,0.4255984131337431,68.20755104823779,53.40722340937608,,804
NGC5980,NGC5980,15.6917825,15.7876763,Sbc,,,,4.4,14.49,13.21,,194.96,11.657,4087.1,0.15,76.43,200.56,4295.6,33.972,1.6330519478943348,0.31550046233746265,73.98454339753215,62.28737089440294,8.218640803889047,810
NGC5987,NGC5987,15.6659436,58.0795287,Sb,,,,2.9,60.0,12.72,10.35,275.17,,3006.2,0.068,76.42,283.09,3312.3,33.411,3.8370724549227884,0.34514373933585624,72.78823615656465,48.10608341479544,11.035702899640139,809
NGC6004,NGC6004,15.8396439,18.9392466,Sc,B,,,4.8,95.48,13.368,12.066,104.47,12.804,3818.8,0.175,38.86,166.5,4041.6,33.845,1.892343618644975,0.7888601176185545,38.45290630433934,58.74893525297766,2.4888573182823874,813
NGC6020,NGC6020,15.9522607,22.4045495,E,,,,-4.8,136.14,13.759,12.247,,,4304.2,0.282,90.0,,4541.1,34.093,1.7378008287493754,0.6324118513762195,58.274936443647455,65.85670531543794,,815
NGC6021,NGC6021,15.958526,15.9560201,E,,,,-4.0,157.97,14.079,12.451,,,4740.2,0.169,90.0,,4953.3,34.281,1.5452544395384142,0.5861381645140287,61.162408220793615,71.81249238834741,,816
NGC6023,NGC6023,15.9637829,16.3101706,E,,,,-4.8,66.82,14.248,12.47,,,11096.9,0.166,69.42,,11311.4,36.097,1.6069412530128773,0.7194489780036994,49.69766714917496,165.72956864772084,,2944
NGC6027,NGC6027E,15.9868219,20.7633378,S0-a,B,,M,-1.5,81.08,14.394,13.06,,,4394.0,0.238,67.09,,4625.5,34.132,2.2750974307720706,0.5649369748123025,59.66958950925821,67.0501880162841,,819
NGC6032,NGC6032,16.0503148,20.9559748,Sb,B,,,3.1,1.13,14.35,12.788,135.79,13.912,4326.4,0.392,55.07,165.63,4559.4,34.113,0.8317637711026711,0.6095368972401691,53.731156759337516,66.46606990710733,6.171631684555832,820
NGC6060,NGC6060,16.0977736,21.4849331,SABc,B,R,,4.8,103.34,14.083,11.649,214.23,12.288,4404.3,0.347,59.49,248.66,4639.8,34.151,1.892343618644975,0.5382697825162883,58.515443177365675,67.63943948096029,25.515260109096687,821
NGC6063,NGC6063,16.1202739,7.978973,Sc,,,M,5.8,157.07,13.948,12.584,124.68,,2845.1,0.201,60.26,143.58,3027.1,33.217,1.6292960326397221,0.5211947111050804,59.502170194764744,43.99466347160462,6.779536449241946,823
NGC6081,NGC6081,16.2157929,9.8671048,S0,,,,-1.8,130.67,14.331,12.389,280.93,,5114.1,0.192,90.0,280.93,5305.5,34.438,1.5523870099580825,0.3622429984166986,77.94873570202394,77.19692476102523,1.9860949173573668,826
NGC6090,NGC6090,16.194649,52.4565388,Sab,,,M,1.7,-25.0,14.533,,92.38,11.181,8855.2,0.086,70.99,97.71,9161.8,35.633,0.43351087838752894,0.4335108783875289,67.1946228039606,133.844336764991,3.191537855100756,2945
NGC6125,NGC6125,16.3198732,57.9841256,E,,,,-4.9,159.0,12.997,,,,4810.0,0.054,0.0,,5120.8,34.352,1.3772094688939467,1.0,0.0,74.19933277899425,,829
NGC6132,NGC6132,16.3941192,11.7862551,Sab,,,,2.0,126.5,14.709,13.453,154.64,13.708,4964.9,0.314,79.87,157.09,5166.3,34.387,1.282330582656022,0.33496543915782767,74.26070457930723,75.40497494853079,11.598451211901645,831
NGC6146,NGC6146,16.4195407,40.8926984,E,,,,-4.8,82.77,13.511,11.242,,15.06,8816.8,0.036,60.7,,9108.7,35.623,1.6595869074375607,0.7585775750291838,45.68149858676914,133.22937789769384,,832
NGC6150,NGC6150,16.4305502,40.4887002,E,,,,-4.5,74.19,14.476,12.661,36.27,13.572,8742.3,0.036,90.0,36.27,9033.5,35.603,1.6106456351782708,0.5260172663907061,68.14399759272946,132.00792361922575,2.329163630213965,835
NGC6150B,PGC058100,16.4290185,40.475581,Sa,,,,1.0,142.94,15.377,14.083,,13.551,9526.7,0.035,78.84,,9817.9,35.788,0.9120108393559097,0.3758374042884442,72.06447045284061,143.74740058743592,,2835
NGC6154,NGC6154,16.4251373,49.8402465,Sa,B,R,,1.1,149.56,13.871,12.474,59.31,,5965.7,0.097,47.93,79.91,6271.3,34.796,1.4028137045619582,0.7128530301265196,46.02321073161076,91.03323996799098,3.630780547701009,833
NGC6155,NGC6155,16.4356458,48.3667871,SBbc,B,R,,4.1,147.41,13.065,12.166,82.71,12.202,2413.7,0.06,51.94,105.05,2717.6,33.005,1.3273944577297396,0.6412095765851616,51.071511677865296,39.90249023621427,3.5974933515574135,836
NGC6166NED01,NGC6166,16.4773079,39.5513323,E,,,,-4.3,35.25,12.912,12.506,,14.908,9347.3,0.049,63.45,,9637.0,35.741,2.1379620895022327,0.7194489780036994,49.028572110432854,140.66951820610385,,839
NGC6168,NGC6168,16.5226413,20.1843875,Sd,,,,7.9,111.0,14.609,13.185,117.26,12.481,2523.2,0.274,90.0,117.26,2758.3,33.036,1.6481623915255086,0.28840315031266056,74.45925120820634,40.476224868787384,8.487895030072435,841
NGC6173,NGC6173,16.4958087,40.8115824,E,B,R,M,-4.8,145.09,13.147,11.685,,15.678,8795.2,0.027,77.18,,9087.5,35.613,2.0276827195212817,0.688652296344276,52.767169540974166,132.6172445097383,,840
NGC6186,NGC6186,16.5737475,21.5408868,Sa,B,,,1.2,58.87,14.229,13.059,119.05,11.902,2936.5,0.202,71.02,125.89,3176.7,33.33,1.5703628043335525,0.4446312674691087,66.72198399821427,46.34469197362877,1.960649667226597,842
NGC6278,NGC6278,17.0139793,23.0110376,S0,B,R,,-1.8,127.75,13.748,,74.59,,2795.2,0.272,78.77,76.04,3042.9,33.246,1.725837891990204,0.49545019080479025,65.6982825068868,44.586152794807106,1.2156260552373794,844
NGC6301,NGC6301,17.1424262,42.3389919,Sc,,R,,5.9,112.76,14.504,,204.89,13.481,8360.9,0.124,57.09,244.05,8658.7,35.509,1.7701089583174214,0.5636376558259545,56.49147413925518,126.41540489485821,3.872576449216168,849
NGC6310,NGC6310,17.132626,60.9901251,Sb,,R,,3.1,69.56,13.785,12.486,212.18,,3400.1,0.118,90.0,212.18,3714.2,33.662,1.6788040181225607,0.2070141348791042,84.26163343389395,54.000775906659264,2.8840315031266024,848
NGC6314,NGC6314,17.2107538,23.2701144,Sa,,,,0.9,174.24,13.902,12.199,230.2,13.574,6620.3,0.283,65.88,252.22,6869.2,35.003,1.374041975012515,0.5081594425605606,62.219155203477705,100.13825058370986,2.0892961308540343,850
NGC6338,NGC6338,17.2563826,57.4112016,S0,,,,-2.1,16.04,13.472,12.158,,,8185.1,0.155,65.98,,8498.7,35.466,1.725837891990204,0.5997910762555094,57.38057346257858,123.9367204820682,,851
NGC6361,NGC6361,17.3114197,60.608128,Sb,,,,3.0,52.0,13.798,11.931,223.37,11.231,3798.9,0.116,84.56,224.38,4113.0,33.888,2.0558905959841414,0.27289777828080414,78.17230785946465,59.92389025834776,14.845676750522706,853
NGC6373,NGC6373,17.4022503,58.9950993,Sc,B,R,M,5.2,84.23,14.56,13.835,90.15,,3306.2,0.131,48.94,119.56,3620.2,33.614,1.0351421666793437,0.6729766562843178,48.39476052863538,52.820194976999645,5.733238386538403,5063
NGC6394,NGC6394,17.5059512,59.6398916,SBb,B,,,3.2,40.15,15.195,13.395,,13.372,8522.4,0.137,73.1,,8836.4,35.551,1.137627285823431,0.3784425847170933,70.22818208047755,128.8842949160221,,857
NGC6411,NGC6411,17.5924472,60.8133611,E,,,,-4.8,68.5,12.801,,,,3748.0,0.236,90.0,,4062.0,33.866,1.7579236139586933,0.6546361740672749,56.104967981594555,59.31984396649729,,859
NGC6427,NGC6427,17.7273861,25.4938889,E-S0,,,,-3.0,35.67,14.515,,,,3231.3,0.287,90.0,,3487.0,33.515,1.5452544395384142,0.3357376142429547,71.92630308460504,50.46612975635287,,860
NGC6478,NGC6478,17.81065,51.1572222,Sc,,,,4.9,35.21,14.02,11.722,238.15,12.362,6776.0,0.19,76.7,244.71,7085.0,35.067,1.4487718535447618,0.30338911841942706,74.56788353479125,103.13355783043848,5.9319843966497166,862
NGC6497,NGC6497,17.8549967,59.4708403,Sb,B,R,,3.1,110.26,14.219,,,,6162.0,0.234,67.1,,6475.4,34.867,1.4521116175877422,0.45394161665020316,64.98490298201544,94.0589226426993,,863
NGC6515,NGC6515,17.9569966,50.7280476,E,,,,-4.9,16.75,14.253,,,,6854.0,0.2,64.31,,7162.0,35.093,1.5275660582380723,0.7464487584100665,47.07661465417509,104.37584393235515,,864
NGC6762,NGC6762,19.0936333,63.9339722,S0-a,,,,0.0,119.33,14.115,,,,2923.9,0.239,90.0,,3230.7,33.358,1.5452544395384142,0.21877616239495523,79.99422220940473,46.94615193825906,,867
NGC6941,NGC6941,20.6065194,-4.6187515,Sb,B,,,3.3,125.97,14.167,12.44,176.35,13.721,6218.0,0.272,48.06,237.06,6296.2,34.81,1.725837891990204,0.6934258060165691,47.07795983554774,91.62204901220011,7.177942912713609,869
NGC6945,NGC6945,20.6501665,-4.9726566,E-S0,B,,,-3.0,120.87,15.2,11.531,,,3797.0,0.216,65.54,,3872.2,33.755,1.5848931924611134,0.6382634861905486,55.030852091900556,56.36376558259551,,870
NGC6977,NGC6977,20.8749255,-5.7461617,Sa,B,R,,1.3,167.85,14.124,12.741,75.25,,6112.8,0.345,44.71,106.96,6177.2,34.767,1.2531411749414163,0.744731973905989,43.16102509365208,89.82557377294182,,2871
NGC6978,NGC6978,20.8765231,-5.7112026,Sb,,,,2.7,125.98,14.083,12.483,240.97,,5969.8,0.347,73.69,251.08,6034.3,34.723,1.5100801541641486,0.37931498497368193,70.46104443458998,88.0237770591344,,871
NGC7025,NGC7025,21.1298156,16.3357467,Sa,,,,1.0,44.9,13.994,,281.28,,4968.1,0.344,53.27,350.95,5125.8,34.37,2.0183663636815607,0.6531305526474723,51.02711989238723,74.81695005111537,1.814679779396926,874
NGC7047,NGC7047,21.2743418,-0.8264661,Sb,B,R,M,3.3,104.23,14.822,12.465,198.96,13.489,5787.0,0.293,64.24,220.91,5862.1,34.662,1.336595516546442,0.4886523593428336,62.46270530876091,85.58546212208236,0.895364765549593,876
NGC7194,NGC7194,22.0585828,12.6368719,E,,,,-4.9,17.65,14.317,12.481,,,8146.3,0.249,82.59,,8255.7,35.401,1.309181922999407,0.6823386941416696,53.55669012462863,120.28182253556557,,881
