edge_pydb/dat_glob/external/edge_leda.csv
# %ECSV 1.0
# ---
# datatype:
# - {name: Name, datatype: string, description: Galaxy Name}
# - {name: ledaRA, unit: hourangle, datatype: float64, description: RA J2000 from LEDA /al2000/}
# - {name: ledaDE, unit: deg, datatype: float64, description: DEC J2000 from LEDA /de2000/}
# - {name: ledaMorph, datatype: string, description: Hubble type from LEDA /type/}
# - {name: ledaBar, datatype: string, description: B = bar present from LEDA /bar/}
# - {name: ledaRing, datatype: string, description: R = ring present from LEDA /ring/}
# - {name: ledaMultiple, datatype: string, description: M = multiple system from LEDA /multiple/}
# - {name: ledaType, datatype: float64, description: Morphological type from LEDA /t/}
# - {name: ledaPA, unit: deg, datatype: float64, description: 'PA from LEDA /pa/, N to E'}
# - {name: ledaBt, unit: mag, datatype: float64, description: Apparent B total magnitude from LEDA /bt/}
# - {name: ledaIt, unit: mag, datatype: float64, description: Apparent I total magnitude from LEDA /it/}
# - {name: ledaVmaxg, unit: km / s, datatype: float64, description: HI max v_rot uncorrected for incl from LEDA /vmaxg/}
# - {name: ledaFIR, unit: mag, datatype: float64, description: FIR flux as magnitude from LEDA /mfir/}
# - {name: ledaVrad, unit: km / s, datatype: float64, description: cz from mean data from LEDA /v/}
# - {name: ledaA_Bgal, unit: mag, datatype: float64, description: Galactic A_B from LEDA /ag/}
# - {name: ledaIncl, unit: deg, datatype: float64, description: Morph inclination from LEDA /incl/}
# - {name: ledaVrot, unit: km / s, datatype: float64, description: HI max v_rot corrected for incl from LEDA /vrot/}
# - {name: ledaVvir, unit: km / s, datatype: float64, description: Virgo infall corrected cz from LEDA /vvir/}
# - {name: ledaModz, unit: mag, datatype: float64, description: Dist modulus from LEDA /modz/ based on /vvir/}
# - {name: ledaD25, unit: arcmin, datatype: float64, format: .2f, description: Apparent B diameter from LEDA /logd25/ linearized}
# - {name: ledaAxrat, datatype: float64, format: .4f, description: Minor to major axis ratio from LEDA /logr25/ linearized}
# - {name: ledaAxIncl, unit: deg, datatype: float64, format: .1f, description: Inclination estimated from LEDA axratio using Bottinelli+83}
# - {name: ledaDistMpc, unit: Mpc, datatype: float64, format: .2f, description: Luminosity distance in Mpc corresponding to ledaModz}
# - {name: ledaHIflux, unit: Jy km / s, datatype: float64, format: .2f, description: 21cm flux from LEDA /m21/ linearized}
# delimiter: ','
# meta: !!omap
# - {date: '2022-01-27'}
# - {comments: Galaxy Parameters from HyperLEDA}
# schema: astropy-2.0
Name,ledaRA,ledaDE,ledaMorph,ledaBar,ledaRing,ledaMultiple,ledaType,ledaPA,ledaBt,ledaIt,ledaVmaxg,ledaFIR,ledaVrad,ledaA_Bgal,ledaIncl,ledaVrot,ledaVvir,ledaModz,ledaD25,ledaAxrat,ledaAxIncl,ledaDistMpc,ledaHIflux
[from data line 245]
UGC10205,16.1111609,30.0990003,Sa,,,M,0.9,133.13,14.389,12.51,261.17,13.735,6567.9,0.201,59.15,304.2,6831.1,34.989,1.4454397707459272,0.5861381645140287,56.33506423626309,99.49471217509914,2.0398583002685573
UGC10331,16.289198,59.3201405,Sbc,,,,3.8,145.51,14.745,13.788,101.23,12.843,4472.1,0.057,82.54,102.09,4783.2,34.208,1.4554590805819663,0.2648500138606701,78.07981167857689,69.43844712409815,4.285485203974389
UGC10337,16.3246136,7.2787645,SABb,B,,,3.1,65.26,14.864,13.419,257.12,,8759.9,0.335,80.33,260.83,8941.2,35.582,1.2105981335504823,0.3019951720402016,75.82080679049041,130.73744701631327,2.87872381083525
UGC10380,16.430536,16.5761221,Sb,,,,3.0,110.88,15.381,13.664,242.42,,8750.3,0.23,90.0,242.42,8971.2,35.582,1.5452544395384142,0.15631476426409538,85.43861199897005,130.73744701631327,3.5612298094276134
UGC10384,16.4463011,11.5802432,Sab,,,,1.6,90.69,14.996,13.674,165.88,12.141,4961.9,0.253,90.0,165.88,5162.8,34.37,1.1668096170609625,0.20941124558508925,80.70215283334709,74.81695005111537,8.105876824647362
UGC10388,16.4508305,16.382248,SABa,B,R,,1.0,128.25,14.825,12.985,201.34,,4609.0,0.257,90.0,201.34,4829.3,34.227,1.5631476426409538,0.29241523778433354,79.0517553520289,70.04868712316816,2.278242766250078
UGC10710,17.1145832,43.1221482,Sb,,,,3.0,149.58,14.996,13.019,244.77,,8327.5,0.149,84.16,246.05,8626.5,35.499,1.6672472125510627,0.2754228703338166,77.9693004678391,125.83457886902866,3.959132167281654
UGC10905,17.5684417,25.3439222,S0-a,,,,-0.1,171.66,14.459,,,,7843.0,0.309,68.36,,8098.6,35.367,1.5310874616820305,0.5069907082747044,63.015742098482946,118.41316792087589,
UGC10972,17.7727439,26.543639,Sc,,,,5.9,55.17,14.391,12.51,180.73,,4651.6,0.288,80.08,183.47,4910.4,34.263,2.084490883097289,0.24831331052955705,77.90600689024635,71.2196770487378,7.177942912713609
UGC11649,20.9243377,-1.2252027,SBa,B,R,,1.1,90.94,14.405,12.721,127.98,,3789.6,0.506,45.53,179.35,3874.5,33.755,1.4454397707459272,0.737904230129101,43.8302195595312,56.36376558259551,7.613774324561505
UGC11680NED02,21.1294095,3.8777637,E-S0,,,M,-3.2,-25.0,14.95,,,11.978,7861.8,0.362,0.0,,7964.1,35.322,0.688652296344276,1.0,0.0,115.98451211901681,
UGC11717,21.309825,19.7186389,Sbc,,,,3.8,39.67,15.034,,,13.907,6303.0,0.369,72.51,,6468.8,34.867,1.2133888504649777,0.37411058827205335,70.2183696772461,94.0589226426993,
UGC11792,21.703495,5.6153177,Sc,,,,5.8,160.29,15.525,13.012,162.46,,4812.4,0.605,90.0,162.46,4902.7,34.263,1.3583134465871542,0.18323144223712115,82.99125003939763,71.2196770487378,3.688077172261537
UGC11958,22.2463558,13.8408182,E-S0,,,M,-3.0,143.41,14.56,12.849,,,7858.6,0.279,90.0,,7966.4,35.322,1.9769696401118608,0.4335108783875289,73.58908211253336,115.98451211901681,
UGC11982,22.3147083,-1.0586722,SBc,B,,,6.0,171.84,15.711,14.439,122.92,,4905.3,0.453,84.61,123.46,4941.1,34.281,1.2217996601648717,0.20044720273651614,81.39444565708514,71.81249238834741,5.119175279997099
UGC12224,22.8773028,6.0936667,Sc,,,,5.9,46.5,15.217,,81.42,,3506.0,0.375,29.55,165.11,3553.7,33.565,1.492794409578996,0.8749837752274361,29.25603846328032,51.64163692720705,7.827084095906104
UGC12250,22.9266467,12.7903204,SBb,B,R,,3.0,12.83,14.256,12.804,183.95,,7225.5,0.212,55.78,222.47,7302.5,35.131,1.6749428760264373,0.6011737374832781,54.39119157728282,106.2184598668703,1.8879913490962894
UGC12274,22.9721,26.0619722,Sab,,,,2.0,142.25,15.326,,180.87,,7656.3,0.438,81.02,183.12,7790.2,35.276,1.336595516546442,0.3273406948788382,74.84880575376967,113.55336278419385,0.5685910246988536
UGC12348,23.0885639,0.1893611,SBa,B,,,1.0,136.5,15.43,,190.12,13.145,7619.5,0.208,90.0,190.12,7630.7,35.228,1.2735030810166617,0.2558585886905646,82.97830166934034,111.0708255918865,2.301441817408503
UGC12494,23.3146111,6.8772222,Scd,B,,M,6.7,34.34,15.2,13.855,91.57,,4193.9,0.454,76.78,94.06,4227.9,33.951,1.409288798421875,0.27925438412373377,75.43532066407509,61.68790197459379,5.152286445817562
UGC12518,23.3369021,7.932221,Sb,,,,3.0,25.0,15.622,12.88,166.42,,2787.0,0.492,90.0,166.42,2825.2,33.068,1.409288798421875,0.2137962089502232,83.64833468452171,41.07712125533874,3.156457891299064
UGC12519,23.3341092,15.9527311,SBbc,B,,,4.5,157.0,14.225,12.63,145.04,13.003,4376.8,0.181,76.63,149.09,4452.6,34.054,1.3489628825916533,0.3126079367123955,74.13321079296303,64.68446641717226,4.211143104363176
UGC12633,23.5037918,15.7610265,SBa,B,,M,1.3,144.54,15.184,12.993,150.31,11.919,4171.2,0.217,50.9,193.69,4239.6,33.952,0.8770008211436346,0.6760829753919817,49.04719917776445,61.71631684555834,5.675446054085461
UGC12688,23.5905861,7.3221111,Sc,,,M,6.0,88.0,14.317,,143.2,13.352,5226.0,0.364,79.35,145.71,5251.2,34.421,1.4962356560944337,0.2546830252585041,77.40741807020915,76.59492583728877,6.649668571246749
UGC12810,23.8517344,1.0566681,Sbc,B,R,M,3.8,52.75,14.262,12.757,200.59,13.203,8091.4,0.097,70.82,212.37,8076.2,35.356,1.6904409316432643,0.3953666200681279,68.74853991822225,117.81484060029273,5.267444883319054
UGC12816,23.8640667,3.0827222,SABc,B,,,5.8,145.4,14.685,13.219,117.65,,5324.9,0.204,55.86,142.15,5318.9,34.438,0.8912509381337455,0.580764417521312,55.27580145040859,77.19692476102523,7.105587633694722
VV488NED02,22.947464,-8.9675601,SBc,B,,,4.9,73.64,15.367,13.059,313.0,,4934.0,0.157,90.0,313.0,4907.0,34.263,2.065380155810529,0.19142559250210858,83.17791678887711,71.2196770487378,10.500258721108835
