edge_pydb/dat_glob/external/edge_leda.csv
# %ECSV 1.0
# ---
# datatype:
# - {name: Name, datatype: string, description: Galaxy Name}
# - {name: ledaName, datatype: string, description: Galaxy name as known by LEDA}
# - {name: ledaRA, unit: hourangle, datatype: float64, description: RA J2000 from LEDA /al2000/}
# - {name: ledaDE, unit: deg, datatype: float64, description: DEC J2000 from LEDA /de2000/}
# - {name: ledaMorph, datatype: string, description: Hubble type from LEDA /type/}
# - {name: ledaBar, datatype: string, description: B = bar present from LEDA /bar/}
# - {name: ledaRing, datatype: string, description: R = ring present from LEDA /ring/}
# - {name: ledaMultiple, datatype: string, description: M = multiple system from LEDA /multiple/}
# - {name: ledaType, datatype: float64, description: Morphological type from LEDA /t/}
# - {name: ledaPA, unit: deg, datatype: float64, description: 'PA from LEDA /pa/, N to E'}
# - {name: ledaBt, unit: mag, datatype: float64, description: Apparent B total magnitude from LEDA /bt/}
# - {name: ledaIt, unit: mag, datatype: float64, description: Apparent I total magnitude from LEDA /it/}
# - {name: ledaVmaxg, unit: km / s, datatype: float64, description: HI max v_rot uncorrected for incl from LEDA /vmaxg/}
# - {name: ledaFIR, unit: mag, datatype: float64, description: FIR flux as magnitude from LEDA /mfir/}
# - {name: ledaVrad, unit: km / s, datatype: float64, description: cz from mean data from LEDA /v/}
# - {name: ledaA_Bgal, unit: mag, datatype: float64, description: Galactic A_B from LEDA /ag/}
# - {name: ledaIncl, unit: deg, datatype: float64, description: Morph inclination from LEDA /incl/}
# - {name: ledaVrot, unit: km / s, datatype: float64, description: HI max v_rot corrected for incl from LEDA /vrot/}
# - {name: ledaVvir, unit: km / s, datatype: float64, description: Virgo infall corrected cz from LEDA /vvir/}
# - {name: ledaModz, unit: mag, datatype: float64, description: Dist modulus from LEDA /modz/ based on /vvir/}
# - {name: ledaD25, unit: arcmin, datatype: float64, format: .2f, description: Apparent B diameter from LEDA /logd25/ linearized}
# - {name: ledaAxrat, datatype: float64, format: .4f, description: Minor to major axis ratio from LEDA /logr25/ linearized}
# - {name: ledaAxIncl, unit: deg, datatype: float64, format: .1f, description: Inclination estimated from LEDA axratio using Bottinelli+83}
# - {name: ledaDistMpc, unit: Mpc, datatype: float64, format: .2f, description: Luminosity distance in Mpc corresponding to ledaModz}
# - {name: ledaHIflux, unit: Jy km / s, datatype: float64, format: .2f, description: 21cm flux from LEDA /m21/ linearized}
# - {name: ID, datatype: int64, description: CALIFA ID}
# delimiter: ','
# meta: !!omap
# - {comments: Galaxy Parameters from HyperLEDA}
# - {date: '2022-02-08'}
# schema: astropy-2.0
Name,ledaName,ledaRA,ledaDE,ledaMorph,ledaBar,ledaRing,ledaMultiple,ledaType,ledaPA,ledaBt,ledaIt,ledaVmaxg,ledaFIR,ledaVrad,ledaA_Bgal,ledaIncl,ledaVrot,ledaVvir,ledaModz,ledaD25,ledaAxrat,ledaAxIncl,ledaDistMpc,ledaHIflux,ID
[from data line 545]
UGC08984,UGC08984,14.0630998,35.7417243,Sab,,,,2.0,35.1,14.114,12.651,,,3805.6,0.033,90.0,,4047.0,33.845,1.0690548792226577,0.25003453616964316,81.52181199946355,58.74893525297766,,702
UGC08988,UGC08988,14.0556241,60.9901968,Sc,,,,5.9,173.91,15.396,14.005,92.41,,2079.3,0.066,80.61,93.66,2367.6,32.698,1.4655478409559113,0.24266100950824154,78.30770324267553,34.64176410352489,2.6181830082189808,697
UGC09056,UGC09056,14.1560094,49.0379243,Scd,,,,7.0,139.49,14.452,13.938,77.52,,2039.8,0.14,73.66,80.78,2314.3,32.661,1.137627285823431,0.3198895109691398,72.65760429190988,34.056498956736135,4.8439538854784,3031
UGC09067,UGC09067,14.1792947,15.2094136,Sab,,,,2.0,10.64,14.594,13.332,184.11,13.32,7840.5,0.073,69.45,196.62,8012.4,35.333,0.8128305161640994,0.4446312674691087,66.20405755369157,116.57354404412692,2.6570516703550706,714
UGC09071,UGC09071,14.167519,54.2183551,Sc,B,,,5.9,37.71,14.928,13.721,84.58,,1823.9,0.071,83.84,85.07,2106.7,32.426,1.7741894808901664,0.20892961308540392,80.80250897167616,30.56328280365971,6.0813500127871745,711
UGC09080,UGC09080,14.176639,59.35802,Sc,,,,5.8,40.96,15.582,14.668,74.0,,3064.8,0.045,90.0,74.0,3353.4,33.438,1.233104833228909,0.17060823890031235,84.164833933512,48.70796664925376,4.821697939006174,713
UGC09110,UGC09110,14.2370523,15.6223973,SBb,B,,,3.2,18.41,14.094,13.094,154.66,,4647.9,0.076,70.14,164.44,4823.1,34.226,1.3273944577297396,0.4149540426343629,67.66864348858444,70.01643593729747,9.281111710201674,717
UGC09113,UGC09113,14.2374363,35.4236103,Sb,,,,3.2,57.6,15.453,13.696,122.39,13.105,3183.0,0.102,79.95,124.3,3427.7,33.49,1.513561248436208,0.3040885025676279,75.58464345869513,49.888448746001266,13.489628825916526,718
UGC09165,UGC09165,14.3132799,24.9404747,S0-a,,,,0.3,53.8,15.131,13.112,175.54,11.795,5237.6,0.076,90.0,175.54,5450.6,34.504,1.2133888504649777,0.24945947269429547,86.79660667126217,79.57927898970914,3.5974933515574135,731
UGC09182,UGC09182,14.3461424,21.9357099,Sc,,,,5.8,121.59,14.596,12.893,148.13,13.347,4655.4,0.131,90.0,148.13,4858.3,34.245,2.7352687263067126,0.17060823890031235,84.164833933512,70.63175542629612,12.223624492787302,733
UGC09199,UGC09199,14.3666343,11.1001616,Sbc,,R,,4.0,127.19,15.229,13.519,202.76,,7725.0,0.16,90.0,202.76,7884.7,35.299,1.3396766874259352,0.17906058540352943,86.09057360184234,114.76249989434012,2.6619506511518347,735
UGC09253,UGC09253,14.4495871,31.5170376,SABb,B,,,4.0,46.99,14.56,13.397,124.84,,3914.9,0.066,90.0,124.84,4153.1,33.909,1.9633602768360465,0.2070141348791042,82.79128870692811,60.50621691582962,4.738053933388246,745
UGC09262,UGC09262,14.452859,35.9214913,Sbc,,,,4.4,50.44,15.625,14.015,255.08,12.539,8461.3,0.057,90.0,255.08,8712.3,35.52,1.1614486138403428,0.14655478409559117,86.69996028655899,127.05741052085432,2.945777902339455,747
UGC09291,UGC09291,14.4769152,38.9991636,Sc,,,,6.4,110.5,13.9,12.052,115.33,,2886.7,0.062,62.84,129.62,3146.3,33.303,1.8663796908346695,0.48083934844972853,62.15878865805959,45.77201167050861,8.271799518641332,751
UGC09356,UGC09356,14.5482058,11.5950192,SABc,B,,,4.7,101.56,14.244,12.826,104.64,,2225.6,0.114,60.04,120.77,2392.3,32.698,1.0592537251772887,0.5308844442309884,59.06183607157605,34.64176410352489,16.26297521013408,3032
UGC09401,UGC09401,14.6025727,21.793505,Sa,,,M,1.0,86.19,14.46,12.447,236.91,,5627.5,0.186,73.82,246.67,5836.4,34.647,1.5240527537972914,0.4207266283844441,68.65181157231939,84.99629594496193,2.185747548686935,762
UGC09448,UGC09448,14.6497705,51.1206826,Sb,,,,3.3,86.66,15.203,13.89,113.76,,2196.9,0.077,90.0,113.76,2483.6,32.805,1.6069412530128773,0.12274392311584072,90.0,36.391503612720705,5.301515066784578,765
UGC09476,UGC09476,14.6922234,44.5127532,SABc,B,,M,5.2,128.71,13.762,12.557,101.27,13.137,3270.7,0.078,52.61,127.45,3546.9,33.565,1.5031419660900225,0.6266138646723354,51.9837865070728,51.64163692720705,4.698941086052146,769
UGC09492,UGC09492,14.7367164,7.9496144,SBa,B,R,,1.1,52.85,14.745,12.909,236.57,,8304.8,0.116,68.63,254.03,8460.4,35.456,1.0939563662720937,0.47424198526024464,64.60558817294975,123.3672829766327,1.6672472125510625,772
UGC09518,UGC09518,14.7727143,32.7801274,E,,,,-4.8,0.16,14.338,12.631,,,8714.7,0.059,73.71,,8963.9,35.582,1.1481536214968828,0.7014552984199712,51.498462087085805,130.73744701631327,,773
UGC09537,UGC09537,14.8074328,34.998053,Sb,,,,3.1,139.83,14.695,12.71,299.13,13.747,8820.5,0.09,90.0,299.13,9076.6,35.613,2.2335722228305315,0.16904409316432642,84.10651859885138,132.6172445097383,10.934526967309177,774
UGC09539,UGC09539,14.818324,22.1981458,Sa,,,,0.9,65.98,14.803,13.262,,,6343.2,0.143,79.94,,6558.8,34.895,0.7211074791828996,0.37153522909717257,72.50115867712461,95.27961640236535,,776
UGC09542,UGC09542,14.8169996,42.4639592,Sc,,,,6.4,31.76,15.068,13.439,147.1,,5458.2,0.081,76.06,151.56,5732.5,34.601,1.435489433353656,0.29241523778433354,74.66632079103768,83.21469006867935,5.233593651867576,775
UGC09598,UGC09598,14.9191836,43.8185803,SABc,B,,,5.7,122.13,14.787,13.019,176.71,,5577.3,0.101,71.24,186.63,5856.2,34.647,1.6218100973589298,0.3655947916131249,70.03795774956842,84.99629594496193,2.8840315031266024,779
UGC09629,UGC09629,14.9531247,52.3460264,Sa,,R,,0.9,153.52,14.532,13.05,,,7822.6,0.092,76.64,,8115.5,35.367,1.4962356560944337,0.3971915494694403,70.51841634518601,118.41316792087589,,782
UGC09665,UGC09665,15.0256829,48.3197881,Sbc,,,M,4.0,143.03,14.684,13.088,134.91,12.352,2557.6,0.098,90.0,134.91,2846.1,33.098,1.6943378004473288,0.22594357702209775,81.05536606229984,41.648560934074126,12.325370982033437,783
UGC09708,UGC09708,15.1090179,9.4495557,Sb,,,M,3.2,161.02,15.178,14.402,62.56,,8416.8,0.146,34.89,109.38,8587.8,35.488,0.7998342550070285,0.8336811846196344,34.155954610234424,125.19875206248813,2.425492857109421,2785
UGC09711,UGC09711,15.1101552,9.4384897,Sa,,,,1.1,107.35,15.32,13.852,,12.718,8342.3,0.146,90.0,,8513.3,35.477,1.2274392311584073,0.19815270258050985,81.5822159078743,124.5661380113885,,785
UGC09759,UGC09759,15.1780571,55.3498168,Sb,,,,2.5,52.73,15.142,13.119,138.85,13.27,3427.3,0.053,63.2,155.56,3726.3,33.662,1.333521432163324,0.5128613839913648,61.0536372937027,54.000775906659264,8.55066712884682,788
UGC09777,UGC09777,15.2375431,20.478665,Sab,,R,,2.0,149.64,14.818,13.365,135.46,13.462,4691.8,0.203,68.23,145.86,4909.9,34.263,0.9332543007969911,0.45919801283686856,65.15526117583397,71.2196770487378,7.14496326075512,790
UGC09842,UGC09842,15.4182789,37.9601691,Sb,B,,,3.0,71.5,15.359,13.917,203.72,12.577,8927.0,0.06,79.66,207.09,9201.5,35.643,1.468926277643867,0.309741929921658,75.31879962047033,134.46213415344886,5.058246620031133,792
UGC09868,UGC09868,15.4873979,52.8639241,E,,,,-5.0,29.02,15.952,13.807,,,21860.9,0.06,90.0,,22161.3,37.598,1.2050359403717974,0.5260172663907061,69.71006581747521,330.82627885569786,,3033
UGC09873,UGC09873,15.4973994,42.6289746,Sc,,R,,5.3,125.9,15.477,13.958,130.72,13.852,5618.2,0.129,83.27,131.62,5903.7,34.678,1.3304544179780915,0.2269864851883822,79.83602641627597,86.21840810727005,3.584264080437142,797
UGC09892,UGC09892,15.5477652,41.1914589,Sb,,,,3.2,101.73,15.16,13.77,148.18,,5658.2,0.112,90.0,148.18,5941.6,34.678,1.3031667784522993,0.24266100950824154,80.4962745560566,86.21840810727005,3.7290653996215215,798
UGC09901,UGC09901,15.57415,12.2703273,Sbc,,,M,4.0,177.89,15.195,14.121,99.67,,3160.8,0.172,90.0,99.67,3353.0,33.438,1.2445146117713852,0.1241652307592411,90.0,48.70796664925376,5.893862502405802,800
UGC09919,UGC09919,15.5943476,12.6063777,Sc,,,,5.8,169.98,15.059,13.912,116.07,14.1,3178.0,0.192,90.0,116.07,3371.9,33.464,1.4757065332758947,0.12161860006463679,90.0,49.29467413122059,5.6911495762884,805
UGC09937,UGC09937,15.623032,20.5497763,S0-a,,,,0.0,15.61,14.487,12.715,,,4450.1,0.223,90.0,,4675.5,34.17,1.1830415557251646,0.18407720014689558,82.74452679637746,68.23386941416705,,808
UGC10042,UGC10042,15.8158653,7.2223099,Sc,,,,5.7,169.86,14.725,13.102,148.58,13.562,4223.1,0.155,84.19,149.35,4397.5,34.034,1.3489628825916533,0.20941124558508925,80.90762564509609,64.09143566447763,5.053589947531671,812
UGC10043,UGC10043,15.8114754,21.8695246,Sbc,,,,4.2,150.04,15.123,13.76,146.1,12.703,2156.9,0.247,90.0,146.1,2389.9,32.698,2.1978598727848255,0.142232878712282,87.4097448121017,34.64176410352489,16.534840121711518,811
UGC10097,UGC10097,15.9286889,47.8672967,S0,,,,-2.2,123.86,14.021,,,,5966.8,0.077,48.2,,6266.0,34.796,1.4157937799570819,0.7585775750291838,43.36576590874726,91.03323996799098,,814
UGC10117,UGC10117,15.9899733,21.6035196,Sab,,,,2.0,131.78,15.29,13.583,,14.219,5349.6,0.338,82.82,,5584.1,34.553,0.9862794856312105,0.3147748314101316,75.8340929430157,81.39542590972674,,3035
UGC10123,UGC10123,15.9841357,51.3046158,SBab,B,,,2.0,54.71,14.865,13.114,198.06,12.379,3750.7,0.063,90.0,198.06,4054.5,33.845,1.1561122421920986,0.23173946499684786,83.57067987613829,58.74893525297766,5.277156817648117,818
UGC10205,UGC10205,16.1111609,30.0990003,Sa,,,M,0.9,133.13,14.389,12.51,261.17,13.735,6567.9,0.201,59.15,304.2,6831.1,34.989,1.4454397707459272,0.5861381645140287,56.33506423626309,99.49471217509914,2.0398583002685573,822
UGC10257,UGC10257,16.1854377,38.2512543,SABb,B,,,4.0,164.6,14.911,,140.53,,3827.4,0.069,86.92,140.73,4112.0,33.888,1.6255487557504844,0.23280912576650079,80.46975873475621,59.92389025834776,6.29796147929517,825
UGC10297,UGC10297,16.2580114,18.9047852,SBc,B,,,5.2,0.89,14.989,13.282,102.97,,2305.4,0.238,90.0,102.97,2533.3,32.839,2.1527817347243725,0.19952623149688797,82.13293580069848,36.965790681932724,3.9012160295267506,827
UGC10331,UGC10331,16.289198,59.3201405,Sbc,,,,3.8,145.51,14.745,13.788,101.23,12.843,4472.1,0.057,82.54,102.09,4783.2,34.208,1.4554590805819663,0.2648500138606701,78.07981167857689,69.43844712409815,4.285485203974389,828
UGC10337,UGC10337,16.3246136,7.2787645,SABb,B,,,3.1,65.26,14.864,13.419,257.12,,8759.9,0.335,80.33,260.83,8941.2,35.582,1.2105981335504823,0.3019951720402016,75.82080679049041,130.73744701631327,2.87872381083525,830
UGC10380,UGC10380,16.430536,16.5761221,Sb,,,,3.0,110.88,15.381,13.664,242.42,,8750.3,0.23,90.0,242.42,8971.2,35.582,1.5452544395384142,0.15631476426409538,85.43861199897005,130.73744701631327,3.5612298094276134,834
UGC10384,UGC10384,16.4463011,11.5802432,Sab,,,,1.6,90.69,14.996,13.674,165.88,12.141,4961.9,0.253,90.0,165.88,5162.8,34.37,1.1668096170609625,0.20941124558508925,80.70215283334709,74.81695005111537,8.105876824647362,837
UGC10388,UGC10388,16.4508305,16.382248,SABa,B,R,,1.0,128.25,14.825,12.985,201.34,,4609.0,0.257,90.0,201.34,4829.3,34.227,1.5631476426409538,0.29241523778433354,79.0517553520289,70.04868712316816,2.278242766250078,838
UGC10650,UGC10650,17.0040444,23.1062718,IB,B,,M,9.9,26.97,15.232,,58.6,,2964.1,0.319,90.0,58.6,3212.0,33.358,1.2445146117713852,0.19952623149688797,79.70161882598536,46.94615193825906,3.3113112148259027,843
UGC10693,UGC10693,17.0813965,41.8655324,E,,,,-4.9,104.25,14.158,,,,8353.0,0.098,90.0,,8649.9,35.509,1.6826740610704674,0.6309573444801932,58.61896084065081,126.41540489485821,,845
UGC10695,UGC10695,17.0848851,43.0431891,E,,,M,-4.9,110.75,14.832,,,,8328.0,0.105,90.0,,8626.9,35.499,1.5848931924611134,0.6251726927756859,59.188928898115684,125.83457886902866,,846
UGC10710,UGC10710,17.1145832,43.1221482,Sb,,,,3.0,149.58,14.996,13.019,244.77,,8327.5,0.149,84.16,246.05,8626.5,35.499,1.6672472125510627,0.2754228703338166,77.9693004678391,125.83457886902866,3.959132167281654,847
UGC10796,UGC10796,17.2799181,61.9201085,Sb,B,,M,3.4,73.59,14.774,13.836,64.88,,3073.2,0.084,72.48,68.04,3387.3,33.464,1.3031667784522993,0.38106582339377304,69.9363337580602,49.29467413122059,3.37287308658869,852
UGC10799,UGC10799,17.3151257,29.8561729,Sc,,,,5.9,80.0,15.642,,197.88,,8509.4,0.164,90.0,197.88,8778.8,35.541,1.0839269140212033,0.1096478196143185,90.0,128.29212537094006,0.47907113000307305,855
UGC10803,UGC10803,17.2681313,73.4360503,SABa,B,,M,1.5,24.47,12.842,,104.25,,1253.4,0.201,44.84,147.85,1559.9,31.809,1.0914403364487566,0.7413102413009175,43.41193641644018,23.00382208287022,8.527073373436274,3038
UGC10811,UGC10811,17.3121447,58.135162,Sab,B,R,,2.1,92.31,14.957,13.389,,,8718.4,0.129,80.65,,9032.2,35.603,1.2022644346174132,0.328095293113119,74.69663447949756,132.00792361922575,,854
UGC10905,UGC10905,17.5684417,25.3439222,S0-a,,,,-0.1,171.66,14.459,,,,7843.0,0.309,68.36,,8098.6,35.367,1.5310874616820305,0.5069907082747044,63.015742098482946,118.41316792087589,,858
UGC10972,UGC10972,17.7727439,26.543639,Sc,,,,5.9,55.17,14.391,12.51,180.73,,4651.6,0.288,80.08,183.47,4910.4,34.263,2.084490883097289,0.24831331052955705,77.90600689024635,71.2196770487378,7.177942912713609,861
UGC11228,UGC11228,18.4128709,41.4926139,S0,B,,,-2.0,178.0,14.473,,,,5771.4,0.266,71.4,,6063.4,34.723,1.1194378834671515,0.5495408738576245,61.45781762541903,88.0237770591344,,865
UGC11262,UGC11262,18.5099314,42.6925907,Sc,,,,6.4,50.6,15.424,13.482,144.67,,5558.7,0.171,67.35,156.76,5852.1,34.647,1.3677288255958489,0.41591061049402206,66.50840224516202,84.99629594496193,5.128613839913643,866
UGC11649,UGC11649,20.9243377,-1.2252027,SBa,B,R,,1.1,90.94,14.405,12.721,127.98,,3789.6,0.506,45.53,179.35,3874.5,33.755,1.4454397707459272,0.737904230129101,43.8302195595312,56.36376558259551,7.613774324561505,872
UGC11680NED01,PGC066146,21.1281701,3.872119,Sc,,,M,5.8,175.0,14.341,,227.62,,7773.1,0.364,68.7,244.32,7875.4,35.299,1.7498466886246575,0.4008667176273028,67.66084219626703,114.76249989434012,1.9952623149688797,873
UGC11680NED02,PGC066150,21.1294095,3.8777637,E-S0,,,M,-3.2,155.0,14.95,,,11.978,7861.8,0.362,0.0,,7964.1,35.322,0.688652296344276,1.0,0.0,115.98451211901681,,2873
UGC11694,UGC11694,21.1978298,11.2761374,,,,,,35.0,15.116,,276.36,,5054.8,0.433,39.8,431.71,5188.5,34.387,1.5100801541641486,0.7762471166286917,,75.40497494853079,,875
UGC11717,UGC11717,21.309825,19.7186389,Sbc,,,,3.8,39.67,15.034,,,13.907,6303.0,0.369,72.51,,6468.8,34.867,1.2133888504649777,0.37411058827205335,70.2183696772461,94.0589226426993,,877
UGC11740,UGC11740,21.4373197,9.7979151,Sb,,,,3.0,120.15,14.735,13.512,171.63,,6432.4,0.198,80.17,174.19,6551.3,34.895,1.1614486138403428,0.3061963433690677,75.58514072199007,95.27961640236535,,879
UGC11792,UGC11792,21.703495,5.6153177,Sc,,,,5.8,160.29,15.525,13.012,162.46,,4812.4,0.605,90.0,162.46,4902.7,34.263,1.3583134465871542,0.18323144223712115,82.99125003939763,71.2196770487378,3.688077172261537,880
UGC11958,NGC7237,22.2463558,13.8408182,E-S0,,,M,-3.0,143.41,14.56,12.849,,,7858.6,0.279,90.0,,7966.4,35.322,1.9769696401118608,0.4335108783875289,73.58908211253336,115.98451211901681,,883
UGC11982,UGC11982,22.3147083,-1.0586722,SBc,B,,,6.0,171.84,15.711,14.439,122.92,,4905.3,0.453,84.61,123.46,4941.1,34.281,1.2217996601648717,0.20044720273651614,81.39444565708514,71.81249238834741,5.119175279997099,884
UGC12054,UGC12054,22.4923398,7.7260618,Sbc,,,,3.5,47.57,15.004,13.855,90.6,,2067.0,0.477,90.0,90.6,2137.5,32.467,1.1561122421920986,0.21478304741305337,82.71634570730022,31.145836540121316,9.51480736351757,885
UGC12127,UGC12127,22.6414872,35.3306774,E,,,,-4.9,10.0,14.92,,,,8284.7,0.325,0.0,,8466.2,35.456,1.4521116175877422,1.0,0.0,123.3672829766327,,888
UGC12185,UGC12185,22.7902944,31.3735278,SBab,B,R,,2.5,150.25,14.723,,198.68,,6635.0,0.264,67.14,215.62,6796.7,34.976,1.3963683610559379,0.463446919736288,64.59010541881824,98.90084450210652,3.5809643710263543,890
UGC12224,UGC12224,22.8773028,6.0936667,Sc,,,,5.9,46.5,15.217,,81.42,,3506.0,0.375,29.55,165.11,3553.7,33.565,1.492794409578996,0.8749837752274361,29.25603846328032,51.64163692720705,7.827084095906104,891
UGC12250,UGC12250,22.9266467,12.7903204,SBb,B,R,,3.0,12.83,14.256,12.804,183.95,,7225.5,0.212,55.78,222.47,7302.5,35.131,1.6749428760264373,0.6011737374832781,54.39119157728282,106.2184598668703,1.8879913490962894,4031
UGC12274,UGC12274,22.9721,26.0619722,Sab,,,,2.0,142.25,15.326,,180.87,,7656.3,0.438,81.02,183.12,7790.2,35.276,1.336595516546442,0.3273406948788382,74.84880575376967,113.55336278419385,0.5685910246988536,894
