dat_glob/obs/edge_coflux_e20.csv
# %ECSV 0.9
# ---
# datatype:
# - {name: Name, datatype: string, description: Galaxy Name}
# - {name: coRactr_e20, unit: deg, datatype: float64, format: .4f, description: Reference R.A. of e20 CARMA cube}
# - {name: coDectr_e20, unit: deg, datatype: float64, format: .4f, description: Reference Dec. of e20 CARMA cube}
# - {name: coCtrint_e20, unit: K km / s, datatype: float64, format: .3f, description: Unmasked CO intensity at reference pixel}
# - {name: coBmaj_e20, unit: arcsec, datatype: float64, format: .3f, description: Beam major axis of e20 co cube}
# - {name: coBmin_e20, unit: arcsec, datatype: float64, format: .3f, description: Beam minor axis of e20 co cube}
# - {name: coBpa_e20, unit: deg, datatype: float64, format: .3f, description: Beam pos ang (deg E of N) of e20 co cube}
# - {name: coNomask_e20, unit: Jy km / s, datatype: float64, format: .3f, description: co flux from unmasked e20 cube}
# - {name: coeNomask_e20, unit: Jy km / s, datatype: float64, format: .3f, description: co flux uncertainty from unmasked e20 cube}
# - {name: coNomaskDv_e20, unit: km / s, datatype: float64, format: .3f, description: co velocity width for unmasked e20 cube}
# - {name: coDilated_e20, unit: Jy km / s, datatype: float64, format: .3f, description: co flux from dilated-masked e20 cube}
# - {name: coeDilated_e20, unit: Jy km / s, datatype: float64, format: .3f, description: co flux uncertainty from dilated-masked e20 cube}
# - {name: coSmooth_e20, unit: Jy km / s, datatype: float64, format: .3f, description: co flux from smoothed-masked e20 cube}
# - {name: coeSmooth_e20, unit: Jy km / s, datatype: float64, format: .3f, description: co flux uncertainty from smoothed-masked e20 cube}
# - {name: coSmoothDv_e20, unit: km / s, datatype: float64, format: .3f, description: co velocity width for smooth-masked e20 cube}
# - {name: coMask2d_e20, unit: Jy km / s, datatype: float64, format: .3f, description: co flux from 2D masked e20 cube}
# - {name: coeMask2d_e20, unit: Jy km / s, datatype: float64, format: .3f, description: co flux uncertainty from 2D masked e20 cube}
# - {name: coSNRmax_e20, datatype: float64, format: .3f, description: Maximum SNR of co in e20 cube}
# - {name: coSNR4pix_e20, datatype: float64, format: .3f, description: Number of XY pixels with co peak Tb > 4 sigma}
# - {name: coSNR5pix_e20, datatype: float64, format: .3f, description: Number of XY pixels with co peak Tb > 5 sigma}
# - {name: cottBmaj_e20, unit: arcsec, datatype: float64, format: .3f, description: Beam major axis of e20 13co cube}
# - {name: cottBmin_e20, unit: arcsec, datatype: float64, format: .3f, description: Beam minor axis of e20 13co cube}
# - {name: cottBpa_e20, unit: deg, datatype: float64, format: .3f, description: Beam pos ang (deg E of N) of e20 13co cube}
# - {name: cottNomask_e20, unit: Jy km / s, datatype: float64, format: .3f, description: 13co flux from unmasked e20 cube}
# - {name: cotteNomask_e20, unit: Jy km / s, datatype: float64, format: .3f, description: 13co flux uncertainty from unmasked e20 cube}
# - {name: cottNomaskDv_e20, unit: km / s, datatype: float64, format: .3f, description: 13co velocity width for unmasked e20 cube}
# - {name: cottDilated_e20, unit: Jy km / s, datatype: float64, format: .3f, description: 13co flux from dilated-masked e20 cube}
[...]
#     cube}
# - {name: cottSmooth_e20, unit: Jy km / s, datatype: float64, format: .3f, description: 13co flux from smoothed-masked e20 cube}
# - {name: cotteSmooth_e20, unit: Jy km / s, datatype: float64, format: .3f, description: 13co flux uncertainty from smoothed-masked e20
#     cube}
# - {name: cottSmoothDv_e20, unit: km / s, datatype: float64, format: .3f, description: 13co velocity width for smooth-masked e20 cube}
# - {name: cottMask2d_e20, unit: Jy km / s, datatype: float64, format: .3f, description: 13co flux from 2D masked e20 cube}
# - {name: cotteMask2d_e20, unit: Jy km / s, datatype: float64, format: .3f, description: 13co flux uncertainty from 2D masked e20 cube}
# - {name: cottSNRmax_e20, datatype: float64, format: .3f, description: Maximum SNR of 13co in e20 cube}
# - {name: cottSNR4pix_e20, datatype: float64, format: .3f, description: Number of XY pixels with 13co peak Tb > 4 sigma}
# - {name: cottSNR5pix_e20, datatype: float64, format: .3f, description: Number of XY pixels with 13co peak Tb > 5 sigma}
# delimiter: ','
# schema: astropy-2.0
Name,coRactr_e20,coDectr_e20,coCtrint_e20,coBmaj_e20,coBmin_e20,coBpa_e20,coNomask_e20,coeNomask_e20,coNomaskDv_e20,coDilated_e20,coeDilated_e20,coSmooth_e20,coeSmooth_e20,coSmoothDv_e20,coMask2d_e20,coeMask2d_e20,coSNRmax_e20,coSNR4pix_e20,coSNR5pix_e20,cottBmaj_e20,cottBmin_e20,cottBpa_e20,cottNomask_e20,cotteNomask_e20,cottNomaskDv_e20,cottDilated_e20,cotteDilated_e20,cottSmooth_e20,cotteSmooth_e20,cottSmoothDv_e20,cottMask2d_e20,cotteMask2d_e20,cottSNRmax_e20,cottSNR4pix_e20,cottSNR5pix_e20
ARP220,233.7383,23.5037,361.021,12.390,6.060,-66.500,299.655,31.342,1600.000,463.470,6.101,473.831,9.965,780.000,430.698,21.360,42.650,433.000,312.000,12.850,6.240,-65.800,26.249,19.296,1600.000,nan,nan,nan,nan,nan,nan,nan,4.277,15.000,0.000
IC0480,118.8467,26.7411,26.484,7.870,6.440,-87.300,47.856,37.970,860.000,81.413,4.801,99.406,11.423,420.000,86.530,26.627,8.354,179.000,114.000,8.060,6.630,87.700,5.062,19.374,860.000,nan,nan,nan,nan,nan,nan,nan,4.106,7.000,0.000
IC0540,142.5429,7.9028,29.735,7.400,6.590,-22.600,-0.894,49.510,860.000,7.683,1.892,nan,nan,nan,nan,nan,4.453,16.000,0.000,7.740,6.700,-26.300,-6.305,21.407,860.000,nan,nan,nan,nan,nan,nan,nan,4.346,14.000,0.000
IC0944,207.8787,14.0922,39.596,13.500,6.450,-73.200,17.127,22.712,860.000,87.059,4.724,88.380,7.262,640.000,62.692,14.434,6.982,350.000,104.000,14.040,6.650,-72.800,8.268,13.474,860.000,nan,nan,nan,nan,nan,nan,nan,4.658,18.000,0.000
IC1151,239.6346,17.4414,1.046,8.270,6.570,-41.600,-32.463,49.745,860.000,nan,nan,nan,nan,nan,nan,nan,4.390,9.000,0.000,8.660,6.780,-41.600,-16.070,21.695,860.000,nan,nan,nan,nan,nan,nan,nan,4.403,26.000,0.000
IC1199,242.6429,10.0404,22.380,8.630,6.220,-50.800,-8.374,34.913,860.000,nan,nan,31.576,8.276,260.000,8.210,21.732,4.370,13.000,0.000,9.010,6.410,-51.000,-7.800,17.235,860.000,nan,nan,nan,nan,nan,nan,nan,4.323,8.000,0.000
IC1256,260.9471,26.4865,-1.915,8.570,6.010,-59.200,-20.045,77.430,860.000,nan,nan,nan,nan,nan,nan,nan,4.746,18.000,0.000,9.020,6.250,-58.100,-14.229,43.862,860.000,nan,nan,nan,nan,nan,nan,nan,4.220,9.000,0.000
IC1683,20.6621,34.4371,62.578,11.350,6.740,64.100,31.126,28.459,860.000,90.421,4.543,89.599,7.549,420.000,65.392,13.802,10.100,256.000,157.000,11.870,6.850,64.400,-13.595,15.689,860.000,nan,nan,nan,nan,nan,nan,nan,4.014,1.000,0.000
IC2247,123.9963,23.1996,39.223,10.080,6.690,-52.700,-6.630,30.995,860.000,86.381,4.875,101.521,8.534,480.000,107.153,17.296,6.955,282.000,160.000,10.230,6.850,-54.300,8.451,16.754,860.000,nan,nan,nan,nan,nan,nan,nan,4.544,28.000,0.000
IC2487,142.5383,20.0908,13.774,11.360,7.840,-85.300,20.692,31.354,860.000,39.388,3.862,54.501,7.513,420.000,25.696,17.321,5.052,133.000,2.000,11.740,7.970,-86.700,-6.931,16.478,860.000,nan,nan,nan,nan,nan,nan,nan,3.876,0.000,0.000
IC4566,234.1758,43.5393,3.845,8.370,6.220,84.200,-16.641,28.577,860.000,20.194,2.519,51.413,7.145,460.000,30.993,17.846,5.854,56.000,11.000,8.540,6.370,84.500,-13.034,17.795,860.000,nan,nan,nan,nan,nan,nan,nan,4.446,10.000,0.000
IC5376,0.3325,34.5257,4.180,8.540,6.530,-65.000,-13.873,26.933,860.000,5.372,1.339,nan,nan,nan,nan,nan,4.505,30.000,0.000,8.800,6.700,-65.600,19.286,14.978,860.000,nan,nan,nan,nan,nan,nan,nan,5.370,49.000,5.000
NGC0444,18.9567,31.0806,0.653,7.370,6.370,-43.000,2.548,29.053,860.000,nan,nan,nan,nan,nan,nan,nan,4.341,19.000,0.000,7.420,6.540,-46.700,6.648,15.621,860.000,2.153,0.729,nan,nan,nan,nan,nan,5.154,67.000,1.000
NGC0447,18.9067,33.0678,40.958,7.080,6.330,-60.900,36.116,30.591,860.000,30.610,2.509,42.744,6.687,280.000,29.206,16.923,7.362,93.000,55.000,7.310,6.430,-60.300,21.733,19.594,860.000,nan,nan,nan,nan,nan,nan,nan,4.993,36.000,0.000
NGC0477,20.3354,40.4881,11.583,7.030,6.640,-60.100,-4.376,25.978,860.000,4.797,1.218,nan,nan,nan,nan,nan,4.606,23.000,0.000,7.300,6.740,-61.100,-18.587,16.909,860.000,nan,nan,nan,nan,nan,nan,nan,4.711,19.000,0.000
NGC0496,20.7983,33.5293,17.841,8.720,7.030,-80.300,-5.127,29.935,860.000,54.896,3.600,69.467,7.435,340.000,56.180,16.254,6.862,294.000,138.000,8.980,7.110,-80.200,-10.095,20.802,860.000,nan,nan,nan,nan,nan,nan,nan,4.123,2.000,0.000
NGC0523,21.3362,34.0249,21.439,7.590,6.450,-85.500,9.145,34.808,860.000,116.009,5.604,129.655,11.803,520.000,39.903,26.940,8.178,297.000,152.000,7.830,6.520,-86.300,-36.894,19.267,860.000,nan,nan,nan,nan,nan,nan,nan,4.569,13.000,0.000
NGC0528,21.3900,33.6714,7.467,7.500,6.560,-44.600,27.716,30.093,860.000,nan,nan,nan,nan,nan,nan,nan,4.480,13.000,0.000,7.600,6.700,-50.300,-14.946,16.990,860.000,nan,nan,nan,nan,nan,nan,nan,3.846,0.000,0.000
NGC0551,21.9192,37.1830,10.474,6.920,6.440,-51.900,6.844,28.477,860.000,nan,nan,19.707,4.041,140.000,13.528,10.857,5.918,118.000,33.000,7.080,6.550,-57.000,8.512,17.531,860.000,nan,nan,nan,nan,nan,nan,nan,4.335,7.000,0.000
NGC1093,42.0671,34.4198,7.243,12.290,6.690,58.700,-20.831,40.920,860.000,nan,nan,nan,nan,nan,nan,nan,4.261,12.000,0.000,12.700,6.900,59.500,-17.907,24.270,860.000,nan,nan,nan,nan,nan,nan,nan,4.130,7.000,0.000
NGC1167,45.4263,35.2056,-14.237,7.860,6.760,67.300,4.812,38.725,860.000,9.115,2.668,nan,nan,nan,nan,nan,4.710,27.000,0.000,8.160,7.000,69.400,-1.752,22.805,860.000,nan,nan,nan,nan,nan,nan,nan,3.892,0.000,0.000
NGC2253,100.9242,65.2064,29.253,11.140,6.640,-88.800,72.556,31.733,860.000,164.401,7.039,154.816,10.426,380.000,101.900,23.377,8.728,919.000,592.000,11.540,6.880,-88.500,-9.401,17.651,860.000,nan,nan,9.938,3.053,120.000,11.243,8.454,4.742,35.000,0.000
NGC2347,109.0171,64.7113,25.674,8.880,6.480,82.700,24.419,15.809,860.000,89.461,3.638,86.402,6.479,520.000,41.104,13.487,13.035,536.000,333.000,9.210,6.670,81.800,-0.109,8.710,860.000,3.031,0.591,4.523,1.060,120.000,6.971,2.906,4.173,7.000,0.000
NGC2410,113.7596,32.8221,11.634,8.800,6.700,89.800,2.242,30.686,860.000,86.890,4.946,113.956,9.915,540.000,49.614,21.390,6.654,276.000,80.000,8.960,6.960,88.800,2.460,16.309,860.000,nan,nan,nan,nan,nan,nan,nan,4.235,7.000,0.000
NGC2449,116.8346,26.9302,29.287,7.310,6.440,89.900,-13.617,43.219,860.000,nan,nan,nan,nan,nan,nan,nan,4.696,18.000,0.000,7.540,6.570,-89.200,-3.337,25.670,860.000,nan,nan,nan,nan,nan,nan,nan,4.748,17.000,0.000
NGC2480,119.2933,23.7798,8.530,7.130,6.540,-76.600,16.112,29.644,860.000,13.638,2.081,13.267,4.132,120.000,10.244,11.518,5.185,57.000,4.000,7.330,6.730,-78.800,-3.501,13.231,860.000,0.744,0.504,nan,nan,nan,nan,nan,4.491,16.000,0.000
NGC2481,119.3075,23.7677,-1.277,8.600,6.730,82.000,0.214,46.731,860.000,nan,nan,nan,nan,nan,nan,nan,4.430,9.000,0.000,8.920,6.960,80.700,9.480,21.870,860.000,nan,nan,nan,nan,nan,nan,nan,4.161,12.000,0.000
NGC2486,119.4854,25.1609,3.454,9.860,6.610,74.200,15.406,75.606,860.000,nan,nan,nan,nan,nan,nan,nan,4.327,7.000,0.000,10.210,6.710,73.400,9.396,39.814,860.000,nan,nan,6.954,4.055,100.000,14.349,11.306,4.095,5.000,0.000
NGC2487,119.5854,25.1492,28.937,7.540,6.710,-88.400,-44.940,38.496,860.000,21.949,2.950,25.880,5.158,120.000,34.565,14.598,5.546,42.000,6.000,7.840,6.840,87.500,14.563,21.018,860.000,nan,nan,nan,nan,nan,nan,nan,4.651,22.000,0.000
NGC2604,128.3462,29.5388,-1.911,8.030,6.470,85.900,10.640,30.749,860.000,nan,nan,nan,nan,nan,nan,nan,4.583,12.000,0.000,8.400,6.630,86.900,-3.952,12.924,860.000,nan,nan,nan,nan,nan,nan,nan,4.603,25.000,0.000
NGC2623,129.6000,25.7545,96.859,13.490,6.480,57.100,69.484,21.890,860.000,121.901,3.964,139.821,7.919,500.000,136.867,16.307,17.282,324.000,216.000,13.930,6.680,57.600,3.352,13.095,860.000,nan,nan,nan,nan,nan,nan,nan,4.002,1.000,0.000
NGC2639,130.9087,50.2055,10.601,9.980,7.230,67.600,-18.580,26.938,860.000,72.827,4.425,90.952,7.725,660.000,66.867,16.486,8.929,373.000,177.000,10.330,7.310,66.900,-0.114,13.086,860.000,nan,nan,nan,nan,nan,nan,nan,4.015,2.000,0.000
NGC2730,135.5658,16.8383,4.941,9.400,7.340,-43.400,-13.507,26.585,860.000,nan,nan,36.769,6.889,240.000,35.954,18.539,5.714,110.000,13.000,9.480,7.610,-44.500,9.342,14.989,860.000,nan,nan,nan,nan,nan,nan,nan,5.050,81.000,1.000
NGC2805,140.0850,64.1030,6.002,10.020,7.860,79.800,-43.287,62.844,860.000,nan,nan,nan,nan,nan,nan,nan,4.066,3.000,0.000,10.320,8.140,78.100,-8.762,32.839,860.000,nan,nan,nan,nan,nan,nan,nan,3.820,0.000,0.000
NGC2880,142.3942,62.4906,3.588,8.840,6.280,72.800,-17.372,24.916,720.000,nan,nan,nan,nan,nan,nan,nan,4.771,12.000,0.000,9.140,6.450,73.600,-0.022,11.176,860.000,nan,nan,nan,nan,nan,nan,nan,4.130,2.000,0.000
NGC2906,143.0258,8.4418,22.976,7.530,7.080,-18.300,36.963,34.763,860.000,93.417,5.592,104.062,11.076,420.000,73.124,26.667,7.772,322.000,101.000,7.700,7.320,-7.200,-6.409,15.009,860.000,nan,nan,nan,nan,nan,nan,nan,4.836,34.000,0.000
NGC2916,143.7400,21.7052,-9.323,7.160,6.630,-66.000,-6.149,37.615,860.000,27.569,3.429,35.845,7.766,180.000,30.324,21.085,6.535,89.000,34.000,7.330,6.850,-72.700,2.408,20.023,860.000,2.020,0.862,nan,nan,nan,nan,nan,4.732,28.000,0.000
NGC2918,143.9333,31.7055,1.049,7.490,6.350,-78.700,10.638,32.920,820.000,nan,nan,nan,nan,nan,nan,nan,4.516,21.000,0.000,7.760,6.460,-79.100,-9.990,18.874,860.000,nan,nan,nan,nan,nan,nan,nan,4.377,13.000,0.000
NGC3057,151.4146,80.2867,-0.249,9.520,6.330,-45.300,-14.526,47.078,720.000,nan,nan,nan,nan,nan,nan,nan,4.494,12.000,0.000,9.770,6.600,-45.700,-11.248,23.432,840.000,nan,nan,nan,nan,nan,nan,nan,4.303,7.000,0.000
NGC3106,151.0221,31.1854,2.833,8.320,6.090,85.900,-13.721,16.865,860.000,nan,nan,nan,nan,nan,nan,nan,4.298,11.000,0.000,8.610,6.300,85.100,8.452,11.300,860.000,3.227,1.088,nan,nan,nan,nan,nan,3.908,0.000,0.000
NGC3158,153.4604,38.7649,10.008,7.810,6.040,87.100,1.840,15.023,860.000,nan,nan,nan,nan,nan,nan,nan,4.321,10.000,0.000,8.210,6.280,87.100,7.113,9.111,860.000,nan,nan,nan,nan,nan,nan,nan,4.566,13.000,0.000
NGC3160,153.4796,38.8429,1.166,8.560,5.940,75.200,-1.377,15.507,860.000,2.029,0.681,nan,nan,nan,nan,nan,4.347,15.000,0.000,8.960,6.240,75.600,3.132,9.099,860.000,nan,nan,nan,nan,nan,nan,nan,4.291,5.000,0.000
NGC3303,159.2504,18.1359,37.002,7.140,6.510,-43.000,-8.645,27.759,860.000,nan,nan,27.476,4.294,240.000,41.786,9.680,4.588,22.000,0.000,7.340,6.690,-46.300,-22.065,19.482,860.000,nan,nan,nan,nan,nan,nan,nan,4.466,29.000,0.000
NGC3381,162.1033,34.7114,7.058,9.820,6.530,75.500,32.890,40.485,800.000,nan,nan,27.831,7.101,120.000,18.073,19.532,4.929,51.000,0.000,10.240,6.750,75.700,7.359,18.244,860.000,nan,nan,nan,nan,nan,nan,nan,4.250,10.000,0.000
NGC3614,169.5888,45.7482,-2.818,8.670,6.250,-89.600,8.872,36.807,860.000,nan,nan,nan,nan,nan,nan,nan,4.338,11.000,0.000,8.920,6.460,-89.100,-1.316,17.089,860.000,nan,nan,nan,nan,nan,nan,nan,4.467,28.000,0.000
NGC3687,172.0025,29.5111,6.280,7.370,6.390,-45.500,-10.127,36.882,860.000,nan,nan,27.600,7.308,180.000,39.895,19.487,4.618,15.000,0.000,7.590,6.620,-48.600,-13.846,16.915,860.000,1.716,0.813,nan,nan,nan,nan,nan,4.858,38.000,0.000
NGC3811,175.3192,47.6908,47.114,9.110,6.500,-83.700,24.708,29.371,860.000,88.877,5.182,100.154,9.645,360.000,53.141,23.301,8.107,237.000,99.000,9.400,6.730,-84.000,-16.910,14.264,860.000,1.217,0.454,nan,nan,nan,nan,nan,4.433,20.000,0.000
NGC3815,175.4137,24.8005,11.962,10.320,6.230,-29.900,-29.992,28.213,860.000,49.626,3.844,53.408,6.622,400.000,15.052,14.512,5.655,191.000,60.000,10.720,6.410,-30.700,-5.094,15.702,860.000,nan,nan,7.294,3.117,120.000,6.399,8.824,4.894,47.000,0.000
NGC3994,179.4038,32.2776,42.593,7.880,6.810,-46.500,17.666,26.367,860.000,98.560,4.425,109.091,7.847,520.000,82.793,14.546,11.329,300.000,202.000,8.130,7.140,-44.600,-8.809,13.762,860.000,nan,nan,nan,nan,nan,nan,nan,4.036,1.000,0.000
NGC4003,179.4958,23.1249,22.427,10.710,7.200,-45.900,-23.532,23.205,780.000,12.927,1.985,17.019,4.168,200.000,18.990,10.534,4.204,7.000,0.000,10.960,7.320,-47.200,-5.929,16.749,860.000,1.791,0.612,nan,nan,nan,nan,nan,4.665,20.000,0.000
NGC4047,180.7113,48.6362,51.876,9.460,6.650,-45.400,57.832,30.133,860.000,198.643,5.956,187.979,9.342,400.000,141.261,19.340,17.145,904.000,746.000,9.720,6.890,-46.100,1.538,17.057,860.000,8.864,1.381,23.200,3.403,360.000,15.629,7.598,4.868,49.000,0.000
NGC4149,182.6367,58.3041,40.941,7.810,6.180,-57.300,1.929,31.832,860.000,77.900,4.318,88.548,8.902,540.000,76.326,18.831,9.206,226.000,139.000,8.190,6.380,-55.700,-2.355,17.202,860.000,nan,nan,nan,nan,nan,nan,nan,4.656,16.000,0.000
NGC4185,183.3425,28.5110,-4.233,7.780,6.520,-53.000,-3.523,38.091,860.000,nan,nan,38.392,6.831,160.000,25.597,17.809,4.705,31.000,0.000,8.040,6.740,-51.900,6.077,21.794,860.000,nan,nan,nan,nan,nan,nan,nan,4.238,8.000,0.000
NGC4210,183.8158,65.9853,5.354,8.850,7.240,71.200,-7.397,31.558,860.000,21.961,3.405,52.994,8.231,340.000,25.114,21.680,5.658,77.000,17.000,9.060,7.520,73.400,-2.839,14.931,860.000,nan,nan,nan,nan,nan,nan,nan,4.445,14.000,0.000
NGC4211NED02,183.9054,28.1696,28.311,8.990,6.310,-82.000,-7.894,28.924,760.000,8.933,1.667,nan,nan,nan,nan,nan,5.056,36.000,2.000,9.200,6.510,-80.600,0.201,18.593,860.000,nan,nan,nan,nan,nan,nan,nan,4.017,1.000,0.000
NGC4470,187.4075,7.8242,6.243,11.460,5.830,-30.100,-13.704,35.509,860.000,31.910,4.116,42.970,8.191,220.000,45.010,22.218,6.385,111.000,38.000,11.880,6.050,-30.600,1.991,17.307,860.000,nan,nan,nan,nan,nan,nan,nan,4.414,24.000,0.000
NGC4644,190.6779,55.1455,5.468,7.330,6.260,-77.900,-1.725,15.276,860.000,13.999,1.667,17.128,3.986,220.000,4.187,9.901,5.148,64.000,1.000,7.600,6.470,-79.000,0.643,8.935,860.000,nan,nan,nan,nan,nan,nan,nan,4.642,20.000,0.000
NGC4676A,191.5421,30.7319,60.326,11.200,6.920,83.500,-6.501,37.177,860.000,75.843,5.744,89.551,11.082,440.000,60.476,26.484,6.887,126.000,54.000,11.620,7.180,83.200,12.269,18.633,860.000,nan,nan,nan,nan,nan,nan,nan,4.228,8.000,0.000
NGC4676B,191.5467,30.7228,13.483,8.720,6.190,-84.800,-7.842,28.234,800.000,78.912,5.016,78.848,8.251,440.000,77.020,13.891,7.207,82.000,44.000,8.970,6.270,-84.500,9.133,18.307,860.000,nan,nan,nan,nan,nan,nan,nan,4.512,25.000,0.000
NGC4711,192.1912,35.3327,10.450,7.850,6.430,-79.700,-20.649,28.359,720.000,44.263,3.856,52.861,7.416,360.000,37.185,16.532,5.636,123.000,22.000,8.070,6.690,-78.400,12.191,16.731,860.000,2.441,0.873,3.830,2.146,120.000,8.489,6.097,4.576,29.000,0.000
NGC4956,196.2537,35.1780,-1.892,7.370,6.490,-64.200,-33.404,40.309,860.000,nan,nan,nan,nan,nan,nan,nan,4.123,1.000,0.000,7.560,6.670,-66.900,1.499,22.460,860.000,nan,nan,nan,nan,nan,nan,nan,4.242,9.000,0.000
NGC4961,196.4483,27.7341,16.750,9.300,7.120,-46.000,15.639,33.316,860.000,nan,nan,22.089,5.743,220.000,23.978,14.700,5.489,39.000,10.000,9.610,7.260,-48.500,-1.336,14.395,860.000,nan,nan,nan,nan,nan,nan,nan,4.829,55.000,0.000
NGC5000,197.4479,28.9069,52.644,7.970,6.330,83.800,12.094,29.184,860.000,35.881,2.657,44.202,6.711,240.000,49.787,16.894,9.810,154.000,81.000,8.300,6.580,83.900,1.344,16.829,860.000,2.631,0.940,nan,nan,nan,nan,nan,4.780,33.000,0.000
NGC5016,198.0279,24.0950,11.540,8.570,6.530,-53.100,10.117,30.387,860.000,75.236,4.689,67.041,8.234,300.000,52.298,19.970,7.615,432.000,160.000,8.920,6.720,-53.400,-2.327,13.297,860.000,1.833,0.612,nan,nan,nan,nan,nan,4.423,18.000,0.000
NGC5029,198.1567,47.0633,3.569,7.920,5.790,-79.700,-4.762,28.729,860.000,nan,nan,nan,nan,nan,nan,nan,4.006,1.000,0.000,8.270,6.100,-81.300,-3.443,19.149,860.000,nan,nan,nan,nan,nan,nan,nan,4.760,24.000,0.000
NGC5056,199.0513,30.9503,21.670,7.480,6.610,-65.700,-8.779,26.213,860.000,34.542,3.078,47.966,5.997,340.000,37.960,13.539,4.821,48.000,0.000,7.650,6.820,-64.700,-2.290,16.460,860.000,nan,nan,nan,nan,nan,nan,nan,4.100,2.000,0.000
NGC5205,202.5150,62.5116,0.843,8.870,6.880,78.200,-10.902,35.852,860.000,nan,nan,nan,nan,nan,nan,nan,4.492,20.000,0.000,9.090,7.100,79.900,2.515,16.591,860.000,nan,nan,nan,nan,nan,nan,nan,4.115,2.000,0.000
NGC5218,203.0433,62.7677,294.680,8.050,6.140,-31.700,155.763,36.959,860.000,368.543,7.205,348.227,12.021,420.000,294.725,24.238,35.975,631.000,456.000,8.360,6.300,-33.100,-4.046,18.718,860.000,15.075,1.468,22.794,3.668,280.000,10.813,8.875,7.182,77.000,34.000
NGC5394,209.6383,37.4536,81.206,8.750,7.080,-71.800,123.170,30.344,860.000,165.861,3.851,165.077,7.249,240.000,165.207,16.281,42.717,401.000,359.000,9.110,7.360,-71.600,25.101,15.382,860.000,9.381,1.119,17.467,2.606,200.000,12.972,6.487,6.490,114.000,51.000
NGC5406,210.0838,38.9154,7.794,10.140,6.380,-69.200,30.343,25.293,860.000,26.193,3.057,22.558,4.955,160.000,5.510,13.768,4.732,52.000,0.000,10.540,6.460,-69.400,2.937,15.462,860.000,nan,nan,nan,nan,nan,nan,nan,4.641,25.000,0.000
