dat_glob/obs/edge_coflux_e20.csv
# %ECSV 0.9
# ---
# datatype:
# - {name: Name, datatype: string, description: Galaxy Name}
# - {name: coRactr_e20, unit: deg, datatype: float64, format: .4f, description: Reference R.A. of e20 CARMA cube}
# - {name: coDectr_e20, unit: deg, datatype: float64, format: .4f, description: Reference Dec. of e20 CARMA cube}
# - {name: coCtrint_e20, unit: K km / s, datatype: float64, format: .3f, description: Unmasked CO intensity at reference pixel}
# - {name: coBmaj_e20, unit: arcsec, datatype: float64, format: .3f, description: Beam major axis of e20 co cube}
# - {name: coBmin_e20, unit: arcsec, datatype: float64, format: .3f, description: Beam minor axis of e20 co cube}
# - {name: coBpa_e20, unit: deg, datatype: float64, format: .3f, description: Beam pos ang (deg E of N) of e20 co cube}
# - {name: coNomask_e20, unit: Jy km / s, datatype: float64, format: .3f, description: co flux from unmasked e20 cube}
# - {name: coeNomask_e20, unit: Jy km / s, datatype: float64, format: .3f, description: co flux uncertainty from unmasked e20 cube}
# - {name: coNomaskDv_e20, unit: km / s, datatype: float64, format: .3f, description: co velocity width for unmasked e20 cube}
# - {name: coDilated_e20, unit: Jy km / s, datatype: float64, format: .3f, description: co flux from dilated-masked e20 cube}
# - {name: coeDilated_e20, unit: Jy km / s, datatype: float64, format: .3f, description: co flux uncertainty from dilated-masked e20 cube}
# - {name: coSmooth_e20, unit: Jy km / s, datatype: float64, format: .3f, description: co flux from smoothed-masked e20 cube}
# - {name: coeSmooth_e20, unit: Jy km / s, datatype: float64, format: .3f, description: co flux uncertainty from smoothed-masked e20 cube}
# - {name: coSmoothDv_e20, unit: km / s, datatype: float64, format: .3f, description: co velocity width for smooth-masked e20 cube}
# - {name: coMask2d_e20, unit: Jy km / s, datatype: float64, format: .3f, description: co flux from 2D masked e20 cube}
# - {name: coeMask2d_e20, unit: Jy km / s, datatype: float64, format: .3f, description: co flux uncertainty from 2D masked e20 cube}
# - {name: coSNRmax_e20, datatype: float64, format: .3f, description: Maximum SNR of co in e20 cube}
# - {name: coSNR4pix_e20, datatype: float64, format: .3f, description: Number of XY pixels with co peak Tb > 4 sigma}
# - {name: coSNR5pix_e20, datatype: float64, format: .3f, description: Number of XY pixels with co peak Tb > 5 sigma}
# - {name: cottBmaj_e20, unit: arcsec, datatype: float64, format: .3f, description: Beam major axis of e20 13co cube}
# - {name: cottBmin_e20, unit: arcsec, datatype: float64, format: .3f, description: Beam minor axis of e20 13co cube}
# - {name: cottBpa_e20, unit: deg, datatype: float64, format: .3f, description: Beam pos ang (deg E of N) of e20 13co cube}
# - {name: cottNomask_e20, unit: Jy km / s, datatype: float64, format: .3f, description: 13co flux from unmasked e20 cube}
# - {name: cotteNomask_e20, unit: Jy km / s, datatype: float64, format: .3f, description: 13co flux uncertainty from unmasked e20 cube}
# - {name: cottNomaskDv_e20, unit: km / s, datatype: float64, format: .3f, description: 13co velocity width for unmasked e20 cube}
# - {name: cottDilated_e20, unit: Jy km / s, datatype: float64, format: .3f, description: 13co flux from dilated-masked e20 cube}
[...]
#     cube}
# - {name: cottSmooth_e20, unit: Jy km / s, datatype: float64, format: .3f, description: 13co flux from smoothed-masked e20 cube}
# - {name: cotteSmooth_e20, unit: Jy km / s, datatype: float64, format: .3f, description: 13co flux uncertainty from smoothed-masked e20
#     cube}
# - {name: cottSmoothDv_e20, unit: km / s, datatype: float64, format: .3f, description: 13co velocity width for smooth-masked e20 cube}
# - {name: cottMask2d_e20, unit: Jy km / s, datatype: float64, format: .3f, description: 13co flux from 2D masked e20 cube}
# - {name: cotteMask2d_e20, unit: Jy km / s, datatype: float64, format: .3f, description: 13co flux uncertainty from 2D masked e20 cube}
# - {name: cottSNRmax_e20, datatype: float64, format: .3f, description: Maximum SNR of 13co in e20 cube}
# - {name: cottSNR4pix_e20, datatype: float64, format: .3f, description: Number of XY pixels with 13co peak Tb > 4 sigma}
# - {name: cottSNR5pix_e20, datatype: float64, format: .3f, description: Number of XY pixels with 13co peak Tb > 5 sigma}
# delimiter: ','
# schema: astropy-2.0
Name,coRactr_e20,coDectr_e20,coCtrint_e20,coBmaj_e20,coBmin_e20,coBpa_e20,coNomask_e20,coeNomask_e20,coNomaskDv_e20,coDilated_e20,coeDilated_e20,coSmooth_e20,coeSmooth_e20,coSmoothDv_e20,coMask2d_e20,coeMask2d_e20,coSNRmax_e20,coSNR4pix_e20,coSNR5pix_e20,cottBmaj_e20,cottBmin_e20,cottBpa_e20,cottNomask_e20,cotteNomask_e20,cottNomaskDv_e20,cottDilated_e20,cotteDilated_e20,cottSmooth_e20,cotteSmooth_e20,cottSmoothDv_e20,cottMask2d_e20,cotteMask2d_e20,cottSNRmax_e20,cottSNR4pix_e20,cottSNR5pix_e20
[from data line 144]
UGC08231,197.1562,54.0744,3.816,9.310,6.340,-86.100,-17.050,35.882,860.000,nan,nan,nan,nan,nan,nan,nan,4.429,14.000,0.000,9.550,6.590,-85.300,-5.696,17.422,860.000,nan,nan,nan,nan,nan,nan,nan,4.461,18.000,0.000
UGC08234,197.1937,62.2717,-4.755,8.290,6.890,63.600,-0.867,31.452,860.000,nan,nan,nan,nan,nan,nan,nan,4.131,2.000,0.000,8.570,7.190,65.400,-12.882,22.083,860.000,nan,nan,nan,nan,nan,nan,nan,4.060,1.000,0.000
UGC08250,197.5838,32.4832,8.449,8.830,6.480,85.600,-6.570,27.671,860.000,nan,nan,nan,nan,nan,nan,nan,4.373,10.000,0.000,9.100,6.570,84.300,2.785,16.339,860.000,nan,nan,nan,nan,nan,nan,nan,4.250,7.000,0.000
UGC08267,197.7971,43.7263,24.193,8.770,6.800,-71.500,17.071,28.152,860.000,36.552,3.256,42.476,5.976,460.000,19.881,13.355,5.825,167.000,45.000,9.090,7.100,-71.200,-4.763,18.101,860.000,nan,nan,nan,nan,nan,nan,nan,3.982,0.000,0.000
UGC08778,208.0279,38.0670,10.731,8.480,5.910,88.300,-6.530,31.736,860.000,nan,nan,nan,nan,nan,nan,nan,5.020,22.000,1.000,8.730,6.140,-89.700,-8.101,18.166,860.000,nan,nan,nan,nan,nan,nan,nan,3.999,0.000,0.000
UGC08781,208.0946,21.5394,6.355,9.570,6.610,-50.000,20.046,32.710,860.000,4.671,1.423,nan,nan,nan,nan,nan,4.407,20.000,0.000,9.960,6.810,-49.700,-5.828,20.495,860.000,nan,nan,nan,nan,nan,nan,nan,4.480,14.000,0.000
UGC09067,212.6892,15.2094,17.759,11.200,6.740,-76.800,-14.384,24.008,860.000,34.988,2.888,49.129,5.742,440.000,33.511,11.809,6.768,205.000,83.000,11.720,6.950,-76.300,-0.356,16.563,860.000,nan,nan,nan,nan,nan,nan,nan,4.130,4.000,0.000
UGC09476,220.3833,44.5128,4.231,11.120,6.970,-72.000,-3.771,28.802,860.000,nan,nan,44.638,7.012,280.000,21.805,17.829,5.082,131.000,2.000,11.470,7.180,-71.000,7.700,16.371,860.000,nan,nan,nan,nan,nan,nan,nan,3.653,0.000,0.000
UGC09537,222.1113,34.9981,13.144,9.340,7.130,-62.400,7.794,23.873,860.000,nan,nan,nan,nan,nan,nan,nan,4.542,37.000,0.000,9.730,7.430,-61.800,-16.289,17.323,860.000,nan,nan,nan,nan,nan,nan,nan,4.651,20.000,0.000
UGC09542,222.2550,42.4639,9.805,8.700,6.170,88.200,12.984,25.321,860.000,20.334,2.536,28.291,5.408,340.000,12.359,13.923,5.012,42.000,1.000,8.870,6.220,88.800,-13.816,15.034,860.000,nan,nan,nan,nan,nan,nan,nan,4.040,3.000,0.000
UGC09598,223.7879,43.8186,6.985,9.310,6.070,-80.700,-26.280,29.392,860.000,nan,nan,nan,nan,nan,nan,nan,3.827,0.000,0.000,9.530,6.230,-80.700,-13.808,18.498,860.000,nan,nan,nan,nan,nan,nan,nan,4.839,27.000,0.000
UGC09629,224.2967,52.3461,3.684,9.920,8.550,-88.600,44.264,32.860,860.000,nan,nan,nan,nan,nan,nan,nan,4.241,4.000,0.000,10.220,8.820,-85.400,11.787,22.737,860.000,nan,nan,nan,nan,nan,nan,nan,4.131,6.000,0.000
UGC09665,225.3854,48.3197,26.508,6.980,6.740,49.700,7.860,33.909,860.000,56.898,4.041,71.215,9.649,380.000,72.430,23.271,7.206,176.000,67.000,7.290,7.010,46.700,-12.839,16.416,860.000,nan,nan,nan,nan,nan,nan,nan,4.562,24.000,0.000
UGC09759,227.6712,55.3493,27.753,8.020,6.060,69.000,-44.545,30.989,860.000,34.228,3.099,30.329,5.670,260.000,25.311,13.668,7.372,94.000,41.000,8.230,6.320,70.000,-6.048,16.761,860.000,nan,nan,nan,nan,nan,nan,nan,6.674,173.000,50.000
UGC09873,232.4608,42.6289,8.909,11.960,6.260,-71.600,-12.589,27.470,860.000,14.572,2.021,16.135,3.878,180.000,16.442,9.924,5.402,88.000,11.000,12.250,6.410,-71.100,5.342,16.745,860.000,nan,nan,nan,nan,nan,nan,nan,4.215,8.000,0.000
UGC09892,233.2163,41.1915,4.457,8.890,6.100,84.600,-8.446,25.711,860.000,nan,nan,nan,nan,nan,nan,nan,4.467,14.000,0.000,9.030,6.280,86.000,-12.941,16.279,860.000,3.012,0.721,nan,nan,nan,nan,nan,4.002,1.000,0.000
UGC09919,233.9154,12.6064,5.009,13.760,6.760,-33.400,40.323,32.603,860.000,nan,nan,nan,nan,nan,nan,nan,4.848,49.000,0.000,14.350,6.960,-33.800,1.364,16.700,860.000,nan,nan,nan,nan,nan,nan,nan,3.687,0.000,0.000
UGC10043,237.1725,21.8697,36.260,7.890,6.370,-52.300,37.896,47.839,860.000,81.696,5.563,83.258,11.233,400.000,82.249,24.186,7.915,198.000,90.000,8.120,6.560,-52.100,-2.824,21.532,860.000,nan,nan,nan,nan,nan,nan,nan,4.130,4.000,0.000
UGC10097,238.9304,47.8672,8.755,8.920,6.430,-87.900,-1.732,27.338,860.000,nan,nan,nan,nan,nan,nan,nan,4.146,9.000,0.000,9.220,6.500,-87.600,11.726,18.678,860.000,nan,nan,nan,nan,nan,nan,nan,4.210,14.000,0.000
UGC10123,239.7625,51.3047,32.844,8.270,6.890,85.700,25.301,32.169,860.000,106.034,5.342,108.535,9.938,500.000,68.177,21.290,9.285,340.000,235.000,8.520,7.200,84.900,11.705,19.197,860.000,nan,nan,nan,nan,nan,nan,nan,4.214,9.000,0.000
UGC10205,241.6675,30.0991,16.209,11.970,6.190,-68.100,9.140,24.672,760.000,nan,nan,9.704,2.675,100.000,22.909,7.100,4.202,15.000,0.000,12.270,6.220,-68.900,4.230,17.727,860.000,2.063,0.973,nan,nan,nan,nan,nan,4.497,24.000,0.000
UGC10257,242.7812,38.2513,-7.670,8.160,5.800,87.300,-15.323,60.390,860.000,nan,nan,nan,nan,nan,nan,nan,4.339,6.000,0.000,8.460,6.040,87.700,14.329,38.847,860.000,5.134,1.927,nan,nan,nan,nan,nan,4.796,22.000,0.000
UGC10297,243.8704,18.9047,7.176,8.980,6.500,-49.500,-45.699,40.802,860.000,nan,nan,nan,nan,nan,nan,nan,4.139,9.000,0.000,9.300,6.710,-50.000,-6.991,19.494,860.000,5.779,1.362,nan,nan,nan,nan,nan,4.092,2.000,0.000
UGC10331,244.3379,59.3201,12.469,8.420,6.950,65.500,-12.118,30.486,860.000,nan,nan,nan,nan,nan,nan,nan,4.219,7.000,0.000,8.710,7.170,65.200,-13.457,16.199,860.000,nan,nan,nan,nan,nan,nan,nan,4.045,2.000,0.000
UGC10337,244.8692,7.2787,1.455,8.390,6.360,-43.000,28.979,28.119,860.000,nan,nan,nan,nan,nan,nan,nan,4.726,21.000,0.000,8.720,6.570,-45.000,0.513,19.837,860.000,nan,nan,nan,nan,nan,nan,nan,4.620,12.000,0.000
UGC10380,246.4579,16.5761,24.072,9.460,6.610,-48.100,11.229,28.623,860.000,24.914,3.273,nan,nan,nan,nan,nan,4.421,25.000,0.000,9.890,6.770,-48.200,-13.594,20.648,860.000,nan,nan,nan,nan,nan,nan,nan,5.270,54.000,6.000
UGC10384,246.6946,11.5803,39.142,7.220,6.510,-37.900,26.006,26.306,860.000,78.926,3.605,81.447,6.788,440.000,66.095,13.362,11.773,262.000,193.000,7.470,6.720,-43.000,-18.629,14.630,860.000,nan,nan,nan,nan,nan,nan,nan,3.963,0.000,0.000
UGC10650,255.0608,23.1063,1.892,8.430,6.340,-57.000,6.297,41.377,860.000,nan,nan,nan,nan,nan,nan,nan,4.640,31.000,0.000,8.730,6.510,-56.000,2.884,21.618,860.000,nan,nan,nan,nan,nan,nan,nan,4.331,8.000,0.000
UGC10710,256.7188,43.1222,25.180,7.610,7.260,-65.800,-19.095,23.539,860.000,27.197,2.435,37.163,4.881,300.000,40.844,10.875,5.277,87.000,3.000,7.950,7.460,-74.700,-7.917,16.543,860.000,nan,nan,nan,nan,nan,nan,nan,4.636,12.000,0.000
UGC10796,259.1988,61.9201,-6.326,11.000,7.020,-76.100,33.635,33.054,860.000,nan,nan,nan,nan,nan,nan,nan,4.224,7.000,0.000,11.320,7.200,-74.800,14.860,16.599,860.000,nan,nan,nan,nan,nan,nan,nan,3.681,0.000,0.000
UGC10905,263.5267,25.3440,1.413,7.710,6.330,-60.100,-36.735,40.146,860.000,nan,nan,nan,nan,nan,nan,nan,4.124,2.000,0.000,8.040,6.540,-58.400,-11.400,27.276,860.000,nan,nan,nan,nan,nan,nan,nan,4.119,2.000,0.000
UGC10972,266.5913,26.5438,-15.931,9.210,6.620,-55.500,13.794,59.904,860.000,nan,nan,nan,nan,nan,nan,nan,3.865,0.000,0.000,9.510,6.820,-55.800,2.548,32.621,860.000,nan,nan,nan,nan,nan,nan,nan,4.055,3.000,0.000
UGC12864,359.3496,30.9921,10.657,6.820,6.110,-76.800,-11.658,36.839,860.000,nan,nan,nan,nan,nan,nan,nan,4.477,13.000,0.000,7.000,6.230,-80.200,-5.333,19.919,860.000,nan,nan,nan,nan,nan,nan,nan,5.187,20.000,3.000
