dat_glob/obs/edge_coflux_natv.csv
# %ECSV 0.9
# ---
# datatype:
# - {name: Name, datatype: string, description: Galaxy Name}
# - {name: coRactr_natv, unit: deg, datatype: float64, format: .4f, description: Reference R.A. of natv CARMA cube}
# - {name: coDectr_natv, unit: deg, datatype: float64, format: .4f, description: Reference Dec. of natv CARMA cube}
# - {name: coCtrint_natv, unit: K km / s, datatype: float64, format: .3f, description: Unmasked CO intensity at reference pixel}
# - {name: coDvhel, unit: km / s, datatype: float64, format: .3f, description: Add this to go from LSR to Barycentric frame}
# - {name: coBmaj_natv, unit: arcsec, datatype: float64, format: .3f, description: Beam major axis of natv co cube}
# - {name: coBmin_natv, unit: arcsec, datatype: float64, format: .3f, description: Beam minor axis of natv co cube}
# - {name: coBpa_natv, unit: deg, datatype: float64, format: .3f, description: Beam pos ang (deg E of N) of natv co cube}
# - {name: coNomask_natv, unit: Jy km / s, datatype: float64, format: .3f, description: co flux from unmasked natv cube}
# - {name: coeNomask_natv, unit: Jy km / s, datatype: float64, format: .3f, description: co flux uncertainty from unmasked natv cube}
# - {name: coNomaskDv_natv, unit: km / s, datatype: float64, format: .3f, description: co velocity width for unmasked natv cube}
# - {name: coDilated_natv, unit: Jy km / s, datatype: float64, format: .3f, description: co flux from dilated-masked natv cube}
# - {name: coeDilated_natv, unit: Jy km / s, datatype: float64, format: .3f, description: co flux uncertainty from dilated-masked natv
#     cube}
# - {name: coSmooth_natv, unit: Jy km / s, datatype: float64, format: .3f, description: co flux from smoothed-masked natv cube}
# - {name: coeSmooth_natv, unit: Jy km / s, datatype: float64, format: .3f, description: co flux uncertainty from smoothed-masked natv
#     cube}
# - {name: coSmoothDv_natv, unit: km / s, datatype: float64, format: .3f, description: co velocity width for smooth-masked natv cube}
# - {name: coMask2d_natv, unit: Jy km / s, datatype: float64, format: .3f, description: co flux from 2D masked natv cube}
# - {name: coeMask2d_natv, unit: Jy km / s, datatype: float64, format: .3f, description: co flux uncertainty from 2D masked natv cube}
# - {name: coSNRmax_natv, datatype: float64, format: .3f, description: Maximum SNR of co in natv cube}
# - {name: coSNR4pix_natv, datatype: float64, format: .3f, description: Number of XY pixels with co peak Tb > 4 sigma}
# - {name: coSNR5pix_natv, datatype: float64, format: .3f, description: Number of XY pixels with co peak Tb > 5 sigma}
# - {name: cottBmaj_natv, unit: arcsec, datatype: float64, format: .3f, description: Beam major axis of natv 13co cube}
# - {name: cottBmin_natv, unit: arcsec, datatype: float64, format: .3f, description: Beam minor axis of natv 13co cube}
# - {name: cottBpa_natv, unit: deg, datatype: float64, format: .3f, description: Beam pos ang (deg E of N) of natv 13co cube}
# - {name: cottNomask_natv, unit: Jy km / s, datatype: float64, format: .3f, description: 13co flux from unmasked natv cube}
# - {name: cotteNomask_natv, unit: Jy km / s, datatype: float64, format: .3f, description: 13co flux uncertainty from unmasked natv cube}
[...]
#     natv cube}
# - {name: cottSmooth_natv, unit: Jy km / s, datatype: float64, format: .3f, description: 13co flux from smoothed-masked natv cube}
# - {name: cotteSmooth_natv, unit: Jy km / s, datatype: float64, format: .3f, description: 13co flux uncertainty from smoothed-masked
#     natv cube}
# - {name: cottSmoothDv_natv, unit: km / s, datatype: float64, format: .3f, description: 13co velocity width for smooth-masked natv cube}
# - {name: cottMask2d_natv, unit: Jy km / s, datatype: float64, format: .3f, description: 13co flux from 2D masked natv cube}
# - {name: cotteMask2d_natv, unit: Jy km / s, datatype: float64, format: .3f, description: 13co flux uncertainty from 2D masked natv cube}
# - {name: cottSNRmax_natv, datatype: float64, format: .3f, description: Maximum SNR of 13co in natv cube}
# - {name: cottSNR4pix_natv, datatype: float64, format: .3f, description: Number of XY pixels with 13co peak Tb > 4 sigma}
# - {name: cottSNR5pix_natv, datatype: float64, format: .3f, description: Number of XY pixels with 13co peak Tb > 5 sigma}
# delimiter: ','
# schema: astropy-2.0
Name,coRactr_natv,coDectr_natv,coCtrint_natv,coDvhel,coBmaj_natv,coBmin_natv,coBpa_natv,coNomask_natv,coeNomask_natv,coNomaskDv_natv,coDilated_natv,coeDilated_natv,coSmooth_natv,coeSmooth_natv,coSmoothDv_natv,coMask2d_natv,coeMask2d_natv,coSNRmax_natv,coSNR4pix_natv,coSNR5pix_natv,cottBmaj_natv,cottBmin_natv,cottBpa_natv,cottNomask_natv,cotteNomask_natv,cottNomaskDv_natv,cottDilated_natv,cotteDilated_natv,cottSmooth_natv,cotteSmooth_natv,cottSmoothDv_natv,cottMask2d_natv,cotteMask2d_natv,cottSNRmax_natv,cottSNR4pix_natv,cottSNR5pix_natv
[from data line 68]
NGC5947,232.6500,42.7169,4.042,-16.735,5.230,4.040,48.500,3.444,10.342,860.000,nan,nan,23.769,3.531,460.000,13.693,8.511,5.734,52.000,5.000,5.370,4.180,48.300,-1.087,6.805,860.000,nan,nan,0.642,0.853,100.000,-0.864,2.388,5.151,6.000,1.000
NGC5953,233.6387,15.2000,-8.322,-15.897,5.000,3.970,36.200,193.884,16.195,860.000,364.023,4.535,363.738,8.111,440.000,327.011,17.220,58.010,842.000,730.000,5.070,4.170,35.400,4.051,6.989,860.000,24.529,1.190,32.462,2.737,500.000,22.864,6.591,10.516,210.000,120.000
NGC5980,235.3767,15.7877,80.537,-16.258,4.640,4.180,79.500,89.144,10.811,700.000,144.620,3.206,136.561,5.200,580.000,103.211,9.706,21.640,634.000,465.000,4.760,4.220,-87.700,2.394,5.696,860.000,7.202,0.638,15.646,1.607,540.000,15.071,3.305,5.502,51.000,3.000
NGC6004,237.5946,18.9393,47.231,-16.910,5.060,4.130,60.000,32.292,15.426,860.000,60.476,2.971,68.007,7.182,320.000,26.120,18.661,8.968,289.000,137.000,5.140,4.330,63.500,3.071,8.737,860.000,1.871,0.686,nan,nan,nan,nan,nan,4.882,25.000,0.000
NGC6021,239.3779,15.9561,7.881,-16.920,4.540,4.020,35.900,-8.573,19.416,860.000,nan,nan,nan,nan,nan,nan,nan,4.362,11.000,0.000,4.510,4.160,41.500,-3.468,9.583,860.000,nan,nan,nan,nan,nan,nan,nan,5.905,47.000,5.000
NGC6027,239.8021,20.7634,20.134,-17.385,4.890,3.990,76.500,-7.359,19.539,1240.000,5.659,1.083,2.531,1.702,100.000,2.645,5.777,4.983,23.000,0.000,4.980,4.010,85.600,-2.186,7.733,860.000,nan,nan,nan,nan,nan,nan,nan,4.773,11.000,0.000
NGC6060,241.4667,21.4849,17.698,-17.672,4.750,3.670,42.400,42.365,13.502,860.000,140.066,4.020,115.195,6.836,540.000,78.861,16.012,12.574,783.000,433.000,4.790,3.820,43.800,-0.281,7.028,860.000,nan,nan,4.856,1.329,120.000,5.400,3.766,4.364,3.000,0.000
NGC6063,241.8042,7.9790,-2.839,-16.359,5.320,4.320,39.000,13.606,19.724,860.000,nan,nan,nan,nan,nan,nan,nan,4.896,19.000,0.000,5.270,4.510,41.500,0.512,9.075,860.000,nan,nan,nan,nan,nan,nan,nan,4.462,9.000,0.000
NGC6081,243.2367,9.8671,-3.523,-16.809,4.720,4.220,81.500,3.468,17.471,860.000,nan,nan,nan,nan,nan,nan,nan,4.901,10.000,0.000,4.840,4.310,-85.400,4.534,9.616,860.000,nan,nan,nan,nan,nan,nan,nan,4.785,36.000,0.000
NGC6125,244.7979,57.9841,-11.268,-16.683,5.430,3.850,68.300,2.191,14.155,860.000,nan,nan,nan,nan,nan,nan,nan,5.893,19.000,5.000,5.580,3.960,69.700,2.355,7.693,860.000,1.071,0.421,nan,nan,nan,nan,nan,4.689,30.000,0.000
NGC6146,246.2929,40.8929,21.266,-18.416,5.180,3.990,77.200,-10.633,13.470,860.000,nan,nan,nan,nan,nan,nan,nan,4.281,13.000,0.000,5.290,4.100,82.600,8.526,9.406,860.000,1.647,0.423,nan,nan,nan,nan,nan,4.771,31.000,0.000
NGC6155,246.5346,48.3668,21.753,-17.918,5.570,3.780,65.500,46.591,15.516,860.000,81.316,3.302,70.571,5.766,280.000,52.933,14.599,10.312,643.000,395.000,5.640,3.920,67.500,-2.289,6.852,860.000,nan,nan,4.127,0.983,160.000,-1.938,2.555,4.440,13.000,0.000
NGC6168,247.8367,20.1856,6.543,-18.386,5.000,4.000,44.800,19.453,17.547,860.000,27.794,2.324,33.282,4.872,320.000,26.824,12.758,5.319,73.000,6.000,4.990,4.210,47.200,-0.023,10.128,860.000,1.239,0.450,nan,nan,nan,nan,nan,4.705,8.000,0.000
NGC6186,248.6062,21.5409,165.299,-18.556,4.850,4.170,62.400,134.150,17.548,860.000,166.291,3.793,154.766,6.783,380.000,150.446,15.767,22.866,424.000,338.000,4.900,4.330,71.900,13.581,8.444,860.000,4.924,0.657,12.133,1.849,360.000,9.832,3.829,7.223,51.000,14.000
NGC6301,257.1363,42.3391,11.073,-19.141,4.840,4.130,31.300,15.570,12.082,860.000,55.585,2.601,60.231,4.819,500.000,29.666,11.057,7.862,254.000,70.000,4.920,4.330,34.000,2.406,8.564,860.000,1.372,0.489,nan,nan,nan,nan,nan,5.195,30.000,1.000
NGC6310,256.9896,60.9902,3.110,-16.860,5.120,3.790,70.200,10.364,16.288,860.000,4.479,1.371,10.642,2.561,180.000,4.781,6.600,4.736,25.000,0.000,5.150,3.900,73.000,4.167,8.311,860.000,0.590,0.299,nan,nan,nan,nan,nan,4.641,20.000,0.000
NGC6314,258.1612,23.2701,54.392,-19.454,4.410,3.870,58.400,13.140,9.090,660.000,33.137,1.569,39.079,3.071,560.000,25.574,5.251,7.658,93.000,43.000,4.420,3.980,72.100,-1.698,6.945,860.000,nan,nan,nan,nan,nan,nan,nan,4.963,16.000,0.000
NGC6361,259.6712,60.6082,176.327,-17.013,5.540,3.980,60.500,307.142,13.441,860.000,385.397,3.696,367.162,6.181,560.000,341.905,12.710,34.862,881.000,795.000,5.650,4.100,60.800,12.254,7.068,860.000,37.156,1.500,34.544,2.423,580.000,32.384,5.174,7.538,351.000,161.000
NGC6394,262.5892,59.6399,29.954,-17.255,5.650,3.920,44.700,12.037,13.451,860.000,38.021,2.128,45.872,4.155,600.000,32.386,8.509,7.052,103.000,40.000,5.770,4.110,45.100,-8.885,9.412,860.000,nan,nan,nan,nan,nan,nan,nan,5.475,40.000,3.000
NGC6478,267.1629,51.1602,17.170,-18.599,4.880,4.020,39.900,78.338,15.710,820.000,146.011,3.327,142.205,5.751,600.000,116.491,11.140,15.183,663.000,523.000,5.000,4.190,39.900,-4.394,8.711,860.000,0.857,0.311,nan,nan,nan,nan,nan,4.478,21.000,0.000
NGC7738,356.0086,0.5166,271.118,-1.609,4.440,3.610,39.700,78.046,8.244,780.000,103.648,1.562,98.849,2.926,580.000,91.893,5.040,33.071,169.000,130.000,4.420,3.760,46.000,1.403,5.724,840.000,6.042,0.533,7.834,1.325,520.000,6.931,2.441,5.566,26.000,4.000
NGC7819,1.1021,31.4720,51.032,-5.181,4.600,3.710,60.700,12.688,13.238,860.000,33.915,1.728,35.045,3.415,340.000,26.055,7.377,9.013,94.000,49.000,4.630,3.800,68.800,-2.887,7.364,860.000,nan,nan,nan,nan,nan,nan,nan,4.691,21.000,0.000
UGC00809,18.9658,33.8107,14.996,-1.108,4.250,3.620,55.300,9.834,14.862,860.000,4.988,0.882,22.040,3.736,340.000,13.833,9.223,5.246,32.000,3.000,4.240,3.730,67.100,-5.997,7.183,860.000,0.989,0.441,nan,nan,nan,nan,nan,4.902,22.000,0.000
UGC03253,79.9246,84.0526,26.626,-8.141,6.810,4.370,50.100,10.513,12.150,760.000,10.795,1.298,20.735,3.105,300.000,23.546,7.127,7.058,48.000,17.000,6.900,4.510,50.200,-6.826,6.452,860.000,nan,nan,nan,nan,nan,nan,nan,5.188,37.000,1.000
UGC03539,102.2250,66.2616,38.798,-2.270,5.630,4.420,-34.200,26.276,14.841,860.000,58.361,2.477,55.568,4.214,420.000,45.617,9.057,13.127,218.000,159.000,5.710,4.570,-37.300,1.657,8.215,860.000,nan,nan,nan,nan,nan,nan,nan,6.238,41.000,7.000
UGC03969,115.3096,27.6141,26.081,9.384,5.380,4.140,46.100,24.916,12.910,860.000,45.922,2.292,52.235,4.153,520.000,45.022,8.279,7.412,128.000,65.000,5.470,4.220,52.400,3.138,8.990,860.000,2.504,0.623,nan,nan,nan,nan,nan,4.572,26.000,0.000
UGC03973,115.6367,49.8097,26.716,2.563,4.620,4.500,62.100,10.935,11.738,720.000,33.792,2.100,34.320,4.231,420.000,22.834,8.737,5.960,145.000,31.000,4.810,4.460,75.900,-5.780,8.678,860.000,nan,nan,nan,nan,nan,nan,nan,4.516,11.000,0.000
UGC04029,117.0792,34.3323,69.265,7.243,4.900,3.960,46.700,24.203,13.046,860.000,58.908,2.317,56.687,4.204,420.000,44.834,9.441,11.993,236.000,150.000,5.030,4.020,52.200,2.784,6.619,860.000,nan,nan,2.549,1.109,120.000,-0.467,3.178,5.518,19.000,2.000
UGC04132,119.8042,32.9147,102.618,7.343,5.480,3.960,60.500,135.141,14.111,860.000,190.891,3.767,179.254,6.018,580.000,145.048,12.344,17.817,613.000,517.000,5.610,4.050,62.100,8.812,8.250,860.000,nan,nan,13.346,1.743,380.000,16.562,3.896,4.765,34.000,0.000
UGC04280,123.6388,54.7996,41.186,0.280,4.770,4.510,-9.200,6.274,16.202,860.000,14.875,1.524,16.901,2.995,300.000,19.653,6.660,5.685,42.000,4.000,4.780,4.680,-54.400,2.189,8.690,860.000,nan,nan,3.041,1.400,100.000,-3.303,3.940,4.952,45.000,0.000
UGC04461,128.3446,52.5323,49.234,0.483,4.880,4.220,54.200,21.501,15.044,860.000,34.376,2.053,32.352,3.573,340.000,32.909,7.876,8.516,120.000,54.000,5.030,4.310,59.900,6.880,8.308,860.000,0.576,0.284,nan,nan,nan,nan,nan,4.559,18.000,0.000
UGC05108,143.8596,29.8126,72.602,4.136,5.470,4.380,52.000,25.136,10.896,860.000,29.100,1.575,39.312,3.463,620.000,21.417,6.790,8.336,59.000,30.000,5.680,4.420,58.200,3.915,7.536,860.000,nan,nan,nan,nan,nan,nan,nan,4.724,19.000,0.000
UGC05111,144.2192,66.7883,37.872,-5.057,5.210,4.950,2.900,68.886,10.809,800.000,95.423,2.733,91.663,4.520,540.000,65.674,9.350,12.695,499.000,392.000,5.290,5.170,1.100,4.937,6.287,860.000,nan,nan,nan,nan,nan,nan,nan,4.607,16.000,0.000
UGC05244,147.1992,64.1669,-9.153,-4.756,5.100,4.640,-23.100,-6.087,17.880,860.000,nan,nan,4.644,1.909,120.000,3.151,5.206,4.860,55.000,0.000,5.020,4.830,-31.800,0.965,8.409,860.000,nan,nan,nan,nan,nan,nan,nan,4.559,18.000,0.000
UGC05359,149.7150,19.2150,2.529,5.230,6.750,4.870,46.500,4.625,10.138,860.000,10.296,1.136,28.875,3.379,480.000,20.969,8.131,5.758,55.000,16.000,6.890,4.920,50.200,-3.319,7.092,860.000,nan,nan,nan,nan,nan,nan,nan,4.799,19.000,0.000
UGC05498NED01,153.0150,23.0854,54.946,3.586,5.240,3.920,27.900,-6.105,17.361,860.000,11.483,1.428,nan,nan,nan,nan,nan,5.232,25.000,3.000,5.340,4.070,28.400,-11.600,11.457,860.000,nan,nan,nan,nan,nan,nan,nan,4.779,21.000,0.000
UGC05598,155.5583,20.5894,31.097,3.477,5.830,4.070,39.900,10.538,17.002,860.000,22.300,1.930,21.612,3.323,320.000,21.745,7.280,7.145,62.000,27.000,5.890,4.200,42.000,-15.037,10.104,860.000,nan,nan,nan,nan,nan,nan,nan,4.209,8.000,0.000
UGC06312,169.5008,7.8449,-1.731,2.074,4.610,4.570,-21.500,-7.138,14.536,860.000,nan,nan,nan,nan,nan,nan,nan,4.780,16.000,0.000,4.790,4.530,-53.200,7.011,8.983,860.000,nan,nan,nan,nan,nan,nan,nan,4.953,27.000,0.000
UGC07012,180.5129,29.8480,7.706,-4.818,4.730,3.920,56.600,-1.861,14.612,860.000,0.847,0.507,11.002,2.927,220.000,10.242,7.899,5.832,47.000,8.000,4.780,4.060,64.700,2.538,7.258,860.000,3.090,0.635,nan,nan,nan,nan,nan,4.884,21.000,0.000
UGC08107,194.9158,53.3412,69.816,-10.469,4.870,4.470,13.100,41.740,10.644,860.000,79.737,2.369,85.763,4.049,780.000,62.603,6.861,9.669,226.000,171.000,4.990,4.680,14.700,-1.820,7.618,860.000,nan,nan,nan,nan,nan,nan,nan,4.734,13.000,0.000
UGC08250,197.5838,32.4832,7.926,-9.511,4.870,3.920,74.200,9.018,13.656,860.000,nan,nan,nan,nan,nan,nan,nan,4.827,18.000,0.000,4.950,3.990,78.800,-2.453,8.484,860.000,nan,nan,nan,nan,nan,nan,nan,4.812,16.000,0.000
UGC08267,197.7971,43.7263,63.382,-10.493,4.700,3.920,60.300,28.255,13.802,860.000,54.400,2.194,51.735,3.862,520.000,45.047,7.507,11.203,196.000,127.000,4.770,4.060,67.600,4.933,8.671,860.000,nan,nan,nan,nan,nan,nan,nan,4.947,13.000,0.000
UGC09067,212.6892,15.2094,29.434,-11.388,5.610,4.390,31.600,9.800,14.601,860.000,46.607,2.392,50.958,4.437,460.000,38.860,9.265,9.273,216.000,99.000,5.710,4.620,33.500,1.349,9.728,860.000,1.112,0.431,nan,nan,nan,nan,nan,4.466,5.000,0.000
UGC09476,220.3833,44.5128,1.015,-14.815,5.160,3.890,69.800,13.911,16.112,860.000,21.353,2.056,62.419,6.323,600.000,41.620,16.388,5.386,87.000,4.000,5.210,4.020,75.400,14.993,8.444,860.000,nan,nan,nan,nan,nan,nan,nan,5.061,29.000,2.000
UGC09537,222.1113,34.9981,24.964,-15.038,4.610,3.960,63.900,13.395,11.510,860.000,37.710,2.152,52.689,4.399,700.000,50.658,9.086,6.665,118.000,21.000,4.710,4.070,75.000,3.766,8.346,860.000,nan,nan,nan,nan,nan,nan,nan,4.520,9.000,0.000
UGC09542,222.2550,42.4639,28.418,-15.146,5.060,3.610,66.300,3.957,14.045,860.000,29.396,1.982,31.514,3.828,380.000,27.062,9.181,7.041,87.000,28.000,5.060,3.680,71.500,1.459,8.339,860.000,nan,nan,nan,nan,nan,nan,nan,4.670,20.000,0.000
UGC09665,225.3854,48.3197,32.282,-15.492,4.570,3.730,41.700,19.006,16.544,860.000,65.162,2.869,63.166,5.117,380.000,51.168,11.856,11.084,229.000,128.000,4.550,3.880,46.400,0.214,8.080,860.000,1.240,0.324,nan,nan,nan,nan,nan,4.844,26.000,0.000
UGC09759,227.6712,55.3493,37.273,-15.354,5.040,3.670,60.700,20.207,14.465,860.000,47.264,2.091,46.800,3.973,420.000,35.842,7.943,14.728,109.000,57.000,5.020,3.850,63.900,7.561,7.816,860.000,1.068,0.311,3.974,1.130,180.000,6.281,2.821,5.493,36.000,4.000
UGC09873,232.4608,42.6289,33.306,-16.711,4.730,3.700,68.300,-6.240,13.439,860.000,11.328,1.103,14.030,2.286,220.000,14.259,5.661,6.906,47.000,16.000,4.780,3.760,74.600,-3.370,8.196,860.000,nan,nan,nan,nan,nan,nan,nan,4.413,5.000,0.000
UGC09892,233.2163,41.1915,5.330,-16.859,4.840,4.150,50.400,8.078,12.386,860.000,18.531,1.593,21.350,2.751,340.000,31.258,6.568,5.605,72.000,8.000,4.910,4.180,57.800,-0.128,7.453,860.000,nan,nan,nan,nan,nan,nan,nan,5.120,22.000,1.000
UGC09919,233.9154,12.6064,9.668,-15.658,4.820,4.490,58.200,11.637,15.513,860.000,11.021,1.454,12.580,2.776,280.000,4.632,6.833,5.016,35.000,1.000,4.890,4.630,87.100,-3.479,7.770,860.000,nan,nan,nan,nan,nan,nan,nan,4.643,22.000,0.000
UGC10043,237.1725,21.8697,15.213,-17.063,4.670,3.900,85.300,32.846,18.315,860.000,68.826,3.057,72.877,5.604,400.000,69.124,12.127,11.265,157.000,117.000,4.800,3.940,-84.000,2.972,8.092,860.000,6.271,0.740,5.163,1.035,220.000,7.697,2.309,5.403,45.000,1.000
UGC10123,239.7625,51.3047,49.422,-17.031,4.380,3.880,62.900,62.004,14.210,860.000,99.316,2.658,101.429,5.292,520.000,83.308,11.657,13.458,338.000,276.000,4.490,3.930,74.200,5.806,7.542,860.000,10.346,0.980,3.463,0.896,160.000,4.487,2.338,5.885,101.000,8.000
UGC10205,241.6675,30.0991,31.703,-18.060,5.570,4.140,89.500,18.507,12.512,760.000,39.375,2.283,43.451,4.172,740.000,29.313,8.214,6.175,99.000,21.000,5.660,4.200,-86.500,2.270,8.258,860.000,1.311,0.442,nan,nan,nan,nan,nan,4.727,14.000,0.000
UGC10331,244.3379,59.3201,12.775,-16.463,6.500,4.080,49.900,-15.065,20.492,860.000,nan,nan,nan,nan,nan,nan,nan,3.958,0.000,0.000,6.650,4.250,49.800,-0.204,10.142,860.000,nan,nan,5.197,1.470,100.000,0.446,4.058,4.434,13.000,0.000
UGC10380,246.4579,16.5761,62.217,-17.945,4.820,4.380,41.200,13.350,13.347,860.000,15.460,1.396,20.914,3.117,380.000,21.086,6.410,6.283,45.000,8.000,4.890,4.620,43.600,5.833,9.239,860.000,nan,nan,nan,nan,nan,nan,nan,4.975,29.000,0.000
UGC10384,246.6946,11.5803,60.293,-17.467,5.150,4.040,37.800,39.495,12.265,860.000,69.025,2.115,77.379,4.129,460.000,58.013,8.532,18.091,243.000,184.000,5.170,4.160,42.400,-2.390,6.532,860.000,3.619,0.525,3.477,1.306,140.000,6.216,3.491,4.972,18.000,0.000
UGC10710,256.7188,43.1222,39.507,-19.062,5.040,3.950,70.800,13.248,13.861,860.000,32.865,1.998,50.247,4.682,580.000,40.588,9.176,6.161,73.000,17.000,5.090,4.110,76.800,-2.584,9.711,860.000,2.484,0.669,2.983,1.503,100.000,4.749,4.224,4.778,22.000,0.000
