dat_glob/obs/edge_coflux_e20.csv
# %ECSV 0.9
# ---
# datatype:
# - {name: Name, datatype: string, description: Galaxy Name}
# - {name: coRactr_e20, unit: deg, datatype: float64, format: .4f, description: Reference R.A. of e20 CARMA cube}
# - {name: coDectr_e20, unit: deg, datatype: float64, format: .4f, description: Reference Dec. of e20 CARMA cube}
# - {name: coCtrint_e20, unit: K km / s, datatype: float64, format: .3f, description: Unmasked CO intensity at reference pixel}
# - {name: coBmaj_e20, unit: arcsec, datatype: float64, format: .3f, description: Beam major axis of e20 co cube}
# - {name: coBmin_e20, unit: arcsec, datatype: float64, format: .3f, description: Beam minor axis of e20 co cube}
# - {name: coBpa_e20, unit: deg, datatype: float64, format: .3f, description: Beam pos ang (deg E of N) of e20 co cube}
# - {name: coNomask_e20, unit: Jy km / s, datatype: float64, format: .3f, description: co flux from unmasked e20 cube}
# - {name: coeNomask_e20, unit: Jy km / s, datatype: float64, format: .3f, description: co flux uncertainty from unmasked e20 cube}
# - {name: coNomaskDv_e20, unit: km / s, datatype: float64, format: .3f, description: co velocity width for unmasked e20 cube}
# - {name: coDilated_e20, unit: Jy km / s, datatype: float64, format: .3f, description: co flux from dilated-masked e20 cube}
# - {name: coeDilated_e20, unit: Jy km / s, datatype: float64, format: .3f, description: co flux uncertainty from dilated-masked e20 cube}
# - {name: coSmooth_e20, unit: Jy km / s, datatype: float64, format: .3f, description: co flux from smoothed-masked e20 cube}
# - {name: coeSmooth_e20, unit: Jy km / s, datatype: float64, format: .3f, description: co flux uncertainty from smoothed-masked e20 cube}
# - {name: coSmoothDv_e20, unit: km / s, datatype: float64, format: .3f, description: co velocity width for smooth-masked e20 cube}
# - {name: coMask2d_e20, unit: Jy km / s, datatype: float64, format: .3f, description: co flux from 2D masked e20 cube}
# - {name: coeMask2d_e20, unit: Jy km / s, datatype: float64, format: .3f, description: co flux uncertainty from 2D masked e20 cube}
# - {name: coSNRmax_e20, datatype: float64, format: .3f, description: Maximum SNR of co in e20 cube}
# - {name: coSNR4pix_e20, datatype: float64, format: .3f, description: Number of XY pixels with co peak Tb > 4 sigma}
# - {name: coSNR5pix_e20, datatype: float64, format: .3f, description: Number of XY pixels with co peak Tb > 5 sigma}
# - {name: cottBmaj_e20, unit: arcsec, datatype: float64, format: .3f, description: Beam major axis of e20 13co cube}
# - {name: cottBmin_e20, unit: arcsec, datatype: float64, format: .3f, description: Beam minor axis of e20 13co cube}
# - {name: cottBpa_e20, unit: deg, datatype: float64, format: .3f, description: Beam pos ang (deg E of N) of e20 13co cube}
# - {name: cottNomask_e20, unit: Jy km / s, datatype: float64, format: .3f, description: 13co flux from unmasked e20 cube}
# - {name: cotteNomask_e20, unit: Jy km / s, datatype: float64, format: .3f, description: 13co flux uncertainty from unmasked e20 cube}
# - {name: cottNomaskDv_e20, unit: km / s, datatype: float64, format: .3f, description: 13co velocity width for unmasked e20 cube}
# - {name: cottDilated_e20, unit: Jy km / s, datatype: float64, format: .3f, description: 13co flux from dilated-masked e20 cube}
[...]
#     cube}
# - {name: cottSmooth_e20, unit: Jy km / s, datatype: float64, format: .3f, description: 13co flux from smoothed-masked e20 cube}
# - {name: cotteSmooth_e20, unit: Jy km / s, datatype: float64, format: .3f, description: 13co flux uncertainty from smoothed-masked e20
#     cube}
# - {name: cottSmoothDv_e20, unit: km / s, datatype: float64, format: .3f, description: 13co velocity width for smooth-masked e20 cube}
# - {name: cottMask2d_e20, unit: Jy km / s, datatype: float64, format: .3f, description: 13co flux from 2D masked e20 cube}
# - {name: cotteMask2d_e20, unit: Jy km / s, datatype: float64, format: .3f, description: 13co flux uncertainty from 2D masked e20 cube}
# - {name: cottSNRmax_e20, datatype: float64, format: .3f, description: Maximum SNR of 13co in e20 cube}
# - {name: cottSNR4pix_e20, datatype: float64, format: .3f, description: Number of XY pixels with 13co peak Tb > 4 sigma}
# - {name: cottSNR5pix_e20, datatype: float64, format: .3f, description: Number of XY pixels with 13co peak Tb > 5 sigma}
# delimiter: ','
# schema: astropy-2.0
Name,coRactr_e20,coDectr_e20,coCtrint_e20,coBmaj_e20,coBmin_e20,coBpa_e20,coNomask_e20,coeNomask_e20,coNomaskDv_e20,coDilated_e20,coeDilated_e20,coSmooth_e20,coeSmooth_e20,coSmoothDv_e20,coMask2d_e20,coeMask2d_e20,coSNRmax_e20,coSNR4pix_e20,coSNR5pix_e20,cottBmaj_e20,cottBmin_e20,cottBpa_e20,cottNomask_e20,cotteNomask_e20,cottNomaskDv_e20,cottDilated_e20,cotteDilated_e20,cottSmooth_e20,cotteSmooth_e20,cottSmoothDv_e20,cottMask2d_e20,cotteMask2d_e20,cottSNRmax_e20,cottSNR4pix_e20,cottSNR5pix_e20
[from data line 71]
NGC5485,211.7971,55.0016,-3.079,7.350,5.640,-45.100,-18.290,24.455,860.000,nan,nan,nan,nan,nan,nan,nan,4.500,11.000,0.000,7.730,5.820,-46.100,-0.166,11.031,860.000,nan,nan,nan,nan,nan,nan,nan,4.072,3.000,0.000
NGC5520,213.0950,50.3484,23.767,6.460,5.720,-56.000,21.406,26.065,860.000,70.339,4.470,73.168,9.945,380.000,50.144,24.273,7.268,189.000,58.000,6.770,5.950,-54.600,-10.726,12.772,860.000,nan,nan,nan,nan,nan,nan,nan,4.344,4.000,0.000
NGC5614,216.0317,34.8589,63.012,11.070,6.630,60.200,103.130,28.801,860.000,229.855,6.122,220.623,9.618,400.000,181.649,19.985,16.449,892.000,686.000,11.430,6.830,61.300,1.812,16.098,860.000,nan,nan,nan,nan,nan,nan,nan,4.112,3.000,0.000
NGC5630,216.9025,41.2578,1.537,9.340,6.620,66.600,0.673,28.883,860.000,nan,nan,nan,nan,nan,nan,nan,4.090,2.000,0.000,9.610,6.820,67.800,8.438,13.947,860.000,nan,nan,nan,nan,nan,nan,nan,4.103,4.000,0.000
NGC5631,216.6387,56.5826,-6.002,10.610,6.430,-78.100,5.617,29.894,860.000,nan,nan,nan,nan,nan,nan,nan,4.414,16.000,0.000,10.900,6.630,-77.600,2.986,12.472,860.000,nan,nan,nan,nan,nan,nan,nan,4.261,16.000,0.000
NGC5633,216.8683,46.1466,31.428,6.660,6.430,38.500,6.428,32.333,860.000,116.791,4.858,108.531,9.179,360.000,78.673,20.200,10.834,608.000,448.000,6.890,6.650,28.400,-8.631,14.596,860.000,nan,nan,11.289,2.486,140.000,11.423,6.900,4.824,15.000,0.000
NGC5657,217.6817,29.1808,44.939,10.440,6.500,-24.700,-39.637,33.315,820.000,41.629,3.680,47.439,6.410,320.000,46.317,12.647,6.296,99.000,33.000,10.820,6.680,-25.500,11.904,19.359,860.000,nan,nan,nan,nan,nan,nan,nan,4.432,8.000,0.000
NGC5682,218.6875,48.6702,5.057,9.720,7.060,-82.600,0.831,32.597,860.000,nan,nan,nan,nan,nan,nan,nan,4.593,29.000,0.000,10.100,7.210,-81.200,-9.014,14.892,860.000,nan,nan,nan,nan,nan,nan,nan,4.057,1.000,0.000
NGC5732,220.1621,38.6378,12.450,11.340,6.490,71.100,16.539,29.004,860.000,nan,nan,12.149,3.923,140.000,15.636,10.738,5.320,58.000,5.000,11.970,6.680,70.800,-13.244,16.093,860.000,nan,nan,nan,nan,nan,nan,nan,5.685,81.000,18.000
NGC5784,223.5683,42.5579,16.355,8.720,6.330,-61.600,-2.102,28.588,860.000,19.863,2.410,19.761,3.796,160.000,43.505,9.640,7.732,104.000,40.000,9.060,6.500,-62.500,1.065,16.470,860.000,nan,nan,nan,nan,nan,nan,nan,4.105,2.000,0.000
NGC5876,227.3817,54.5065,4.598,8.670,6.310,85.100,11.022,26.337,860.000,nan,nan,nan,nan,nan,nan,nan,4.395,30.000,0.000,8.920,6.540,86.600,8.726,15.765,860.000,nan,nan,nan,nan,nan,nan,nan,4.685,34.000,0.000
NGC5888,228.2808,41.2646,2.003,7.670,6.950,-63.000,-10.628,27.051,860.000,nan,nan,nan,nan,nan,nan,nan,4.271,14.000,0.000,8.010,7.060,-65.900,25.901,19.614,860.000,nan,nan,13.351,2.848,140.000,17.845,7.627,4.505,18.000,0.000
NGC5908,229.1800,55.4096,55.530,7.130,6.480,-3.800,140.183,26.684,860.000,381.835,7.601,366.010,12.215,780.000,286.995,22.353,15.695,902.000,740.000,7.490,6.660,-4.100,-2.357,15.212,860.000,11.340,1.216,48.064,4.821,820.000,31.900,10.313,5.126,46.000,2.000
NGC5930,231.5329,41.6761,167.226,7.380,6.660,10.100,54.123,28.921,860.000,134.275,4.108,134.610,8.535,520.000,115.556,15.179,17.341,181.000,148.000,7.630,6.900,10.800,-9.447,13.883,860.000,4.789,0.834,nan,nan,nan,nan,nan,5.395,38.000,5.000
NGC5934,232.0533,42.9299,71.325,7.060,6.920,-36.100,-8.431,26.852,860.000,98.911,4.168,114.531,8.489,700.000,87.085,14.171,8.807,210.000,141.000,7.220,7.130,-1.800,-5.463,17.187,860.000,nan,nan,nan,nan,nan,nan,nan,4.395,8.000,0.000
NGC5947,232.6500,42.7169,8.189,6.930,5.950,89.500,9.182,14.722,860.000,13.502,1.767,23.494,4.919,300.000,16.796,12.784,4.840,44.000,0.000,7.220,6.250,89.900,5.061,9.606,860.000,nan,nan,nan,nan,nan,nan,nan,4.581,17.000,0.000
NGC5953,233.6350,15.1938,83.271,9.240,6.120,-76.700,107.029,30.768,860.000,277.853,8.233,291.035,13.382,380.000,233.344,28.613,30.446,705.000,487.000,9.470,6.300,-76.300,-6.321,13.640,860.000,13.931,1.389,19.361,2.861,300.000,16.320,6.115,5.924,57.000,16.000
NGC5971,233.9038,56.4617,7.014,9.040,6.240,-83.100,3.314,26.443,860.000,7.752,2.011,nan,nan,nan,nan,nan,4.176,9.000,0.000,9.490,6.450,-81.500,-8.139,13.647,860.000,nan,nan,nan,nan,nan,nan,nan,5.129,21.000,2.000
NGC5980,235.3767,15.7877,41.209,9.130,6.370,-78.900,17.659,24.056,740.000,128.667,4.970,129.215,8.412,540.000,103.453,14.911,11.575,535.000,372.000,9.330,6.540,-79.300,-11.208,13.828,860.000,nan,nan,nan,nan,nan,nan,nan,5.209,38.000,2.000
NGC5987,234.9892,58.0795,-5.005,10.630,6.580,-74.300,21.487,39.523,860.000,nan,nan,nan,nan,nan,nan,nan,4.394,31.000,0.000,10.870,6.770,-73.200,3.522,20.434,860.000,nan,nan,nan,nan,nan,nan,nan,3.959,0.000,0.000
NGC6004,237.5946,18.9393,11.714,9.270,6.420,-52.800,22.323,29.790,860.000,70.151,4.998,95.344,11.217,320.000,41.926,29.181,5.986,281.000,46.000,9.680,6.660,-51.600,-17.307,16.684,860.000,nan,nan,nan,nan,nan,nan,nan,4.391,18.000,0.000
NGC6021,239.3779,15.9561,-1.089,10.390,6.840,-39.400,18.204,52.486,860.000,nan,nan,nan,nan,nan,nan,nan,4.066,1.000,0.000,10.490,7.080,-42.700,-43.034,29.867,860.000,nan,nan,nan,nan,nan,nan,nan,4.184,5.000,0.000
NGC6027,239.8021,20.7634,18.563,7.240,6.210,-44.500,14.288,29.586,860.000,nan,nan,nan,nan,nan,nan,nan,4.204,8.000,0.000,7.380,6.390,-48.100,-4.344,14.446,860.000,nan,nan,nan,nan,nan,nan,nan,4.812,15.000,0.000
NGC6032,240.7546,20.9559,15.765,7.200,6.650,-54.100,1.117,35.214,860.000,nan,nan,nan,nan,nan,nan,nan,4.654,31.000,0.000,7.370,6.890,-65.500,-8.194,17.303,860.000,nan,nan,nan,nan,nan,nan,nan,4.499,13.000,0.000
NGC6060,241.4667,21.4849,31.859,8.820,6.350,-57.800,38.476,46.802,860.000,69.763,6.106,168.408,17.652,520.000,83.267,43.091,5.205,100.000,6.000,9.190,6.470,-57.400,0.289,23.196,860.000,nan,nan,nan,nan,nan,nan,nan,4.354,9.000,0.000
NGC6063,241.8042,7.9790,-2.927,7.870,6.460,-37.800,-7.868,38.467,860.000,nan,nan,21.549,6.107,120.000,11.191,17.213,4.321,16.000,0.000,8.200,6.610,-38.900,15.275,18.343,860.000,nan,nan,nan,nan,nan,nan,nan,4.385,22.000,0.000
NGC6081,243.2367,9.8671,-16.612,9.500,6.170,-49.200,-50.065,79.159,860.000,nan,nan,nan,nan,nan,nan,nan,3.994,0.000,0.000,9.890,6.350,-50.500,66.114,47.842,860.000,nan,nan,nan,nan,nan,nan,nan,3.988,0.000,0.000
NGC6125,244.7979,57.9841,-4.813,8.810,6.290,-73.700,36.271,29.780,860.000,nan,nan,nan,nan,nan,nan,nan,4.703,20.000,0.000,8.950,6.450,-74.600,10.724,14.620,860.000,nan,nan,nan,nan,nan,nan,nan,4.527,32.000,0.000
NGC6132,245.9117,11.7862,3.680,12.620,7.380,-44.500,14.561,30.308,860.000,nan,nan,nan,nan,nan,nan,nan,4.186,6.000,0.000,13.070,7.490,-44.500,2.233,16.995,860.000,nan,nan,nan,nan,nan,nan,nan,4.486,26.000,0.000
NGC6146,246.2929,40.8929,3.987,8.820,7.090,-73.000,24.552,24.188,860.000,nan,nan,nan,nan,nan,nan,nan,4.275,15.000,0.000,9.220,7.300,-73.500,-5.062,17.337,860.000,nan,nan,nan,nan,nan,nan,nan,4.516,15.000,0.000
NGC6154,246.3771,49.8402,-3.946,6.860,6.640,-29.100,3.253,13.853,860.000,nan,nan,nan,nan,nan,nan,nan,4.523,17.000,0.000,7.040,6.890,-47.000,5.814,9.869,860.000,1.138,0.431,nan,nan,nan,nan,nan,4.380,18.000,0.000
NGC6155,246.5346,48.3668,3.873,7.420,6.610,-60.900,6.007,33.875,860.000,94.123,5.343,89.654,10.090,280.000,52.823,25.016,7.448,470.000,206.000,7.730,6.860,-61.400,-19.423,15.589,860.000,nan,nan,nan,nan,nan,nan,nan,4.516,17.000,0.000
NGC6168,247.8367,20.1856,5.323,10.800,6.400,-31.000,32.143,31.499,860.000,45.089,4.162,36.269,6.613,200.000,31.251,16.662,6.255,212.000,66.000,11.220,6.570,-32.300,-7.107,14.451,860.000,nan,nan,nan,nan,nan,nan,nan,4.487,23.000,0.000
NGC6186,248.6062,21.5409,65.677,11.980,6.970,-30.500,61.146,33.158,860.000,156.364,6.402,147.107,10.347,340.000,114.984,23.066,11.751,670.000,418.000,12.510,7.150,-30.900,17.133,15.724,860.000,nan,nan,nan,nan,nan,nan,nan,4.568,33.000,0.000
NGC6278,255.2096,23.0110,6.088,7.740,6.350,-50.000,14.187,35.007,860.000,nan,nan,nan,nan,nan,nan,nan,4.362,10.000,0.000,7.960,6.530,-51.000,-8.648,17.355,860.000,nan,nan,nan,nan,nan,nan,nan,4.074,1.000,0.000
NGC6301,257.1363,42.3391,-4.905,7.320,6.890,-33.300,0.445,23.984,860.000,59.378,3.741,72.960,7.377,500.000,39.272,17.388,7.166,211.000,53.000,7.640,7.180,-26.000,13.512,18.157,860.000,nan,nan,7.890,2.607,100.000,-2.663,7.209,4.444,10.000,0.000
NGC6310,256.9896,60.9902,5.151,9.090,6.640,87.000,20.538,36.413,860.000,nan,nan,nan,nan,nan,nan,nan,4.844,59.000,0.000,9.360,6.830,88.200,1.551,19.337,860.000,nan,nan,nan,nan,nan,nan,nan,4.161,15.000,0.000
NGC6314,258.1612,23.2701,36.455,7.770,6.130,-59.000,-25.783,25.691,660.000,15.245,1.964,33.145,5.639,360.000,39.948,11.309,4.702,33.000,0.000,8.040,6.320,-59.400,-4.422,19.567,860.000,nan,nan,nan,nan,nan,nan,nan,4.644,33.000,0.000
NGC6361,259.6712,60.6082,92.030,8.460,7.110,61.200,152.191,28.634,860.000,380.891,7.703,365.377,11.981,560.000,298.166,23.589,18.218,1039.000,876.000,8.780,7.340,63.300,-17.970,15.506,860.000,nan,nan,34.125,4.287,540.000,30.601,10.141,5.598,44.000,9.000
NGC6394,262.5892,59.6399,17.213,9.150,6.870,78.700,22.250,27.330,860.000,nan,nan,nan,nan,nan,nan,nan,4.949,35.000,0.000,9.600,7.170,78.500,-13.610,19.596,860.000,nan,nan,nan,nan,nan,nan,nan,4.652,18.000,0.000
NGC6478,267.1571,51.1538,23.445,9.190,7.450,-88.900,55.244,25.392,860.000,154.022,5.698,157.808,9.198,560.000,97.459,18.305,10.063,748.000,494.000,9.600,7.720,-88.500,-3.525,14.819,860.000,nan,nan,nan,nan,nan,nan,nan,4.592,16.000,0.000
NGC6497,267.8250,59.4709,5.944,8.160,6.840,70.100,-19.154,36.721,860.000,nan,nan,nan,nan,nan,nan,nan,4.531,22.000,0.000,8.470,6.990,71.800,2.173,20.254,860.000,nan,nan,nan,nan,nan,nan,nan,4.847,25.000,0.000
NGC6762,286.4046,63.9341,0.526,9.950,6.280,-79.800,23.273,39.434,860.000,nan,nan,nan,nan,nan,nan,nan,4.962,44.000,0.000,10.220,6.510,-79.800,3.141,18.455,860.000,nan,nan,nan,nan,nan,nan,nan,3.898,0.000,0.000
NGC7819,1.1021,31.4720,20.937,8.420,6.290,68.900,8.507,31.976,860.000,27.476,2.628,41.502,6.182,280.000,33.410,14.982,5.461,68.000,8.000,8.560,6.400,69.600,9.190,18.702,860.000,nan,nan,nan,nan,nan,nan,nan,4.472,14.000,0.000
UGC00809,18.9658,33.8107,7.460,6.950,6.200,-44.000,-30.650,34.511,860.000,nan,nan,nan,nan,nan,nan,nan,4.007,1.000,0.000,7.060,6.370,-50.100,3.767,17.364,860.000,nan,nan,nan,nan,nan,nan,nan,4.254,14.000,0.000
UGC00841,19.7917,33.0306,13.559,7.570,6.530,-42.200,19.550,27.955,860.000,3.973,1.216,nan,nan,nan,nan,nan,4.746,8.000,0.000,7.780,6.680,-43.500,-9.375,18.058,860.000,1.951,0.750,nan,nan,nan,nan,nan,4.283,12.000,0.000
UGC00987,21.3808,32.1363,0.699,6.760,6.090,-68.300,-33.073,38.841,860.000,nan,nan,nan,nan,nan,nan,nan,4.426,5.000,0.000,6.970,6.240,-68.500,11.443,20.241,860.000,nan,nan,nan,nan,nan,nan,nan,5.000,14.000,1.000
UGC03253,79.9246,84.0526,17.555,11.530,5.890,36.800,-3.003,17.406,760.000,17.852,2.038,nan,nan,nan,nan,nan,6.136,96.000,28.000,11.790,6.090,37.200,0.697,9.704,860.000,nan,nan,nan,nan,nan,nan,nan,4.603,25.000,0.000
UGC03539,102.2250,66.2616,19.861,8.820,7.850,-83.200,5.274,28.308,860.000,49.691,3.487,58.889,7.120,380.000,49.081,15.527,8.618,225.000,115.000,9.040,8.090,-83.600,-0.631,16.691,860.000,nan,nan,nan,nan,nan,nan,nan,4.242,8.000,0.000
UGC03899,113.1571,35.6145,2.379,10.730,5.980,-64.600,-30.522,38.162,860.000,nan,nan,nan,nan,nan,nan,nan,4.139,6.000,0.000,11.130,6.220,-65.600,-18.855,22.133,860.000,nan,nan,nan,nan,nan,nan,nan,4.680,35.000,0.000
UGC03944,114.6521,37.6335,8.648,9.090,6.470,63.400,-9.378,25.415,860.000,nan,nan,nan,nan,nan,nan,nan,4.177,5.000,0.000,9.380,6.580,64.100,-5.697,14.196,860.000,nan,nan,nan,nan,nan,nan,nan,5.011,23.000,1.000
UGC03969,115.3096,27.6141,19.617,9.080,6.280,65.900,2.487,20.460,860.000,48.050,2.770,56.546,5.230,480.000,59.445,10.637,6.870,263.000,130.000,9.270,6.510,67.300,-3.745,13.860,860.000,nan,nan,nan,nan,nan,nan,nan,4.736,22.000,0.000
UGC03973,115.6367,49.8097,18.152,7.660,6.160,-60.500,-17.552,27.089,760.000,16.956,2.167,37.532,5.909,300.000,32.006,12.580,4.793,40.000,0.000,7.870,6.380,-60.100,-10.810,19.737,860.000,nan,nan,nan,nan,nan,nan,nan,4.128,4.000,0.000
UGC03995,116.0379,29.2474,-5.462,7.450,6.390,-73.500,-13.211,34.117,860.000,nan,nan,nan,nan,nan,nan,nan,3.920,0.000,0.000,7.550,6.560,-81.100,-11.280,18.264,860.000,nan,nan,nan,nan,nan,nan,nan,4.352,16.000,0.000
UGC04029,117.0792,34.3323,48.124,8.370,6.020,68.600,-1.994,29.435,860.000,68.678,3.822,60.839,7.542,380.000,30.248,17.139,8.817,278.000,151.000,8.540,6.150,68.300,0.044,15.702,860.000,nan,nan,nan,nan,nan,nan,nan,4.068,1.000,0.000
UGC04054,117.7333,23.8959,1.330,9.520,6.590,72.500,33.469,38.065,860.000,nan,nan,nan,nan,nan,nan,nan,4.129,7.000,0.000,9.930,6.790,72.200,2.735,17.029,860.000,nan,nan,nan,nan,nan,nan,nan,4.869,17.000,0.000
UGC04132,119.8042,32.9147,63.857,9.650,6.610,78.800,90.484,28.442,860.000,188.497,5.982,188.222,10.629,580.000,171.009,21.483,11.473,681.000,540.000,9.890,6.880,77.600,-1.643,16.878,860.000,nan,nan,nan,nan,nan,nan,nan,4.794,18.000,0.000
UGC04280,123.6388,54.7996,13.789,8.330,6.920,78.300,4.039,28.487,860.000,nan,nan,nan,nan,nan,nan,nan,5.020,35.000,2.000,8.650,7.050,78.700,-4.538,15.592,860.000,nan,nan,nan,nan,nan,nan,nan,4.400,11.000,0.000
UGC04461,128.3446,52.5323,23.663,11.040,6.380,81.100,49.872,29.781,860.000,27.567,2.976,32.018,5.547,280.000,45.117,12.469,4.299,28.000,0.000,11.330,6.610,80.700,-15.957,16.598,860.000,nan,nan,nan,nan,nan,nan,nan,4.251,21.000,0.000
UGC05108,143.8596,29.8126,39.107,8.340,6.120,73.400,-31.058,28.873,860.000,26.467,2.619,nan,nan,nan,nan,nan,4.618,11.000,0.000,8.610,6.260,75.400,3.048,19.652,860.000,nan,nan,nan,nan,nan,nan,nan,4.146,5.000,0.000
UGC05111,144.2192,66.7883,24.972,8.810,6.400,71.800,45.516,14.865,800.000,83.798,3.196,83.326,6.099,520.000,66.854,12.460,10.505,529.000,400.000,9.210,6.620,71.800,0.492,9.199,860.000,nan,nan,nan,nan,nan,nan,nan,4.005,1.000,0.000
UGC05244,147.1992,64.1669,-3.499,8.290,6.070,-58.600,3.187,30.408,860.000,nan,nan,nan,nan,nan,nan,nan,4.531,30.000,0.000,8.540,6.320,-58.500,-4.172,14.963,860.000,nan,nan,nan,nan,nan,nan,nan,5.090,23.000,1.000
UGC05359,149.7150,19.2150,5.079,8.530,6.540,72.500,-12.628,19.272,860.000,nan,nan,nan,nan,nan,nan,nan,5.053,49.000,2.000,8.690,6.700,74.500,-3.853,14.147,860.000,nan,nan,nan,nan,nan,nan,nan,4.958,24.000,0.000
UGC05396,150.4187,10.7564,6.392,7.370,6.610,-30.300,0.179,29.288,860.000,nan,nan,nan,nan,nan,nan,nan,4.528,18.000,0.000,7.590,6.770,-33.400,12.285,18.552,860.000,nan,nan,nan,nan,nan,nan,nan,4.579,17.000,0.000
UGC05498NED01,153.0150,23.0854,32.456,7.450,6.440,-45.200,-9.458,42.392,860.000,nan,nan,nan,nan,nan,nan,nan,4.199,3.000,0.000,7.640,6.610,-47.400,10.316,29.699,860.000,nan,nan,nan,nan,nan,nan,nan,4.335,16.000,0.000
UGC05598,155.5583,20.5894,12.795,11.470,8.090,-84.700,-17.589,28.826,860.000,nan,nan,nan,nan,nan,nan,nan,4.915,36.000,0.000,11.810,8.240,-86.500,-5.781,17.843,860.000,nan,nan,nan,nan,nan,nan,nan,4.701,27.000,0.000
UGC05771,159.3304,43.5876,40.530,6.960,6.280,-48.100,-23.064,24.390,860.000,nan,nan,nan,nan,nan,nan,nan,4.163,2.000,0.000,7.220,6.530,-45.200,-12.263,15.298,860.000,6.628,0.975,nan,nan,nan,nan,nan,4.856,21.000,0.000
UGC05990,163.1596,34.4831,5.241,8.780,6.580,73.900,-1.309,34.193,800.000,nan,nan,nan,nan,nan,nan,nan,4.209,7.000,0.000,9.080,6.680,74.500,-2.577,16.712,860.000,nan,nan,nan,nan,nan,nan,nan,4.429,16.000,0.000
UGC06312,169.5008,7.8449,-7.545,7.210,6.830,-9.400,46.475,57.267,860.000,nan,nan,nan,nan,nan,nan,nan,4.047,3.000,0.000,7.420,7.060,-14.800,23.001,38.326,860.000,nan,nan,nan,nan,nan,nan,nan,4.377,8.000,0.000
UGC07012,180.5129,29.8480,0.411,8.580,6.350,-39.700,33.853,30.142,860.000,6.375,1.544,8.220,2.891,100.000,2.328,8.127,5.262,67.000,4.000,8.890,6.550,-41.200,4.241,15.389,860.000,nan,nan,nan,nan,nan,nan,nan,4.426,10.000,0.000
UGC07145,182.4625,38.2186,-2.568,8.870,6.410,67.600,24.635,26.505,720.000,nan,nan,nan,nan,nan,nan,nan,3.934,0.000,0.000,9.100,6.500,68.800,24.535,18.622,860.000,nan,nan,nan,nan,nan,nan,nan,5.084,46.000,2.000
UGC08004,192.9083,31.3528,3.085,9.330,6.570,-65.200,-0.514,35.255,860.000,nan,nan,nan,nan,nan,nan,nan,4.521,12.000,0.000,9.410,6.730,-68.500,3.999,23.790,860.000,nan,nan,nan,nan,nan,nan,nan,4.046,2.000,0.000
