dat_glob/obs/edge_coflux_natv.csv
# %ECSV 0.9
# ---
# datatype:
# - {name: Name, datatype: string, description: Galaxy Name}
# - {name: coRactr_natv, unit: deg, datatype: float64, format: .4f, description: Reference R.A. of natv CARMA cube}
# - {name: coDectr_natv, unit: deg, datatype: float64, format: .4f, description: Reference Dec. of natv CARMA cube}
# - {name: coCtrint_natv, unit: K km / s, datatype: float64, format: .3f, description: Unmasked CO intensity at reference pixel}
# - {name: coDvhel, unit: km / s, datatype: float64, format: .3f, description: Add this to go from LSR to Barycentric frame}
# - {name: coBmaj_natv, unit: arcsec, datatype: float64, format: .3f, description: Beam major axis of natv co cube}
# - {name: coBmin_natv, unit: arcsec, datatype: float64, format: .3f, description: Beam minor axis of natv co cube}
# - {name: coBpa_natv, unit: deg, datatype: float64, format: .3f, description: Beam pos ang (deg E of N) of natv co cube}
# - {name: coNomask_natv, unit: Jy km / s, datatype: float64, format: .3f, description: co flux from unmasked natv cube}
# - {name: coeNomask_natv, unit: Jy km / s, datatype: float64, format: .3f, description: co flux uncertainty from unmasked natv cube}
# - {name: coNomaskDv_natv, unit: km / s, datatype: float64, format: .3f, description: co velocity width for unmasked natv cube}
# - {name: coDilated_natv, unit: Jy km / s, datatype: float64, format: .3f, description: co flux from dilated-masked natv cube}
# - {name: coeDilated_natv, unit: Jy km / s, datatype: float64, format: .3f, description: co flux uncertainty from dilated-masked natv
#     cube}
# - {name: coSmooth_natv, unit: Jy km / s, datatype: float64, format: .3f, description: co flux from smoothed-masked natv cube}
# - {name: coeSmooth_natv, unit: Jy km / s, datatype: float64, format: .3f, description: co flux uncertainty from smoothed-masked natv
#     cube}
# - {name: coSmoothDv_natv, unit: km / s, datatype: float64, format: .3f, description: co velocity width for smooth-masked natv cube}
# - {name: coMask2d_natv, unit: Jy km / s, datatype: float64, format: .3f, description: co flux from 2D masked natv cube}
# - {name: coeMask2d_natv, unit: Jy km / s, datatype: float64, format: .3f, description: co flux uncertainty from 2D masked natv cube}
# - {name: coSNRmax_natv, datatype: float64, format: .3f, description: Maximum SNR of co in natv cube}
# - {name: coSNR4pix_natv, datatype: float64, format: .3f, description: Number of XY pixels with co peak Tb > 4 sigma}
# - {name: coSNR5pix_natv, datatype: float64, format: .3f, description: Number of XY pixels with co peak Tb > 5 sigma}
# - {name: cottBmaj_natv, unit: arcsec, datatype: float64, format: .3f, description: Beam major axis of natv 13co cube}
# - {name: cottBmin_natv, unit: arcsec, datatype: float64, format: .3f, description: Beam minor axis of natv 13co cube}
# - {name: cottBpa_natv, unit: deg, datatype: float64, format: .3f, description: Beam pos ang (deg E of N) of natv 13co cube}
# - {name: cottNomask_natv, unit: Jy km / s, datatype: float64, format: .3f, description: 13co flux from unmasked natv cube}
# - {name: cotteNomask_natv, unit: Jy km / s, datatype: float64, format: .3f, description: 13co flux uncertainty from unmasked natv cube}
[...]
#     natv cube}
# - {name: cottSmooth_natv, unit: Jy km / s, datatype: float64, format: .3f, description: 13co flux from smoothed-masked natv cube}
# - {name: cotteSmooth_natv, unit: Jy km / s, datatype: float64, format: .3f, description: 13co flux uncertainty from smoothed-masked
#     natv cube}
# - {name: cottSmoothDv_natv, unit: km / s, datatype: float64, format: .3f, description: 13co velocity width for smooth-masked natv cube}
# - {name: cottMask2d_natv, unit: Jy km / s, datatype: float64, format: .3f, description: 13co flux from 2D masked natv cube}
# - {name: cotteMask2d_natv, unit: Jy km / s, datatype: float64, format: .3f, description: 13co flux uncertainty from 2D masked natv cube}
# - {name: cottSNRmax_natv, datatype: float64, format: .3f, description: Maximum SNR of 13co in natv cube}
# - {name: cottSNR4pix_natv, datatype: float64, format: .3f, description: Number of XY pixels with 13co peak Tb > 4 sigma}
# - {name: cottSNR5pix_natv, datatype: float64, format: .3f, description: Number of XY pixels with 13co peak Tb > 5 sigma}
# delimiter: ','
# schema: astropy-2.0
Name,coRactr_natv,coDectr_natv,coCtrint_natv,coDvhel,coBmaj_natv,coBmin_natv,coBpa_natv,coNomask_natv,coeNomask_natv,coNomaskDv_natv,coDilated_natv,coeDilated_natv,coSmooth_natv,coeSmooth_natv,coSmoothDv_natv,coMask2d_natv,coeMask2d_natv,coSNRmax_natv,coSNR4pix_natv,coSNR5pix_natv,cottBmaj_natv,cottBmin_natv,cottBpa_natv,cottNomask_natv,cotteNomask_natv,cottNomaskDv_natv,cottDilated_natv,cotteDilated_natv,cottSmooth_natv,cotteSmooth_natv,cottSmoothDv_natv,cottMask2d_natv,cotteMask2d_natv,cottSNRmax_natv,cottSNR4pix_natv,cottSNR5pix_natv
ARP220,233.7383,23.5037,789.489,-16.613,4.480,3.870,71.800,374.803,14.955,1600.000,466.559,3.359,455.962,5.146,900.000,457.043,10.338,104.751,254.000,157.000,4.580,3.920,82.000,-3.137,8.708,1600.000,19.458,1.006,22.128,1.894,780.000,15.432,4.193,6.298,43.000,8.000
IC0480,118.8467,26.7411,45.497,9.209,4.880,3.930,42.800,49.938,14.821,860.000,81.053,2.444,78.057,4.383,420.000,73.803,9.157,18.732,235.000,184.000,4.940,4.060,46.000,-3.923,7.306,860.000,3.845,0.537,4.489,1.001,220.000,5.376,2.438,5.470,48.000,3.000
IC0540,142.5429,7.9028,39.810,9.316,6.220,3.630,31.000,-18.590,19.314,860.000,21.748,1.968,26.156,4.032,280.000,37.024,9.652,6.571,51.000,14.000,6.360,3.790,30.900,-3.064,8.322,860.000,nan,nan,nan,nan,nan,nan,nan,4.877,21.000,0.000
IC0944,207.8787,14.0922,77.499,-10.014,5.390,4.170,32.600,40.756,12.472,860.000,89.065,3.110,96.502,5.578,680.000,66.271,11.017,8.541,290.000,115.000,5.500,4.410,33.800,8.709,7.204,860.000,nan,nan,nan,nan,nan,nan,nan,4.250,13.000,0.000
IC1151,239.6346,17.4414,1.005,-17.096,5.320,3.780,50.300,-3.964,21.377,860.000,nan,nan,8.642,3.231,140.000,7.851,8.875,5.015,22.000,1.000,5.350,3.920,52.300,3.437,9.336,860.000,nan,nan,nan,nan,nan,nan,nan,4.559,21.000,0.000
IC1199,242.6429,10.0404,37.219,-16.748,4.920,4.300,43.700,24.510,13.667,860.000,47.762,2.500,46.989,4.396,480.000,22.751,9.796,7.150,185.000,78.000,4.890,4.440,54.200,-5.164,6.488,860.000,nan,nan,nan,nan,nan,nan,nan,4.407,20.000,0.000
IC1683,20.6621,34.4371,166.096,-0.830,4.960,3.790,72.400,39.854,13.026,860.000,93.134,2.391,96.064,4.111,520.000,83.495,7.270,21.244,215.000,135.000,4.980,3.910,78.500,-7.295,6.941,860.000,4.099,0.549,nan,nan,nan,nan,nan,5.430,51.000,3.000
IC2247,123.9963,23.1996,56.116,9.443,4.790,3.850,39.400,36.176,11.682,860.000,71.820,2.313,74.241,4.345,500.000,72.447,9.279,12.254,253.000,191.000,4.840,3.940,47.000,-3.637,5.425,860.000,0.822,0.346,nan,nan,nan,nan,nan,5.007,16.000,1.000
IC2487,142.5383,20.0908,23.141,6.711,6.170,3.900,33.000,22.722,14.135,860.000,50.119,2.485,54.370,4.674,480.000,32.919,10.589,8.509,189.000,76.000,6.360,4.070,32.200,3.388,7.070,860.000,nan,nan,nan,nan,nan,nan,nan,4.784,13.000,0.000
IC4566,234.1758,43.5393,5.266,-16.910,6.010,3.890,69.200,18.043,12.663,860.000,51.819,2.623,55.869,4.591,460.000,39.570,10.001,7.543,218.000,70.000,6.200,4.000,69.000,3.985,7.820,860.000,0.972,0.366,nan,nan,nan,nan,nan,4.586,17.000,0.000
IC5376,0.3325,34.5257,8.350,-5.819,4.610,4.070,35.700,7.002,13.984,860.000,nan,nan,30.859,3.686,520.000,20.682,8.337,4.540,19.000,0.000,4.630,4.220,44.900,-2.471,7.622,860.000,nan,nan,nan,nan,nan,nan,nan,4.933,25.000,0.000
NGC0444,18.9567,31.0806,6.929,-0.573,5.030,4.100,29.500,-17.325,16.601,860.000,nan,nan,nan,nan,nan,nan,nan,4.551,19.000,0.000,5.080,4.240,31.100,-6.371,8.421,860.000,nan,nan,nan,nan,nan,nan,nan,4.430,18.000,0.000
NGC0447,18.9067,33.0678,52.027,-0.976,4.520,3.670,54.900,11.396,11.363,860.000,31.394,1.380,32.470,3.569,320.000,29.324,8.707,14.110,136.000,78.000,4.560,3.840,58.000,-0.518,6.957,860.000,nan,nan,nan,nan,nan,nan,nan,4.618,24.000,0.000
NGC0477,20.3354,40.4881,12.484,-2.109,5.110,3.930,59.000,5.806,14.167,860.000,21.389,1.822,46.275,5.224,400.000,16.145,12.676,6.903,93.000,14.000,5.160,4.050,61.900,-2.202,9.019,860.000,nan,nan,nan,nan,nan,nan,nan,4.478,14.000,0.000
NGC0496,20.7983,33.5293,28.405,-0.615,4.900,3.760,51.400,25.510,12.573,860.000,44.044,2.075,38.677,3.566,320.000,32.746,8.657,9.358,276.000,142.000,4.940,3.900,53.800,-7.471,8.476,860.000,nan,nan,nan,nan,nan,nan,nan,5.000,28.000,0.000
NGC0523,21.3362,34.0249,42.733,-0.588,4.640,3.770,54.200,48.202,14.701,860.000,103.891,3.215,94.354,5.509,560.000,60.295,11.466,13.082,311.000,195.000,4.660,3.920,60.000,1.003,7.513,860.000,nan,nan,nan,nan,nan,nan,nan,5.756,24.000,4.000
NGC0528,21.3900,33.6714,21.425,-0.504,4.920,3.980,54.700,-13.339,13.845,860.000,nan,nan,4.712,1.631,100.000,7.803,4.580,4.794,28.000,0.000,4.940,4.110,58.900,-1.206,7.254,860.000,nan,nan,nan,nan,nan,nan,nan,4.932,34.000,0.000
NGC0551,21.9192,37.1830,1.011,-1.096,4.800,3.790,60.100,11.567,12.213,860.000,35.088,2.123,42.642,4.439,460.000,40.049,10.726,7.889,121.000,45.000,4.810,3.940,66.000,-1.383,6.951,860.000,nan,nan,nan,nan,nan,nan,nan,4.377,20.000,0.000
NGC1167,45.4263,35.2056,6.675,4.166,4.800,3.640,62.000,3.474,13.829,860.000,nan,nan,36.291,5.548,560.000,15.232,14.851,5.384,46.000,6.000,4.820,3.770,65.700,-7.350,7.726,860.000,1.051,0.423,nan,nan,nan,nan,nan,4.803,14.000,0.000
NGC2253,100.9242,65.2064,101.267,-1.879,5.650,4.150,-32.200,124.450,13.936,860.000,172.693,4.047,153.856,6.567,360.000,126.137,15.949,17.158,1133.000,838.000,5.820,4.290,-33.900,2.423,7.147,860.000,nan,nan,nan,nan,nan,nan,nan,5.846,61.000,4.000
NGC2347,109.0171,64.7113,38.344,-1.961,4.850,4.790,11.700,49.983,11.294,860.000,85.600,2.841,86.326,4.646,540.000,51.183,9.459,13.433,434.000,249.000,4.970,4.850,80.500,5.917,5.751,860.000,4.203,0.562,5.283,1.199,220.000,7.123,3.124,5.861,23.000,7.000
NGC2410,113.7596,32.8221,24.232,8.037,4.920,4.060,42.300,37.558,18.880,860.000,85.774,3.362,91.777,6.133,580.000,63.284,12.979,6.965,227.000,82.000,5.010,4.150,46.700,-6.286,9.074,860.000,nan,nan,nan,nan,nan,nan,nan,4.861,32.000,0.000
NGC2480,119.2933,23.7798,13.963,9.955,5.160,4.040,44.400,-7.623,16.017,860.000,14.949,1.551,15.974,2.897,140.000,14.650,7.604,8.282,77.000,26.000,5.280,4.080,52.400,-0.462,7.163,860.000,1.039,0.338,nan,nan,nan,nan,nan,4.993,39.000,0.000
NGC2486,119.4854,25.1609,3.836,9.559,4.600,3.890,47.000,-7.757,23.867,860.000,nan,nan,nan,nan,nan,nan,nan,4.722,13.000,0.000,4.580,4.040,51.500,4.444,11.935,860.000,nan,nan,nan,nan,nan,nan,nan,5.346,34.000,3.000
NGC2487,119.5854,25.1492,67.217,9.549,4.920,3.910,41.400,33.857,16.738,860.000,36.309,2.468,57.634,6.347,320.000,28.390,15.700,9.573,117.000,43.000,4.960,4.000,48.400,10.458,9.424,860.000,1.151,0.510,nan,nan,nan,nan,nan,4.748,30.000,0.000
NGC2623,129.6004,25.7547,374.592,7.879,5.180,3.840,38.900,106.461,8.557,860.000,125.155,1.615,125.808,3.058,600.000,117.682,5.384,46.503,181.000,130.000,5.270,3.940,43.400,2.325,5.134,820.000,6.381,0.563,nan,nan,nan,nan,nan,4.820,17.000,0.000
NGC2639,130.9087,50.2055,25.339,0.863,5.370,4.030,15.100,37.495,15.416,860.000,106.154,3.796,104.205,6.141,720.000,65.255,12.396,11.131,435.000,211.000,5.480,4.220,15.900,6.417,7.654,860.000,nan,nan,10.812,1.807,680.000,6.687,4.666,4.508,18.000,0.000
NGC2730,135.5658,16.8383,7.540,8.941,5.550,4.060,38.300,13.570,14.241,860.000,13.165,1.623,32.160,5.036,240.000,24.867,13.649,5.630,72.000,6.000,5.570,4.160,43.500,-0.424,7.850,860.000,2.819,0.804,nan,nan,nan,nan,nan,5.796,56.000,5.000
NGC2880,142.3942,62.4906,11.970,-3.832,4.600,4.430,13.700,2.765,15.800,720.000,nan,nan,nan,nan,nan,nan,nan,4.237,9.000,0.000,4.700,4.530,73.000,1.220,7.440,860.000,1.192,0.382,nan,nan,nan,nan,nan,4.628,28.000,0.000
NGC2906,143.0258,8.4418,27.907,9.095,6.370,4.130,30.900,28.934,16.059,860.000,95.283,3.913,87.659,6.318,440.000,50.887,14.594,9.561,480.000,242.000,6.490,4.310,32.200,-4.048,6.817,860.000,nan,nan,nan,nan,nan,nan,nan,4.363,9.000,0.000
NGC2916,143.7400,21.7052,-0.603,6.074,4.760,3.690,39.500,7.356,15.531,860.000,6.031,1.143,38.440,5.335,460.000,7.851,14.173,5.751,65.000,11.000,4.720,3.840,46.400,3.659,9.474,860.000,nan,nan,nan,nan,nan,nan,nan,4.314,5.000,0.000
NGC2918,143.9333,31.7055,-0.848,3.662,5.210,4.300,50.800,-0.518,14.884,820.000,nan,nan,nan,nan,nan,nan,nan,4.757,14.000,0.000,5.410,4.350,57.100,-1.277,9.376,860.000,nan,nan,nan,nan,nan,nan,nan,4.959,57.000,0.000
NGC3303,159.2504,18.1359,55.704,3.013,5.330,3.940,47.700,7.336,13.798,860.000,33.342,2.059,44.795,4.201,480.000,36.805,9.092,6.176,44.000,12.000,5.340,4.000,52.100,2.442,8.932,860.000,1.900,0.544,nan,nan,nan,nan,nan,5.075,35.000,2.000
NGC3381,162.1033,34.7114,15.408,-1.047,4.990,3.830,53.300,14.575,18.062,800.000,13.142,1.658,22.473,4.549,160.000,14.506,12.150,7.865,75.000,31.000,4.970,3.980,55.900,0.328,8.032,860.000,nan,nan,nan,nan,nan,nan,nan,4.626,10.000,0.000
NGC3687,172.0025,29.5111,11.254,-2.536,5.040,4.190,31.600,19.328,19.257,860.000,nan,nan,nan,nan,nan,nan,nan,4.495,21.000,0.000,5.100,4.360,35.900,5.679,8.724,860.000,3.138,0.672,nan,nan,nan,nan,nan,4.587,35.000,0.000
NGC3811,175.3192,47.6908,104.288,-6.201,5.110,3.930,57.100,58.799,15.096,860.000,98.786,3.622,93.712,6.467,380.000,50.174,15.959,19.483,359.000,204.000,5.170,4.060,60.800,2.758,7.615,860.000,1.934,0.431,nan,nan,nan,nan,nan,5.135,33.000,1.000
NGC3815,175.4137,24.8005,6.219,-2.635,4.700,4.100,50.400,16.957,15.033,860.000,46.386,2.348,48.567,4.587,420.000,21.209,10.221,9.214,202.000,115.000,4.700,4.300,56.700,-4.961,7.894,860.000,1.607,0.453,3.584,1.056,120.000,5.070,2.934,5.081,47.000,2.000
NGC3994,179.4038,32.2776,55.195,-4.899,5.450,4.020,44.000,33.630,15.279,860.000,74.517,2.828,86.884,5.246,540.000,67.629,10.249,15.432,214.000,155.000,5.580,4.200,43.300,-5.360,8.012,860.000,3.690,0.767,nan,nan,nan,nan,nan,5.051,24.000,1.000
NGC4047,180.7113,48.6362,56.138,-7.407,5.200,3.810,59.000,151.039,16.446,860.000,204.584,4.167,184.602,6.564,380.000,163.319,14.780,21.620,865.000,763.000,5.230,3.940,61.100,1.863,9.155,860.000,13.335,1.078,19.161,2.461,380.000,16.082,5.692,5.555,63.000,7.000
NGC4149,182.6367,58.3041,80.310,-8.726,5.180,3.730,65.500,66.628,14.765,860.000,85.146,2.521,78.717,4.425,540.000,81.539,8.361,16.764,225.000,165.000,5.170,3.880,68.200,2.589,7.702,860.000,5.111,0.632,6.045,1.488,520.000,8.147,3.315,5.803,38.000,7.000
NGC4185,183.3425,28.5110,1.177,-5.365,4.690,3.790,67.700,13.720,17.251,860.000,13.680,1.700,37.372,6.395,420.000,13.751,17.205,5.485,70.000,5.000,4.750,3.850,75.700,1.079,9.850,860.000,nan,nan,nan,nan,nan,nan,nan,5.133,35.000,1.000
NGC4210,183.8160,65.9853,22.575,-9.437,3.330,2.940,77.300,4.745,13.007,800.000,20.091,1.596,46.460,5.589,340.000,16.079,14.235,7.510,104.000,21.000,3.310,2.950,85.600,0.637,7.071,820.000,nan,nan,nan,nan,nan,nan,nan,4.621,9.000,0.000
NGC4211NED02,183.9054,28.1696,68.657,-5.465,5.070,4.180,46.800,3.378,15.058,760.000,19.836,1.550,20.274,2.911,340.000,23.134,5.409,8.888,39.000,27.000,5.220,4.270,55.300,-2.380,9.085,860.000,nan,nan,nan,nan,nan,nan,nan,4.570,8.000,0.000
NGC4470,187.4075,7.8242,11.534,-3.260,4.950,4.650,-74.800,18.956,17.354,860.000,37.870,2.915,33.537,4.972,200.000,44.126,13.350,9.186,194.000,103.000,5.180,4.600,-64.000,-3.637,8.017,860.000,2.262,0.649,nan,nan,nan,nan,nan,4.707,26.000,0.000
NGC4644,190.6779,55.1455,0.698,-9.829,5.020,4.210,62.300,14.508,10.497,860.000,32.033,1.919,29.706,3.293,460.000,13.778,7.546,7.313,184.000,51.000,5.080,4.320,67.700,1.742,5.644,860.000,nan,nan,nan,nan,nan,nan,nan,4.991,34.000,0.000
NGC4676A,191.5421,30.7319,140.771,-7.804,5.330,4.400,33.200,50.853,14.048,780.000,89.792,2.826,78.931,4.456,560.000,68.961,7.944,17.379,125.000,89.000,5.460,4.610,36.300,0.753,8.051,860.000,nan,nan,nan,nan,nan,nan,nan,4.455,12.000,0.000
NGC4711,192.1912,35.3327,13.979,-8.493,5.030,4.250,52.400,21.850,14.325,720.000,43.888,2.654,41.809,4.593,360.000,33.726,10.217,7.628,241.000,90.000,5.100,4.430,54.400,1.656,8.006,860.000,nan,nan,nan,nan,nan,nan,nan,5.074,13.000,1.000
NGC4961,196.4483,27.7341,14.554,-8.710,4.770,4.060,68.600,2.179,16.617,860.000,24.578,2.076,18.471,3.548,240.000,19.764,8.792,6.237,92.000,12.000,4.850,4.170,77.100,-2.002,7.503,860.000,nan,nan,3.175,1.126,120.000,7.496,3.033,5.737,46.000,5.000
NGC5000,197.4479,28.9069,118.947,-9.099,4.640,3.700,50.100,24.003,12.583,860.000,43.999,1.896,41.767,3.885,280.000,41.663,9.776,21.181,162.000,77.000,4.690,3.830,54.400,3.412,7.678,860.000,nan,nan,nan,nan,nan,nan,nan,5.375,31.000,1.000
NGC5016,198.0279,24.0950,10.157,-8.688,5.330,4.080,64.500,29.602,15.813,860.000,69.700,3.219,56.123,5.521,320.000,43.583,13.535,8.338,356.000,134.000,5.390,4.270,69.400,6.771,7.737,860.000,1.079,0.431,nan,nan,nan,nan,nan,4.508,18.000,0.000
NGC5056,199.0513,30.9503,31.133,-9.717,5.760,4.310,61.700,19.962,11.860,860.000,45.362,2.323,41.365,3.823,420.000,27.250,8.981,6.866,248.000,97.000,6.010,4.470,61.000,-5.856,6.927,860.000,nan,nan,nan,nan,nan,nan,nan,4.173,1.000,0.000
NGC5205,202.5150,62.5116,15.788,-11.761,4.740,3.900,50.200,-4.570,19.069,860.000,11.302,1.590,35.486,6.195,340.000,21.460,16.498,5.199,40.000,3.000,4.710,4.070,55.400,4.051,8.319,860.000,nan,nan,nan,nan,nan,nan,nan,4.733,18.000,0.000
NGC5218,203.0433,62.7677,750.778,-11.824,5.440,3.730,60.200,344.276,15.824,860.000,415.437,4.212,399.544,6.983,480.000,352.837,14.849,90.971,671.000,529.000,5.470,3.880,60.900,9.022,7.463,860.000,20.116,0.938,22.447,1.908,340.000,24.040,4.240,17.328,102.000,51.000
NGC5394,209.6383,37.4536,84.297,-12.641,5.210,4.090,74.900,134.422,16.614,860.000,171.549,2.356,164.917,3.961,260.000,161.838,8.375,55.237,308.000,254.000,5.310,4.220,80.400,14.705,8.905,860.000,11.340,1.010,14.078,2.285,400.000,7.596,5.754,6.941,105.000,47.000
NGC5406,210.0838,38.9154,7.081,-12.801,5.210,3.970,72.500,32.649,14.800,860.000,24.473,2.144,77.582,6.850,480.000,50.987,16.791,5.123,45.000,3.000,5.340,4.000,77.000,-1.123,8.627,860.000,nan,nan,7.361,1.794,120.000,1.289,5.050,4.407,15.000,0.000
NGC5480,211.5900,50.7251,48.376,-13.284,4.450,3.600,39.400,92.785,16.577,860.000,139.800,4.188,109.911,7.223,340.000,95.234,18.639,13.495,848.000,590.000,4.380,3.740,49.100,9.742,7.181,860.000,2.886,0.593,13.822,2.049,240.000,19.059,5.391,5.102,52.000,1.000
NGC5485,211.7971,55.0016,6.549,-13.240,5.120,3.850,78.500,-4.789,16.246,860.000,nan,nan,nan,nan,nan,nan,nan,4.773,11.000,0.000,5.140,3.970,83.100,1.955,6.865,860.000,nan,nan,3.919,1.223,140.000,3.234,3.336,4.762,9.000,0.000
NGC5520,213.0950,50.3484,29.754,-13.536,4.890,3.710,76.800,31.939,15.472,860.000,67.226,2.881,62.822,5.010,360.000,40.527,11.070,12.704,273.000,172.000,4.910,3.810,83.100,0.916,6.648,860.000,nan,nan,nan,nan,nan,nan,nan,4.411,14.000,0.000
NGC5614,216.0317,34.8589,104.653,-13.846,5.920,3.960,70.700,129.183,20.528,860.000,219.174,5.110,200.137,8.132,460.000,170.914,17.438,20.068,578.000,401.000,6.210,4.400,67.800,1.015,8.985,860.000,1.478,0.538,7.060,1.787,200.000,5.325,4.737,5.196,41.000,2.000
NGC5633,216.8683,46.1466,36.933,-14.208,4.880,3.900,55.300,64.682,16.874,860.000,141.054,3.811,120.079,6.035,380.000,86.924,13.828,14.019,698.000,596.000,4.870,4.040,59.100,-2.275,7.829,860.000,8.475,0.869,13.326,2.046,380.000,10.475,4.879,5.000,32.000,0.000
NGC5657,217.6817,29.1808,66.922,-13.885,4.800,4.020,66.500,-0.932,16.355,820.000,28.210,2.112,38.854,4.235,380.000,46.388,8.176,7.339,49.000,19.000,4.850,4.110,74.100,9.012,10.364,860.000,nan,nan,nan,nan,nan,nan,nan,4.656,16.000,0.000
NGC5682,218.6875,48.6702,5.627,-14.467,4.700,3.740,58.100,-2.821,17.553,860.000,nan,nan,nan,nan,nan,nan,nan,4.802,8.000,0.000,4.670,3.900,64.700,-3.626,7.632,860.000,1.428,0.419,nan,nan,nan,nan,nan,4.637,30.000,0.000
NGC5732,220.1621,38.6378,10.053,-14.759,6.130,3.690,58.800,-1.859,16.231,860.000,nan,nan,22.104,3.699,320.000,21.977,9.168,4.707,23.000,0.000,6.260,3.850,60.500,1.201,8.592,860.000,nan,nan,nan,nan,nan,nan,nan,4.979,26.000,0.000
NGC5784,223.5683,42.5579,30.890,-15.363,4.830,3.890,64.900,9.071,11.304,860.000,29.183,1.789,38.819,3.496,620.000,31.626,6.622,9.543,120.000,56.000,4.920,4.000,68.400,-0.617,6.688,860.000,nan,nan,nan,nan,nan,nan,nan,4.800,21.000,0.000
NGC5876,227.3817,54.5065,12.552,-15.386,5.150,4.310,67.700,2.072,15.955,860.000,nan,nan,nan,nan,nan,nan,nan,4.639,18.000,0.000,5.220,4.430,73.700,6.912,8.674,860.000,nan,nan,nan,nan,nan,nan,nan,4.996,12.000,0.000
NGC5908,229.1800,55.4096,60.135,-15.524,4.540,3.690,59.000,250.318,11.991,860.000,422.175,4.808,376.274,7.074,800.000,361.927,13.744,28.815,969.000,814.000,4.580,3.840,65.800,16.141,6.546,860.000,43.189,1.537,45.740,2.825,820.000,38.974,5.453,8.707,235.000,106.000
NGC5930,231.5329,41.6761,300.487,-16.608,5.260,3.980,58.700,110.804,15.538,860.000,140.207,2.770,147.321,5.449,540.000,150.150,10.347,31.874,162.000,121.000,5.270,4.140,62.000,0.179,7.270,860.000,11.214,0.922,10.632,1.550,480.000,6.760,2.809,6.353,55.000,8.000
