edge_pydb/dat_spec/edge_cospec_smo7.csv
# %ECSV 0.9
# ---
# datatype:
# - {name: Name, datatype: string, description: Galaxy Name}
# - {name: coVlsr_smo7, unit: km / s, datatype: float64, format: .3f, description: 'Velocity, VRAD, LSRK'}
# - {name: coNomaskSpec_smo7, unit: Jy, datatype: float32, format: .5f, description: Unmasked spectrum}
# - {name: coNomaskUnc_smo7, unit: Jy, datatype: float32, format: .5f, description: Error in Unmasked spectrum}
# - {name: coDilatedSpec_smo7, unit: Jy, datatype: float32, format: .5f, description: Dilated mask spectrum}
# - {name: coDilatedUnc_smo7, unit: Jy, datatype: float32, format: .5f, description: Error in Dilated mask spectrum}
# - {name: coSmoothSpec_smo7, unit: Jy, datatype: float32, format: .5f, description: Smoothed mask spectrum}
# - {name: coSmoothUnc_smo7, unit: Jy, datatype: float32, format: .5f, description: Error in Smoothed mask spectrum}
# - {name: coMask2dSpec_smo7, unit: Jy, datatype: float32, format: .5f, description: 2D mask spectrum}
# - {name: coMask2dUnc_smo7, unit: Jy, datatype: float32, format: .5f, description: Error in 2D mask spectrum}
# - {name: cottNomaskSpec_smo7, unit: Jy, datatype: float32, format: .5f, description: Unmasked spectrum}
# - {name: cottNomaskUnc_smo7, unit: Jy, datatype: float32, format: .5f, description: Error in Unmasked spectrum}
# - {name: cottDilatedSpec_smo7, unit: Jy, datatype: float32, format: .5f, description: Dilated mask spectrum}
# - {name: cottDilatedUnc_smo7, unit: Jy, datatype: float32, format: .5f, description: Error in Dilated mask spectrum}
# - {name: cottSmoothSpec_smo7, unit: Jy, datatype: float32, format: .5f, description: Smoothed mask spectrum}
# - {name: cottSmoothUnc_smo7, unit: Jy, datatype: float32, format: .5f, description: Error in Smoothed mask spectrum}
# - {name: cottMask2dSpec_smo7, unit: Jy, datatype: float32, format: .5f, description: 2D mask spectrum}
# - {name: cottMask2dUnc_smo7, unit: Jy, datatype: float32, format: .5f, description: Error in 2D mask spectrum}
# - {name: cottMk12_diSpec_smo7, unit: Jy, datatype: float32, format: .5f, description: 12CO-based Dilated mask spectrum}
# - {name: cottMk12_diUnc_smo7, unit: Jy, datatype: float32, format: .5f, description: Error in 12CO-based Dilated mask spectrum}
# - {name: cottMk12_smSpec_smo7, unit: Jy, datatype: float32, format: .5f, description: 12CO-based Smoothed mask spectrum}
# - {name: cottMk12_smUnc_smo7, unit: Jy, datatype: float32, format: .5f, description: Error in 12CO-based Smoothed mask spectrum}
# delimiter: ','
# meta: !!omap
# - {date: '2020-06-28'}
# - {comments: Integrated CO spectra from smo7 cubes}
# schema: astropy-2.0
Name,coVlsr_smo7,coNomaskSpec_smo7,coNomaskUnc_smo7,coDilatedSpec_smo7,coDilatedUnc_smo7,coSmoothSpec_smo7,coSmoothUnc_smo7,coMask2dSpec_smo7,coMask2dUnc_smo7,cottNomaskSpec_smo7,cottNomaskUnc_smo7,cottDilatedSpec_smo7,cottDilatedUnc_smo7,cottSmoothSpec_smo7,cottSmoothUnc_smo7,cottMask2dSpec_smo7,cottMask2dUnc_smo7,cottMk12_diSpec_smo7,cottMk12_diUnc_smo7,cottMk12_smSpec_smo7,cottMk12_smUnc_smo7
[from data line 703]
NGC0523,4380.000,0.17880,0.23760,nan,nan,nan,nan,0.08370,0.09410,-0.08270,0.12610,nan,nan,nan,nan,nan,nan,nan,nan,nan,nan
NGC0523,4400.000,-0.02320,0.23760,nan,nan,nan,nan,0.13770,0.09410,0.05790,0.12610,nan,nan,nan,nan,nan,nan,nan,nan,nan,nan
NGC0523,4420.000,0.09410,0.23760,nan,nan,0.03270,0.02690,-0.02520,0.09410,0.02350,0.12610,nan,nan,nan,nan,nan,nan,nan,nan,-0.01090,0.01390
NGC0523,4440.000,0.01320,0.23760,-0.00670,0.01520,-0.00210,0.03520,-0.08740,0.09410,0.07830,0.12610,nan,nan,nan,nan,nan,nan,-0.00310,0.00790,-0.02470,0.01820
NGC0523,4460.000,0.02140,0.23760,0.06840,0.02250,0.10110,0.04000,-0.00530,0.09410,0.02240,0.12610,nan,nan,nan,nan,nan,nan,-0.00120,0.01170,0.00140,0.02070
NGC0523,4480.000,0.06020,0.23760,0.16640,0.02470,0.21400,0.04390,0.19180,0.09410,0.06000,0.12610,nan,nan,nan,nan,nan,nan,0.02450,0.01280,0.01880,0.02270
NGC0523,4500.000,-0.21100,0.23760,0.10950,0.02470,0.12840,0.04460,0.08230,0.09410,0.03170,0.12610,nan,nan,nan,nan,nan,nan,0.01060,0.01280,0.01940,0.02310
NGC0523,4520.000,0.02030,0.23760,0.13150,0.02320,0.11440,0.06060,0.05330,0.09410,0.03880,0.12610,nan,nan,nan,nan,nan,nan,0.01610,0.01200,-0.01530,0.03110
NGC0523,4540.000,0.10340,0.23760,0.14220,0.02480,0.10420,0.06370,0.00130,0.09410,0.09510,0.12610,nan,nan,nan,nan,nan,nan,0.00550,0.01280,-0.00240,0.03270
NGC0523,4560.000,0.26040,0.23760,0.26340,0.02540,0.39490,0.06650,0.32640,0.09410,0.03090,0.12610,nan,nan,nan,nan,nan,nan,0.00770,0.01320,0.00520,0.03450
NGC0523,4580.000,-0.14030,0.23760,0.19070,0.02600,0.32820,0.06320,0.27180,0.09410,0.09790,0.12610,nan,nan,nan,nan,nan,nan,0.01330,0.01350,0.00880,0.03280
NGC0523,4600.000,0.15280,0.23760,0.22920,0.02570,0.28610,0.06030,0.21280,0.09410,0.00640,0.12610,nan,nan,nan,nan,nan,nan,0.01060,0.01330,-0.02080,0.03090
NGC0523,4620.000,0.05240,0.23760,0.25570,0.02740,0.25710,0.05460,0.14090,0.09410,-0.08470,0.12610,nan,nan,nan,nan,nan,nan,0.01560,0.01420,-0.01710,0.02800
NGC0523,4640.000,-0.04560,0.23760,0.24130,0.02810,0.25280,0.03770,0.09530,0.09410,-0.04340,0.12610,nan,nan,nan,nan,nan,nan,0.02540,0.01460,0.03470,0.01960
NGC0523,4660.000,0.30410,0.23760,0.21320,0.02730,0.19540,0.03740,0.12300,0.09410,-0.03420,0.12610,nan,nan,nan,nan,nan,nan,0.02450,0.01420,0.03070,0.01940
NGC0523,4680.000,0.03820,0.23760,0.17260,0.02580,0.11990,0.04050,-0.01430,0.09410,0.02740,0.12610,nan,nan,nan,nan,nan,nan,0.00930,0.01340,0.00890,0.02100
NGC0523,4700.000,0.16530,0.23760,0.21290,0.02660,0.16510,0.04360,0.09290,0.09410,-0.01010,0.12610,nan,nan,nan,nan,nan,nan,-0.00530,0.01380,-0.00370,0.02260
NGC0523,4720.000,0.15000,0.23760,0.17890,0.02740,0.15380,0.04250,0.04650,0.09410,0.09530,0.12600,nan,nan,nan,nan,nan,nan,0.00730,0.01420,-0.00030,0.02200
NGC0523,4740.000,0.08930,0.23760,0.20320,0.02780,0.19610,0.04330,0.02450,0.09410,0.07780,0.12600,nan,nan,nan,nan,nan,nan,0.01850,0.01440,0.02550,0.02250
NGC0523,4760.000,0.08200,0.23760,0.18630,0.02830,0.16110,0.04350,-0.07980,0.09410,-0.06280,0.12600,nan,nan,nan,nan,nan,nan,-0.00600,0.01470,0.01900,0.02260
NGC0523,4780.000,-0.05750,0.23760,0.20620,0.03070,0.21160,0.04490,-0.07680,0.09410,-0.15340,0.12610,nan,nan,nan,nan,nan,nan,0.00620,0.01590,0.01420,0.02330
NGC0523,4800.000,0.16200,0.23760,0.29670,0.03280,0.25390,0.04860,0.26510,0.09410,0.02690,0.12610,nan,nan,nan,nan,nan,nan,0.02530,0.01700,0.04290,0.02520
NGC0523,4820.000,0.27460,0.23760,0.33910,0.03190,0.27130,0.04890,0.02870,0.09410,-0.05940,0.12610,nan,nan,nan,nan,nan,nan,0.02060,0.01660,0.01310,0.02530
NGC0523,4840.000,0.01980,0.23760,0.25770,0.02850,0.26570,0.04950,0.19510,0.09410,0.05750,0.12610,nan,nan,nan,nan,nan,nan,0.00460,0.01480,-0.00270,0.02560
NGC0523,4860.000,-0.04570,0.23760,0.22130,0.02620,0.21840,0.04630,0.19630,0.09410,-0.03130,0.12610,nan,nan,nan,nan,nan,nan,0.01160,0.01360,0.00630,0.02400
NGC0523,4880.000,0.07380,0.23760,0.21090,0.02590,0.22650,0.04500,0.25910,0.09410,-0.04080,0.12600,nan,nan,nan,nan,nan,nan,-0.00040,0.01340,-0.01920,0.02330
NGC0523,4900.000,0.30170,0.23760,0.20590,0.02470,0.18980,0.04840,0.15700,0.09410,-0.04960,0.12600,nan,nan,nan,nan,nan,nan,-0.02370,0.01280,-0.04400,0.02500
NGC0523,4920.000,0.17500,0.23760,0.09370,0.02200,0.08020,0.04650,0.07550,0.09410,0.04200,0.12600,nan,nan,nan,nan,nan,nan,0.01070,0.01140,0.00440,0.02410
NGC0523,4940.000,-0.18640,0.23760,0.03650,0.01710,0.12930,0.04470,0.12110,0.09410,-0.07190,0.12600,nan,nan,nan,nan,nan,nan,0.00400,0.00890,-0.00560,0.02310
NGC0523,4960.000,0.16830,0.23760,-0.00030,0.00960,-0.03370,0.03670,-0.03790,0.09410,-0.10290,0.12600,nan,nan,nan,nan,nan,nan,-0.00230,0.00500,-0.00750,0.01900
NGC0523,4980.000,-0.17440,0.23760,nan,nan,0.02200,0.02870,0.12880,0.09410,-0.01290,0.12600,nan,nan,nan,nan,nan,nan,nan,nan,-0.00720,0.01490
NGC0523,5000.000,0.13610,0.23760,nan,nan,nan,nan,0.06850,0.09410,0.03440,0.12600,nan,nan,nan,nan,nan,nan,nan,nan,nan,nan
NGC0523,5020.000,-0.16320,0.23760,nan,nan,nan,nan,0.10680,0.09410,0.03090,0.12600,nan,nan,nan,nan,nan,nan,nan,nan,nan,nan
NGC0523,5040.000,-0.08580,0.23760,nan,nan,nan,nan,-0.12270,0.09400,0.19730,0.12600,nan,nan,nan,nan,nan,nan,nan,nan,nan,nan
NGC0523,5060.000,-0.16420,0.23760,nan,nan,nan,nan,0.07020,0.09400,0.19510,0.12600,nan,nan,nan,nan,nan,nan,nan,nan,nan,nan
NGC0523,5080.000,-0.06060,0.23760,nan,nan,nan,nan,-0.06400,0.09400,0.00340,0.12600,nan,nan,nan,nan,nan,nan,nan,nan,nan,nan
NGC0523,5100.000,-0.12280,0.23760,nan,nan,nan,nan,-0.03510,0.09400,0.08060,0.12600,nan,nan,nan,nan,nan,nan,nan,nan,nan,nan
NGC0523,5120.000,-0.04130,0.23760,nan,nan,nan,nan,0.03000,0.09400,-0.04350,0.12600,nan,nan,nan,nan,nan,nan,nan,nan,nan,nan
NGC0528,4320.000,0.00140,0.22870,nan,nan,nan,nan,nan,nan,-0.05840,0.12980,nan,nan,nan,nan,nan,nan,nan,nan,nan,nan
NGC0528,4340.000,0.30760,0.22870,nan,nan,nan,nan,nan,nan,-0.00980,0.12980,nan,nan,nan,nan,nan,nan,nan,nan,nan,nan
NGC0528,4360.000,0.09370,0.22870,nan,nan,nan,nan,nan,nan,0.04570,0.12980,nan,nan,nan,nan,nan,nan,nan,nan,nan,nan
NGC0528,4380.000,-0.02830,0.22870,nan,nan,nan,nan,nan,nan,0.12030,0.12980,nan,nan,nan,nan,nan,nan,nan,nan,nan,nan
NGC0528,4400.000,-0.05850,0.22860,nan,nan,nan,nan,nan,nan,0.06010,0.12980,nan,nan,nan,nan,nan,nan,nan,nan,nan,nan
NGC0528,4420.000,0.06840,0.22860,nan,nan,nan,nan,nan,nan,-0.01070,0.12980,nan,nan,nan,nan,nan,nan,nan,nan,nan,nan
NGC0528,4440.000,0.24730,0.22860,nan,nan,nan,nan,nan,nan,-0.04690,0.12980,nan,nan,nan,nan,nan,nan,nan,nan,nan,nan
NGC0528,4460.000,-0.03460,0.22860,nan,nan,nan,nan,nan,nan,0.01170,0.12970,nan,nan,nan,nan,nan,nan,nan,nan,nan,nan
NGC0528,4480.000,0.09150,0.22870,nan,nan,nan,nan,nan,nan,-0.03920,0.12980,nan,nan,nan,nan,nan,nan,nan,nan,nan,nan
NGC0528,4500.000,0.23250,0.22870,nan,nan,nan,nan,nan,nan,0.04840,0.12980,nan,nan,nan,nan,nan,nan,nan,nan,nan,nan
NGC0528,4520.000,0.41890,0.22870,nan,nan,nan,nan,nan,nan,-0.01030,0.12980,nan,nan,nan,nan,nan,nan,nan,nan,nan,nan
NGC0528,4540.000,0.08710,0.22870,nan,nan,nan,nan,nan,nan,0.02890,0.12980,nan,nan,nan,nan,nan,nan,nan,nan,nan,nan
NGC0528,4560.000,-0.08210,0.22860,nan,nan,nan,nan,nan,nan,-0.02440,0.12970,nan,nan,nan,nan,nan,nan,nan,nan,nan,nan
NGC0528,4580.000,0.03770,0.22860,nan,nan,nan,nan,nan,nan,0.14760,0.12970,nan,nan,nan,nan,nan,nan,nan,nan,nan,nan
NGC0528,4600.000,-0.00630,0.22860,nan,nan,nan,nan,nan,nan,0.00050,0.12970,nan,nan,nan,nan,nan,nan,nan,nan,nan,nan
NGC0528,4620.000,0.05190,0.22860,nan,nan,nan,nan,nan,nan,-0.03230,0.12970,nan,nan,nan,nan,nan,nan,nan,nan,nan,nan
NGC0528,4640.000,-0.07820,0.22860,nan,nan,nan,nan,nan,nan,0.00430,0.12970,nan,nan,nan,nan,nan,nan,nan,nan,nan,nan
NGC0528,4660.000,0.02570,0.22860,nan,nan,nan,nan,nan,nan,-0.01780,0.12970,nan,nan,nan,nan,nan,nan,nan,nan,nan,nan
NGC0528,4680.000,0.16470,0.22860,nan,nan,nan,nan,nan,nan,-0.05760,0.12970,nan,nan,nan,nan,nan,nan,nan,nan,nan,nan
NGC0528,4700.000,0.32440,0.22860,nan,nan,nan,nan,nan,nan,0.01230,0.12970,nan,nan,nan,nan,nan,nan,nan,nan,nan,nan
NGC0528,4720.000,-0.21380,0.22860,nan,nan,nan,nan,nan,nan,0.09670,0.12970,nan,nan,nan,nan,nan,nan,nan,nan,nan,nan
NGC0528,4740.000,-0.05050,0.22860,nan,nan,nan,nan,nan,nan,0.07040,0.12970,nan,nan,nan,nan,nan,nan,nan,nan,nan,nan
NGC0528,4760.000,-0.15610,0.22860,nan,nan,nan,nan,nan,nan,-0.03930,0.12970,nan,nan,nan,nan,nan,nan,nan,nan,nan,nan
NGC0528,4780.000,-0.03160,0.22860,nan,nan,nan,nan,nan,nan,0.03650,0.12970,nan,nan,nan,nan,nan,nan,nan,nan,nan,nan
NGC0528,4800.000,0.02740,0.22860,nan,nan,nan,nan,nan,nan,0.08380,0.12970,nan,nan,nan,nan,nan,nan,nan,nan,nan,nan
NGC0528,4820.000,0.00430,0.22860,nan,nan,nan,nan,nan,nan,0.00280,0.12970,nan,nan,nan,nan,nan,nan,nan,nan,nan,nan
NGC0528,4840.000,0.31680,0.22860,nan,nan,nan,nan,nan,nan,0.19050,0.12970,nan,nan,nan,nan,nan,nan,nan,nan,nan,nan
NGC0528,4860.000,0.25830,0.22850,nan,nan,nan,nan,nan,nan,0.20520,0.12970,nan,nan,nan,nan,nan,nan,nan,nan,nan,nan
NGC0528,4880.000,-0.08880,0.22860,nan,nan,nan,nan,nan,nan,0.02980,0.12970,nan,nan,nan,nan,nan,nan,nan,nan,nan,nan
NGC0528,4900.000,-0.04830,0.22860,nan,nan,nan,nan,nan,nan,0.07850,0.12970,nan,nan,nan,nan,nan,nan,nan,nan,nan,nan
NGC0528,4920.000,0.07680,0.22850,nan,nan,nan,nan,nan,nan,0.03820,0.12970,nan,nan,nan,nan,nan,nan,nan,nan,nan,nan
NGC0528,4940.000,-0.16070,0.22850,nan,nan,nan,nan,nan,nan,0.00130,0.12970,nan,nan,nan,nan,nan,nan,nan,nan,nan,nan
NGC0528,4960.000,0.01680,0.22850,nan,nan,nan,nan,nan,nan,-0.04830,0.12970,nan,nan,nan,nan,nan,nan,nan,nan,nan,nan
NGC0528,4980.000,-0.03930,0.22850,nan,nan,nan,nan,nan,nan,-0.10150,0.12970,nan,nan,nan,nan,nan,nan,nan,nan,nan,nan
NGC0528,5000.000,-0.02450,0.22850,nan,nan,nan,nan,nan,nan,0.01290,0.12970,nan,nan,nan,nan,nan,nan,nan,nan,nan,nan
NGC0528,5020.000,-0.11000,0.22850,nan,nan,nan,nan,nan,nan,-0.06480,0.12970,nan,nan,nan,nan,nan,nan,nan,nan,nan,nan
NGC0528,5040.000,0.08110,0.22840,nan,nan,nan,nan,nan,nan,-0.09390,0.12970,nan,nan,nan,nan,nan,nan,nan,nan,nan,nan
NGC0528,5060.000,-0.13050,0.22850,nan,nan,nan,nan,nan,nan,-0.06350,0.12970,nan,nan,nan,nan,nan,nan,nan,nan,nan,nan
NGC0528,5080.000,-0.15010,0.22850,nan,nan,nan,nan,nan,nan,0.02010,0.12970,nan,nan,nan,nan,nan,nan,nan,nan,nan,nan
NGC0528,5100.000,-0.12580,0.22850,nan,nan,nan,nan,nan,nan,0.09540,0.12970,nan,nan,nan,nan,nan,nan,nan,nan,nan,nan
NGC0528,5120.000,-0.11790,0.22850,nan,nan,nan,nan,nan,nan,0.07810,0.12970,nan,nan,nan,nan,nan,nan,nan,nan,nan,nan
NGC0528,5140.000,0.11230,0.22840,nan,nan,nan,nan,nan,nan,0.02740,0.12970,nan,nan,nan,nan,nan,nan,nan,nan,nan,nan
NGC0528,5160.000,0.04980,0.22840,nan,nan,nan,nan,nan,nan,0.01340,0.12970,nan,nan,nan,nan,nan,nan,nan,nan,nan,nan
NGC0528,5180.000,0.23460,0.22840,nan,nan,nan,nan,nan,nan,0.03160,0.12970,nan,nan,nan,nan,nan,nan,nan,nan,nan,nan
NGC0551,4680.000,-0.11740,0.20440,nan,nan,nan,nan,0.06150,0.06190,-0.03000,0.11700,nan,nan,nan,nan,nan,nan,nan,nan,nan,nan
NGC0551,4700.000,0.08610,0.20440,nan,nan,nan,nan,-0.04650,0.06190,0.00340,0.11700,nan,nan,nan,nan,nan,nan,nan,nan,nan,nan
NGC0551,4720.000,0.11430,0.20440,nan,nan,nan,nan,0.06470,0.06190,-0.09550,0.11700,nan,nan,nan,nan,nan,nan,nan,nan,nan,nan
NGC0551,4740.000,-0.11130,0.20440,nan,nan,nan,nan,-0.03300,0.06190,-0.07530,0.11690,nan,nan,nan,nan,nan,nan,nan,nan,nan,nan
NGC0551,4760.000,0.06710,0.20440,nan,nan,nan,nan,-0.01040,0.06190,-0.05910,0.11690,nan,nan,nan,nan,nan,nan,nan,nan,nan,nan
NGC0551,4780.000,0.18540,0.20430,nan,nan,nan,nan,0.02010,0.06190,-0.00960,0.11700,nan,nan,nan,nan,nan,nan,nan,nan,nan,nan
NGC0551,4800.000,-0.20970,0.20440,nan,nan,nan,nan,0.00310,0.06190,0.02740,0.11700,nan,nan,nan,nan,nan,nan,nan,nan,nan,nan
NGC0551,4820.000,-0.13060,0.20440,nan,nan,nan,nan,-0.05950,0.06190,-0.01930,0.11700,nan,nan,nan,nan,nan,nan,nan,nan,nan,nan
NGC0551,4840.000,-0.05050,0.20440,nan,nan,nan,nan,0.07510,0.06190,0.08380,0.11700,nan,nan,nan,nan,nan,nan,nan,nan,nan,nan
NGC0551,4860.000,0.01510,0.20430,nan,nan,nan,nan,-0.06500,0.06190,0.14160,0.11700,nan,nan,nan,nan,nan,nan,nan,nan,nan,nan
NGC0551,4880.000,0.05010,0.20430,nan,nan,0.00720,0.02700,0.04550,0.06190,0.00450,0.11700,nan,nan,nan,nan,nan,nan,nan,nan,-0.01570,0.01510
NGC0551,4900.000,-0.00890,0.20430,0.00280,0.01420,0.00340,0.03200,-0.00840,0.06190,-0.14060,0.11700,nan,nan,nan,nan,nan,nan,-0.01500,0.00790,-0.03340,0.01790
NGC0551,4920.000,-0.06540,0.20430,0.07040,0.02030,0.12010,0.03660,0.11780,0.06190,-0.02830,0.11700,nan,nan,nan,nan,nan,nan,0.00050,0.01130,0.01050,0.02050
NGC0551,4940.000,-0.04140,0.20430,0.11420,0.02450,0.14070,0.03660,0.14610,0.06190,0.01720,0.11690,nan,nan,nan,nan,nan,nan,0.03320,0.01370,0.04170,0.02050
NGC0551,4960.000,-0.09290,0.20430,0.19480,0.02520,0.18790,0.03850,0.17370,0.06190,-0.08510,0.11690,nan,nan,nan,nan,nan,nan,0.00110,0.01410,0.01160,0.02160
NGC0551,4980.000,0.01130,0.20430,0.07570,0.02500,0.03520,0.03560,0.00010,0.06190,0.00320,0.11690,nan,nan,nan,nan,nan,nan,0.01550,0.01400,0.01850,0.02000
NGC0551,5000.000,-0.02170,0.20430,0.07930,0.02040,0.09960,0.03530,0.01790,0.06190,-0.11940,0.11690,nan,nan,nan,nan,nan,nan,0.01950,0.01140,0.00690,0.01980
NGC0551,5020.000,-0.11060,0.20430,0.07330,0.02050,0.05460,0.03310,0.06420,0.06190,0.00110,0.11690,nan,nan,nan,nan,nan,nan,nan,0.01150,0.00770,0.01860
NGC0551,5040.000,0.09760,0.20430,0.08350,0.02040,0.08950,0.03230,0.05390,0.06190,-0.05120,0.11690,nan,nan,nan,nan,nan,nan,0.00850,0.01140,0.01220,0.01810
NGC0551,5060.000,0.14070,0.20430,0.07670,0.01970,0.08210,0.03050,0.03560,0.06190,0.02540,0.11690,nan,nan,nan,nan,nan,nan,0.00190,0.01100,0.01470,0.01710
NGC0551,5080.000,-0.06440,0.20430,0.03830,0.02040,0.04050,0.03170,0.11930,0.06190,-0.01370,0.11690,nan,nan,nan,nan,nan,nan,-0.00230,0.01140,-0.01100,0.01780
NGC0551,5100.000,0.00760,0.20430,0.09160,0.02040,0.06530,0.02980,0.02580,0.06190,-0.08000,0.11690,nan,nan,nan,nan,nan,nan,0.00090,0.01140,0.00640,0.01670
NGC0551,5120.000,0.01690,0.20430,0.07930,0.02010,0.08260,0.02930,-0.00100,0.06190,-0.23050,0.11690,nan,nan,nan,nan,nan,nan,0.00340,0.01130,0.00720,0.01640
NGC0551,5140.000,0.30770,0.20430,0.09130,0.02020,0.09690,0.03130,0.04970,0.06190,-0.12030,0.11690,nan,nan,nan,nan,nan,nan,-0.00720,0.01130,-0.01360,0.01760
NGC0551,5160.000,0.15640,0.20430,0.09450,0.02200,0.09640,0.03180,0.05990,0.06190,0.01030,0.11690,nan,nan,nan,nan,nan,nan,0.00050,0.01240,0.00880,0.01780
NGC0551,5180.000,0.19090,0.20430,0.10060,0.02400,0.10420,0.03270,0.03110,0.06190,-0.02550,0.11690,nan,nan,nan,nan,nan,nan,0.00750,0.01350,-0.00180,0.01830
NGC0551,5200.000,0.08630,0.20430,0.11610,0.02390,0.12150,0.03640,0.06580,0.06190,-0.05670,0.11690,nan,nan,nan,nan,nan,nan,-0.00560,0.01340,0.00260,0.02040
NGC0551,5220.000,0.06090,0.20430,0.15310,0.02470,0.14330,0.03580,0.13640,0.06190,-0.10610,0.11690,nan,nan,nan,nan,nan,nan,0.00550,0.01380,0.00060,0.02010
NGC0551,5240.000,0.11810,0.20430,0.23210,0.02550,0.25850,0.03820,0.22570,0.06190,-0.02180,0.11690,nan,nan,nan,nan,nan,nan,0.00380,0.01430,-0.00480,0.02140
NGC0551,5260.000,-0.11850,0.20430,0.08030,0.02540,0.07830,0.03670,0.05470,0.06190,-0.10970,0.11690,nan,nan,nan,nan,nan,nan,0.01120,0.01420,0.01000,0.02060
NGC0551,5280.000,-0.00420,0.20430,0.07100,0.01920,0.07670,0.03530,0.09890,0.06190,-0.15930,0.11690,nan,nan,nan,nan,nan,nan,0.00420,0.01080,-0.00310,0.01980
NGC0551,5300.000,-0.01310,0.20430,0.01050,0.01410,0.01370,0.02610,-0.03710,0.06190,0.00570,0.11690,nan,nan,nan,nan,nan,nan,0.00760,0.00790,-0.00980,0.01460
NGC0551,5320.000,-0.18980,0.20430,nan,nan,0.03130,0.02050,0.03470,0.06190,-0.14810,0.11690,nan,nan,nan,nan,nan,nan,nan,nan,-0.00780,0.01150
NGC0551,5340.000,-0.01700,0.20430,nan,nan,nan,nan,0.05500,0.06190,-0.05010,0.11690,nan,nan,nan,nan,nan,nan,nan,nan,nan,nan
NGC0551,5360.000,-0.01240,0.20430,nan,nan,nan,nan,-0.03130,0.06190,0.04980,0.11690,nan,nan,nan,nan,nan,nan,nan,nan,nan,nan
NGC0551,5380.000,0.16660,0.20430,nan,nan,nan,nan,0.04850,0.06190,-0.14230,0.11690,nan,nan,nan,nan,nan,nan,nan,nan,nan,nan
NGC0551,5400.000,0.01780,0.20430,nan,nan,nan,nan,0.01690,0.06190,-0.10870,0.11690,nan,nan,nan,nan,nan,nan,nan,nan,nan,nan
