edge_pydb/dat_spec/edge_cospec_e20.csv
# %ECSV 0.9
# ---
# datatype:
# - {name: Name, datatype: string, description: Galaxy Name}
# - {name: coVlsr_e20, unit: km / s, datatype: float64, format: .3f, description: 'Velocity, VRAD, LSRK'}
# - {name: coNomaskSpec_e20, unit: Jy, datatype: float32, format: .5f, description: Unmasked spectrum}
# - {name: coNomaskUnc_e20, unit: Jy, datatype: float32, format: .5f, description: Error in Unmasked spectrum}
# - {name: coDilatedSpec_e20, unit: Jy, datatype: float32, format: .5f, description: Dilated mask spectrum}
# - {name: coDilatedUnc_e20, unit: Jy, datatype: float32, format: .5f, description: Error in Dilated mask spectrum}
# - {name: coSmoothSpec_e20, unit: Jy, datatype: float32, format: .5f, description: Smoothed mask spectrum}
# - {name: coSmoothUnc_e20, unit: Jy, datatype: float32, format: .5f, description: Error in Smoothed mask spectrum}
# - {name: coMask2dSpec_e20, unit: Jy, datatype: float32, format: .5f, description: 2D mask spectrum}
# - {name: coMask2dUnc_e20, unit: Jy, datatype: float32, format: .5f, description: Error in 2D mask spectrum}
# - {name: cottNomaskSpec_e20, unit: Jy, datatype: float32, format: .5f, description: Unmasked spectrum}
# - {name: cottNomaskUnc_e20, unit: Jy, datatype: float32, format: .5f, description: Error in Unmasked spectrum}
# - {name: cottDilatedSpec_e20, unit: Jy, datatype: float32, format: .5f, description: Dilated mask spectrum}
# - {name: cottDilatedUnc_e20, unit: Jy, datatype: float32, format: .5f, description: Error in Dilated mask spectrum}
# - {name: cottSmoothSpec_e20, unit: Jy, datatype: float32, format: .5f, description: Smoothed mask spectrum}
# - {name: cottSmoothUnc_e20, unit: Jy, datatype: float32, format: .5f, description: Error in Smoothed mask spectrum}
# - {name: cottMask2dSpec_e20, unit: Jy, datatype: float32, format: .5f, description: 2D mask spectrum}
# - {name: cottMask2dUnc_e20, unit: Jy, datatype: float32, format: .5f, description: Error in 2D mask spectrum}
# delimiter: ','
# meta: !!omap
# - {date: '2020-06-09'}
# - {comments: Integrated CO spectra from e20 cubes}
# schema: astropy-2.0
Name,coVlsr_e20,coNomaskSpec_e20,coNomaskUnc_e20,coDilatedSpec_e20,coDilatedUnc_e20,coSmoothSpec_e20,coSmoothUnc_e20,coMask2dSpec_e20,coMask2dUnc_e20,cottNomaskSpec_e20,cottNomaskUnc_e20,cottDilatedSpec_e20,cottDilatedUnc_e20,cottSmoothSpec_e20,cottSmoothUnc_e20,cottMask2dSpec_e20,cottMask2dUnc_e20
[from data line 1804]
NGC3158,6500.000,0.17610,0.17930,nan,nan,nan,nan,nan,nan,-0.09650,0.10860,nan,nan,nan,nan,nan,nan
NGC3158,6520.000,0.01960,0.17930,nan,nan,nan,nan,nan,nan,-0.06340,0.10860,nan,nan,nan,nan,nan,nan
NGC3158,6540.000,-0.04280,0.17930,nan,nan,nan,nan,nan,nan,-0.04270,0.10860,nan,nan,nan,nan,nan,nan
NGC3158,6560.000,-0.04190,0.17930,nan,nan,nan,nan,nan,nan,0.09740,0.10860,nan,nan,nan,nan,nan,nan
NGC3158,6580.000,0.09720,0.17930,nan,nan,nan,nan,nan,nan,0.03410,0.10860,nan,nan,nan,nan,nan,nan
NGC3158,6600.000,0.07770,0.17930,nan,nan,nan,nan,nan,nan,0.11020,0.10860,nan,nan,nan,nan,nan,nan
NGC3158,6620.000,0.01020,0.17930,nan,nan,nan,nan,nan,nan,-0.02020,0.10860,nan,nan,nan,nan,nan,nan
NGC3158,6640.000,-0.12200,0.17930,nan,nan,nan,nan,nan,nan,0.00650,0.10860,nan,nan,nan,nan,nan,nan
NGC3158,6660.000,-0.02560,0.17930,nan,nan,nan,nan,nan,nan,0.03380,0.10860,nan,nan,nan,nan,nan,nan
NGC3158,6680.000,-0.07160,0.17930,nan,nan,nan,nan,nan,nan,0.04300,0.10860,nan,nan,nan,nan,nan,nan
NGC3158,6700.000,0.04600,0.17930,nan,nan,nan,nan,nan,nan,0.08680,0.10860,nan,nan,nan,nan,nan,nan
NGC3158,6720.000,0.18480,0.17930,nan,nan,nan,nan,nan,nan,-0.04770,0.10860,nan,nan,nan,nan,nan,nan
NGC3158,6740.000,-0.01010,0.17930,nan,nan,nan,nan,nan,nan,-0.02040,0.10860,nan,nan,nan,nan,nan,nan
NGC3158,6760.000,-0.15680,0.17930,nan,nan,nan,nan,nan,nan,-0.10710,0.10860,nan,nan,nan,nan,nan,nan
NGC3158,6780.000,-0.12260,0.17930,nan,nan,nan,nan,nan,nan,-0.01450,0.10860,nan,nan,nan,nan,nan,nan
NGC3158,6800.000,-0.17920,0.17930,nan,nan,nan,nan,nan,nan,0.03270,0.10860,nan,nan,nan,nan,nan,nan
NGC3158,6820.000,-0.21440,0.17930,nan,nan,nan,nan,nan,nan,0.00940,0.10860,nan,nan,nan,nan,nan,nan
NGC3158,6840.000,-0.20810,0.17930,nan,nan,nan,nan,nan,nan,-0.04950,0.10860,nan,nan,nan,nan,nan,nan
NGC3158,6860.000,-0.05220,0.17930,nan,nan,nan,nan,nan,nan,0.01750,0.10860,nan,nan,nan,nan,nan,nan
NGC3158,6880.000,-0.10750,0.17930,nan,nan,nan,nan,nan,nan,-0.03060,0.10860,nan,nan,nan,nan,nan,nan
NGC3158,6900.000,0.05340,0.17930,nan,nan,nan,nan,nan,nan,-0.01780,0.10860,nan,nan,nan,nan,nan,nan
NGC3158,6920.000,-0.04880,0.17930,nan,nan,nan,nan,nan,nan,0.10400,0.10860,nan,nan,nan,nan,nan,nan
NGC3158,6940.000,0.07610,0.17930,nan,nan,nan,nan,nan,nan,-0.00400,0.10860,nan,nan,nan,nan,nan,nan
NGC3158,6960.000,0.09560,0.17930,nan,nan,nan,nan,nan,nan,-0.06410,0.10860,nan,nan,nan,nan,nan,nan
NGC3158,6980.000,0.07390,0.17930,nan,nan,nan,nan,nan,nan,0.00230,0.10860,nan,nan,nan,nan,nan,nan
NGC3158,7000.000,-0.06790,0.17930,nan,nan,nan,nan,nan,nan,-0.03330,0.10860,nan,nan,nan,nan,nan,nan
NGC3158,7020.000,0.02300,0.17930,nan,nan,nan,nan,nan,nan,0.02330,0.10860,nan,nan,nan,nan,nan,nan
NGC3158,7040.000,-0.10140,0.17930,nan,nan,nan,nan,nan,nan,-0.06340,0.10860,nan,nan,nan,nan,nan,nan
NGC3158,7060.000,0.03450,0.17930,nan,nan,nan,nan,nan,nan,-0.00080,0.10860,nan,nan,nan,nan,nan,nan
NGC3158,7080.000,0.16710,0.17930,nan,nan,nan,nan,nan,nan,0.11770,0.10860,nan,nan,nan,nan,nan,nan
NGC3158,7100.000,-0.03400,0.17930,nan,nan,nan,nan,nan,nan,-0.00670,0.10860,nan,nan,nan,nan,nan,nan
NGC3158,7120.000,0.06460,0.17930,nan,nan,nan,nan,nan,nan,0.00300,0.10860,nan,nan,nan,nan,nan,nan
NGC3158,7140.000,0.09430,0.17930,nan,nan,nan,nan,nan,nan,0.03690,0.10860,nan,nan,nan,nan,nan,nan
NGC3158,7160.000,-0.03980,0.17930,nan,nan,nan,nan,nan,nan,0.02530,0.10860,nan,nan,nan,nan,nan,nan
NGC3158,7180.000,-0.13590,0.17930,nan,nan,nan,nan,nan,nan,0.01220,0.10860,nan,nan,nan,nan,nan,nan
NGC3158,7200.000,-0.04080,0.17930,nan,nan,nan,nan,nan,nan,-0.04240,0.10860,nan,nan,nan,nan,nan,nan
NGC3160,6280.000,-0.14230,0.18490,nan,nan,nan,nan,nan,nan,-0.02950,0.10830,nan,nan,nan,nan,nan,nan
NGC3160,6300.000,-0.15870,0.18490,nan,nan,nan,nan,nan,nan,-0.03160,0.10830,nan,nan,nan,nan,nan,nan
NGC3160,6320.000,-0.06630,0.18490,nan,nan,nan,nan,nan,nan,0.02930,0.10830,nan,nan,nan,nan,nan,nan
NGC3160,6340.000,0.07110,0.18490,nan,nan,nan,nan,nan,nan,-0.03320,0.10830,nan,nan,nan,nan,nan,nan
NGC3160,6360.000,-0.23810,0.18490,nan,nan,nan,nan,nan,nan,-0.02660,0.10830,nan,nan,nan,nan,nan,nan
NGC3160,6380.000,-0.07390,0.18490,nan,nan,nan,nan,nan,nan,0.02730,0.10830,nan,nan,nan,nan,nan,nan
NGC3160,6400.000,0.10120,0.18490,nan,nan,nan,nan,nan,nan,0.01390,0.10830,nan,nan,nan,nan,nan,nan
NGC3160,6420.000,-0.02850,0.18490,nan,nan,nan,nan,nan,nan,0.04380,0.10830,nan,nan,nan,nan,nan,nan
NGC3160,6440.000,-0.20150,0.18490,nan,nan,nan,nan,nan,nan,0.03910,0.10830,nan,nan,nan,nan,nan,nan
NGC3160,6460.000,-0.09180,0.18490,nan,nan,nan,nan,nan,nan,0.01850,0.10830,nan,nan,nan,nan,nan,nan
NGC3160,6480.000,0.01530,0.18490,nan,nan,nan,nan,nan,nan,-0.00690,0.10830,nan,nan,nan,nan,nan,nan
NGC3160,6500.000,-0.09170,0.18490,nan,nan,nan,nan,nan,nan,0.00940,0.10830,nan,nan,nan,nan,nan,nan
NGC3160,6520.000,0.07860,0.18490,nan,nan,nan,nan,nan,nan,0.04920,0.10830,nan,nan,nan,nan,nan,nan
NGC3160,6540.000,-0.10100,0.18490,nan,nan,nan,nan,nan,nan,0.07950,0.10830,nan,nan,nan,nan,nan,nan
NGC3160,6560.000,0.02840,0.18490,nan,nan,nan,nan,nan,nan,-0.06110,0.10830,nan,nan,nan,nan,nan,nan
NGC3160,6580.000,0.13640,0.18490,nan,nan,nan,nan,nan,nan,0.03780,0.10830,nan,nan,nan,nan,nan,nan
NGC3160,6600.000,-0.05270,0.18490,nan,nan,nan,nan,nan,nan,-0.03040,0.10830,nan,nan,nan,nan,nan,nan
NGC3160,6620.000,-0.00650,0.18490,nan,nan,nan,nan,nan,nan,0.04930,0.10830,nan,nan,nan,nan,nan,nan
NGC3160,6640.000,-0.00330,0.18490,nan,nan,nan,nan,nan,nan,0.03900,0.10830,nan,nan,nan,nan,nan,nan
NGC3160,6660.000,0.08990,0.18480,nan,nan,nan,nan,nan,nan,0.00050,0.10830,nan,nan,nan,nan,nan,nan
NGC3160,6680.000,-0.00710,0.18480,nan,nan,nan,nan,nan,nan,-0.02320,0.10830,nan,nan,nan,nan,nan,nan
NGC3160,6700.000,0.00600,0.18480,nan,nan,nan,nan,nan,nan,0.03020,0.10830,nan,nan,nan,nan,nan,nan
NGC3160,6720.000,-0.09060,0.18480,nan,nan,nan,nan,nan,nan,0.01930,0.10830,nan,nan,nan,nan,nan,nan
NGC3160,6740.000,-0.18830,0.18480,nan,nan,nan,nan,nan,nan,-0.02720,0.10830,nan,nan,nan,nan,nan,nan
NGC3160,6760.000,-0.27800,0.18480,nan,nan,nan,nan,nan,nan,-0.06820,0.10830,nan,nan,nan,nan,nan,nan
NGC3160,6780.000,0.06490,0.18480,nan,nan,nan,nan,nan,nan,-0.02850,0.10830,nan,nan,nan,nan,nan,nan
NGC3160,6800.000,-0.03140,0.18480,nan,nan,nan,nan,nan,nan,0.01670,0.10830,nan,nan,nan,nan,nan,nan
NGC3160,6820.000,-0.21180,0.18480,nan,nan,nan,nan,nan,nan,0.02000,0.10830,nan,nan,nan,nan,nan,nan
NGC3160,6840.000,0.11240,0.18480,nan,nan,nan,nan,nan,nan,-0.04360,0.10830,nan,nan,nan,nan,nan,nan
NGC3160,6860.000,-0.05190,0.18480,nan,nan,nan,nan,nan,nan,0.05400,0.10830,nan,nan,nan,nan,nan,nan
NGC3160,6880.000,-0.12740,0.18480,nan,nan,nan,nan,nan,nan,0.06820,0.10830,nan,nan,nan,nan,nan,nan
NGC3160,6900.000,0.14050,0.18480,nan,nan,nan,nan,nan,nan,0.02130,0.10830,nan,nan,nan,nan,nan,nan
NGC3160,6920.000,0.08030,0.18480,nan,nan,nan,nan,nan,nan,0.01100,0.10830,nan,nan,nan,nan,nan,nan
NGC3160,6940.000,-0.08400,0.18480,nan,nan,nan,nan,nan,nan,-0.04710,0.10830,nan,nan,nan,nan,nan,nan
NGC3160,6960.000,-0.00510,0.18480,nan,nan,nan,nan,nan,nan,-0.07130,0.10830,nan,nan,nan,nan,nan,nan
NGC3160,6980.000,-0.03910,0.18480,nan,nan,nan,nan,nan,nan,0.00980,0.10830,nan,nan,nan,nan,nan,nan
NGC3160,7000.000,-0.11370,0.18480,nan,nan,nan,nan,nan,nan,-0.04940,0.10830,nan,nan,nan,nan,nan,nan
NGC3160,7020.000,-0.13030,0.18480,nan,nan,nan,nan,nan,nan,-0.00950,0.10830,nan,nan,nan,nan,nan,nan
NGC3160,7040.000,-0.04390,0.18480,nan,nan,nan,nan,nan,nan,0.05310,0.10830,nan,nan,nan,nan,nan,nan
NGC3160,7060.000,0.11730,0.18480,nan,nan,nan,nan,nan,nan,0.05410,0.10830,nan,nan,nan,nan,nan,nan
NGC3160,7080.000,0.07040,0.18480,nan,nan,nan,nan,nan,nan,-0.01300,0.10830,nan,nan,nan,nan,nan,nan
NGC3160,7100.000,0.10010,0.18480,nan,nan,nan,nan,nan,nan,-0.07020,0.10830,nan,nan,nan,nan,nan,nan
NGC3160,7120.000,0.06670,0.18480,nan,nan,nan,nan,nan,nan,-0.06530,0.10830,nan,nan,nan,nan,nan,nan
NGC3160,7140.000,0.09270,0.18480,nan,nan,nan,nan,nan,nan,-0.05370,0.10830,nan,nan,nan,nan,nan,nan
NGC3303,5720.000,-0.10810,0.31590,nan,nan,nan,nan,-0.09050,0.11040,0.00350,0.22270,nan,nan,nan,nan,nan,nan
NGC3303,5740.000,0.15760,0.31590,nan,nan,nan,nan,0.07880,0.11040,0.04950,0.22270,nan,nan,nan,nan,nan,nan
NGC3303,5760.000,0.11800,0.31590,nan,nan,nan,nan,-0.11700,0.11040,0.07110,0.22270,nan,nan,nan,nan,nan,nan
NGC3303,5780.000,0.00960,0.31590,nan,nan,nan,nan,-0.07340,0.11040,0.15030,0.22270,nan,nan,nan,nan,nan,nan
NGC3303,5800.000,-0.00190,0.31590,nan,nan,nan,nan,-0.09440,0.11040,0.00840,0.22270,nan,nan,nan,nan,nan,nan
NGC3303,5820.000,-0.02460,0.31590,nan,nan,nan,nan,0.03230,0.11040,-0.09650,0.22260,nan,nan,nan,nan,nan,nan
NGC3303,5840.000,0.18130,0.31590,nan,nan,nan,nan,0.00020,0.11040,0.16110,0.22260,nan,nan,nan,nan,nan,nan
NGC3303,5860.000,0.29680,0.31590,nan,nan,nan,nan,0.01470,0.11040,0.05310,0.22260,nan,nan,nan,nan,nan,nan
NGC3303,5880.000,-0.08740,0.31590,nan,nan,nan,nan,0.02410,0.11040,-0.08300,0.22260,nan,nan,nan,nan,nan,nan
NGC3303,5900.000,-0.04840,0.31590,nan,nan,nan,nan,0.08210,0.11040,-0.15560,0.22260,nan,nan,nan,nan,nan,nan
NGC3303,5920.000,-0.16590,0.31580,nan,nan,nan,nan,-0.00610,0.11030,-0.18690,0.22260,nan,nan,nan,nan,nan,nan
NGC3303,5940.000,0.14850,0.31580,nan,nan,nan,nan,-0.03840,0.11030,-0.22110,0.22260,nan,nan,nan,nan,nan,nan
NGC3303,5960.000,0.25370,0.31580,nan,nan,0.00320,0.00840,-0.11070,0.11030,-0.01360,0.22260,nan,nan,nan,nan,nan,nan
NGC3303,5980.000,-0.00440,0.31580,nan,nan,0.02340,0.01870,-0.08520,0.11030,0.18720,0.22260,nan,nan,nan,nan,nan,nan
NGC3303,6000.000,0.09570,0.31580,nan,nan,0.05930,0.03880,0.06590,0.11030,0.01800,0.22260,nan,nan,nan,nan,nan,nan
NGC3303,6020.000,-0.28490,0.31580,nan,nan,0.08100,0.05550,0.14780,0.11030,0.08070,0.22260,nan,nan,nan,nan,nan,nan
NGC3303,6040.000,0.11330,0.31580,nan,nan,0.11870,0.06160,-0.03210,0.11030,0.12270,0.22260,nan,nan,nan,nan,nan,nan
NGC3303,6060.000,-0.08790,0.31580,nan,nan,0.18010,0.06380,0.18980,0.11030,0.10180,0.22260,nan,nan,nan,nan,nan,nan
NGC3303,6080.000,-0.08040,0.31580,nan,nan,0.15170,0.06670,0.10140,0.11030,-0.17640,0.22260,nan,nan,nan,nan,nan,nan
NGC3303,6100.000,-0.29720,0.31580,nan,nan,0.17640,0.06500,0.02000,0.11030,0.01560,0.22260,nan,nan,nan,nan,nan,nan
NGC3303,6120.000,-0.52370,0.31580,nan,nan,0.18090,0.06640,0.07860,0.11030,0.04930,0.22260,nan,nan,nan,nan,nan,nan
NGC3303,6140.000,0.13170,0.31580,nan,nan,0.16560,0.06710,0.06980,0.11030,0.10560,0.22260,nan,nan,nan,nan,nan,nan
NGC3303,6160.000,0.09510,0.31580,nan,nan,0.08690,0.06690,0.16260,0.11030,-0.12200,0.22260,nan,nan,nan,nan,nan,nan
NGC3303,6180.000,-0.14240,0.31580,nan,nan,0.13600,0.05890,0.07310,0.11030,-0.00140,0.22260,nan,nan,nan,nan,nan,nan
NGC3303,6200.000,-0.22210,0.31580,nan,nan,0.06800,0.06220,-0.00880,0.11030,-0.03760,0.22260,nan,nan,nan,nan,nan,nan
NGC3303,6220.000,0.09150,0.31580,nan,nan,0.07580,0.06310,-0.00340,0.11030,0.00200,0.22260,nan,nan,nan,nan,nan,nan
NGC3303,6240.000,-0.14180,0.31580,nan,nan,0.13750,0.07450,0.01140,0.11030,0.00230,0.22260,nan,nan,nan,nan,nan,nan
NGC3303,6260.000,-0.10090,0.31580,nan,nan,0.07590,0.08110,0.01860,0.11030,0.09700,0.22260,nan,nan,nan,nan,nan,nan
NGC3303,6280.000,-0.11490,0.31580,nan,nan,0.20060,0.08940,0.15990,0.11030,-0.16550,0.22260,nan,nan,nan,nan,nan,nan
NGC3303,6300.000,0.22590,0.31580,nan,nan,0.21460,0.08350,0.17780,0.11030,-0.27050,0.22260,nan,nan,nan,nan,nan,nan
NGC3303,6320.000,-0.13820,0.31580,nan,nan,0.13860,0.07840,0.09960,0.11030,-0.14890,0.22260,nan,nan,nan,nan,nan,nan
NGC3303,6340.000,-0.04000,0.31580,nan,nan,0.04310,0.06080,0.11800,0.11030,-0.00640,0.22260,nan,nan,nan,nan,nan,nan
NGC3303,6360.000,-0.01590,0.31580,nan,nan,-0.01780,0.04060,-0.07210,0.11030,-0.01840,0.22260,nan,nan,nan,nan,nan,nan
NGC3303,6380.000,0.15750,0.31580,nan,nan,nan,nan,0.01800,0.11030,-0.00740,0.22260,nan,nan,nan,nan,nan,nan
NGC3303,6400.000,0.04550,0.31580,nan,nan,nan,nan,0.16530,0.11030,-0.11800,0.22260,nan,nan,nan,nan,nan,nan
NGC3303,6420.000,-0.09770,0.31580,nan,nan,nan,nan,-0.03360,0.11030,0.09830,0.22260,nan,nan,nan,nan,nan,nan
NGC3303,6440.000,0.07440,0.31580,nan,nan,nan,nan,0.00140,0.11030,0.21390,0.22260,nan,nan,nan,nan,nan,nan
NGC3303,6460.000,0.16330,0.31570,nan,nan,nan,nan,-0.07600,0.11030,0.03400,0.22260,nan,nan,nan,nan,nan,nan
NGC3303,6480.000,-0.02910,0.31570,nan,nan,nan,nan,0.04920,0.11030,0.18160,0.22260,nan,nan,nan,nan,nan,nan
NGC3303,6500.000,-0.21280,0.31570,nan,nan,nan,nan,-0.01070,0.11030,0.11530,0.22250,nan,nan,nan,nan,nan,nan
NGC3303,6520.000,-0.13790,0.31570,nan,nan,nan,nan,0.08950,0.11030,-0.01420,0.22250,nan,nan,nan,nan,nan,nan
NGC3303,6540.000,0.30340,0.31570,nan,nan,nan,nan,-0.05650,0.11030,0.01520,0.22250,nan,nan,nan,nan,nan,nan
NGC3303,6560.000,0.09330,0.31570,nan,nan,nan,nan,-0.05150,0.11030,-0.09350,0.22250,nan,nan,nan,nan,nan,nan
NGC3303,6580.000,-0.00830,0.31570,nan,nan,nan,nan,-0.07190,0.11030,-0.14420,0.22250,nan,nan,nan,nan,nan,nan
NGC3381,1180.000,,,,,,,,,0.23300,0.20900,nan,nan,nan,nan,nan,nan
NGC3381,1200.000,,,,,,,,,0.08770,0.20900,nan,nan,nan,nan,nan,nan
NGC3381,1220.000,,,,,,,,,-0.08110,0.20890,nan,nan,nan,nan,nan,nan
NGC3381,1240.000,0.32420,0.47670,nan,nan,nan,nan,-0.05830,0.13840,0.05950,0.20890,nan,nan,nan,nan,nan,nan
NGC3381,1260.000,0.12600,0.47670,nan,nan,nan,nan,-0.05580,0.13840,0.06130,0.20890,nan,nan,nan,nan,nan,nan
NGC3381,1280.000,-0.39780,0.47670,nan,nan,nan,nan,0.03580,0.13840,0.06300,0.20890,nan,nan,nan,nan,nan,nan
NGC3381,1300.000,0.30020,0.47670,nan,nan,nan,nan,0.07390,0.13830,-0.12660,0.20890,nan,nan,nan,nan,nan,nan
NGC3381,1320.000,0.13740,0.47670,nan,nan,nan,nan,-0.01810,0.13830,-0.11050,0.20890,nan,nan,nan,nan,nan,nan
NGC3381,1340.000,0.21500,0.47670,nan,nan,nan,nan,-0.00460,0.13830,-0.04630,0.20890,nan,nan,nan,nan,nan,nan
NGC3381,1360.000,0.45090,0.47670,nan,nan,nan,nan,-0.17590,0.13830,0.13340,0.20890,nan,nan,nan,nan,nan,nan
NGC3381,1380.000,0.42450,0.47670,nan,nan,nan,nan,-0.03030,0.13830,0.02360,0.20890,nan,nan,nan,nan,nan,nan
NGC3381,1400.000,0.50180,0.47670,nan,nan,nan,nan,0.00750,0.13830,0.07010,0.20890,nan,nan,nan,nan,nan,nan
NGC3381,1420.000,0.07100,0.47660,nan,nan,nan,nan,-0.13900,0.13830,-0.14890,0.20890,nan,nan,nan,nan,nan,nan
NGC3381,1440.000,-0.38170,0.47660,nan,nan,nan,nan,-0.05050,0.13830,0.15800,0.20880,nan,nan,nan,nan,nan,nan
NGC3381,1460.000,0.32730,0.47660,nan,nan,nan,nan,-0.00090,0.13830,0.34320,0.20880,nan,nan,nan,nan,nan,nan
NGC3381,1480.000,-0.38770,0.47660,nan,nan,nan,nan,0.01770,0.13830,0.01960,0.20880,nan,nan,nan,nan,nan,nan
NGC3381,1500.000,0.06360,0.47660,nan,nan,nan,nan,0.01560,0.13830,-0.18360,0.20880,nan,nan,nan,nan,nan,nan
NGC3381,1520.000,-0.09260,0.47660,nan,nan,nan,nan,-0.03280,0.13830,-0.22430,0.20880,nan,nan,nan,nan,nan,nan
NGC3381,1540.000,-0.03360,0.47660,nan,nan,nan,nan,-0.15250,0.13830,-0.00290,0.20880,nan,nan,nan,nan,nan,nan
NGC3381,1560.000,0.17230,0.47660,nan,nan,nan,nan,0.03570,0.13830,-0.10790,0.20880,nan,nan,nan,nan,nan,nan
NGC3381,1580.000,-0.18990,0.47660,nan,nan,0.12980,0.10970,0.05320,0.13830,-0.12030,0.20880,nan,nan,nan,nan,nan,nan
NGC3381,1600.000,-0.27400,0.47660,nan,nan,0.02890,0.12800,0.03660,0.13830,-0.26780,0.20880,nan,nan,nan,nan,nan,nan
NGC3381,1620.000,-0.46300,0.47660,nan,nan,0.67090,0.13630,0.66230,0.13830,-0.28880,0.20880,nan,nan,nan,nan,nan,nan
NGC3381,1640.000,-0.20070,0.47650,nan,nan,0.40650,0.13240,0.41260,0.13830,-0.00610,0.20880,nan,nan,nan,nan,nan,nan
NGC3381,1660.000,-0.67050,0.47650,nan,nan,0.03810,0.12410,0.03690,0.13830,0.18450,0.20880,nan,nan,nan,nan,nan,nan
NGC3381,1680.000,-0.10010,0.47650,nan,nan,0.00860,0.08870,0.11240,0.13830,-0.23460,0.20880,nan,nan,nan,nan,nan,nan
NGC3381,1700.000,0.09310,0.47650,nan,nan,nan,nan,-0.08550,0.13830,-0.02980,0.20880,nan,nan,nan,nan,nan,nan
NGC3381,1720.000,0.34150,0.47650,nan,nan,nan,nan,-0.18990,0.13830,0.04740,0.20880,nan,nan,nan,nan,nan,nan
NGC3381,1740.000,0.14590,0.47650,nan,nan,nan,nan,-0.07080,0.13830,0.14190,0.20880,nan,nan,nan,nan,nan,nan
NGC3381,1760.000,0.09150,0.47650,nan,nan,nan,nan,0.08030,0.13830,0.11460,0.20880,nan,nan,nan,nan,nan,nan
NGC3381,1780.000,-0.00560,0.47650,nan,nan,nan,nan,0.06460,0.13830,-0.09170,0.20880,nan,nan,nan,nan,nan,nan
