edge_pydb/dat_spec/edge_cospec_natv.csv
# %ECSV 0.9
# ---
# datatype:
# - {name: Name, datatype: string, description: Galaxy Name}
# - {name: coVlsr_natv, unit: km / s, datatype: float64, format: .3f, description: 'Velocity, VRAD, LSRK'}
# - {name: coNomaskSpec_natv, unit: Jy, datatype: float32, format: .5f, description: Unmasked spectrum}
# - {name: coNomaskUnc_natv, unit: Jy, datatype: float32, format: .5f, description: Error in Unmasked spectrum}
# - {name: coDilatedSpec_natv, unit: Jy, datatype: float32, format: .5f, description: Dilated mask spectrum}
# - {name: coDilatedUnc_natv, unit: Jy, datatype: float32, format: .5f, description: Error in Dilated mask spectrum}
# - {name: coSmoothSpec_natv, unit: Jy, datatype: float32, format: .5f, description: Smoothed mask spectrum}
# - {name: coSmoothUnc_natv, unit: Jy, datatype: float32, format: .5f, description: Error in Smoothed mask spectrum}
# - {name: coMask2dSpec_natv, unit: Jy, datatype: float32, format: .5f, description: 2D mask spectrum}
# - {name: coMask2dUnc_natv, unit: Jy, datatype: float32, format: .5f, description: Error in 2D mask spectrum}
# - {name: cottNomaskSpec_natv, unit: Jy, datatype: float32, format: .5f, description: Unmasked spectrum}
# - {name: cottNomaskUnc_natv, unit: Jy, datatype: float32, format: .5f, description: Error in Unmasked spectrum}
# - {name: cottDilatedSpec_natv, unit: Jy, datatype: float32, format: .5f, description: Dilated mask spectrum}
# - {name: cottDilatedUnc_natv, unit: Jy, datatype: float32, format: .5f, description: Error in Dilated mask spectrum}
# - {name: cottSmoothSpec_natv, unit: Jy, datatype: float32, format: .5f, description: Smoothed mask spectrum}
# - {name: cottSmoothUnc_natv, unit: Jy, datatype: float32, format: .5f, description: Error in Smoothed mask spectrum}
# - {name: cottMask2dSpec_natv, unit: Jy, datatype: float32, format: .5f, description: 2D mask spectrum}
# - {name: cottMask2dUnc_natv, unit: Jy, datatype: float32, format: .5f, description: Error in 2D mask spectrum}
# delimiter: ','
# meta: !!omap
# - {date: '2020-06-28'}
# - {comments: Integrated CO spectra from de20 cubes}
# schema: astropy-2.0
Name,coVlsr_natv,coNomaskSpec_natv,coNomaskUnc_natv,coDilatedSpec_natv,coDilatedUnc_natv,coSmoothSpec_natv,coSmoothUnc_natv,coMask2dSpec_natv,coMask2dUnc_natv,cottNomaskSpec_natv,cottNomaskUnc_natv,cottDilatedSpec_natv,cottDilatedUnc_natv,cottSmoothSpec_natv,cottSmoothUnc_natv,cottMask2dSpec_natv,cottMask2dUnc_natv
[from data line 978]
NGC2410,4520.000,0.10880,0.29810,0.17130,0.02530,0.20800,0.04750,0.10170,0.09360,-0.02150,0.14480,nan,nan,nan,nan,nan,nan
NGC2410,4540.000,0.04590,0.29810,0.17680,0.02680,0.19270,0.04400,0.06500,0.09360,0.05110,0.14480,nan,nan,nan,nan,nan,nan
NGC2410,4560.000,0.17030,0.29810,0.18960,0.02780,0.17270,0.04580,0.14130,0.09360,0.03230,0.14480,nan,nan,nan,nan,nan,nan
NGC2410,4580.000,-0.05530,0.29810,0.20620,0.02970,0.23060,0.04610,0.14550,0.09360,-0.04520,0.14480,nan,nan,nan,nan,nan,nan
NGC2410,4600.000,-0.05230,0.29810,0.20230,0.02790,0.23290,0.04640,0.07230,0.09360,0.09090,0.14480,nan,nan,nan,nan,nan,nan
NGC2410,4620.000,-0.18570,0.29810,0.17420,0.02710,0.20440,0.04480,0.13120,0.09350,0.03220,0.14480,nan,nan,nan,nan,nan,nan
NGC2410,4640.000,0.11920,0.29810,0.17430,0.02540,0.21190,0.04400,0.09770,0.09350,0.07480,0.14480,nan,nan,nan,nan,nan,nan
NGC2410,4660.000,0.16780,0.29810,0.18100,0.02550,0.19070,0.04310,0.13740,0.09350,-0.07400,0.14480,nan,nan,nan,nan,nan,nan
NGC2410,4680.000,0.01760,0.29810,0.16420,0.02600,0.19270,0.04140,0.17950,0.09350,0.03230,0.14480,nan,nan,nan,nan,nan,nan
NGC2410,4700.000,-0.02790,0.29810,0.11490,0.02530,0.12860,0.04310,0.09460,0.09350,-0.01700,0.14480,nan,nan,nan,nan,nan,nan
NGC2410,4720.000,0.02280,0.29810,0.14000,0.02610,0.12630,0.04330,0.07680,0.09350,-0.11410,0.14480,nan,nan,nan,nan,nan,nan
NGC2410,4740.000,-0.09130,0.29810,0.15500,0.02520,0.19770,0.04470,0.20530,0.09350,-0.03220,0.14480,nan,nan,nan,nan,nan,nan
NGC2410,4760.000,-0.05140,0.29810,0.07000,0.02150,0.13700,0.05250,0.14760,0.09350,-0.00850,0.14480,nan,nan,nan,nan,nan,nan
NGC2410,4780.000,-0.01190,0.29810,0.06040,0.02610,0.13300,0.05620,0.12060,0.09350,0.07750,0.14480,nan,nan,nan,nan,nan,nan
NGC2410,4800.000,0.24450,0.29810,0.20340,0.03400,0.23370,0.05630,0.22410,0.09350,0.04530,0.14480,nan,nan,nan,nan,nan,nan
NGC2410,4820.000,0.07310,0.29810,0.28540,0.03450,0.28510,0.05630,0.22130,0.09350,0.01340,0.14480,nan,nan,nan,nan,nan,nan
NGC2410,4840.000,0.21080,0.29810,0.12580,0.02840,0.17700,0.05270,0.10690,0.09350,-0.07340,0.14480,nan,nan,nan,nan,nan,nan
NGC2410,4860.000,0.02060,0.29800,0.01440,0.01890,0.03870,0.04430,0.01040,0.09350,0.08860,0.14480,nan,nan,nan,nan,nan,nan
NGC2410,4880.000,0.07520,0.29800,-0.00110,0.00490,-0.01730,0.03370,0.03600,0.09350,-0.11310,0.14480,nan,nan,nan,nan,nan,nan
NGC2410,4900.000,0.03630,0.29800,nan,nan,-0.01510,0.01330,0.02020,0.09350,-0.05240,0.14480,nan,nan,nan,nan,nan,nan
NGC2410,4920.000,0.14440,0.29800,nan,nan,nan,nan,0.07300,0.09350,-0.06500,0.14480,nan,nan,nan,nan,nan,nan
NGC2410,4940.000,0.21870,0.29800,nan,nan,nan,nan,-0.02110,0.09350,0.04860,0.14480,nan,nan,nan,nan,nan,nan
NGC2410,4960.000,-0.11770,0.29800,nan,nan,nan,nan,0.01130,0.09350,0.03660,0.14470,nan,nan,nan,nan,nan,nan
NGC2410,4980.000,-0.04110,0.29800,nan,nan,nan,nan,0.09920,0.09350,0.05240,0.14470,nan,nan,nan,nan,nan,nan
NGC2410,5000.000,-0.28120,0.29800,nan,nan,nan,nan,-0.02520,0.09350,-0.00440,0.14470,nan,nan,nan,nan,nan,nan
NGC2410,5020.000,0.01100,0.29800,nan,nan,nan,nan,0.04900,0.09350,0.05130,0.14470,nan,nan,nan,nan,nan,nan
NGC2410,5040.000,0.15790,0.29800,nan,nan,nan,nan,0.00980,0.09350,0.03390,0.14470,nan,nan,nan,nan,nan,nan
NGC2480,1900.000,0.06000,0.26480,nan,nan,nan,nan,-0.05360,0.04970,-0.01500,0.11970,nan,nan,nan,nan,nan,nan
NGC2480,1920.000,-0.19740,0.26480,nan,nan,nan,nan,0.00480,0.04970,0.01100,0.11960,nan,nan,nan,nan,nan,nan
NGC2480,1940.000,-0.08130,0.26470,nan,nan,nan,nan,0.03010,0.04970,-0.09050,0.11960,nan,nan,nan,nan,nan,nan
NGC2480,1960.000,-0.03990,0.26470,nan,nan,nan,nan,-0.03560,0.04970,0.03690,0.11960,nan,nan,nan,nan,nan,nan
NGC2480,1980.000,0.15070,0.26470,nan,nan,nan,nan,0.00600,0.04970,0.08430,0.11960,nan,nan,nan,nan,nan,nan
NGC2480,2000.000,-0.06310,0.26470,nan,nan,nan,nan,-0.06100,0.04970,0.07560,0.11960,nan,nan,nan,nan,nan,nan
NGC2480,2020.000,0.00320,0.26470,nan,nan,nan,nan,0.05930,0.04970,-0.01860,0.11960,nan,nan,nan,nan,nan,nan
NGC2480,2040.000,0.18940,0.26470,nan,nan,nan,nan,-0.02470,0.04970,-0.11700,0.11960,nan,nan,nan,nan,nan,nan
NGC2480,2060.000,-0.10270,0.26470,nan,nan,nan,nan,0.02250,0.04970,0.01700,0.11960,nan,nan,nan,nan,nan,nan
NGC2480,2080.000,-0.00630,0.26470,nan,nan,nan,nan,-0.01300,0.04970,-0.02390,0.11960,nan,nan,nan,nan,nan,nan
NGC2480,2100.000,-0.08410,0.26470,nan,nan,nan,nan,0.01400,0.04970,-0.10860,0.11960,nan,nan,nan,nan,nan,nan
NGC2480,2120.000,-0.15480,0.26470,nan,nan,nan,nan,-0.00190,0.04970,-0.04310,0.11960,nan,nan,nan,nan,nan,nan
NGC2480,2140.000,0.04820,0.26470,nan,nan,nan,nan,0.01210,0.04970,0.00620,0.11960,nan,nan,nan,nan,nan,nan
NGC2480,2160.000,-0.18480,0.26470,nan,nan,nan,nan,-0.01750,0.04970,-0.00620,0.11960,nan,nan,nan,nan,nan,nan
NGC2480,2180.000,-0.07040,0.26470,nan,nan,nan,nan,0.00750,0.04970,-0.01150,0.11960,nan,nan,nan,nan,nan,nan
NGC2480,2200.000,0.05070,0.26470,nan,nan,nan,nan,-0.02890,0.04970,-0.02990,0.11960,nan,nan,nan,nan,nan,nan
NGC2480,2220.000,0.09490,0.26470,nan,nan,nan,nan,-0.06070,0.04970,0.00580,0.11960,nan,nan,nan,nan,nan,nan
NGC2480,2240.000,0.08320,0.26470,0.00140,0.00510,0.00930,0.02530,0.01870,0.04970,0.08120,0.11960,nan,nan,nan,nan,nan,nan
NGC2480,2260.000,-0.18480,0.26460,0.01020,0.01500,0.03070,0.03940,0.01960,0.04970,-0.03470,0.11960,nan,nan,nan,nan,nan,nan
NGC2480,2280.000,-0.10260,0.26460,0.08840,0.02690,0.10710,0.04520,0.08710,0.04970,-0.10780,0.11950,nan,nan,nan,nan,nan,nan
NGC2480,2300.000,0.14380,0.26460,0.24440,0.03280,0.24430,0.04780,0.23640,0.04970,0.03480,0.11950,nan,nan,nan,nan,nan,nan
NGC2480,2320.000,-0.13650,0.26460,0.22580,0.03130,0.22110,0.04680,0.21420,0.04970,0.02400,0.11950,nan,nan,nan,nan,nan,nan
NGC2480,2340.000,-0.05850,0.26460,0.10100,0.02470,0.10580,0.04320,0.10100,0.04970,0.00700,0.11950,nan,nan,nan,nan,nan,nan
NGC2480,2360.000,-0.17020,0.26460,0.01970,0.01630,0.02730,0.03480,0.04430,0.04970,0.00620,0.11950,nan,nan,nan,nan,nan,nan
NGC2480,2380.000,-0.01210,0.26460,0.00050,0.00530,0.01890,0.02540,0.02110,0.04970,-0.05920,0.11950,nan,nan,nan,nan,nan,nan
NGC2480,2400.000,-0.22810,0.26460,nan,nan,nan,nan,0.04460,0.04970,-0.07280,0.11950,nan,nan,nan,nan,nan,nan
NGC2480,2420.000,-0.16440,0.26460,nan,nan,nan,nan,0.08650,0.04970,0.06980,0.11950,nan,nan,nan,nan,nan,nan
NGC2480,2440.000,0.03360,0.26460,nan,nan,nan,nan,-0.02250,0.04970,-0.07560,0.11950,nan,nan,nan,nan,nan,nan
NGC2480,2460.000,0.35660,0.26460,nan,nan,nan,nan,-0.01190,0.04970,-0.07440,0.11950,nan,nan,nan,nan,nan,nan
NGC2480,2480.000,0.32500,0.26460,nan,nan,nan,nan,0.03000,0.04970,-0.00710,0.11950,nan,nan,nan,nan,nan,nan
NGC2480,2500.000,0.12020,0.26460,nan,nan,nan,nan,-0.00210,0.04970,-0.00050,0.11950,nan,nan,nan,nan,nan,nan
NGC2480,2520.000,0.17830,0.26460,nan,nan,nan,nan,-0.10000,0.04970,-0.00540,0.11950,nan,nan,nan,nan,nan,nan
NGC2480,2540.000,0.17680,0.26460,nan,nan,nan,nan,-0.05170,0.04970,0.04090,0.11950,nan,nan,nan,nan,nan,nan
NGC2480,2560.000,-0.01350,0.26460,nan,nan,nan,nan,-0.01070,0.04970,-0.04770,0.11950,nan,nan,nan,nan,nan,nan
NGC2480,2580.000,-0.03910,0.26460,nan,nan,nan,nan,0.01700,0.04970,0.02800,0.11950,nan,nan,nan,nan,nan,nan
NGC2480,2600.000,-0.03590,0.26460,nan,nan,nan,nan,-0.00100,0.04970,0.05700,0.11950,nan,nan,nan,nan,nan,nan
NGC2480,2620.000,0.01370,0.26460,nan,nan,nan,nan,-0.01010,0.04970,0.04900,0.11950,nan,nan,nan,nan,nan,nan
NGC2480,2640.000,-0.06320,0.26460,nan,nan,nan,nan,0.02540,0.04970,0.06120,0.11950,nan,nan,nan,nan,nan,nan
NGC2480,2660.000,-0.01830,0.26460,nan,nan,nan,nan,0.07580,0.04970,0.05000,0.11950,nan,nan,nan,nan,nan,nan
NGC2480,2680.000,-0.14680,0.26460,nan,nan,nan,nan,0.03340,0.04970,0.02020,0.11950,nan,nan,nan,nan,nan,nan
NGC2480,2700.000,0.15520,0.26460,nan,nan,nan,nan,0.04120,0.04970,0.05760,0.11950,nan,nan,nan,nan,nan,nan
NGC2480,2720.000,0.16680,0.26460,nan,nan,nan,nan,-0.06270,0.04970,-0.03670,0.11950,nan,nan,nan,nan,nan,nan
NGC2480,2740.000,-0.02550,0.26460,nan,nan,nan,nan,nan,0.04970,-0.06000,0.11950,nan,nan,nan,nan,nan,nan
NGC2480,2760.000,0.16530,0.26460,nan,nan,nan,nan,0.01290,0.04970,0.04110,0.11950,nan,nan,nan,nan,nan,nan
NGC2486,4140.000,0.10580,0.39170,nan,nan,nan,nan,nan,nan,-0.08950,0.19830,nan,nan,nan,nan,nan,nan
NGC2486,4160.000,0.14300,0.39170,nan,nan,nan,nan,nan,nan,-0.13240,0.19830,nan,nan,nan,nan,nan,nan
NGC2486,4180.000,0.34190,0.39170,nan,nan,nan,nan,nan,nan,0.17430,0.19830,nan,nan,nan,nan,nan,nan
NGC2486,4200.000,-0.34480,0.39170,nan,nan,nan,nan,nan,nan,-0.11800,0.19830,nan,nan,nan,nan,nan,nan
NGC2486,4220.000,0.03330,0.39170,nan,nan,nan,nan,nan,nan,-0.19960,0.19830,nan,nan,nan,nan,nan,nan
NGC2486,4240.000,0.01050,0.39170,nan,nan,nan,nan,nan,nan,0.05930,0.19830,nan,nan,nan,nan,nan,nan
NGC2486,4260.000,-0.17990,0.39170,nan,nan,nan,nan,nan,nan,-0.10500,0.19830,nan,nan,nan,nan,nan,nan
NGC2486,4280.000,-0.14740,0.39170,nan,nan,nan,nan,nan,nan,0.02120,0.19820,nan,nan,nan,nan,nan,nan
NGC2486,4300.000,0.11430,0.39170,nan,nan,nan,nan,nan,nan,-0.12740,0.19820,nan,nan,nan,nan,nan,nan
NGC2486,4320.000,0.08950,0.39170,nan,nan,nan,nan,nan,nan,0.03900,0.19820,nan,nan,nan,nan,nan,nan
NGC2486,4340.000,-0.05040,0.39170,nan,nan,nan,nan,nan,nan,-0.10300,0.19820,nan,nan,nan,nan,nan,nan
NGC2486,4360.000,-0.46900,0.39170,nan,nan,nan,nan,nan,nan,-0.02080,0.19820,nan,nan,nan,nan,nan,nan
NGC2486,4380.000,0.06270,0.39170,nan,nan,nan,nan,nan,nan,-0.15660,0.19820,nan,nan,nan,nan,nan,nan
NGC2486,4400.000,0.12800,0.39170,nan,nan,nan,nan,nan,nan,0.00120,0.19820,nan,nan,nan,nan,nan,nan
NGC2486,4420.000,-0.02680,0.39170,nan,nan,nan,nan,nan,nan,0.06330,0.19820,nan,nan,nan,nan,nan,nan
NGC2486,4440.000,-0.02240,0.39170,nan,nan,nan,nan,nan,nan,-0.19770,0.19820,nan,nan,nan,nan,nan,nan
NGC2486,4460.000,-0.08130,0.39170,nan,nan,nan,nan,nan,nan,0.16820,0.19820,nan,nan,nan,nan,nan,nan
NGC2486,4480.000,0.20480,0.39170,nan,nan,nan,nan,nan,nan,0.00120,0.19820,nan,nan,nan,nan,nan,nan
NGC2486,4500.000,0.26800,0.39170,nan,nan,nan,nan,nan,nan,-0.09370,0.19820,nan,nan,nan,nan,nan,nan
NGC2486,4520.000,0.17640,0.39170,nan,nan,nan,nan,nan,nan,0.09410,0.19810,nan,nan,nan,nan,nan,nan
NGC2486,4540.000,0.03010,0.39170,nan,nan,nan,nan,nan,nan,-0.04270,0.19810,nan,nan,nan,nan,nan,nan
NGC2486,4560.000,-0.52580,0.39170,nan,nan,nan,nan,nan,nan,0.00520,0.19810,nan,nan,nan,nan,nan,nan
NGC2486,4580.000,-0.29200,0.39170,nan,nan,nan,nan,nan,nan,-0.03620,0.19810,nan,nan,nan,nan,nan,nan
NGC2486,4600.000,-0.45260,0.39170,nan,nan,nan,nan,nan,nan,0.05010,0.19810,nan,nan,nan,nan,nan,nan
NGC2486,4620.000,-0.13760,0.39170,nan,nan,nan,nan,nan,nan,-0.28430,0.19810,nan,nan,nan,nan,nan,nan
NGC2486,4640.000,0.18060,0.39170,nan,nan,nan,nan,nan,nan,-0.06230,0.19810,nan,nan,nan,nan,nan,nan
NGC2486,4660.000,-0.05550,0.39170,nan,nan,nan,nan,nan,nan,0.03440,0.19810,nan,nan,nan,nan,nan,nan
NGC2486,4680.000,-0.30230,0.39170,nan,nan,nan,nan,nan,nan,-0.10070,0.19810,nan,nan,nan,nan,nan,nan
NGC2486,4700.000,-0.11550,0.39170,nan,nan,nan,nan,nan,nan,-0.15040,0.19810,nan,nan,nan,nan,nan,nan
NGC2486,4720.000,-0.05310,0.39170,nan,nan,nan,nan,nan,nan,-0.08370,0.19810,nan,nan,nan,nan,nan,nan
NGC2486,4740.000,0.15740,0.39170,nan,nan,nan,nan,nan,nan,-0.09500,0.19810,nan,nan,nan,nan,nan,nan
NGC2486,4760.000,-0.19810,0.39170,nan,nan,nan,nan,nan,nan,-0.17960,0.19810,nan,nan,nan,nan,nan,nan
NGC2486,4780.000,0.24240,0.39170,nan,nan,nan,nan,nan,nan,0.17760,0.19810,nan,nan,nan,nan,nan,nan
NGC2486,4800.000,-0.06870,0.39170,nan,nan,nan,nan,nan,nan,0.09790,0.19810,nan,nan,nan,nan,nan,nan
NGC2486,4820.000,-0.21770,0.39170,nan,nan,nan,nan,nan,nan,0.03360,0.19800,nan,nan,nan,nan,nan,nan
NGC2486,4840.000,0.01200,0.39170,nan,nan,nan,nan,nan,nan,0.26450,0.19800,nan,nan,nan,nan,nan,nan
NGC2486,4860.000,0.48610,0.39170,nan,nan,nan,nan,nan,nan,0.23500,0.19800,nan,nan,nan,nan,nan,nan
NGC2486,4880.000,-0.07750,0.39170,nan,nan,nan,nan,nan,nan,0.12140,0.19800,nan,nan,nan,nan,nan,nan
NGC2486,4900.000,0.04190,0.39170,nan,nan,nan,nan,nan,nan,0.01680,0.19800,nan,nan,nan,nan,nan,nan
NGC2486,4920.000,0.08780,0.39170,nan,nan,nan,nan,nan,nan,-0.08650,0.19800,nan,nan,nan,nan,nan,nan
NGC2486,4940.000,-0.14900,0.39170,nan,nan,nan,nan,nan,nan,0.11810,0.19800,nan,nan,nan,nan,nan,nan
NGC2486,4960.000,0.15730,0.39170,nan,nan,nan,nan,nan,nan,0.03590,0.19800,nan,nan,nan,nan,nan,nan
NGC2486,4980.000,0.26430,0.39160,nan,nan,nan,nan,nan,nan,-0.01760,0.19800,nan,nan,nan,nan,nan,nan
NGC2486,5000.000,0.22720,0.39160,nan,nan,nan,nan,nan,nan,0.00260,0.19800,nan,nan,nan,nan,nan,nan
NGC2487,4320.000,-0.30490,0.27670,nan,nan,nan,nan,0.07030,0.11750,-0.06970,0.15730,nan,nan,nan,nan,nan,nan
NGC2487,4340.000,-0.18820,0.27670,nan,nan,nan,nan,0.13660,0.11750,-0.09670,0.15730,nan,nan,nan,nan,nan,nan
NGC2487,4360.000,0.07470,0.27670,nan,nan,nan,nan,0.07730,0.11740,0.03630,0.15730,nan,nan,nan,nan,nan,nan
NGC2487,4380.000,0.23870,0.27670,nan,nan,nan,nan,-0.06510,0.11740,0.00870,0.15730,nan,nan,nan,nan,nan,nan
NGC2487,4400.000,-0.02810,0.27670,nan,nan,nan,nan,0.07550,0.11740,-0.00550,0.15730,nan,nan,nan,nan,nan,nan
NGC2487,4420.000,0.20370,0.27670,nan,nan,nan,nan,0.04360,0.11740,-0.00620,0.15730,nan,nan,nan,nan,nan,nan
NGC2487,4440.000,-0.09730,0.27670,nan,nan,nan,nan,-0.16060,0.11740,0.12390,0.15730,nan,nan,nan,nan,nan,nan
NGC2487,4460.000,0.13260,0.27670,nan,nan,nan,nan,0.00160,0.11740,-0.02270,0.15730,nan,nan,nan,nan,nan,nan
NGC2487,4480.000,0.15630,0.27670,nan,nan,nan,nan,-0.06520,0.11740,-0.02690,0.15730,nan,nan,nan,nan,nan,nan
NGC2487,4500.000,0.11600,0.27670,nan,nan,nan,nan,-0.08890,0.11740,-0.03780,0.15730,nan,nan,nan,nan,nan,nan
NGC2487,4520.000,0.08080,0.27670,nan,nan,nan,nan,0.19350,0.11740,-0.04850,0.15730,nan,nan,nan,nan,nan,nan
NGC2487,4540.000,0.09190,0.27660,nan,nan,nan,nan,-0.15360,0.11740,-0.05930,0.15730,nan,nan,nan,nan,nan,nan
NGC2487,4560.000,-0.25240,0.27660,nan,nan,nan,nan,-0.12230,0.11740,-0.10080,0.15730,nan,nan,nan,nan,nan,nan
NGC2487,4580.000,0.03660,0.27660,nan,nan,-0.00180,0.01310,0.08040,0.11740,0.03870,0.15720,nan,nan,nan,nan,nan,nan
NGC2487,4600.000,0.21240,0.27660,nan,nan,-0.01590,0.04030,-0.02960,0.11740,-0.08050,0.15720,nan,nan,nan,nan,nan,nan
NGC2487,4620.000,-0.15540,0.27660,-0.00960,0.01340,0.02400,0.05510,-0.02910,0.11740,-0.08900,0.15720,nan,nan,nan,nan,nan,nan
NGC2487,4640.000,0.02350,0.27660,0.07220,0.01940,0.21460,0.06410,0.16150,0.11740,-0.03540,0.15720,nan,nan,nan,nan,nan,nan
NGC2487,4660.000,0.20760,0.27650,0.08070,0.02040,0.24570,0.07330,-0.02120,0.11740,-0.00040,0.15720,nan,nan,nan,nan,nan,nan
NGC2487,4680.000,-0.09810,0.27650,0.14120,0.02740,0.16400,0.07750,0.15300,0.11740,0.01530,0.15720,nan,nan,nan,nan,nan,nan
NGC2487,4700.000,0.01200,0.27650,0.24430,0.03240,0.34990,0.08040,0.24660,0.11740,0.10080,0.15720,nan,nan,nan,nan,nan,nan
NGC2487,4720.000,0.19500,0.27650,0.15940,0.03380,0.25920,0.08390,0.09010,0.11740,-0.06160,0.15720,nan,nan,nan,nan,nan,nan
NGC2487,4740.000,0.23760,0.27650,0.20520,0.03480,0.37230,0.08340,0.22910,0.11740,-0.04800,0.15720,nan,nan,nan,nan,nan,nan
NGC2487,4760.000,0.06660,0.27640,0.18780,0.03520,0.37650,0.08560,0.22080,0.11740,0.08210,0.15720,nan,nan,nan,nan,nan,nan
NGC2487,4780.000,-0.20050,0.27640,0.18120,0.03440,0.32270,0.08570,0.16290,0.11740,0.05760,0.15720,nan,nan,nan,nan,nan,nan
NGC2487,4800.000,0.03110,0.27640,0.18900,0.03170,0.43320,0.08420,0.32870,0.11740,-0.05210,0.15720,nan,nan,nan,nan,nan,nan
NGC2487,4820.000,-0.11900,0.27640,0.13410,0.02620,0.28600,0.07600,0.35050,0.11740,-0.06960,0.15720,nan,nan,nan,nan,nan,nan
NGC2487,4840.000,0.17480,0.27640,0.13610,0.02020,0.26400,0.06860,0.05550,0.11740,-0.00520,0.15710,nan,nan,nan,nan,nan,nan
NGC2487,4860.000,0.27630,0.27640,0.06220,0.01730,0.00500,0.05100,-0.03950,0.11740,0.01750,0.15710,nan,nan,nan,nan,nan,nan
NGC2487,4880.000,0.27130,0.27640,0.01030,0.01250,0.00910,0.03650,-0.10770,0.11740,-0.01850,0.15710,nan,nan,nan,nan,nan,nan
NGC2487,4900.000,-0.10640,0.27640,nan,nan,-0.00030,0.01840,-0.00920,0.11740,-0.07720,0.15710,nan,nan,nan,nan,nan,nan
NGC2487,4920.000,0.02240,0.27640,nan,nan,nan,nan,-0.08170,0.11740,0.16510,0.15710,nan,nan,nan,nan,nan,nan
NGC2487,4940.000,0.21100,0.27640,nan,nan,nan,nan,-0.11110,0.11740,0.11550,0.15710,nan,nan,nan,nan,nan,nan
