edge_pydb/dat_spec/edge_cospec_natv.csv
# %ECSV 0.9
# ---
# datatype:
# - {name: Name, datatype: string, description: Galaxy Name}
# - {name: coVlsr_natv, unit: km / s, datatype: float64, format: .3f, description: 'Velocity, VRAD, LSRK'}
# - {name: coNomaskSpec_natv, unit: Jy, datatype: float32, format: .5f, description: Unmasked spectrum}
# - {name: coNomaskUnc_natv, unit: Jy, datatype: float32, format: .5f, description: Error in Unmasked spectrum}
# - {name: coDilatedSpec_natv, unit: Jy, datatype: float32, format: .5f, description: Dilated mask spectrum}
# - {name: coDilatedUnc_natv, unit: Jy, datatype: float32, format: .5f, description: Error in Dilated mask spectrum}
# - {name: coSmoothSpec_natv, unit: Jy, datatype: float32, format: .5f, description: Smoothed mask spectrum}
# - {name: coSmoothUnc_natv, unit: Jy, datatype: float32, format: .5f, description: Error in Smoothed mask spectrum}
# - {name: coMask2dSpec_natv, unit: Jy, datatype: float32, format: .5f, description: 2D mask spectrum}
# - {name: coMask2dUnc_natv, unit: Jy, datatype: float32, format: .5f, description: Error in 2D mask spectrum}
# - {name: cottNomaskSpec_natv, unit: Jy, datatype: float32, format: .5f, description: Unmasked spectrum}
# - {name: cottNomaskUnc_natv, unit: Jy, datatype: float32, format: .5f, description: Error in Unmasked spectrum}
# - {name: cottDilatedSpec_natv, unit: Jy, datatype: float32, format: .5f, description: Dilated mask spectrum}
# - {name: cottDilatedUnc_natv, unit: Jy, datatype: float32, format: .5f, description: Error in Dilated mask spectrum}
# - {name: cottSmoothSpec_natv, unit: Jy, datatype: float32, format: .5f, description: Smoothed mask spectrum}
# - {name: cottSmoothUnc_natv, unit: Jy, datatype: float32, format: .5f, description: Error in Smoothed mask spectrum}
# - {name: cottMask2dSpec_natv, unit: Jy, datatype: float32, format: .5f, description: 2D mask spectrum}
# - {name: cottMask2dUnc_natv, unit: Jy, datatype: float32, format: .5f, description: Error in 2D mask spectrum}
# delimiter: ','
# meta: !!omap
# - {date: '2020-06-28'}
# - {comments: Integrated CO spectra from de20 cubes}
# schema: astropy-2.0
Name,coVlsr_natv,coNomaskSpec_natv,coNomaskUnc_natv,coDilatedSpec_natv,coDilatedUnc_natv,coSmoothSpec_natv,coSmoothUnc_natv,coMask2dSpec_natv,coMask2dUnc_natv,cottNomaskSpec_natv,cottNomaskUnc_natv,cottDilatedSpec_natv,cottDilatedUnc_natv,cottSmoothSpec_natv,cottSmoothUnc_natv,cottMask2dSpec_natv,cottMask2dUnc_natv
[from data line 272]
IC1199,4540.000,-0.05040,0.22620,0.10610,0.02270,0.13100,0.04480,0.06090,0.06960,-0.01580,0.10800,nan,nan,nan,nan,nan,nan
IC1199,4560.000,-0.06590,0.22620,0.10560,0.02200,0.10130,0.04030,0.01880,0.06960,-0.06150,0.10800,nan,nan,nan,nan,nan,nan
IC1199,4580.000,-0.00970,0.22620,0.13330,0.02310,0.21470,0.03900,0.19590,0.06960,-0.01110,0.10800,nan,nan,nan,nan,nan,nan
IC1199,4600.000,-0.10540,0.22620,0.11300,0.02260,0.12650,0.03790,0.11610,0.06960,-0.05230,0.10800,nan,nan,nan,nan,nan,nan
IC1199,4620.000,0.08920,0.22620,0.11060,0.02230,0.10680,0.03680,0.00970,0.06960,0.01660,0.10800,nan,nan,nan,nan,nan,nan
IC1199,4640.000,0.06900,0.22620,0.10820,0.02130,0.10360,0.03260,0.00850,0.06960,-0.02950,0.10800,nan,nan,nan,nan,nan,nan
IC1199,4660.000,0.03770,0.22620,0.06090,0.02100,0.07760,0.03280,0.05640,0.06960,-0.05250,0.10800,nan,nan,nan,nan,nan,nan
IC1199,4680.000,0.18650,0.22620,0.10980,0.02090,0.11320,0.03150,0.01920,0.06960,-0.03080,0.10800,nan,nan,nan,nan,nan,nan
IC1199,4700.000,0.04620,0.22620,0.09190,0.02010,0.08800,0.03120,0.01610,0.06960,-0.01460,0.10800,nan,nan,nan,nan,nan,nan
IC1199,4720.000,-0.06990,0.22620,0.06440,0.01940,0.07230,0.03100,0.01970,0.06960,-0.03480,0.10800,nan,nan,nan,nan,nan,nan
IC1199,4740.000,-0.05070,0.22620,0.09940,0.02000,0.09660,0.03290,0.06500,0.06960,0.02810,0.10800,nan,nan,nan,nan,nan,nan
IC1199,4760.000,-0.16300,0.22620,0.09740,0.02090,0.13240,0.03750,0.02850,0.06960,0.03760,0.10800,nan,nan,nan,nan,nan,nan
IC1199,4780.000,-0.11250,0.22620,0.07780,0.02260,0.06950,0.03920,-0.01440,0.06960,0.05320,0.10800,nan,nan,nan,nan,nan,nan
IC1199,4800.000,-0.10790,0.22620,0.15260,0.02570,0.18650,0.04100,0.19920,0.06960,-0.03280,0.10800,nan,nan,nan,nan,nan,nan
IC1199,4820.000,0.08740,0.22620,0.15830,0.02710,0.15590,0.04070,0.09090,0.06960,-0.08180,0.10800,nan,nan,nan,nan,nan,nan
IC1199,4840.000,0.11870,0.22620,0.21830,0.02510,0.21350,0.04000,0.19330,0.06960,0.02440,0.10800,nan,nan,nan,nan,nan,nan
IC1199,4860.000,-0.03310,0.22620,0.03790,0.02120,0.05430,0.03640,-0.03380,0.06960,0.07730,0.10800,nan,nan,nan,nan,nan,nan
IC1199,4880.000,0.06000,0.22620,-0.00520,0.01010,-0.05460,0.03270,0.02310,0.06960,0.10330,0.10800,nan,nan,nan,nan,nan,nan
IC1199,4900.000,0.04940,0.22620,nan,nan,-0.01300,0.02070,-0.00330,0.06960,-0.04000,0.10790,nan,nan,nan,nan,nan,nan
IC1199,4920.000,0.02400,0.22620,nan,nan,nan,nan,-0.00890,0.06960,-0.10720,0.10790,nan,nan,nan,nan,nan,nan
IC1199,4940.000,-0.13940,0.22610,nan,nan,nan,nan,-0.07850,0.06960,0.05010,0.10790,nan,nan,nan,nan,nan,nan
IC1199,4960.000,-0.02130,0.22610,nan,nan,nan,nan,-0.04830,0.06960,0.06620,0.10790,nan,nan,nan,nan,nan,nan
IC1199,4980.000,-0.10110,0.22610,nan,nan,nan,nan,0.02260,0.06960,-0.08900,0.10790,nan,nan,nan,nan,nan,nan
IC1199,5000.000,-0.05380,0.22610,nan,nan,nan,nan,-0.03610,0.06960,0.16440,0.10790,nan,nan,nan,nan,nan,nan
IC1199,5020.000,-0.08160,0.22610,nan,nan,nan,nan,-0.01590,0.06960,0.03890,0.10790,nan,nan,nan,nan,nan,nan
IC1199,5040.000,-0.22190,0.22610,nan,nan,nan,nan,-0.00340,0.06960,-0.06300,0.10790,nan,nan,nan,nan,nan,nan
IC1199,5060.000,-0.19240,0.22610,nan,nan,nan,nan,-0.01350,0.06960,-0.00490,0.10790,nan,nan,nan,nan,nan,nan
IC1199,5080.000,0.02800,0.22610,nan,nan,nan,nan,0.04630,0.06960,0.03740,0.10790,nan,nan,nan,nan,nan,nan
IC1199,5100.000,-0.04710,0.22610,nan,nan,nan,nan,-0.01530,0.06960,0.01570,0.10790,nan,nan,nan,nan,nan,nan
IC1683,4340.000,-0.08730,0.21580,nan,nan,nan,nan,0.01320,0.05260,0.08380,0.11590,nan,nan,nan,nan,nan,nan
IC1683,4360.000,0.24650,0.21580,nan,nan,nan,nan,-0.00720,0.05260,0.09260,0.11590,nan,nan,nan,nan,nan,nan
IC1683,4380.000,0.07070,0.21580,nan,nan,nan,nan,-0.00920,0.05260,0.04390,0.11590,nan,nan,nan,nan,nan,nan
IC1683,4400.000,0.13740,0.21580,nan,nan,nan,nan,-0.03170,0.05260,0.04640,0.11590,nan,nan,nan,nan,nan,nan
IC1683,4420.000,0.21680,0.21580,nan,nan,nan,nan,0.02640,0.05260,-0.05170,0.11590,nan,nan,nan,nan,nan,nan
IC1683,4440.000,0.06580,0.21580,nan,nan,nan,nan,-0.07940,0.05260,-0.01250,0.11590,nan,nan,nan,nan,nan,nan
IC1683,4460.000,-0.02170,0.21580,nan,nan,nan,nan,0.01380,0.05260,-0.09100,0.11590,nan,nan,nan,nan,nan,nan
IC1683,4480.000,-0.14940,0.21580,nan,nan,nan,nan,0.00730,0.05260,-0.15050,0.11590,nan,nan,nan,nan,nan,nan
IC1683,4500.000,0.03970,0.21580,nan,nan,nan,nan,-0.02970,0.05260,0.02360,0.11590,nan,nan,nan,nan,nan,nan
IC1683,4520.000,0.05140,0.21580,nan,nan,-0.00310,0.01480,-0.11820,0.05260,-0.04020,0.11590,nan,nan,nan,nan,nan,nan
IC1683,4540.000,-0.08790,0.21580,0.00240,0.00580,0.02060,0.02040,0.06310,0.05260,-0.00530,0.11590,nan,nan,nan,nan,nan,nan
IC1683,4560.000,-0.08460,0.21580,0.02270,0.01240,0.06780,0.02460,0.08780,0.05260,0.00550,0.11590,nan,nan,nan,nan,nan,nan
IC1683,4580.000,0.01830,0.21580,0.06520,0.01460,0.05250,0.02810,0.03800,0.05260,0.00420,0.11590,nan,nan,nan,nan,nan,nan
IC1683,4600.000,0.22920,0.21580,0.08260,0.01850,0.08180,0.03050,0.05460,0.05260,0.00290,0.11590,nan,nan,nan,nan,nan,nan
IC1683,4620.000,0.13110,0.21580,0.22650,0.02250,0.24350,0.03290,0.23840,0.05260,-0.16190,0.11590,nan,nan,nan,nan,nan,nan
IC1683,4640.000,0.15010,0.21580,0.21220,0.02320,0.22360,0.03370,0.20330,0.05260,-0.08120,0.11590,nan,nan,nan,nan,nan,nan
IC1683,4660.000,0.09990,0.21580,0.23040,0.02330,0.21810,0.03530,0.18870,0.05260,0.05510,0.11590,nan,nan,nan,nan,nan,nan
IC1683,4680.000,0.24500,0.21580,0.26610,0.02290,0.27270,0.03710,0.26160,0.05260,0.03480,0.11590,nan,nan,nan,nan,nan,nan
IC1683,4700.000,0.25320,0.21580,0.25580,0.02350,0.29290,0.03830,0.21990,0.05260,0.06980,0.11590,nan,nan,nan,nan,nan,nan
IC1683,4720.000,0.14880,0.21580,0.27140,0.02350,0.28960,0.03840,0.25080,0.05260,-0.03850,0.11590,nan,nan,nan,nan,nan,nan
IC1683,4740.000,0.45270,0.21580,0.21500,0.02170,0.24830,0.03710,0.19660,0.05260,0.11270,0.11590,nan,nan,nan,nan,nan,nan
IC1683,4760.000,0.19090,0.21580,0.21280,0.02260,0.22630,0.03700,0.15160,0.05260,0.16760,0.11590,nan,nan,nan,nan,nan,nan
IC1683,4780.000,0.20470,0.21580,0.23470,0.02380,0.25420,0.03600,0.22780,0.05260,0.14660,0.11590,0.00060,0.00510,nan,nan,nan,nan
IC1683,4800.000,0.36770,0.21580,0.24010,0.02340,0.25290,0.03620,0.19310,0.05260,0.01150,0.11590,0.02480,0.00730,nan,nan,nan,nan
IC1683,4820.000,0.24390,0.21580,0.30600,0.02520,0.32570,0.03810,0.28730,0.05260,-0.08550,0.11590,0.02060,0.00720,nan,nan,nan,nan
IC1683,4840.000,0.31810,0.21580,0.31060,0.02510,0.31130,0.03950,0.28920,0.05260,0.07380,0.11590,0.01800,0.00640,nan,nan,nan,nan
IC1683,4860.000,0.25020,0.21580,0.27690,0.02360,0.31690,0.04020,0.29260,0.05260,0.06420,0.11580,0.02020,0.00650,nan,nan,nan,nan
IC1683,4880.000,0.20750,0.21580,0.29520,0.02310,0.34100,0.04010,0.28900,0.05260,0.05820,0.11580,0.01150,0.00590,nan,nan,nan,nan
IC1683,4900.000,0.09510,0.21580,0.25900,0.02360,0.23040,0.03810,0.23320,0.05260,-0.13120,0.11580,0.01740,0.00590,nan,nan,nan,nan
IC1683,4920.000,0.04390,0.21580,0.25720,0.02300,0.26000,0.03530,0.21810,0.05260,-0.03480,0.11580,0.00640,0.00500,nan,nan,nan,nan
IC1683,4940.000,0.08540,0.21580,0.16630,0.02140,0.14310,0.03530,0.11260,0.05260,-0.00700,0.11580,0.00270,0.00260,nan,nan,nan,nan
IC1683,4960.000,0.17450,0.21570,0.08460,0.01820,0.07270,0.03520,0.06140,0.05260,-0.04350,0.11580,nan,nan,nan,nan,nan,nan
IC1683,4980.000,-0.06010,0.21570,0.03380,0.01390,0.14840,0.03480,0.08520,0.05260,-0.00130,0.11580,nan,nan,nan,nan,nan,nan
IC1683,5000.000,0.16510,0.21570,0.01440,0.00890,0.13210,0.03100,0.10340,0.05260,0.03760,0.11580,nan,nan,nan,nan,nan,nan
IC1683,5020.000,0.03200,0.21570,0.00020,0.00380,0.00420,0.02560,0.02730,0.05260,-0.07290,0.11580,nan,nan,nan,nan,nan,nan
IC1683,5040.000,-0.24230,0.21570,nan,nan,-0.00260,0.01800,0.02420,0.05260,0.07010,0.11580,nan,nan,nan,nan,nan,nan
IC1683,5060.000,-0.08670,0.21570,nan,nan,nan,nan,0.03790,0.05260,0.03330,0.11580,nan,nan,nan,nan,nan,nan
IC1683,5080.000,-0.07030,0.21570,nan,nan,nan,nan,0.01180,0.05260,0.03720,0.11580,nan,nan,nan,nan,nan,nan
IC1683,5100.000,-0.10530,0.21570,nan,nan,nan,nan,-0.00570,0.05260,-0.12810,0.11580,nan,nan,nan,nan,nan,nan
IC1683,5120.000,0.04090,0.21570,nan,nan,nan,nan,0.00990,0.05260,0.02870,0.11580,nan,nan,nan,nan,nan,nan
IC1683,5140.000,0.03440,0.21570,nan,nan,nan,nan,-0.01330,0.05260,-0.06120,0.11580,nan,nan,nan,nan,nan,nan
IC1683,5160.000,-0.14360,0.21570,nan,nan,nan,nan,0.02640,0.05260,0.07110,0.11580,nan,nan,nan,nan,nan,nan
IC1683,5180.000,-0.07590,0.21570,nan,nan,nan,nan,0.04350,0.05260,0.09370,0.11580,nan,nan,nan,nan,nan,nan
IC1683,5200.000,-0.05600,0.21570,nan,nan,nan,nan,-0.02390,0.05260,0.04450,0.11580,nan,nan,nan,nan,nan,nan
IC2247,3840.000,0.14870,0.19340,nan,nan,nan,nan,0.00520,0.06560,0.03830,0.09040,nan,nan,nan,nan,nan,nan
IC2247,3860.000,-0.16330,0.19340,nan,nan,nan,nan,-0.05350,0.06560,0.07300,0.09040,nan,nan,nan,nan,nan,nan
IC2247,3880.000,-0.09730,0.19340,nan,nan,nan,nan,0.08690,0.06560,-0.06620,0.09040,nan,nan,nan,nan,nan,nan
IC2247,3900.000,-0.19050,0.19340,nan,nan,nan,nan,-0.04780,0.06560,0.00040,0.09040,nan,nan,nan,nan,nan,nan
IC2247,3920.000,0.01310,0.19340,nan,nan,nan,nan,-0.11050,0.06560,0.09200,0.09040,nan,nan,nan,nan,nan,nan
IC2247,3940.000,0.14530,0.19340,nan,nan,nan,nan,0.09190,0.06560,-0.07100,0.09040,nan,nan,nan,nan,nan,nan
IC2247,3960.000,0.01980,0.19340,-0.00480,0.00600,nan,nan,0.02250,0.06560,0.08350,0.09040,nan,nan,nan,nan,nan,nan
IC2247,3980.000,-0.05080,0.19340,0.02210,0.00930,-0.00900,0.02590,0.01510,0.06560,-0.00400,0.09040,nan,nan,nan,nan,nan,nan
IC2247,4000.000,-0.00590,0.19330,0.03710,0.01570,-0.00550,0.03160,0.08370,0.06560,-0.00710,0.09040,nan,nan,nan,nan,nan,nan
IC2247,4020.000,0.10710,0.19330,0.08520,0.01980,0.13660,0.03830,0.08860,0.06560,0.05090,0.09040,nan,nan,nan,nan,nan,nan
IC2247,4040.000,0.17290,0.19330,0.19140,0.02310,0.19650,0.03940,0.16210,0.06560,0.00590,0.09040,nan,nan,nan,nan,nan,nan
IC2247,4060.000,0.13340,0.19330,0.25790,0.02420,0.29110,0.03990,0.25070,0.06560,-0.05600,0.09040,nan,nan,nan,nan,nan,nan
IC2247,4080.000,0.04650,0.19330,0.24160,0.02350,0.25380,0.03820,0.18860,0.06560,0.00050,0.09040,nan,nan,nan,nan,nan,nan
IC2247,4100.000,0.02970,0.19330,0.14810,0.02180,0.16990,0.03610,0.16270,0.06560,-0.00690,0.09040,nan,nan,nan,nan,nan,nan
IC2247,4120.000,-0.07950,0.19330,0.13220,0.01920,0.13880,0.03430,0.12480,0.06560,0.01830,0.09040,nan,nan,nan,nan,nan,nan
IC2247,4140.000,-0.18690,0.19330,0.15480,0.01830,0.17180,0.03310,0.14300,0.06560,0.05170,0.09040,nan,nan,nan,nan,nan,nan
IC2247,4160.000,0.12580,0.19330,0.14540,0.01750,0.22460,0.03490,0.16370,0.06560,-0.04650,0.09040,nan,nan,nan,nan,nan,nan
IC2247,4180.000,0.20760,0.19330,0.12410,0.01680,0.10520,0.03340,0.11830,0.06560,-0.09840,0.09040,nan,nan,nan,nan,nan,nan
IC2247,4200.000,0.07390,0.19330,0.15940,0.01940,0.20920,0.03350,0.26450,0.06560,0.05290,0.09040,nan,nan,nan,nan,nan,nan
IC2247,4220.000,0.18800,0.19330,0.16030,0.02030,0.17540,0.03110,0.19660,0.06560,0.03080,0.09040,nan,nan,nan,nan,nan,nan
IC2247,4240.000,-0.12550,0.19330,0.14600,0.01770,0.16960,0.03090,0.09070,0.06560,-0.01900,0.09040,nan,nan,nan,nan,nan,nan
IC2247,4260.000,0.00690,0.19330,0.10570,0.01600,0.12140,0.02790,0.11910,0.06560,-0.03700,0.09040,nan,nan,nan,nan,nan,nan
IC2247,4280.000,-0.00150,0.19330,0.11640,0.01800,0.11720,0.03080,0.05110,0.06560,-0.09110,0.09040,nan,nan,nan,nan,nan,nan
IC2247,4300.000,-0.04980,0.19330,0.13630,0.02040,0.13700,0.03330,0.14470,0.06560,-0.00370,0.09040,nan,nan,nan,nan,nan,nan
IC2247,4320.000,-0.02740,0.19330,0.16910,0.02200,0.18070,0.03930,0.21510,0.06560,0.05680,0.09040,nan,nan,nan,nan,nan,nan
IC2247,4340.000,-0.02070,0.19330,0.21390,0.02350,0.25670,0.04520,0.21790,0.06560,0.04030,0.09040,nan,nan,nan,nan,nan,nan
IC2247,4360.000,0.08610,0.19330,0.20290,0.02250,0.28150,0.04760,0.21350,0.06560,-0.04240,0.09040,nan,nan,nan,nan,nan,nan
IC2247,4380.000,0.23370,0.19330,0.21160,0.02340,0.28360,0.04630,0.23130,0.06560,0.07510,0.09040,nan,nan,nan,nan,nan,nan
IC2247,4400.000,0.10390,0.19330,0.14940,0.02220,0.20260,0.04380,0.15470,0.06560,0.04300,0.09040,nan,nan,nan,nan,nan,nan
IC2247,4420.000,0.11810,0.19330,0.07710,0.01880,0.14950,0.04030,0.03890,0.06560,0.00420,0.09040,nan,nan,nan,nan,nan,nan
IC2247,4440.000,0.05670,0.19330,0.02820,0.01340,0.07650,0.03540,0.06390,0.06560,-0.05680,0.09040,nan,nan,nan,nan,nan,nan
IC2247,4460.000,-0.10640,0.19330,0.00460,0.00730,0.02260,0.02850,0.00190,0.06560,0.01850,0.09040,nan,nan,nan,nan,nan,nan
IC2247,4480.000,-0.04940,0.19330,nan,nan,-0.01240,0.01480,-0.00420,0.06560,0.01170,0.09040,nan,nan,nan,nan,nan,nan
IC2247,4500.000,-0.05480,0.19330,nan,nan,nan,nan,0.03200,0.06560,0.05530,0.09040,nan,nan,nan,nan,nan,nan
IC2247,4520.000,0.01660,0.19330,nan,nan,nan,nan,-0.03260,0.06560,-0.01140,0.09040,nan,nan,nan,nan,nan,nan
IC2247,4540.000,0.03110,0.19330,nan,nan,nan,nan,-0.00290,0.06560,0.00350,0.09040,nan,nan,nan,nan,nan,nan
IC2247,4560.000,-0.16550,0.19330,nan,nan,nan,nan,-0.02280,0.06560,0.04490,0.09040,nan,nan,nan,nan,nan,nan
IC2247,4580.000,0.11340,0.19330,nan,nan,nan,nan,0.01540,0.06560,0.05050,0.09040,nan,nan,nan,nan,nan,nan
IC2247,4600.000,-0.11440,0.19330,nan,nan,nan,nan,0.03290,0.06560,-0.04800,0.09040,nan,nan,nan,nan,nan,nan
IC2247,4620.000,0.17610,0.19330,nan,nan,nan,nan,0.04710,0.06560,0.00640,0.09040,nan,nan,nan,nan,nan,nan
IC2247,4640.000,0.02110,0.19320,nan,nan,nan,nan,0.06270,0.06560,0.02180,0.09040,nan,nan,nan,nan,nan,nan
IC2247,4660.000,0.04110,0.19320,nan,nan,nan,nan,0.02260,0.06560,0.03420,0.09040,nan,nan,nan,nan,nan,nan
IC2247,4680.000,-0.00900,0.19320,nan,nan,nan,nan,-0.01040,0.06560,-0.05750,0.09040,nan,nan,nan,nan,nan,nan
IC2247,4700.000,-0.03990,0.19320,nan,nan,nan,nan,-0.01070,0.06560,-0.04240,0.09040,nan,nan,nan,nan,nan,nan
IC2487,3860.000,0.11640,0.23570,nan,nan,nan,nan,-0.00850,0.07410,0.04130,0.11900,nan,nan,nan,nan,nan,nan
IC2487,3880.000,-0.14610,0.23570,nan,nan,nan,nan,-0.04370,0.07410,0.07500,0.11900,nan,nan,nan,nan,nan,nan
IC2487,3900.000,0.04240,0.23570,nan,nan,nan,nan,-0.00330,0.07410,-0.02460,0.11900,nan,nan,nan,nan,nan,nan
IC2487,3920.000,0.27040,0.23570,nan,nan,nan,nan,0.01770,0.07410,-0.04820,0.11900,nan,nan,nan,nan,nan,nan
IC2487,3940.000,0.07990,0.23570,nan,nan,nan,nan,0.07180,0.07410,-0.04770,0.11900,nan,nan,nan,nan,nan,nan
IC2487,3960.000,-0.06130,0.23560,nan,nan,nan,nan,0.08400,0.07410,-0.08140,0.11900,nan,nan,nan,nan,nan,nan
IC2487,3980.000,0.13340,0.23560,nan,nan,nan,nan,0.06120,0.07410,0.08870,0.11900,nan,nan,nan,nan,nan,nan
IC2487,4000.000,0.07530,0.23560,nan,nan,nan,nan,-0.04390,0.07410,0.01800,0.11900,nan,nan,nan,nan,nan,nan
IC2487,4020.000,0.05860,0.23560,nan,nan,nan,nan,-0.05580,0.07410,-0.00960,0.11900,nan,nan,nan,nan,nan,nan
IC2487,4040.000,0.08710,0.23560,0.00560,0.00730,0.00270,0.00960,-0.00980,0.07410,-0.02210,0.11900,nan,nan,nan,nan,nan,nan
IC2487,4060.000,-0.01760,0.23560,0.02330,0.01040,0.00500,0.02370,0.03940,0.07410,0.03980,0.11900,nan,nan,nan,nan,nan,nan
IC2487,4080.000,-0.05340,0.23560,0.01750,0.01070,0.05910,0.03600,0.02640,0.07410,-0.00990,0.11900,nan,nan,nan,nan,nan,nan
IC2487,4100.000,0.14380,0.23560,0.02890,0.01320,0.09060,0.04480,0.07310,0.07410,-0.05900,0.11900,nan,nan,nan,nan,nan,nan
IC2487,4120.000,-0.02840,0.23560,0.05250,0.01900,0.17320,0.04710,0.13190,0.07410,-0.05930,0.11900,nan,nan,nan,nan,nan,nan
IC2487,4140.000,0.13790,0.23560,0.13120,0.02310,0.28900,0.04810,0.24780,0.07410,-0.06070,0.11900,nan,nan,nan,nan,nan,nan
IC2487,4160.000,0.21270,0.23560,0.13110,0.02390,0.17160,0.04620,0.14240,0.07410,-0.03190,0.11900,nan,nan,nan,nan,nan,nan
IC2487,4180.000,-0.06870,0.23560,0.13820,0.02420,0.17210,0.04330,0.07190,0.07410,-0.00010,0.11900,nan,nan,nan,nan,nan,nan
IC2487,4200.000,0.13560,0.23560,0.11680,0.02350,0.13550,0.03820,0.05870,0.07410,-0.04820,0.11900,nan,nan,nan,nan,nan,nan
IC2487,4220.000,-0.01640,0.23560,0.10670,0.02300,0.10190,0.03750,0.04350,0.07410,0.06050,0.11900,nan,nan,nan,nan,nan,nan
IC2487,4240.000,0.24250,0.23560,0.11760,0.02280,0.11580,0.03440,0.05720,0.07410,-0.00670,0.11900,nan,nan,nan,nan,nan,nan
IC2487,4260.000,0.07870,0.23560,0.09950,0.02110,0.10830,0.03230,0.13110,0.07410,0.04620,0.11900,nan,nan,nan,nan,nan,nan
