edge_pydb/dat_spec/edge_cospec_e20.csv
# %ECSV 0.9
# ---
# datatype:
# - {name: Name, datatype: string, description: Galaxy Name}
# - {name: coVlsr_e20, unit: km / s, datatype: float64, format: .3f, description: 'Velocity, VRAD, LSRK'}
# - {name: coNomaskSpec_e20, unit: Jy, datatype: float32, format: .5f, description: Unmasked spectrum}
# - {name: coNomaskUnc_e20, unit: Jy, datatype: float32, format: .5f, description: Error in Unmasked spectrum}
# - {name: coDilatedSpec_e20, unit: Jy, datatype: float32, format: .5f, description: Dilated mask spectrum}
# - {name: coDilatedUnc_e20, unit: Jy, datatype: float32, format: .5f, description: Error in Dilated mask spectrum}
# - {name: coSmoothSpec_e20, unit: Jy, datatype: float32, format: .5f, description: Smoothed mask spectrum}
# - {name: coSmoothUnc_e20, unit: Jy, datatype: float32, format: .5f, description: Error in Smoothed mask spectrum}
# - {name: coMask2dSpec_e20, unit: Jy, datatype: float32, format: .5f, description: 2D mask spectrum}
# - {name: coMask2dUnc_e20, unit: Jy, datatype: float32, format: .5f, description: Error in 2D mask spectrum}
# - {name: cottNomaskSpec_e20, unit: Jy, datatype: float32, format: .5f, description: Unmasked spectrum}
# - {name: cottNomaskUnc_e20, unit: Jy, datatype: float32, format: .5f, description: Error in Unmasked spectrum}
# - {name: cottDilatedSpec_e20, unit: Jy, datatype: float32, format: .5f, description: Dilated mask spectrum}
# - {name: cottDilatedUnc_e20, unit: Jy, datatype: float32, format: .5f, description: Error in Dilated mask spectrum}
# - {name: cottSmoothSpec_e20, unit: Jy, datatype: float32, format: .5f, description: Smoothed mask spectrum}
# - {name: cottSmoothUnc_e20, unit: Jy, datatype: float32, format: .5f, description: Error in Smoothed mask spectrum}
# - {name: cottMask2dSpec_e20, unit: Jy, datatype: float32, format: .5f, description: 2D mask spectrum}
# - {name: cottMask2dUnc_e20, unit: Jy, datatype: float32, format: .5f, description: Error in 2D mask spectrum}
# delimiter: ','
# meta: !!omap
# - {date: '2020-06-09'}
# - {comments: Integrated CO spectra from e20 cubes}
# schema: astropy-2.0
Name,coVlsr_e20,coNomaskSpec_e20,coNomaskUnc_e20,coDilatedSpec_e20,coDilatedUnc_e20,coSmoothSpec_e20,coSmoothUnc_e20,coMask2dSpec_e20,coMask2dUnc_e20,cottNomaskSpec_e20,cottNomaskUnc_e20,cottDilatedSpec_e20,cottDilatedUnc_e20,cottSmoothSpec_e20,cottSmoothUnc_e20,cottMask2dSpec_e20,cottMask2dUnc_e20
[from data line 2540]
NGC4644,5220.000,-0.13390,0.18260,nan,nan,nan,nan,0.00790,0.07090,-0.07380,0.10670,nan,nan,nan,nan,nan,nan
NGC4644,5240.000,0.03990,0.18260,nan,nan,nan,nan,-0.02990,0.07090,-0.00980,0.10670,nan,nan,nan,nan,nan,nan
NGC4644,5260.000,0.05870,0.18260,nan,nan,nan,nan,-0.00140,0.07090,0.11750,0.10670,nan,nan,nan,nan,nan,nan
NGC4644,5280.000,0.11260,0.18260,nan,nan,nan,nan,0.00470,0.07090,0.00580,0.10670,nan,nan,nan,nan,nan,nan
NGC4676A,6080.000,,,,,,,,,-0.07430,0.21320,nan,nan,nan,nan,nan,nan
NGC4676A,6100.000,,,,,,,,,-0.16860,0.21320,nan,nan,nan,nan,nan,nan
NGC4676A,6120.000,,,,,,,,,-0.11010,0.21320,nan,nan,nan,nan,nan,nan
NGC4676A,6140.000,,,,,,,,,0.11730,0.21320,nan,nan,nan,nan,nan,nan
NGC4676A,6160.000,,,,,,,,,0.00760,0.21320,nan,nan,nan,nan,nan,nan
NGC4676A,6180.000,,,,,,,,,-0.17650,0.21320,nan,nan,nan,nan,nan,nan
NGC4676A,6200.000,,,,,,,,,0.00920,0.21320,nan,nan,nan,nan,nan,nan
NGC4676A,6210.000,0.34000,0.42350,nan,nan,nan,nan,0.00300,0.20460,,,,,,,,
NGC4676A,6220.000,,,,,,,,,0.21070,0.21320,nan,nan,nan,nan,nan,nan
NGC4676A,6230.000,0.47440,0.42350,nan,nan,0.02420,0.03930,-0.11000,0.20460,,,,,,,,
NGC4676A,6240.000,,,,,,,,,0.05670,0.21320,nan,nan,nan,nan,nan,nan
NGC4676A,6250.000,-0.01680,0.42350,0.01640,0.03060,0.01430,0.05530,0.27480,0.20460,,,,,,,,
NGC4676A,6260.000,,,,,,,,,-0.13710,0.21320,nan,nan,nan,nan,nan,nan
NGC4676A,6270.000,0.72050,0.42350,0.12120,0.04110,0.13710,0.06120,0.19180,0.20460,,,,,,,,
NGC4676A,6280.000,,,,,,,,,0.09310,0.21320,nan,nan,nan,nan,nan,nan
NGC4676A,6290.000,-0.09940,0.42340,0.05860,0.04460,0.10710,0.06190,-0.04510,0.20460,,,,,,,,
NGC4676A,6300.000,,,,,,,,,0.27210,0.21320,nan,nan,nan,nan,nan,nan
NGC4676A,6310.000,0.32330,0.42340,0.15040,0.04260,0.16880,0.06070,-0.00420,0.20460,,,,,,,,
NGC4676A,6320.000,,,,,,,,,-0.05730,0.21320,nan,nan,nan,nan,nan,nan
NGC4676A,6330.000,-0.37190,0.42340,0.04870,0.03700,0.03030,0.05880,-0.20590,0.20460,,,,,,,,
NGC4676A,6340.000,,,,,,,,,-0.11090,0.21320,nan,nan,nan,nan,nan,nan
NGC4676A,6350.000,-0.23910,0.42340,0.10660,0.03560,0.19120,0.09720,0.07850,0.20460,,,,,,,,
NGC4676A,6360.000,,,,,,,,,-0.15300,0.21320,nan,nan,nan,nan,nan,nan
NGC4676A,6370.000,0.41690,0.42340,0.11290,0.04040,0.14230,0.10520,0.09630,0.20460,,,,,,,,
NGC4676A,6380.000,,,,,,,,,-0.23600,0.21320,nan,nan,nan,nan,nan,nan
NGC4676A,6390.000,0.19640,0.42340,0.15340,0.04230,0.49150,0.12180,0.32900,0.20460,,,,,,,,
NGC4676A,6400.000,,,,,,,,,0.07430,0.21320,nan,nan,nan,nan,nan,nan
NGC4676A,6410.000,-0.06140,0.42340,0.08280,0.04020,0.18070,0.12780,0.03640,0.20460,,,,,,,,
NGC4676A,6420.000,,,,,,,,,0.20740,0.21320,nan,nan,nan,nan,nan,nan
NGC4676A,6430.000,0.08670,0.42330,0.07150,0.03490,0.26180,0.13140,0.27230,0.20460,,,,,,,,
NGC4676A,6440.000,,,,,,,,,0.01800,0.21320,nan,nan,nan,nan,nan,nan
NGC4676A,6450.000,-0.15380,0.42330,0.10540,0.03570,0.42890,0.12450,0.30090,0.20450,,,,,,,,
NGC4676A,6460.000,,,,,,,,,-0.10880,0.21320,nan,nan,nan,nan,nan,nan
NGC4676A,6470.000,0.11520,0.42330,0.06450,0.03550,0.36170,0.12590,0.29620,0.20450,,,,,,,,
NGC4676A,6480.000,,,,,,,,,-0.15730,0.21320,nan,nan,nan,nan,nan,nan
NGC4676A,6490.000,0.05610,0.42330,0.13820,0.04090,0.23860,0.11970,-0.05790,0.20450,,,,,,,,
NGC4676A,6500.000,,,,,,,,,-0.11660,0.21320,nan,nan,nan,nan,nan,nan
NGC4676A,6510.000,-0.13610,0.42330,0.11010,0.04410,0.10050,0.09900,0.15490,0.20450,,,,,,,,
NGC4676A,6520.000,,,,,,,,,-0.17550,0.21310,nan,nan,nan,nan,nan,nan
NGC4676A,6530.000,0.14300,0.42330,0.15240,0.04450,0.12570,0.08620,0.07020,0.20450,,,,,,,,
NGC4676A,6540.000,,,,,,,,,-0.22960,0.21310,nan,nan,nan,nan,nan,nan
NGC4676A,6550.000,0.03700,0.42330,0.12010,0.04250,0.12710,0.14000,0.01440,0.20450,,,,,,,,
NGC4676A,6560.000,,,,,,,,,0.00340,0.21310,nan,nan,nan,nan,nan,nan
NGC4676A,6570.000,-0.07930,0.42330,0.03940,0.07380,0.02240,0.15030,0.11790,0.20450,,,,,,,,
NGC4676A,6580.000,,,,,,,,,0.16920,0.21310,nan,nan,nan,nan,nan,nan
NGC4676A,6590.000,-0.26740,0.42330,0.59360,0.08720,0.95710,0.15990,0.88070,0.20450,,,,,,,,
NGC4676A,6600.000,,,,,,,,,-0.17790,0.21310,nan,nan,nan,nan,nan,nan
NGC4676A,6610.000,-0.26490,0.42330,0.26870,0.08630,0.23030,0.15360,0.21130,0.20450,,,,,,,,
NGC4676A,6620.000,,,,,,,,,-0.04720,0.21310,nan,nan,nan,nan,nan,nan
NGC4676A,6630.000,0.07140,0.42330,0.21100,0.06060,0.07090,0.14210,0.00670,0.20450,,,,,,,,
NGC4676A,6640.000,,,,,,,,,0.08610,0.21310,nan,nan,nan,nan,nan,nan
NGC4676A,6650.000,0.32250,0.42330,0.15260,0.04530,0.13700,0.09520,0.17270,0.20450,,,,,,,,
NGC4676A,6660.000,,,,,,,,,0.02190,0.21310,nan,nan,nan,nan,nan,nan
NGC4676A,6670.000,0.40360,0.42330,0.15430,0.04010,0.16210,0.07640,0.18360,0.20450,,,,,,,,
NGC4676A,6680.000,,,,,,,,,-0.37280,0.21310,nan,nan,nan,nan,nan,nan
NGC4676A,6690.000,-0.00950,0.42330,0.15720,0.04540,0.24000,0.07630,0.15860,0.20450,,,,,,,,
NGC4676A,6700.000,,,,,,,,,-0.12660,0.21310,nan,nan,nan,nan,nan,nan
NGC4676A,6710.000,0.18020,0.42330,0.13020,0.04620,0.14170,0.07510,-0.04800,0.20450,,,,,,,,
NGC4676A,6720.000,,,,,,,,,-0.08640,0.21310,nan,nan,nan,nan,nan,nan
NGC4676A,6730.000,0.12630,0.42330,0.02940,0.03980,0.05500,0.06940,0.14090,0.20450,,,,,,,,
NGC4676A,6740.000,,,,,,,,,-0.16690,0.21310,nan,nan,nan,nan,nan,nan
NGC4676A,6750.000,nan,0.42330,0.06080,0.03530,0.10430,0.06280,-0.06260,0.20450,,,,,,,,
NGC4676A,6760.000,,,,,,,,,-0.12790,0.21310,nan,nan,nan,nan,nan,nan
NGC4676A,6770.000,0.21510,0.42330,0.08060,0.03550,0.13670,0.05810,0.33800,0.20450,,,,,,,,
NGC4676A,6780.000,,,,,,,,,-0.07530,0.21300,nan,nan,nan,nan,nan,nan
NGC4676A,6790.000,0.16820,0.42320,0.06370,0.03260,0.12530,0.05660,0.25150,0.20450,,,,,,,,
NGC4676A,6800.000,,,,,,,,,0.01130,0.21300,nan,nan,nan,nan,nan,nan
NGC4676A,6810.000,-0.28370,0.42320,0.00670,0.02120,0.02870,0.05120,0.14830,0.20450,,,,,,,,
NGC4676A,6820.000,,,,,,,,,-0.10110,0.21300,nan,nan,nan,nan,nan,nan
NGC4676A,6830.000,0.30530,0.42320,nan,nan,0.01330,0.03820,-0.01070,0.20450,,,,,,,,
NGC4676A,6840.000,,,,,,,,,0.07450,0.21300,nan,nan,nan,nan,nan,nan
NGC4676A,6850.000,0.02110,0.42320,nan,nan,nan,nan,-0.06810,0.20450,,,,,,,,
NGC4676A,6860.000,,,,,,,,,0.01640,0.21300,nan,nan,nan,nan,nan,nan
NGC4676A,6870.000,0.06230,0.42320,nan,nan,nan,nan,0.07250,0.20450,,,,,,,,
NGC4676A,6880.000,,,,,,,,,0.15790,0.21300,nan,nan,nan,nan,nan,nan
NGC4676A,6890.000,0.11630,0.42320,nan,nan,nan,nan,0.04130,0.20450,,,,,,,,
NGC4676A,6900.000,,,,,,,,,0.05510,0.21300,nan,nan,nan,nan,nan,nan
NGC4676A,6910.000,-0.49800,0.42320,nan,nan,nan,nan,-0.27100,0.20450,,,,,,,,
NGC4676A,6920.000,,,,,,,,,-0.07330,0.21300,nan,nan,nan,nan,nan,nan
NGC4676A,6930.000,-0.13990,0.42320,nan,nan,nan,nan,-0.03400,0.20450,,,,,,,,
NGC4676A,6940.000,,,,,,,,,-0.05980,0.21300,nan,nan,nan,nan,nan,nan
NGC4676A,6950.000,0.10590,0.42320,nan,nan,nan,nan,-0.11030,0.20450,,,,,,,,
NGC4676A,6970.000,-0.20710,0.42320,nan,nan,nan,nan,0.05200,0.20450,,,,,,,,
NGC4676A,6990.000,-0.13720,0.42310,nan,nan,nan,nan,-0.02210,0.20450,,,,,,,,
NGC4676A,7010.000,-0.57990,0.42310,nan,nan,nan,nan,-0.24380,0.20450,,,,,,,,
NGC4676A,7030.000,0.03850,0.42310,nan,nan,nan,nan,-0.18070,0.20450,,,,,,,,
NGC4676A,7050.000,0.18710,0.42310,nan,nan,nan,nan,0.08980,0.20450,,,,,,,,
NGC4676A,7070.000,-0.52050,0.42310,nan,nan,nan,nan,-0.01080,0.20450,,,,,,,,
NGC4676B,5960.000,-0.11190,0.33360,nan,nan,nan,nan,0.07360,0.10420,0.13910,0.20950,nan,nan,nan,nan,nan,nan
NGC4676B,5980.000,-0.40050,0.33360,nan,nan,nan,nan,0.15070,0.10420,0.12280,0.20950,nan,nan,nan,nan,nan,nan
NGC4676B,6000.000,-0.08170,0.33360,nan,nan,nan,nan,0.02680,0.10420,-0.02600,0.20950,nan,nan,nan,nan,nan,nan
NGC4676B,6020.000,0.10540,0.33360,nan,nan,nan,nan,0.11670,0.10420,0.29070,0.20950,nan,nan,nan,nan,nan,nan
NGC4676B,6040.000,-0.15960,0.33360,nan,nan,nan,nan,0.00340,0.10420,-0.03710,0.20950,nan,nan,nan,nan,nan,nan
NGC4676B,6060.000,-0.04710,0.33360,nan,nan,nan,nan,0.02020,0.10420,0.16110,0.20950,nan,nan,nan,nan,nan,nan
NGC4676B,6080.000,-0.00460,0.33360,nan,nan,nan,nan,0.06200,0.10420,0.15650,0.20950,nan,nan,nan,nan,nan,nan
NGC4676B,6100.000,0.04650,0.33360,nan,nan,nan,nan,-0.09380,0.10420,0.34610,0.20950,nan,nan,nan,nan,nan,nan
NGC4676B,6120.000,-0.10440,0.33360,nan,nan,nan,nan,-0.01290,0.10420,-0.06810,0.20950,nan,nan,nan,nan,nan,nan
NGC4676B,6140.000,0.06790,0.33350,nan,nan,nan,nan,-0.16590,0.10420,-0.19590,0.20950,nan,nan,nan,nan,nan,nan
NGC4676B,6160.000,-0.18580,0.33350,nan,nan,nan,nan,-0.01290,0.10420,-0.09290,0.20950,nan,nan,nan,nan,nan,nan
NGC4676B,6180.000,-0.01070,0.33350,nan,nan,nan,nan,0.07330,0.10420,0.04960,0.20950,nan,nan,nan,nan,nan,nan
NGC4676B,6200.000,0.01710,0.33340,nan,nan,nan,nan,0.10910,0.10420,-0.00600,0.20950,nan,nan,nan,nan,nan,nan
NGC4676B,6220.000,0.01810,0.33340,0.01260,0.01730,nan,nan,0.00830,0.10420,0.25120,0.20950,nan,nan,nan,nan,nan,nan
NGC4676B,6240.000,-0.02770,0.33340,0.04950,0.02800,nan,nan,-0.02790,0.10420,0.18450,0.20950,nan,nan,nan,nan,nan,nan
NGC4676B,6260.000,0.06460,0.33330,0.09100,0.03070,nan,nan,0.08360,0.10420,0.09540,0.20950,nan,nan,nan,nan,nan,nan
NGC4676B,6280.000,-0.13350,0.33330,0.05400,0.03080,nan,nan,0.11480,0.10420,-0.00880,0.20950,nan,nan,nan,nan,nan,nan
NGC4676B,6300.000,-0.01820,0.33330,0.08540,0.03310,nan,nan,0.22740,0.10420,-0.28100,0.20950,nan,nan,nan,nan,nan,nan
NGC4676B,6320.000,0.30750,0.33330,0.13510,0.03550,0.11640,0.03350,0.14720,0.10420,0.04740,0.20950,nan,nan,nan,nan,nan,nan
NGC4676B,6340.000,-0.06390,0.33330,0.07360,0.03270,0.06920,0.04120,0.00080,0.10420,0.14490,0.20950,nan,nan,nan,nan,nan,nan
NGC4676B,6360.000,-0.27890,0.33330,0.12770,0.03370,0.14480,0.05090,0.00680,0.10420,-0.02330,0.20950,nan,nan,nan,nan,nan,nan
NGC4676B,6380.000,-0.09240,0.33330,0.10660,0.03670,0.15060,0.06220,0.09630,0.10420,0.11270,0.20950,nan,nan,nan,nan,nan,nan
NGC4676B,6400.000,0.07230,0.33330,0.14780,0.04070,0.18250,0.06640,0.08690,0.10420,-0.08030,0.20950,nan,nan,nan,nan,nan,nan
NGC4676B,6420.000,0.04030,0.33330,0.09860,0.03700,0.22720,0.06940,0.16650,0.10420,0.03210,0.20950,nan,nan,nan,nan,nan,nan
NGC4676B,6440.000,0.02490,0.33330,0.11640,0.03510,0.17910,0.07610,0.10810,0.10420,0.05760,0.20950,nan,nan,nan,nan,nan,nan
NGC4676B,6460.000,-0.38030,0.33320,0.10840,0.04360,0.11750,0.07630,0.07990,0.10420,0.03720,0.20950,nan,nan,nan,nan,nan,nan
NGC4676B,6480.000,-0.36780,0.33310,0.22640,0.04880,0.30270,0.07660,0.28650,0.10420,0.00270,0.20950,nan,nan,nan,nan,nan,nan
NGC4676B,6500.000,0.03920,0.33310,0.17650,0.04880,0.20030,0.08350,0.18380,0.10420,0.02000,0.20950,nan,nan,nan,nan,nan,nan
NGC4676B,6520.000,0.07710,0.33310,0.14130,0.05070,0.13890,0.08860,0.09120,0.10420,0.16440,0.20950,nan,nan,nan,nan,nan,nan
NGC4676B,6540.000,-0.05780,0.33310,0.20710,0.05320,0.28630,0.09410,0.24410,0.10420,0.03910,0.20950,nan,nan,nan,nan,nan,nan
NGC4676B,6560.000,0.06290,0.33310,0.23130,0.05160,0.27720,0.09450,0.24850,0.10420,0.12320,0.20950,nan,nan,nan,nan,nan,nan
NGC4676B,6580.000,-0.28820,0.33310,0.14640,0.04350,0.26850,0.09140,0.26140,0.10420,0.06700,0.20950,nan,nan,nan,nan,nan,nan
NGC4676B,6600.000,-0.25410,0.33310,0.15890,0.04180,0.15620,0.07670,0.04230,0.10420,0.11180,0.20950,nan,nan,nan,nan,nan,nan
NGC4676B,6620.000,0.13990,0.33310,0.18840,0.04210,0.15040,0.08050,0.09860,0.10420,0.04200,0.20950,nan,nan,nan,nan,nan,nan
NGC4676B,6640.000,0.37390,0.33310,0.14230,0.04900,0.17760,0.08350,0.15540,0.10420,-0.15170,0.20950,nan,nan,nan,nan,nan,nan
NGC4676B,6660.000,0.40440,0.33310,0.21910,0.05240,0.25550,0.08560,0.26970,0.10420,-0.20270,0.20950,nan,nan,nan,nan,nan,nan
NGC4676B,6680.000,-0.05690,0.33310,0.13820,0.04920,0.12240,0.08130,0.12510,0.10420,-0.06740,0.20950,nan,nan,nan,nan,nan,nan
NGC4676B,6700.000,0.12330,0.33310,0.16590,0.04250,0.19990,0.07790,0.20170,0.10420,-0.17760,0.20950,nan,nan,nan,nan,nan,nan
NGC4676B,6720.000,0.06950,0.33310,0.07190,0.04110,0.11100,0.07330,0.09260,0.10420,0.02700,0.20950,nan,nan,nan,nan,nan,nan
NGC4676B,6740.000,0.18330,0.33310,0.14180,0.04230,0.20610,0.07540,0.12960,0.10420,-0.06480,0.20950,nan,nan,nan,nan,nan,nan
NGC4676B,6760.000,-0.23190,0.33310,0.06460,0.03730,0.11920,0.06600,0.06170,0.10420,0.01940,0.20940,nan,nan,nan,nan,nan,nan
NGC4676B,6780.000,,,,,,,,,-0.10880,0.20940,nan,nan,nan,nan,nan,nan
NGC4676B,6800.000,,,,,,,,,-0.06320,0.20940,nan,nan,nan,nan,nan,nan
NGC4676B,6820.000,,,,,,,,,-0.11330,0.20940,nan,nan,nan,nan,nan,nan
NGC4711,3600.000,,,,,,,,,0.01820,0.19140,nan,nan,nan,nan,-0.00350,0.04290
NGC4711,3620.000,,,,,,,,,-0.00700,0.19140,nan,nan,nan,nan,0.04000,0.04290
NGC4711,3640.000,,,,,,,,,-0.15100,0.19140,nan,nan,nan,nan,-0.03530,0.04290
NGC4711,3660.000,,,,,,,,,0.11730,0.19140,nan,nan,nan,nan,0.05220,0.04290
NGC4711,3680.000,,,,,,,,,-0.00890,0.19140,nan,nan,nan,nan,0.01180,0.04290
NGC4711,3700.000,,,,,,,,,-0.02310,0.19140,nan,nan,nan,nan,0.02500,0.04290
NGC4711,3720.000,,,,,,,,,0.00900,0.19140,nan,nan,nan,nan,0.01900,0.04290
NGC4711,3740.000,-0.19950,0.35190,nan,nan,nan,nan,0.10390,0.12760,-0.06820,0.19130,nan,nan,-0.03610,0.02710,-0.02090,0.04290
NGC4711,3760.000,-0.01090,0.35190,nan,nan,nan,nan,0.12650,0.12760,-0.33880,0.19130,nan,nan,-0.00740,0.03420,-0.00730,0.04290
NGC4711,3780.000,0.03460,0.35190,nan,nan,nan,nan,-0.03350,0.12760,-0.13590,0.19130,nan,nan,0.09520,0.04060,0.09570,0.04290
NGC4711,3800.000,0.17270,0.35190,nan,nan,nan,nan,-0.11240,0.12760,0.05430,0.19130,nan,nan,0.09360,0.04080,0.09240,0.04290
NGC4711,3820.000,-0.04180,0.35190,nan,nan,nan,nan,0.12200,0.12760,-0.06770,0.19130,nan,nan,0.06660,0.03960,0.05780,0.04290
NGC4711,3840.000,0.00580,0.35190,nan,nan,-0.04380,0.04670,-0.05560,0.12760,0.27510,0.19130,nan,nan,-0.00490,0.03350,-0.02400,0.04290
NGC4711,3860.000,-0.39550,0.35190,-0.01460,0.01560,0.00750,0.06440,0.07910,0.12760,0.13270,0.19130,nan,nan,-0.00870,0.01810,-0.04750,0.04290
NGC4711,3880.000,-0.26750,0.35190,0.06600,0.03460,0.17510,0.07260,0.07700,0.12760,0.03710,0.19130,nan,nan,nan,nan,-0.00530,0.04290
NGC4711,3900.000,-0.00800,0.35190,0.18570,0.04560,0.17700,0.07450,0.14360,0.12760,-0.05000,0.19130,nan,nan,nan,nan,0.02860,0.04290
NGC4711,3920.000,0.03120,0.35190,0.19050,0.04610,0.16090,0.08090,0.16950,0.12760,-0.00180,0.19130,nan,nan,nan,nan,-0.00270,0.04290
NGC4711,3940.000,0.07920,0.35190,0.12120,0.04230,0.13440,0.08050,0.05510,0.12760,0.19190,0.19120,nan,nan,nan,nan,0.00850,0.04290
NGC4711,3960.000,0.22930,0.35190,0.17240,0.03780,0.25150,0.07490,0.23590,0.12760,-0.01320,0.19120,nan,nan,nan,nan,-0.05170,0.04290
NGC4711,3980.000,0.04840,0.35190,0.08080,0.03230,0.19140,0.07840,0.07550,0.12760,-0.03120,0.19120,nan,nan,nan,nan,-0.01210,0.04290
NGC4711,4000.000,0.17640,0.35180,0.00710,0.03650,0.06900,0.07530,0.10060,0.12760,0.03930,0.19120,nan,nan,nan,nan,0.00060,0.04290
NGC4711,4020.000,0.25150,0.35180,0.15830,0.03930,0.17160,0.06910,0.15090,0.12760,-0.05560,0.19120,nan,nan,nan,nan,-0.05150,0.04290
NGC4711,4040.000,-0.39940,0.35180,0.05780,0.03940,0.08680,0.06220,0.19080,0.12760,-0.16020,0.19120,nan,nan,nan,nan,-0.01530,0.04290
NGC4711,4060.000,-0.16140,0.35180,0.09220,0.03690,0.16850,0.06100,-0.05520,0.12760,-0.05270,0.19120,nan,nan,nan,nan,0.05700,0.04290
NGC4711,4080.000,-0.02480,0.35180,0.09760,0.03720,0.13850,0.06860,0.03930,0.12760,-0.20890,0.19120,nan,nan,nan,nan,0.04210,0.04290
NGC4711,4100.000,0.00310,0.35180,0.17770,0.04510,0.13820,0.07650,0.02050,0.12760,-0.20470,0.19120,nan,nan,nan,nan,0.02010,0.04290
NGC4711,4120.000,0.15940,0.35180,0.24840,0.05070,0.25020,0.08190,0.15400,0.12760,-0.05900,0.19120,nan,nan,nan,nan,0.01680,0.04290
NGC4711,4140.000,0.07860,0.35180,0.23250,0.05190,0.28330,0.08280,0.13750,0.12760,-0.18460,0.19120,nan,nan,nan,nan,0.00750,0.04290
NGC4711,4160.000,0.27210,0.35180,0.15020,0.04320,0.18900,0.08170,0.05640,0.12760,-0.13990,0.19110,nan,nan,nan,nan,0.02160,0.04290
NGC4711,4180.000,-0.09740,0.35180,0.01330,0.02830,0.05570,0.07100,0.01200,0.12750,-0.07360,0.19110,nan,nan,nan,nan,-0.01560,0.04290
NGC4711,4200.000,-0.21450,0.35180,nan,nan,0.08110,0.05280,0.00750,0.12750,-0.08490,0.19110,nan,nan,nan,nan,-0.03340,0.04290
NGC4711,4220.000,-0.38380,0.35180,nan,nan,nan,nan,0.03120,0.12750,-0.02850,0.19110,nan,nan,nan,nan,0.02500,0.04290
