edge_pydb/dat_spec/edge_cospec_smo7.csv
# %ECSV 0.9
# ---
# datatype:
# - {name: Name, datatype: string, description: Galaxy Name}
# - {name: coVlsr_smo7, unit: km / s, datatype: float64, format: .3f, description: 'Velocity, VRAD, LSRK'}
# - {name: coNomaskSpec_smo7, unit: Jy, datatype: float32, format: .5f, description: Unmasked spectrum}
# - {name: coNomaskUnc_smo7, unit: Jy, datatype: float32, format: .5f, description: Error in Unmasked spectrum}
# - {name: coDilatedSpec_smo7, unit: Jy, datatype: float32, format: .5f, description: Dilated mask spectrum}
# - {name: coDilatedUnc_smo7, unit: Jy, datatype: float32, format: .5f, description: Error in Dilated mask spectrum}
# - {name: coSmoothSpec_smo7, unit: Jy, datatype: float32, format: .5f, description: Smoothed mask spectrum}
# - {name: coSmoothUnc_smo7, unit: Jy, datatype: float32, format: .5f, description: Error in Smoothed mask spectrum}
# - {name: coMask2dSpec_smo7, unit: Jy, datatype: float32, format: .5f, description: 2D mask spectrum}
# - {name: coMask2dUnc_smo7, unit: Jy, datatype: float32, format: .5f, description: Error in 2D mask spectrum}
# - {name: cottNomaskSpec_smo7, unit: Jy, datatype: float32, format: .5f, description: Unmasked spectrum}
# - {name: cottNomaskUnc_smo7, unit: Jy, datatype: float32, format: .5f, description: Error in Unmasked spectrum}
# - {name: cottDilatedSpec_smo7, unit: Jy, datatype: float32, format: .5f, description: Dilated mask spectrum}
# - {name: cottDilatedUnc_smo7, unit: Jy, datatype: float32, format: .5f, description: Error in Dilated mask spectrum}
# - {name: cottSmoothSpec_smo7, unit: Jy, datatype: float32, format: .5f, description: Smoothed mask spectrum}
# - {name: cottSmoothUnc_smo7, unit: Jy, datatype: float32, format: .5f, description: Error in Smoothed mask spectrum}
# - {name: cottMask2dSpec_smo7, unit: Jy, datatype: float32, format: .5f, description: 2D mask spectrum}
# - {name: cottMask2dUnc_smo7, unit: Jy, datatype: float32, format: .5f, description: Error in 2D mask spectrum}
# - {name: cottMk12_diSpec_smo7, unit: Jy, datatype: float32, format: .5f, description: 12CO-based Dilated mask spectrum}
# - {name: cottMk12_diUnc_smo7, unit: Jy, datatype: float32, format: .5f, description: Error in 12CO-based Dilated mask spectrum}
# - {name: cottMk12_smSpec_smo7, unit: Jy, datatype: float32, format: .5f, description: 12CO-based Smoothed mask spectrum}
# - {name: cottMk12_smUnc_smo7, unit: Jy, datatype: float32, format: .5f, description: Error in 12CO-based Smoothed mask spectrum}
# delimiter: ','
# meta: !!omap
# - {date: '2020-06-28'}
# - {comments: Integrated CO spectra from smo7 cubes}
# schema: astropy-2.0
Name,coVlsr_smo7,coNomaskSpec_smo7,coNomaskUnc_smo7,coDilatedSpec_smo7,coDilatedUnc_smo7,coSmoothSpec_smo7,coSmoothUnc_smo7,coMask2dSpec_smo7,coMask2dUnc_smo7,cottNomaskSpec_smo7,cottNomaskUnc_smo7,cottDilatedSpec_smo7,cottDilatedUnc_smo7,cottSmoothSpec_smo7,cottSmoothUnc_smo7,cottMask2dSpec_smo7,cottMask2dUnc_smo7,cottMk12_diSpec_smo7,cottMk12_diUnc_smo7,cottMk12_smSpec_smo7,cottMk12_smUnc_smo7
[from data line 3028]
NGC5947,5980.000,0.22000,0.19330,nan,nan,0.01910,0.02650,-0.06040,0.05350,-0.05870,0.12070,nan,nan,nan,nan,nan,nan,nan,nan,0.00800,0.01610
NGC5947,6000.000,0.11220,0.19330,nan,nan,nan,nan,-0.02270,0.05350,-0.03930,0.12070,nan,nan,nan,nan,nan,nan,nan,nan,nan,nan
NGC5947,6020.000,0.04200,0.19330,nan,nan,nan,nan,-0.00540,0.05350,0.11260,0.12070,nan,nan,nan,nan,nan,nan,nan,nan,nan,nan
NGC5947,6040.000,-0.04570,0.19330,nan,nan,nan,nan,0.01290,0.05350,-0.04770,0.12070,nan,nan,nan,nan,nan,nan,nan,nan,nan,nan
NGC5947,6060.000,-0.01950,0.19330,nan,nan,nan,nan,0.03830,0.05350,-0.00850,0.12070,nan,nan,nan,nan,nan,nan,nan,nan,nan,nan
NGC5947,6080.000,-0.07700,0.19330,nan,nan,nan,nan,-0.03620,0.05350,0.10580,0.12070,nan,nan,nan,nan,nan,nan,nan,nan,nan,nan
NGC5947,6100.000,-0.10620,0.19330,nan,nan,nan,nan,0.02310,0.05350,0.01500,0.12070,nan,nan,nan,nan,nan,nan,nan,nan,nan,nan
NGC5947,6120.000,0.00200,0.19330,nan,nan,nan,nan,0.01030,0.05350,0.14720,0.12070,nan,nan,nan,nan,nan,nan,nan,nan,nan,nan
NGC5947,6140.000,-0.01420,0.19330,nan,nan,nan,nan,0.00520,0.05350,0.12530,0.12070,nan,nan,nan,nan,nan,nan,nan,nan,nan,nan
NGC5947,6160.000,-0.23340,0.19330,nan,nan,nan,nan,0.03980,0.05350,0.00640,0.12070,nan,nan,nan,nan,nan,nan,nan,nan,nan,nan
NGC5947,6180.000,0.05280,0.19330,nan,nan,nan,nan,0.00380,0.05350,0.03770,0.12070,nan,nan,nan,nan,nan,nan,nan,nan,nan,nan
NGC5947,6200.000,0.02420,0.19330,nan,nan,nan,nan,-0.01310,0.05350,0.01220,0.12070,nan,nan,nan,nan,nan,nan,nan,nan,nan,nan
NGC5953,1540.000,-0.01760,0.26450,nan,nan,nan,nan,0.05020,0.11760,0.06740,0.11450,nan,nan,nan,nan,-0.03660,0.03630,nan,nan,nan,nan
NGC5953,1560.000,-0.11380,0.26450,nan,nan,nan,nan,-0.01590,0.11760,-0.02990,0.11450,nan,nan,nan,nan,-0.03360,0.03630,nan,nan,nan,nan
NGC5953,1580.000,-0.16040,0.26450,nan,nan,nan,nan,-0.09290,0.11760,0.01560,0.11450,nan,nan,nan,nan,-0.00920,0.03630,nan,nan,nan,nan
NGC5953,1600.000,0.08640,0.26440,nan,nan,nan,nan,0.07620,0.11760,-0.00640,0.11450,nan,nan,nan,nan,0.01540,0.03630,nan,nan,nan,nan
NGC5953,1620.000,0.02200,0.26440,nan,nan,nan,nan,0.01970,0.11760,-0.17640,0.11450,nan,nan,nan,nan,-0.02230,0.03630,nan,nan,nan,nan
NGC5953,1640.000,-0.16010,0.26440,nan,nan,nan,nan,0.01080,0.11760,-0.04600,0.11450,nan,nan,nan,nan,0.01540,0.03630,nan,nan,nan,nan
NGC5953,1660.000,0.19880,0.26440,nan,nan,nan,nan,0.04790,0.11760,0.09860,0.11450,nan,nan,nan,nan,0.00190,0.03630,nan,nan,nan,nan
NGC5953,1680.000,0.10140,0.26440,nan,nan,nan,nan,0.06410,0.11760,-0.10030,0.11450,nan,nan,nan,nan,0.01630,0.03630,nan,nan,nan,nan
NGC5953,1700.000,-0.22070,0.26440,nan,nan,nan,nan,0.02810,0.11760,0.05800,0.11450,nan,nan,nan,nan,-0.01570,0.03630,nan,nan,nan,nan
NGC5953,1720.000,-0.00240,0.26440,0.00010,0.00200,0.00170,0.01360,-0.01700,0.11760,0.05070,0.11450,nan,nan,nan,nan,-0.01620,0.03630,-0.00010,0.00080,-0.00500,0.00580
NGC5953,1740.000,-0.02980,0.26440,0.00960,0.01310,0.01790,0.03020,-0.12380,0.11760,0.07450,0.11450,nan,nan,nan,nan,-0.07530,0.03630,-0.01040,0.00560,-0.02810,0.01290
NGC5953,1760.000,0.00290,0.26440,0.04610,0.02350,0.03940,0.04390,-0.02150,0.11760,-0.03550,0.11450,nan,nan,-0.00550,0.00790,-0.00870,0.03630,0.00070,0.01000,-0.00480,0.01870
NGC5953,1780.000,0.04980,0.26440,0.12350,0.02820,0.09910,0.05500,0.02880,0.11760,0.05020,0.11450,0.00090,0.00420,0.01200,0.01600,0.00890,0.03630,0.00820,0.01200,0.00710,0.02340
NGC5953,1800.000,0.41900,0.26440,0.15420,0.03720,0.19080,0.06080,0.18200,0.11760,0.02510,0.11450,0.01130,0.00620,0.02030,0.02360,0.01230,0.03630,0.01870,0.01580,0.02510,0.02590
NGC5953,1820.000,0.42020,0.26440,0.54680,0.04090,0.52000,0.06410,0.24590,0.11760,0.08570,0.11450,0.01650,0.00870,0.08690,0.02620,0.08680,0.03630,0.04150,0.01740,0.03280,0.02730
NGC5953,1840.000,0.66180,0.26440,0.81370,0.04270,0.70950,0.07360,0.53840,0.11760,0.11490,0.11450,0.04290,0.01010,0.08190,0.02720,0.06860,0.03630,0.05240,0.01820,0.06230,0.03130
NGC5953,1860.000,0.58860,0.26440,0.75870,0.04800,0.70250,0.08080,0.59020,0.11760,0.15620,0.11450,0.04650,0.01180,0.03670,0.02760,0.02910,0.03630,0.04580,0.02050,0.02810,0.03440
NGC5953,1880.000,0.51730,0.26440,0.83130,0.05210,0.80640,0.08660,0.69100,0.11760,-0.05680,0.11450,0.04150,0.01280,0.02100,0.02440,0.00630,0.03630,0.02260,0.02220,-0.02280,0.03690
NGC5953,1900.000,0.98400,0.26440,1.50020,0.05340,1.46770,0.08890,1.35990,0.11760,0.01040,0.11450,0.09450,0.01390,0.10450,0.02190,0.07610,0.03630,0.09730,0.02280,0.07250,0.03780
NGC5953,1920.000,1.70370,0.26440,1.99350,0.05430,1.95740,0.09020,1.74370,0.11760,0.09340,0.11450,0.13920,0.01490,0.14940,0.02460,0.11360,0.03630,0.15410,0.02310,0.12080,0.03840
NGC5953,1940.000,1.33230,0.26430,1.66350,0.05900,1.67560,0.09070,1.37910,0.11760,-0.04030,0.11450,0.09850,0.01610,0.11880,0.02740,0.11790,0.03630,0.11530,0.02510,0.08460,0.03860
NGC5953,1960.000,1.61090,0.26430,1.66850,0.06110,1.69350,0.09170,1.40140,0.11760,-0.17770,0.11450,0.12060,0.01600,0.15740,0.02780,0.10290,0.03630,0.11730,0.02600,0.09870,0.03900
NGC5953,1980.000,1.30670,0.26430,1.48950,0.05790,1.43310,0.09020,1.18850,0.11760,-0.02200,0.11450,0.12300,0.01540,0.16640,0.02780,0.13860,0.03630,0.15110,0.02470,0.15230,0.03840
NGC5953,2000.000,0.69620,0.26430,0.92480,0.05200,0.89330,0.08620,0.67930,0.11760,-0.01620,0.11450,0.07320,0.01320,0.08780,0.02490,0.08800,0.03630,0.08700,0.02220,0.07400,0.03670
NGC5953,2020.000,0.72770,0.26430,0.89080,0.03750,1.02040,0.08360,0.80270,0.11760,0.10980,0.11450,0.05430,0.01130,0.03070,0.02240,-0.00540,0.03630,0.04840,0.01600,-0.02350,0.03560
NGC5953,2040.000,0.77160,0.26430,1.01050,0.03510,1.11400,0.07670,1.06890,0.11760,-0.01520,0.11450,0.05670,0.00950,0.05420,0.01790,0.03990,0.03630,0.06250,0.01490,0.02570,0.03270
NGC5953,2060.000,1.03390,0.26430,1.19290,0.03540,1.38120,0.07560,1.19340,0.11760,-0.00670,0.11450,0.05940,0.00970,0.06100,0.01450,0.05070,0.03630,0.06020,0.01510,0.01890,0.03220
NGC5953,2080.000,1.36640,0.26430,1.37590,0.03260,1.58140,0.07760,1.39500,0.11760,0.07060,0.11450,0.09810,0.00960,0.09960,0.01530,0.06330,0.03630,0.10160,0.01390,0.12480,0.03310
NGC5953,2100.000,0.88480,0.26430,0.78700,0.02810,0.86840,0.07540,0.82640,0.11760,0.02280,0.11450,0.06380,0.00870,0.06750,0.01480,0.05880,0.03630,0.06690,0.01200,0.08030,0.03210
NGC5953,2120.000,0.15280,0.26430,0.09080,0.02400,0.25260,0.07170,0.03400,0.11760,-0.01370,0.11450,0.00400,0.00730,-0.01190,0.01370,-0.00520,0.03630,-0.00040,0.01030,0.00070,0.03060
NGC5953,2140.000,0.21360,0.26430,0.01010,0.01390,0.12320,0.05450,-0.01650,0.11760,-0.05450,0.11440,nan,nan,0.01280,0.01180,0.02750,0.03630,0.00790,0.00590,0.00320,0.02320
NGC5953,2160.000,-0.05390,0.26430,nan,nan,0.01060,0.03720,-0.01330,0.11760,0.09730,0.11440,nan,nan,nan,nan,0.01570,0.03630,nan,nan,-0.00500,0.01590
NGC5953,2180.000,-0.26390,0.26430,nan,nan,nan,nan,-0.02510,0.11760,0.06600,0.11440,nan,nan,nan,nan,0.04350,0.03630,nan,nan,nan,nan
NGC5953,2200.000,-0.12980,0.26430,nan,nan,nan,nan,0.06310,0.11760,-0.02870,0.11450,nan,nan,nan,nan,0.02140,0.03630,nan,nan,nan,nan
NGC5953,2220.000,0.02580,0.26430,nan,nan,nan,nan,-0.07010,0.11760,0.13280,0.11450,nan,nan,nan,nan,0.01650,0.03630,nan,nan,nan,nan
NGC5953,2240.000,0.09440,0.26420,nan,nan,nan,nan,-0.06740,0.11760,0.01760,0.11450,nan,nan,nan,nan,-0.03660,0.03630,nan,nan,nan,nan
NGC5953,2260.000,-0.11740,0.26420,nan,nan,nan,nan,-0.15660,0.11760,0.04300,0.11450,nan,nan,nan,nan,-0.02420,0.03630,nan,nan,nan,nan
NGC5953,2280.000,0.13920,0.26420,nan,nan,nan,nan,-0.04860,0.11760,0.01080,0.11450,nan,nan,nan,nan,0.02100,0.03630,nan,nan,nan,nan
NGC5953,2300.000,-0.04270,0.26420,nan,nan,nan,nan,0.21350,0.11750,-0.00240,0.11450,nan,nan,nan,nan,-0.01930,0.03630,nan,nan,nan,nan
NGC5953,2320.000,0.01170,0.26420,nan,nan,nan,nan,0.04300,0.11750,0.11740,0.11450,nan,nan,nan,nan,-0.00970,0.03630,nan,nan,nan,nan
NGC5953,2340.000,-0.14760,0.26420,nan,nan,nan,nan,-0.04270,0.11750,-0.02210,0.11450,nan,nan,nan,nan,0.01230,0.03630,nan,nan,nan,nan
NGC5953,2360.000,-0.09030,0.26420,nan,nan,nan,nan,0.03780,0.11750,0.04580,0.11450,nan,nan,nan,nan,0.02500,0.03630,nan,nan,nan,nan
NGC5953,2380.000,-0.21670,0.26420,nan,nan,nan,nan,-0.04340,0.11750,0.04580,0.11440,nan,nan,nan,nan,0.01200,0.03630,nan,nan,nan,nan
NGC5953,2400.000,0.24930,0.26420,nan,nan,nan,nan,0.02080,0.11750,-0.08710,0.11440,nan,nan,nan,nan,0.02460,0.03630,nan,nan,nan,nan
NGC5980,3760.000,-0.39220,0.19990,nan,nan,-0.00060,0.02510,-0.00280,0.06700,0.00470,0.09690,nan,nan,nan,nan,-0.00400,0.01980,nan,nan,0.01110,0.01190
NGC5980,3780.000,-0.11480,0.19990,0.00440,0.01080,0.01930,0.02910,0.04040,0.06700,0.02400,0.09690,-0.00060,0.00220,-0.00400,0.00580,0.01940,0.01980,0.00180,0.00510,0.01490,0.01380
NGC5980,3800.000,-0.09350,0.19990,0.04400,0.01560,0.09560,0.03750,-0.04170,0.06700,-0.02080,0.09690,0.00460,0.00310,0.01680,0.01220,0.02540,0.01980,0.00720,0.00740,0.02160,0.01780
NGC5980,3820.000,0.07640,0.19980,0.07700,0.02320,0.06670,0.04220,0.04720,0.06700,0.04770,0.09690,0.00570,0.00650,0.02270,0.01430,0.02860,0.01980,0.01600,0.01100,0.01440,0.02000
NGC5980,3840.000,0.12010,0.19980,0.27740,0.02660,0.24360,0.04340,0.13600,0.06700,0.10550,0.09690,0.04100,0.00870,0.06490,0.01520,0.05030,0.01980,0.04670,0.01260,0.04440,0.02050
NGC5980,3860.000,0.28590,0.19980,0.62360,0.02920,0.63480,0.04450,0.55100,0.06700,0.03020,0.09680,0.05900,0.00930,0.07200,0.01540,0.05970,0.01980,0.06680,0.01380,0.05700,0.02100
NGC5980,3880.000,0.09300,0.19980,0.41760,0.03140,0.38190,0.04480,0.31870,0.06700,-0.03050,0.09680,0.03560,0.00890,0.04230,0.01440,0.02460,0.01980,0.04550,0.01480,0.01490,0.02120
NGC5980,3900.000,0.16790,0.19980,0.32630,0.03170,0.30820,0.04460,0.24470,0.06700,0.00250,0.09680,0.01870,0.00680,0.02190,0.01280,0.01730,0.01980,0.02000,0.01500,0.00710,0.02110
NGC5980,3920.000,0.27480,0.19980,0.28970,0.03020,0.29510,0.04290,0.20410,0.06700,-0.07000,0.09680,0.00300,0.00420,0.01020,0.01000,-0.00430,0.01980,0.00830,0.01430,-0.01330,0.02030
NGC5980,3940.000,0.32330,0.19980,0.27270,0.02660,0.24500,0.04090,0.19540,0.06700,0.06020,0.09680,nan,nan,0.03100,0.01000,0.01750,0.01980,0.03230,0.01260,0.04080,0.01940
NGC5980,3960.000,0.21160,0.19980,0.18140,0.02480,0.13920,0.03650,0.14610,0.06700,0.03220,0.09680,nan,nan,0.01310,0.00980,0.00420,0.01980,0.02090,0.01180,0.01750,0.01730
NGC5980,3980.000,0.04510,0.19980,0.22880,0.02310,0.19370,0.03540,0.19700,0.06700,0.00660,0.09680,nan,nan,0.02380,0.01010,0.01980,0.01980,0.03160,0.01090,0.03080,0.01680
NGC5980,4000.000,0.32240,0.19980,0.25550,0.02350,0.24750,0.03260,0.16450,0.06700,-0.05670,0.09680,nan,nan,0.01990,0.00870,0.02730,0.01980,0.01920,0.01120,0.01460,0.01540
NGC5980,4020.000,0.04100,0.19980,0.19530,0.02250,0.20870,0.03490,0.16060,0.06700,0.01670,0.09680,nan,nan,0.00640,0.00760,-0.00400,0.01980,0.00670,0.01070,0.00320,0.01660
NGC5980,4040.000,0.02740,0.19980,0.15150,0.02280,0.14570,0.03550,0.13130,0.06700,0.06030,0.09680,nan,nan,0.01420,0.00820,0.01070,0.01980,0.02910,0.01080,0.01700,0.01680
NGC5980,4060.000,0.20480,0.19980,0.17590,0.02150,0.16980,0.03730,0.10890,0.06700,-0.03070,0.09680,nan,nan,0.00900,0.00850,-0.00410,0.01980,0.00380,0.01020,0.00040,0.01770
NGC5980,4080.000,0.15890,0.19980,0.18180,0.02270,0.20790,0.03630,0.09950,0.06700,0.01190,0.09680,nan,nan,0.03000,0.01070,0.02090,0.01980,0.02230,0.01070,0.01060,0.01720
NGC5980,4100.000,0.08860,0.19980,0.24520,0.02530,0.24450,0.03600,0.21740,0.06700,0.03500,0.09680,nan,nan,0.02720,0.01160,0.02500,0.01980,0.02460,0.01200,0.02000,0.01710
NGC5980,4120.000,0.14550,0.19980,0.23600,0.02650,0.23020,0.03740,0.14010,0.06700,-0.00500,0.09680,nan,nan,0.03210,0.01270,-0.01100,0.01980,0.02480,0.01260,0.03410,0.01770
NGC5980,4140.000,0.00440,0.19980,0.23760,0.02700,0.24320,0.03980,0.21720,0.06700,-0.03040,0.09680,nan,nan,0.03570,0.01310,0.00800,0.01980,0.03930,0.01280,0.02830,0.01880
NGC5980,4160.000,0.05680,0.19980,0.29160,0.02850,0.28950,0.04060,0.15230,0.06700,0.02470,0.09680,0.00820,0.00540,0.03720,0.01290,0.03600,0.01980,0.03220,0.01350,0.02190,0.01920
NGC5980,4180.000,0.27950,0.19980,0.34060,0.02890,0.33710,0.04240,0.17850,0.06700,-0.01320,0.09680,0.02780,0.00780,0.03740,0.01270,0.02880,0.01980,0.03810,0.01370,0.04350,0.02000
NGC5980,4200.000,0.21250,0.19980,0.36160,0.03030,0.31920,0.04330,0.23200,0.06700,-0.03590,0.09680,0.04470,0.00900,0.04920,0.01370,0.03930,0.01980,0.05050,0.01430,0.04110,0.02050
NGC5980,4220.000,0.26870,0.19980,0.52480,0.02990,0.51610,0.04350,0.41590,0.06700,0.06010,0.09680,0.04620,0.00930,0.05250,0.01410,0.04470,0.01980,0.04680,0.01420,0.05130,0.02060
NGC5980,4240.000,0.36670,0.19980,0.53280,0.02850,0.51520,0.04320,0.42700,0.06700,0.03030,0.09680,0.03680,0.00820,0.05990,0.01420,0.07530,0.01980,0.04090,0.01350,0.04810,0.02040
NGC5980,4260.000,0.18640,0.19980,0.29130,0.02720,0.27140,0.04350,0.17460,0.06700,-0.07310,0.09680,0.00870,0.00640,0.01160,0.01320,0.00210,0.01980,0.01990,0.01290,0.00850,0.02060
NGC5980,4280.000,0.00970,0.19980,0.05610,0.02420,0.06000,0.04160,-0.01390,0.06700,-0.01190,0.09680,-0.00020,0.00270,-0.00100,0.01190,0.00460,0.01980,-0.00890,0.01140,-0.01860,0.01960
NGC5980,4300.000,0.04300,0.19980,0.02750,0.01170,0.04790,0.03880,0.01890,0.06700,0.02110,0.09680,nan,nan,nan,nan,0.01190,0.01980,-0.00380,0.00560,-0.03310,0.01830
NGC5980,4320.000,-0.01720,0.19980,0.00100,0.00850,-0.00080,0.02390,-0.03870,0.06700,-0.05270,0.09680,nan,nan,nan,nan,0.01550,0.01980,0.00240,0.00400,0.00220,0.01130
NGC5980,4340.000,0.10930,0.19980,nan,nan,0.01910,0.01950,0.01810,0.06700,-0.07100,0.09680,nan,nan,nan,nan,0.04590,0.01980,nan,nan,0.00680,0.00920
NGC5980,4360.000,0.21630,0.19980,nan,nan,nan,nan,-0.03050,0.06700,-0.02000,0.09680,nan,nan,nan,nan,0.00490,0.01980,nan,nan,nan,nan
NGC5980,4380.000,0.24990,0.19970,nan,nan,nan,nan,0.01600,0.06700,0.05280,0.09680,nan,nan,nan,nan,-0.00190,0.01980,nan,nan,nan,nan
NGC5980,4400.000,-0.06430,0.19970,nan,nan,nan,nan,0.01650,0.06700,0.02380,0.09680,nan,nan,nan,nan,-0.00560,0.01980,nan,nan,nan,nan
NGC5980,4420.000,0.12970,0.19970,nan,nan,nan,nan,-0.02810,0.06700,-0.03270,0.09680,nan,nan,nan,nan,0.01050,0.01980,nan,nan,nan,nan
NGC5980,4440.000,0.13540,0.19970,nan,nan,nan,nan,-0.07420,0.06700,-0.12470,0.09680,nan,nan,nan,nan,0.00690,0.01980,nan,nan,nan,nan
NGC5980,4460.000,-0.05100,0.19960,nan,nan,nan,nan,0.00710,0.06700,-0.07750,0.09680,nan,nan,nan,nan,-0.01990,0.01980,nan,nan,nan,nan
NGC6004,3360.000,-0.14310,0.26980,nan,nan,nan,nan,-0.03300,0.11200,-0.05640,0.15290,nan,nan,nan,nan,nan,nan,nan,nan,nan,nan
NGC6004,3380.000,0.12440,0.26980,nan,nan,nan,nan,0.00830,0.11200,0.10480,0.15290,nan,nan,nan,nan,nan,nan,nan,nan,nan,nan
NGC6004,3400.000,-0.11450,0.26980,nan,nan,nan,nan,0.07090,0.11200,0.16520,0.15290,nan,nan,nan,nan,nan,nan,nan,nan,nan,nan
NGC6004,3420.000,-0.27070,0.26980,nan,nan,nan,nan,0.10420,0.11200,0.02640,0.15290,nan,nan,nan,nan,nan,nan,nan,nan,nan,nan
NGC6004,3440.000,0.01400,0.26980,nan,nan,nan,nan,-0.08900,0.11200,-0.01280,0.15280,nan,nan,nan,nan,nan,nan,nan,nan,nan,nan
NGC6004,3460.000,0.04190,0.26980,nan,nan,nan,nan,-0.05280,0.11200,0.04380,0.15280,nan,nan,nan,nan,nan,nan,nan,nan,nan,nan
NGC6004,3480.000,-0.23510,0.26980,nan,nan,nan,nan,0.06300,0.11200,0.09400,0.15280,nan,nan,nan,nan,nan,nan,nan,nan,nan,nan
NGC6004,3500.000,0.35190,0.26980,nan,nan,nan,nan,-0.04880,0.11200,-0.00280,0.15280,nan,nan,nan,nan,nan,nan,nan,nan,nan,nan
NGC6004,3520.000,0.20390,0.26980,nan,nan,nan,nan,0.00360,0.11200,-0.00060,0.15280,nan,nan,nan,nan,nan,nan,nan,nan,nan,nan
NGC6004,3540.000,0.06140,0.26980,nan,nan,nan,nan,-0.12180,0.11200,-0.15280,0.15280,nan,nan,nan,nan,nan,nan,nan,nan,nan,nan
NGC6004,3560.000,0.15100,0.26980,nan,nan,nan,nan,-0.14940,0.11200,0.05820,0.15280,nan,nan,nan,nan,nan,nan,nan,nan,nan,nan
NGC6004,3580.000,0.11230,0.26980,nan,nan,nan,nan,-0.05700,0.11200,0.11300,0.15280,nan,nan,nan,nan,nan,nan,nan,nan,nan,nan
NGC6004,3600.000,0.09660,0.26980,nan,nan,nan,nan,0.01850,0.11200,-0.12630,0.15280,nan,nan,nan,nan,nan,nan,nan,nan,nan,nan
