edge_pydb/dat_spec/edge_cospec_e20.csv
# %ECSV 0.9
# ---
# datatype:
# - {name: Name, datatype: string, description: Galaxy Name}
# - {name: coVlsr_e20, unit: km / s, datatype: float64, format: .3f, description: 'Velocity, VRAD, LSRK'}
# - {name: coNomaskSpec_e20, unit: Jy, datatype: float32, format: .5f, description: Unmasked spectrum}
# - {name: coNomaskUnc_e20, unit: Jy, datatype: float32, format: .5f, description: Error in Unmasked spectrum}
# - {name: coDilatedSpec_e20, unit: Jy, datatype: float32, format: .5f, description: Dilated mask spectrum}
# - {name: coDilatedUnc_e20, unit: Jy, datatype: float32, format: .5f, description: Error in Dilated mask spectrum}
# - {name: coSmoothSpec_e20, unit: Jy, datatype: float32, format: .5f, description: Smoothed mask spectrum}
# - {name: coSmoothUnc_e20, unit: Jy, datatype: float32, format: .5f, description: Error in Smoothed mask spectrum}
# - {name: coMask2dSpec_e20, unit: Jy, datatype: float32, format: .5f, description: 2D mask spectrum}
# - {name: coMask2dUnc_e20, unit: Jy, datatype: float32, format: .5f, description: Error in 2D mask spectrum}
# - {name: cottNomaskSpec_e20, unit: Jy, datatype: float32, format: .5f, description: Unmasked spectrum}
# - {name: cottNomaskUnc_e20, unit: Jy, datatype: float32, format: .5f, description: Error in Unmasked spectrum}
# - {name: cottDilatedSpec_e20, unit: Jy, datatype: float32, format: .5f, description: Dilated mask spectrum}
# - {name: cottDilatedUnc_e20, unit: Jy, datatype: float32, format: .5f, description: Error in Dilated mask spectrum}
# - {name: cottSmoothSpec_e20, unit: Jy, datatype: float32, format: .5f, description: Smoothed mask spectrum}
# - {name: cottSmoothUnc_e20, unit: Jy, datatype: float32, format: .5f, description: Error in Smoothed mask spectrum}
# - {name: cottMask2dSpec_e20, unit: Jy, datatype: float32, format: .5f, description: 2D mask spectrum}
# - {name: cottMask2dUnc_e20, unit: Jy, datatype: float32, format: .5f, description: Error in 2D mask spectrum}
# delimiter: ','
# meta: !!omap
# - {date: '2020-06-09'}
# - {comments: Integrated CO spectra from e20 cubes}
# schema: astropy-2.0
Name,coVlsr_e20,coNomaskSpec_e20,coNomaskUnc_e20,coDilatedSpec_e20,coDilatedUnc_e20,coSmoothSpec_e20,coSmoothUnc_e20,coMask2dSpec_e20,coMask2dUnc_e20,cottNomaskSpec_e20,cottNomaskUnc_e20,cottDilatedSpec_e20,cottDilatedUnc_e20,cottSmoothSpec_e20,cottSmoothUnc_e20,cottMask2dSpec_e20,cottMask2dUnc_e20
[from data line 3996]
NGC5980,3600.000,,,,,,,,,0.21020,0.15820,nan,nan,nan,nan,nan,nan
NGC5980,3620.000,,,,,,,,,-0.02930,0.15820,nan,nan,nan,nan,nan,nan
NGC5980,3640.000,,,,,,,,,0.03960,0.15820,nan,nan,nan,nan,nan,nan
NGC5980,3660.000,,,,,,,,,0.05010,0.15820,nan,nan,nan,nan,nan,nan
NGC5980,3680.000,,,,,,,,,0.26420,0.15820,nan,nan,nan,nan,nan,nan
NGC5980,3700.000,,,,,,,,,-0.02930,0.15820,nan,nan,nan,nan,nan,nan
NGC5980,3720.000,0.16040,0.29520,nan,nan,nan,nan,-0.06900,0.11930,0.12140,0.15820,nan,nan,nan,nan,nan,nan
NGC5980,3740.000,0.01980,0.29520,nan,nan,nan,nan,0.04450,0.11930,-0.06890,0.15820,nan,nan,nan,nan,nan,nan
NGC5980,3760.000,-0.18800,0.29520,nan,nan,nan,nan,0.06710,0.11930,-0.02740,0.15820,nan,nan,nan,nan,nan,nan
NGC5980,3780.000,-0.39570,0.29520,nan,nan,0.00760,0.01230,0.08500,0.11930,-0.07910,0.15820,nan,nan,nan,nan,nan,nan
NGC5980,3800.000,-0.47700,0.29520,-0.00440,0.01660,-0.03950,0.05800,-0.02920,0.11930,-0.16080,0.15820,nan,nan,nan,nan,nan,nan
NGC5980,3820.000,-0.20150,0.29520,0.07420,0.04060,0.10140,0.07560,0.09410,0.11930,-0.03300,0.15820,nan,nan,nan,nan,nan,nan
NGC5980,3840.000,-0.19800,0.29520,0.32020,0.05080,0.30380,0.08190,0.13930,0.11930,0.11550,0.15820,nan,nan,nan,nan,nan,nan
NGC5980,3860.000,0.17930,0.29520,0.50000,0.05230,0.59020,0.08530,0.48710,0.11930,-0.01320,0.15820,nan,nan,nan,nan,nan,nan
NGC5980,3880.000,-0.11360,0.29520,0.38450,0.04970,0.41970,0.08490,0.38230,0.11930,-0.03470,0.15820,nan,nan,nan,nan,nan,nan
NGC5980,3900.000,-0.18690,0.29520,0.16860,0.04550,0.20760,0.08260,0.14580,0.11930,-0.07170,0.15820,nan,nan,nan,nan,nan,nan
NGC5980,3920.000,-0.16870,0.29520,0.24800,0.04470,0.31090,0.07540,0.19750,0.11930,-0.10710,0.15820,nan,nan,nan,nan,nan,nan
NGC5980,3940.000,-0.29870,0.29520,0.22200,0.04210,0.25940,0.07280,0.22390,0.11920,0.03540,0.15820,nan,nan,nan,nan,nan,nan
NGC5980,3960.000,0.00460,0.29520,0.14490,0.03950,0.08860,0.06900,-0.04790,0.11920,-0.06950,0.15820,nan,nan,nan,nan,nan,nan
NGC5980,3980.000,-0.17630,0.29520,0.16320,0.03660,0.22070,0.06990,0.16780,0.11920,-0.15470,0.15820,nan,nan,nan,nan,nan,nan
NGC5980,4000.000,-0.32810,0.29520,0.19280,0.03670,0.21960,0.06430,0.24300,0.11920,-0.03200,0.15820,nan,nan,nan,nan,nan,nan
NGC5980,4020.000,-0.50630,0.29520,0.18430,0.03560,0.21480,0.06720,0.18910,0.11920,0.02150,0.15820,nan,nan,nan,nan,nan,nan
NGC5980,4040.000,0.01190,0.29520,0.16420,0.03680,0.11350,0.06520,0.10850,0.11920,-0.21050,0.15820,nan,nan,nan,nan,nan,nan
NGC5980,4060.000,-0.21820,0.29520,0.15210,0.03890,0.16190,0.06610,0.15290,0.11920,-0.07600,0.15820,nan,nan,nan,nan,nan,nan
NGC5980,4080.000,0.20660,0.29520,0.22690,0.04160,0.23740,0.06660,0.14960,0.11920,-0.10420,0.15820,nan,nan,nan,nan,nan,nan
NGC5980,4100.000,-0.00440,0.29520,0.23960,0.04270,0.24260,0.06900,0.22790,0.11920,-0.02760,0.15820,nan,nan,nan,nan,nan,nan
NGC5980,4120.000,-0.22040,0.29520,0.20990,0.04340,0.22270,0.07060,0.23520,0.11920,-0.04480,0.15820,nan,nan,nan,nan,nan,nan
NGC5980,4140.000,-0.47050,0.29520,0.22210,0.04630,0.32340,0.08050,0.34740,0.11920,0.00880,0.15820,nan,nan,nan,nan,nan,nan
NGC5980,4160.000,-0.11980,0.29520,0.26710,0.04590,0.31150,0.08280,0.21760,0.11920,0.13340,0.15820,nan,nan,nan,nan,nan,nan
NGC5980,4180.000,-0.00190,0.29520,0.32470,0.04830,0.39770,0.08560,0.26410,0.11920,-0.05470,0.15820,nan,nan,nan,nan,nan,nan
NGC5980,4200.000,-0.04000,0.29520,0.33670,0.05130,0.40470,0.08490,0.25460,0.11920,-0.03310,0.15820,nan,nan,nan,nan,nan,nan
NGC5980,4220.000,-0.05510,0.29510,0.50140,0.05260,0.58890,0.08440,0.54940,0.11920,0.12470,0.15820,nan,nan,nan,nan,nan,nan
NGC5980,4240.000,0.19490,0.29510,0.47230,0.05140,0.49450,0.08250,0.36020,0.11920,0.01110,0.15820,nan,nan,nan,nan,nan,nan
NGC5980,4260.000,0.21740,0.29510,0.32430,0.05030,0.29200,0.07940,0.20320,0.11920,-0.04990,0.15820,nan,nan,nan,nan,nan,nan
NGC5980,4280.000,0.25120,0.29510,0.07680,0.04110,0.06310,0.07220,-0.00550,0.11920,-0.04950,0.15820,nan,nan,nan,nan,nan,nan
NGC5980,4300.000,0.13320,0.29510,0.00880,0.01910,-0.01970,0.05970,0.00260,0.11920,-0.03300,0.15820,nan,nan,nan,nan,nan,nan
NGC5980,4320.000,0.09180,0.29510,0.00060,0.00540,0.01850,0.02500,-0.09040,0.11920,-0.09540,0.15820,nan,nan,nan,nan,nan,nan
NGC5980,4340.000,0.15870,0.29510,nan,nan,nan,nan,-0.08130,0.11920,-0.02060,0.15820,nan,nan,nan,nan,nan,nan
NGC5980,4360.000,-0.02440,0.29510,nan,nan,nan,nan,-0.07700,0.11920,-0.02970,0.15820,nan,nan,nan,nan,nan,nan
NGC5980,4380.000,0.23130,0.29510,nan,nan,nan,nan,-0.05380,0.11920,0.21830,0.15820,nan,nan,nan,nan,nan,nan
NGC5980,4400.000,0.01040,0.29510,nan,nan,nan,nan,0.00520,0.11920,0.11450,0.15820,nan,nan,nan,nan,nan,nan
NGC5980,4420.000,-0.12310,0.29510,nan,nan,nan,nan,-0.01450,0.11920,0.13430,0.15820,nan,nan,nan,nan,nan,nan
NGC5980,4440.000,0.07460,0.29510,nan,nan,nan,nan,-0.07980,0.11920,-0.14280,0.15820,nan,nan,nan,nan,nan,nan
NGC5980,4460.000,-0.15200,0.29510,nan,nan,nan,nan,0.13150,0.11920,-0.02410,0.15820,nan,nan,nan,nan,nan,nan
NGC5987,2540.000,-0.53440,0.45050,nan,nan,nan,nan,nan,nan,0.09870,0.23430,nan,nan,nan,nan,nan,nan
NGC5987,2560.000,-0.19300,0.45050,nan,nan,nan,nan,nan,nan,0.02570,0.23430,nan,nan,nan,nan,nan,nan
NGC5987,2580.000,-0.00050,0.45040,nan,nan,nan,nan,nan,nan,-0.01160,0.23430,nan,nan,nan,nan,nan,nan
NGC5987,2600.000,-0.38110,0.45040,nan,nan,nan,nan,nan,nan,-0.14500,0.23430,nan,nan,nan,nan,nan,nan
NGC5987,2620.000,-0.31990,0.45040,nan,nan,nan,nan,nan,nan,0.06800,0.23430,nan,nan,nan,nan,nan,nan
NGC5987,2640.000,-0.21880,0.45040,nan,nan,nan,nan,nan,nan,0.15930,0.23430,nan,nan,nan,nan,nan,nan
NGC5987,2660.000,0.21050,0.45040,nan,nan,nan,nan,nan,nan,0.36690,0.23430,nan,nan,nan,nan,nan,nan
NGC5987,2680.000,-0.16600,0.45030,nan,nan,nan,nan,nan,nan,0.02230,0.23430,nan,nan,nan,nan,nan,nan
NGC5987,2700.000,0.08850,0.45030,nan,nan,nan,nan,nan,nan,-0.00460,0.23430,nan,nan,nan,nan,nan,nan
NGC5987,2720.000,-0.26120,0.45030,nan,nan,nan,nan,nan,nan,0.09510,0.23430,nan,nan,nan,nan,nan,nan
NGC5987,2740.000,0.10890,0.45030,nan,nan,nan,nan,nan,nan,-0.15620,0.23430,nan,nan,nan,nan,nan,nan
NGC5987,2760.000,-0.30450,0.45030,nan,nan,nan,nan,nan,nan,0.02100,0.23430,nan,nan,nan,nan,nan,nan
NGC5987,2780.000,-0.20400,0.45030,nan,nan,nan,nan,nan,nan,0.00070,0.23430,nan,nan,nan,nan,nan,nan
NGC5987,2800.000,-0.06170,0.45030,nan,nan,nan,nan,nan,nan,-0.03990,0.23430,nan,nan,nan,nan,nan,nan
NGC5987,2820.000,-0.01550,0.45030,nan,nan,nan,nan,nan,nan,-0.14670,0.23430,nan,nan,nan,nan,nan,nan
NGC5987,2840.000,0.10530,0.45030,nan,nan,nan,nan,nan,nan,0.02830,0.23430,nan,nan,nan,nan,nan,nan
NGC5987,2860.000,0.06860,0.45030,nan,nan,nan,nan,nan,nan,-0.15770,0.23430,nan,nan,nan,nan,nan,nan
NGC5987,2880.000,0.11200,0.45030,nan,nan,nan,nan,nan,nan,-0.01110,0.23430,nan,nan,nan,nan,nan,nan
NGC5987,2900.000,0.07260,0.45030,nan,nan,nan,nan,nan,nan,-0.16980,0.23420,nan,nan,nan,nan,nan,nan
NGC5987,2920.000,0.01460,0.45030,nan,nan,nan,nan,nan,nan,0.00430,0.23420,nan,nan,nan,nan,nan,nan
NGC5987,2940.000,0.33450,0.45030,nan,nan,nan,nan,nan,nan,-0.06390,0.23420,nan,nan,nan,nan,nan,nan
NGC5987,2960.000,-0.15450,0.45030,nan,nan,nan,nan,nan,nan,-0.11350,0.23420,nan,nan,nan,nan,nan,nan
NGC5987,2980.000,0.09510,0.45030,nan,nan,nan,nan,nan,nan,0.06130,0.23420,nan,nan,nan,nan,nan,nan
NGC5987,3000.000,0.07780,0.45030,nan,nan,nan,nan,nan,nan,0.06260,0.23420,nan,nan,nan,nan,nan,nan
NGC5987,3020.000,0.06730,0.45030,nan,nan,nan,nan,nan,nan,-0.02860,0.23420,nan,nan,nan,nan,nan,nan
NGC5987,3040.000,0.28260,0.45030,nan,nan,nan,nan,nan,nan,-0.14730,0.23420,nan,nan,nan,nan,nan,nan
NGC5987,3060.000,0.15780,0.45030,nan,nan,nan,nan,nan,nan,-0.16400,0.23420,nan,nan,nan,nan,nan,nan
NGC5987,3080.000,0.34560,0.45030,nan,nan,nan,nan,nan,nan,-0.08300,0.23420,nan,nan,nan,nan,nan,nan
NGC5987,3100.000,-0.00460,0.45030,nan,nan,nan,nan,nan,nan,0.02910,0.23420,nan,nan,nan,nan,nan,nan
NGC5987,3120.000,-0.33040,0.45020,nan,nan,nan,nan,nan,nan,-0.24060,0.23420,nan,nan,nan,nan,nan,nan
NGC5987,3140.000,0.19480,0.45020,nan,nan,nan,nan,nan,nan,0.11030,0.23420,nan,nan,nan,nan,nan,nan
NGC5987,3160.000,-0.22190,0.45020,nan,nan,nan,nan,nan,nan,-0.12120,0.23420,nan,nan,nan,nan,nan,nan
NGC5987,3180.000,0.18430,0.45020,nan,nan,nan,nan,nan,nan,-0.07770,0.23420,nan,nan,nan,nan,nan,nan
NGC5987,3200.000,0.04280,0.45020,nan,nan,nan,nan,nan,nan,-0.02780,0.23420,nan,nan,nan,nan,nan,nan
NGC5987,3220.000,0.20900,0.45020,nan,nan,nan,nan,nan,nan,-0.09170,0.23420,nan,nan,nan,nan,nan,nan
NGC5987,3240.000,0.16030,0.45020,nan,nan,nan,nan,nan,nan,-0.23860,0.23420,nan,nan,nan,nan,nan,nan
NGC5987,3260.000,-0.10830,0.45020,nan,nan,nan,nan,nan,nan,0.09100,0.23420,nan,nan,nan,nan,nan,nan
NGC5987,3280.000,0.52360,0.45020,nan,nan,nan,nan,nan,nan,-0.10570,0.23420,nan,nan,nan,nan,nan,nan
NGC5987,3300.000,-0.10570,0.45020,nan,nan,nan,nan,nan,nan,0.07090,0.23420,nan,nan,nan,nan,nan,nan
NGC5987,3320.000,-0.13530,0.45010,nan,nan,nan,nan,nan,nan,-0.10310,0.23420,nan,nan,nan,nan,nan,nan
NGC5987,3340.000,-0.17540,0.45010,nan,nan,nan,nan,nan,nan,-0.12830,0.23420,nan,nan,nan,nan,nan,nan
NGC5987,3360.000,-0.09210,0.45010,nan,nan,nan,nan,nan,nan,0.07830,0.23420,nan,nan,nan,nan,nan,nan
NGC5987,3380.000,-0.14970,0.45010,nan,nan,nan,nan,nan,nan,-0.14870,0.23410,nan,nan,nan,nan,nan,nan
NGC5987,3400.000,-0.30230,0.45010,nan,nan,nan,nan,nan,nan,-0.08150,0.23410,nan,nan,nan,nan,nan,nan
NGC6004,3360.000,-0.00650,0.34440,nan,nan,nan,nan,0.05690,0.22090,0.01820,0.19320,nan,nan,nan,nan,nan,nan
NGC6004,3380.000,-0.14870,0.34440,nan,nan,nan,nan,-0.13950,0.22090,-0.05760,0.19320,nan,nan,nan,nan,nan,nan
NGC6004,3400.000,0.22440,0.34430,nan,nan,nan,nan,0.04950,0.22090,0.12760,0.19320,nan,nan,nan,nan,nan,nan
NGC6004,3420.000,-0.02210,0.34430,nan,nan,nan,nan,0.31060,0.22090,0.14390,0.19320,nan,nan,nan,nan,nan,nan
NGC6004,3440.000,-0.11970,0.34430,nan,nan,nan,nan,-0.00190,0.22090,0.03560,0.19320,nan,nan,nan,nan,nan,nan
NGC6004,3460.000,-0.09040,0.34430,nan,nan,nan,nan,-0.08500,0.22090,0.04040,0.19320,nan,nan,nan,nan,nan,nan
NGC6004,3480.000,0.02650,0.34420,nan,nan,nan,nan,0.08760,0.22090,-0.06690,0.19320,nan,nan,nan,nan,nan,nan
NGC6004,3500.000,0.28240,0.34420,nan,nan,nan,nan,0.01760,0.22090,0.08020,0.19320,nan,nan,nan,nan,nan,nan
NGC6004,3520.000,0.18780,0.34420,nan,nan,nan,nan,0.08270,0.22090,0.01430,0.19320,nan,nan,nan,nan,nan,nan
NGC6004,3540.000,0.05980,0.34420,nan,nan,nan,nan,0.07350,0.22090,-0.09860,0.19320,nan,nan,nan,nan,nan,nan
NGC6004,3560.000,0.07230,0.34420,nan,nan,nan,nan,-0.07170,0.22090,0.05950,0.19320,nan,nan,nan,nan,nan,nan
NGC6004,3580.000,0.12600,0.34420,nan,nan,nan,nan,0.21970,0.22080,-0.17020,0.19320,nan,nan,nan,nan,nan,nan
NGC6004,3600.000,0.08360,0.34420,nan,nan,nan,nan,-0.12390,0.22080,-0.13060,0.19320,nan,nan,nan,nan,nan,nan
NGC6004,3620.000,0.09810,0.34420,nan,nan,nan,nan,-0.13190,0.22080,0.11410,0.19310,nan,nan,nan,nan,nan,nan
NGC6004,3640.000,-0.09030,0.34420,nan,nan,-0.04500,0.03760,-0.25610,0.22080,-0.19450,0.19310,nan,nan,nan,nan,nan,nan
NGC6004,3660.000,0.01150,0.34420,nan,nan,-0.03300,0.12230,0.24760,0.22080,0.14940,0.19310,nan,nan,nan,nan,nan,nan
NGC6004,3680.000,0.04260,0.34420,0.00460,0.02740,0.26320,0.14010,0.18320,0.22080,-0.06260,0.19310,nan,nan,nan,nan,nan,nan
NGC6004,3700.000,0.37330,0.34420,0.13160,0.04420,0.73640,0.15510,0.51420,0.22080,-0.08730,0.19310,nan,nan,nan,nan,nan,nan
NGC6004,3720.000,-0.64500,0.34420,0.19030,0.05520,0.25770,0.16250,0.00050,0.22080,-0.01700,0.19310,nan,nan,nan,nan,nan,nan
NGC6004,3740.000,-0.16620,0.34420,0.20370,0.05840,0.28830,0.16510,0.15240,0.22080,0.04350,0.19310,nan,nan,nan,nan,nan,nan
NGC6004,3760.000,-0.16280,0.34420,0.08760,0.05750,0.21460,0.13520,0.00430,0.22080,-0.03080,0.19310,nan,nan,nan,nan,nan,nan
NGC6004,3780.000,-0.04660,0.34420,0.33970,0.06160,0.50700,0.11920,0.16680,0.22080,-0.19200,0.19310,nan,nan,nan,nan,nan,nan
NGC6004,3800.000,-0.01720,0.34420,0.45040,0.06640,0.52290,0.11460,0.05950,0.22080,-0.06490,0.19310,nan,nan,nan,nan,nan,nan
NGC6004,3820.000,0.18630,0.34420,0.26200,0.06430,0.21030,0.11770,0.08970,0.22080,0.11600,0.19310,nan,nan,nan,nan,nan,nan
NGC6004,3840.000,-0.11970,0.34420,0.27640,0.06340,0.20260,0.13400,-0.11440,0.22080,0.04370,0.19310,nan,nan,nan,nan,nan,nan
NGC6004,3860.000,-0.22930,0.34420,0.41020,0.07380,0.48190,0.13890,0.19400,0.22080,-0.10130,0.19310,nan,nan,nan,nan,nan,nan
NGC6004,3880.000,0.20240,0.34420,0.49550,0.07690,0.74340,0.13720,0.40280,0.22080,-0.04160,0.19300,nan,nan,nan,nan,nan,nan
NGC6004,3900.000,0.00220,0.34420,0.38020,0.06750,0.48970,0.13070,0.33710,0.22080,0.00930,0.19300,nan,nan,nan,nan,nan,nan
NGC6004,3920.000,-0.17830,0.34420,0.08530,0.04840,0.16940,0.11750,-0.02280,0.22080,-0.03080,0.19300,nan,nan,nan,nan,nan,nan
NGC6004,3940.000,0.17160,0.34420,0.00130,0.01450,0.09420,0.08720,0.19940,0.22080,-0.12940,0.19300,nan,nan,nan,nan,nan,nan
NGC6004,3960.000,-0.13860,0.34420,nan,nan,0.04160,0.04730,-0.17800,0.22080,0.07060,0.19300,nan,nan,nan,nan,nan,nan
NGC6004,3980.000,-0.21750,0.34420,nan,nan,nan,nan,0.04330,0.22080,0.02610,0.19300,nan,nan,nan,nan,nan,nan
NGC6004,4000.000,0.02400,0.34410,nan,nan,nan,nan,-0.02390,0.22080,0.04770,0.19300,nan,nan,nan,nan,nan,nan
NGC6004,4020.000,0.17740,0.34410,nan,nan,nan,nan,0.05910,0.22080,-0.11230,0.19300,nan,nan,nan,nan,nan,nan
NGC6004,4040.000,0.48600,0.34410,nan,nan,nan,nan,0.20220,0.22080,-0.06690,0.19300,nan,nan,nan,nan,nan,nan
NGC6004,4060.000,-0.05270,0.34410,nan,nan,nan,nan,-0.10330,0.22080,-0.09730,0.19300,nan,nan,nan,nan,nan,nan
NGC6004,4080.000,0.16960,0.34410,nan,nan,nan,nan,-0.11250,0.22080,-0.02190,0.19300,nan,nan,nan,nan,nan,nan
NGC6004,4100.000,0.17470,0.34410,nan,nan,nan,nan,-0.21390,0.22080,-0.05990,0.19300,nan,nan,nan,nan,nan,nan
NGC6004,4120.000,-0.12850,0.34410,nan,nan,nan,nan,0.11380,0.22080,-0.04300,0.19300,nan,nan,nan,nan,nan,nan
NGC6004,4140.000,-0.05700,0.34410,nan,nan,nan,nan,-0.02980,0.22080,0.04330,0.19300,nan,nan,nan,nan,nan,nan
NGC6004,4160.000,-0.06260,0.34410,nan,nan,nan,nan,0.08420,0.22080,-0.01920,0.19300,nan,nan,nan,nan,nan,nan
NGC6004,4180.000,-0.03470,0.34410,nan,nan,nan,nan,-0.21450,0.22080,-0.04420,0.19300,nan,nan,nan,nan,nan,nan
NGC6004,4200.000,0.25450,0.34410,nan,nan,nan,nan,-0.15200,0.22080,-0.08590,0.19300,nan,nan,nan,nan,nan,nan
NGC6004,4220.000,-0.19610,0.34410,nan,nan,nan,nan,-0.00240,0.22080,-0.01340,0.19300,nan,nan,nan,nan,nan,nan
NGC6021,4240.000,-0.99280,0.59860,nan,nan,nan,nan,nan,nan,-0.04150,0.34250,nan,nan,nan,nan,nan,nan
NGC6021,4260.000,0.09980,0.59860,nan,nan,nan,nan,nan,nan,-0.23730,0.34250,nan,nan,nan,nan,nan,nan
NGC6021,4280.000,-0.38440,0.59860,nan,nan,nan,nan,nan,nan,-0.22420,0.34250,nan,nan,nan,nan,nan,nan
NGC6021,4300.000,0.70880,0.59860,nan,nan,nan,nan,nan,nan,-0.42140,0.34250,nan,nan,nan,nan,nan,nan
NGC6021,4320.000,-0.33680,0.59860,nan,nan,nan,nan,nan,nan,0.03180,0.34250,nan,nan,nan,nan,nan,nan
NGC6021,4340.000,0.09360,0.59860,nan,nan,nan,nan,nan,nan,0.17350,0.34250,nan,nan,nan,nan,nan,nan
NGC6021,4360.000,-0.10820,0.59860,nan,nan,nan,nan,nan,nan,-0.07080,0.34250,nan,nan,nan,nan,nan,nan
NGC6021,4380.000,-0.08080,0.59860,nan,nan,nan,nan,nan,nan,-0.19490,0.34250,nan,nan,nan,nan,nan,nan
NGC6021,4400.000,-0.00500,0.59850,nan,nan,nan,nan,nan,nan,0.11690,0.34250,nan,nan,nan,nan,nan,nan
NGC6021,4420.000,0.49010,0.59850,nan,nan,nan,nan,nan,nan,-0.39280,0.34240,nan,nan,nan,nan,nan,nan
NGC6021,4440.000,0.15550,0.59850,nan,nan,nan,nan,nan,nan,0.19660,0.34240,nan,nan,nan,nan,nan,nan
NGC6021,4460.000,0.35690,0.59850,nan,nan,nan,nan,nan,nan,0.18160,0.34240,nan,nan,nan,nan,nan,nan
NGC6021,4480.000,0.00870,0.59840,nan,nan,nan,nan,nan,nan,0.10660,0.34240,nan,nan,nan,nan,nan,nan
NGC6021,4500.000,0.47890,0.59840,nan,nan,nan,nan,nan,nan,-0.17890,0.34240,nan,nan,nan,nan,nan,nan
NGC6021,4520.000,0.57640,0.59840,nan,nan,nan,nan,nan,nan,-0.25760,0.34240,nan,nan,nan,nan,nan,nan
NGC6021,4540.000,0.12910,0.59840,nan,nan,nan,nan,nan,nan,0.23730,0.34240,nan,nan,nan,nan,nan,nan
NGC6021,4560.000,-0.01610,0.59840,nan,nan,nan,nan,nan,nan,0.10630,0.34240,nan,nan,nan,nan,nan,nan
NGC6021,4580.000,-0.13300,0.59840,nan,nan,nan,nan,nan,nan,0.07050,0.34240,nan,nan,nan,nan,nan,nan
