edge_pydb/dat_spec/edge_cospec_e20.csv
# %ECSV 0.9
# ---
# datatype:
# - {name: Name, datatype: string, description: Galaxy Name}
# - {name: coVlsr_e20, unit: km / s, datatype: float64, format: .3f, description: 'Velocity, VRAD, LSRK'}
# - {name: coNomaskSpec_e20, unit: Jy, datatype: float32, format: .5f, description: Unmasked spectrum}
# - {name: coNomaskUnc_e20, unit: Jy, datatype: float32, format: .5f, description: Error in Unmasked spectrum}
# - {name: coDilatedSpec_e20, unit: Jy, datatype: float32, format: .5f, description: Dilated mask spectrum}
# - {name: coDilatedUnc_e20, unit: Jy, datatype: float32, format: .5f, description: Error in Dilated mask spectrum}
# - {name: coSmoothSpec_e20, unit: Jy, datatype: float32, format: .5f, description: Smoothed mask spectrum}
# - {name: coSmoothUnc_e20, unit: Jy, datatype: float32, format: .5f, description: Error in Smoothed mask spectrum}
# - {name: coMask2dSpec_e20, unit: Jy, datatype: float32, format: .5f, description: 2D mask spectrum}
# - {name: coMask2dUnc_e20, unit: Jy, datatype: float32, format: .5f, description: Error in 2D mask spectrum}
# - {name: cottNomaskSpec_e20, unit: Jy, datatype: float32, format: .5f, description: Unmasked spectrum}
# - {name: cottNomaskUnc_e20, unit: Jy, datatype: float32, format: .5f, description: Error in Unmasked spectrum}
# - {name: cottDilatedSpec_e20, unit: Jy, datatype: float32, format: .5f, description: Dilated mask spectrum}
# - {name: cottDilatedUnc_e20, unit: Jy, datatype: float32, format: .5f, description: Error in Dilated mask spectrum}
# - {name: cottSmoothSpec_e20, unit: Jy, datatype: float32, format: .5f, description: Smoothed mask spectrum}
# - {name: cottSmoothUnc_e20, unit: Jy, datatype: float32, format: .5f, description: Error in Smoothed mask spectrum}
# - {name: cottMask2dSpec_e20, unit: Jy, datatype: float32, format: .5f, description: 2D mask spectrum}
# - {name: cottMask2dUnc_e20, unit: Jy, datatype: float32, format: .5f, description: Error in 2D mask spectrum}
# delimiter: ','
# meta: !!omap
# - {date: '2020-06-09'}
# - {comments: Integrated CO spectra from e20 cubes}
# schema: astropy-2.0
Name,coVlsr_e20,coNomaskSpec_e20,coNomaskUnc_e20,coDilatedSpec_e20,coDilatedUnc_e20,coSmoothSpec_e20,coSmoothUnc_e20,coMask2dSpec_e20,coMask2dUnc_e20,cottNomaskSpec_e20,cottNomaskUnc_e20,cottDilatedSpec_e20,cottDilatedUnc_e20,cottSmoothSpec_e20,cottSmoothUnc_e20,cottMask2dSpec_e20,cottMask2dUnc_e20
[from data line 4300]
NGC6060,4820.000,0.19240,0.53200,nan,nan,nan,nan,-0.03050,0.31730,0.05200,0.26510,nan,nan,nan,nan,nan,nan
NGC6060,4840.000,0.13390,0.53200,nan,nan,nan,nan,0.07050,0.31730,0.16650,0.26510,nan,nan,nan,nan,nan,nan
NGC6060,4860.000,0.00940,0.53190,nan,nan,nan,nan,0.30820,0.31730,-0.12200,0.26510,nan,nan,nan,nan,nan,nan
NGC6060,4880.000,0.22140,0.53190,nan,nan,nan,nan,0.17870,0.31730,0.24300,0.26510,nan,nan,nan,nan,nan,nan
NGC6063,2400.000,-0.27050,0.43710,nan,nan,nan,nan,nan,nan,0.12470,0.20950,nan,nan,nan,nan,nan,nan
NGC6063,2420.000,-0.16630,0.43710,nan,nan,nan,nan,nan,nan,0.06470,0.20950,nan,nan,nan,nan,nan,nan
NGC6063,2440.000,0.18430,0.43710,nan,nan,nan,nan,nan,nan,-0.14520,0.20950,nan,nan,nan,nan,nan,nan
NGC6063,2460.000,0.13220,0.43710,nan,nan,nan,nan,nan,nan,-0.23110,0.20950,nan,nan,nan,nan,nan,nan
NGC6063,2480.000,-0.18920,0.43710,nan,nan,nan,nan,nan,nan,-0.33080,0.20950,nan,nan,nan,nan,nan,nan
NGC6063,2500.000,0.12060,0.43710,nan,nan,nan,nan,nan,nan,0.15130,0.20950,nan,nan,nan,nan,nan,nan
NGC6063,2520.000,0.20870,0.43710,nan,nan,nan,nan,nan,nan,0.08760,0.20940,nan,nan,nan,nan,nan,nan
NGC6063,2540.000,-0.12660,0.43710,nan,nan,nan,nan,nan,nan,0.04230,0.20940,nan,nan,nan,nan,nan,nan
NGC6063,2560.000,0.24290,0.43710,nan,nan,nan,nan,nan,nan,0.21020,0.20940,nan,nan,nan,nan,nan,nan
NGC6063,2580.000,0.23440,0.43710,nan,nan,nan,nan,nan,nan,0.16440,0.20940,nan,nan,nan,nan,nan,nan
NGC6063,2600.000,-0.18630,0.43700,nan,nan,nan,nan,nan,nan,0.06410,0.20940,nan,nan,nan,nan,nan,nan
NGC6063,2620.000,0.20700,0.43700,nan,nan,nan,nan,nan,nan,-0.28770,0.20940,nan,nan,nan,nan,nan,nan
NGC6063,2640.000,-0.09170,0.43700,nan,nan,nan,nan,nan,nan,-0.06690,0.20940,nan,nan,nan,nan,nan,nan
NGC6063,2660.000,-0.44030,0.43700,nan,nan,nan,nan,nan,nan,-0.08200,0.20940,nan,nan,nan,nan,nan,nan
NGC6063,2680.000,-0.03070,0.43700,nan,nan,nan,nan,nan,nan,0.03430,0.20940,nan,nan,nan,nan,nan,nan
NGC6063,2700.000,0.18370,0.43700,nan,nan,nan,nan,nan,nan,0.00890,0.20940,nan,nan,nan,nan,nan,nan
NGC6063,2720.000,0.33530,0.43710,nan,nan,nan,nan,nan,nan,-0.01710,0.20940,nan,nan,nan,nan,nan,nan
NGC6063,2740.000,0.40100,0.43710,nan,nan,nan,nan,nan,nan,-0.06450,0.20940,nan,nan,nan,nan,nan,nan
NGC6063,2760.000,-0.13780,0.43710,nan,nan,nan,nan,nan,nan,0.08910,0.20940,nan,nan,nan,nan,nan,nan
NGC6063,2780.000,-0.07960,0.43710,nan,nan,nan,nan,nan,nan,-0.23240,0.20940,nan,nan,nan,nan,nan,nan
NGC6063,2800.000,0.01850,0.43710,nan,nan,nan,nan,nan,nan,-0.04720,0.20940,nan,nan,nan,nan,nan,nan
NGC6063,2820.000,-0.00780,0.43710,nan,nan,nan,nan,nan,nan,-0.11930,0.20940,nan,nan,nan,nan,nan,nan
NGC6063,2840.000,0.38990,0.43710,nan,nan,nan,nan,nan,nan,0.16600,0.20940,nan,nan,nan,nan,nan,nan
NGC6063,2860.000,0.28650,0.43700,nan,nan,nan,nan,nan,nan,0.18740,0.20940,nan,nan,nan,nan,nan,nan
NGC6063,2880.000,0.05180,0.43700,nan,nan,nan,nan,nan,nan,0.06450,0.20940,nan,nan,nan,nan,nan,nan
NGC6063,2900.000,-0.32990,0.43690,nan,nan,nan,nan,nan,nan,0.02110,0.20940,nan,nan,nan,nan,nan,nan
NGC6063,2920.000,0.27930,0.43690,nan,nan,nan,nan,nan,nan,-0.10810,0.20940,nan,nan,nan,nan,nan,nan
NGC6063,2940.000,0.26400,0.43680,nan,nan,nan,nan,nan,nan,0.11750,0.20930,nan,nan,nan,nan,nan,nan
NGC6063,2960.000,0.11470,0.43690,nan,nan,nan,nan,nan,nan,0.09560,0.20930,nan,nan,nan,nan,nan,nan
NGC6063,2980.000,0.24460,0.43690,nan,nan,nan,nan,nan,nan,0.06580,0.20930,nan,nan,nan,nan,nan,nan
NGC6063,3000.000,-0.03630,0.43680,nan,nan,nan,nan,nan,nan,-0.01040,0.20920,nan,nan,nan,nan,nan,nan
NGC6063,3020.000,0.38460,0.43680,nan,nan,nan,nan,nan,nan,0.10930,0.20920,nan,nan,nan,nan,nan,nan
NGC6063,3040.000,0.22170,0.43680,nan,nan,nan,nan,nan,nan,-0.15800,0.20920,nan,nan,nan,nan,nan,nan
NGC6063,3060.000,-0.13420,0.43680,nan,nan,nan,nan,nan,nan,-0.17010,0.20920,nan,nan,nan,nan,nan,nan
NGC6063,3080.000,0.25150,0.43680,nan,nan,nan,nan,nan,nan,-0.14180,0.20920,nan,nan,nan,nan,nan,nan
NGC6063,3100.000,-0.29110,0.43670,nan,nan,nan,nan,nan,nan,-0.21680,0.20920,nan,nan,nan,nan,nan,nan
NGC6063,3120.000,-0.16390,0.43670,nan,nan,nan,nan,nan,nan,0.03160,0.20920,nan,nan,nan,nan,nan,nan
NGC6063,3140.000,-0.07730,0.43670,nan,nan,nan,nan,nan,nan,-0.10530,0.20920,nan,nan,nan,nan,nan,nan
NGC6063,3160.000,0.12910,0.43670,nan,nan,nan,nan,nan,nan,-0.16830,0.20920,nan,nan,nan,nan,nan,nan
NGC6063,3180.000,0.24970,0.43670,nan,nan,nan,nan,nan,nan,-0.07910,0.20920,nan,nan,nan,nan,nan,nan
NGC6063,3200.000,0.00430,0.43670,nan,nan,nan,nan,nan,nan,-0.03010,0.20920,nan,nan,nan,nan,nan,nan
NGC6063,3220.000,0.09360,0.43670,nan,nan,nan,nan,nan,nan,-0.06760,0.20920,nan,nan,nan,nan,nan,nan
NGC6063,3240.000,-0.42720,0.43670,nan,nan,nan,nan,nan,nan,0.08850,0.20920,nan,nan,nan,nan,nan,nan
NGC6063,3260.000,0.18980,0.43670,nan,nan,nan,nan,nan,nan,-0.02950,0.20920,nan,nan,nan,nan,nan,nan
NGC6081,4600.000,-0.40070,0.89560,nan,nan,nan,nan,nan,nan,0.32600,0.54440,nan,nan,nan,nan,nan,nan
NGC6081,4620.000,0.70860,0.89570,nan,nan,nan,nan,nan,nan,-0.03340,0.54440,nan,nan,nan,nan,nan,nan
NGC6081,4640.000,0.53470,0.89570,nan,nan,nan,nan,nan,nan,0.03660,0.54430,nan,nan,nan,nan,nan,nan
NGC6081,4660.000,0.64550,0.89570,nan,nan,nan,nan,nan,nan,-0.09890,0.54430,nan,nan,nan,nan,nan,nan
NGC6081,4680.000,-0.24200,0.89570,nan,nan,nan,nan,nan,nan,-0.08210,0.54420,nan,nan,nan,nan,nan,nan
NGC6081,4700.000,-0.21310,0.89570,nan,nan,nan,nan,nan,nan,-0.21110,0.54420,nan,nan,nan,nan,nan,nan
NGC6081,4720.000,-1.25510,0.89570,nan,nan,nan,nan,nan,nan,0.24510,0.54420,nan,nan,nan,nan,nan,nan
NGC6081,4740.000,-0.10110,0.89570,nan,nan,nan,nan,nan,nan,-0.09740,0.54420,nan,nan,nan,nan,nan,nan
NGC6081,4760.000,0.10580,0.89570,nan,nan,nan,nan,nan,nan,0.36010,0.54420,nan,nan,nan,nan,nan,nan
NGC6081,4780.000,-0.15650,0.89570,nan,nan,nan,nan,nan,nan,0.19200,0.54420,nan,nan,nan,nan,nan,nan
NGC6081,4800.000,-0.65490,0.89570,nan,nan,nan,nan,nan,nan,0.03960,0.54410,nan,nan,nan,nan,nan,nan
NGC6081,4820.000,-0.45660,0.89560,nan,nan,nan,nan,nan,nan,0.06970,0.54410,nan,nan,nan,nan,nan,nan
NGC6081,4840.000,0.24410,0.89550,nan,nan,nan,nan,nan,nan,-0.27060,0.54410,nan,nan,nan,nan,nan,nan
NGC6081,4860.000,-0.15410,0.89550,nan,nan,nan,nan,nan,nan,-0.11610,0.54410,nan,nan,nan,nan,nan,nan
NGC6081,4880.000,1.30920,0.89530,nan,nan,nan,nan,nan,nan,0.16110,0.54390,nan,nan,nan,nan,nan,nan
NGC6081,4900.000,0.08240,0.89510,nan,nan,nan,nan,nan,nan,-0.11640,0.54390,nan,nan,nan,nan,nan,nan
NGC6081,4920.000,-0.17550,0.89510,nan,nan,nan,nan,nan,nan,0.04150,0.54390,nan,nan,nan,nan,nan,nan
NGC6081,4940.000,1.19180,0.89510,nan,nan,nan,nan,nan,nan,0.32320,0.54370,nan,nan,nan,nan,nan,nan
NGC6081,4960.000,0.60750,0.89510,nan,nan,nan,nan,nan,nan,0.52230,0.54370,nan,nan,nan,nan,nan,nan
NGC6081,4980.000,-1.26900,0.89510,nan,nan,nan,nan,nan,nan,-0.32330,0.54370,nan,nan,nan,nan,nan,nan
NGC6081,5000.000,-0.04960,0.89510,nan,nan,nan,nan,nan,nan,-0.02680,0.54370,nan,nan,nan,nan,nan,nan
NGC6081,5020.000,0.20510,0.89510,nan,nan,nan,nan,nan,nan,-0.00730,0.54370,nan,nan,nan,nan,nan,nan
NGC6081,5040.000,0.23890,0.89510,nan,nan,nan,nan,nan,nan,-0.22870,0.54370,nan,nan,nan,nan,nan,nan
NGC6081,5060.000,-0.26150,0.89510,nan,nan,nan,nan,nan,nan,-0.03550,0.54370,nan,nan,nan,nan,nan,nan
NGC6081,5080.000,-0.44670,0.89510,nan,nan,nan,nan,nan,nan,0.34100,0.54370,nan,nan,nan,nan,nan,nan
NGC6081,5100.000,0.34380,0.89520,nan,nan,nan,nan,nan,nan,0.65320,0.54370,nan,nan,nan,nan,nan,nan
NGC6081,5120.000,-0.52600,0.89520,nan,nan,nan,nan,nan,nan,-0.38960,0.54370,nan,nan,nan,nan,nan,nan
NGC6081,5140.000,-0.39730,0.89500,nan,nan,nan,nan,nan,nan,-0.03620,0.54360,nan,nan,nan,nan,nan,nan
NGC6081,5160.000,-0.43890,0.89500,nan,nan,nan,nan,nan,nan,0.16610,0.54360,nan,nan,nan,nan,nan,nan
NGC6081,5180.000,-0.44850,0.89500,nan,nan,nan,nan,nan,nan,-0.13370,0.54360,nan,nan,nan,nan,nan,nan
NGC6081,5200.000,0.33910,0.89510,nan,nan,nan,nan,nan,nan,0.21170,0.54360,nan,nan,nan,nan,nan,nan
NGC6081,5220.000,-0.01220,0.89490,nan,nan,nan,nan,nan,nan,-0.20580,0.54360,nan,nan,nan,nan,nan,nan
NGC6081,5240.000,0.28540,0.89490,nan,nan,nan,nan,nan,nan,0.12390,0.54360,nan,nan,nan,nan,nan,nan
NGC6081,5260.000,0.34200,0.89490,nan,nan,nan,nan,nan,nan,-0.24330,0.54360,nan,nan,nan,nan,nan,nan
NGC6081,5280.000,0.20210,0.89490,nan,nan,nan,nan,nan,nan,-0.26480,0.54350,nan,nan,nan,nan,nan,nan
NGC6081,5300.000,0.26890,0.89480,nan,nan,nan,nan,nan,nan,-0.34750,0.54350,nan,nan,nan,nan,nan,nan
NGC6081,5320.000,0.40920,0.89480,nan,nan,nan,nan,nan,nan,0.15890,0.54340,nan,nan,nan,nan,nan,nan
NGC6081,5340.000,0.59160,0.89480,nan,nan,nan,nan,nan,nan,0.06170,0.54340,nan,nan,nan,nan,nan,nan
NGC6081,5360.000,0.04980,0.89480,nan,nan,nan,nan,nan,nan,-0.26610,0.54340,nan,nan,nan,nan,nan,nan
NGC6081,5380.000,-0.27980,0.89480,nan,nan,nan,nan,nan,nan,-0.69960,0.54340,nan,nan,nan,nan,nan,nan
NGC6081,5400.000,0.62790,0.89490,nan,nan,nan,nan,nan,nan,-0.36980,0.54340,nan,nan,nan,nan,nan,nan
NGC6081,5420.000,-0.27940,0.89490,nan,nan,nan,nan,nan,nan,0.17110,0.54340,nan,nan,nan,nan,nan,nan
NGC6081,5440.000,-0.13340,0.89470,nan,nan,nan,nan,nan,nan,0.16220,0.54340,nan,nan,nan,nan,nan,nan
NGC6081,5460.000,0.10240,0.89470,nan,nan,nan,nan,nan,nan,0.13460,0.54340,nan,nan,nan,nan,nan,nan
NGC6125,4120.000,0.27800,0.33940,nan,nan,nan,nan,nan,nan,0.03370,0.16740,nan,nan,nan,nan,nan,nan
NGC6125,4140.000,-0.14940,0.33930,nan,nan,nan,nan,nan,nan,0.04460,0.16740,nan,nan,nan,nan,nan,nan
NGC6125,4160.000,-0.37810,0.33930,nan,nan,nan,nan,nan,nan,0.03290,0.16740,nan,nan,nan,nan,nan,nan
NGC6125,4180.000,-0.27820,0.33930,nan,nan,nan,nan,nan,nan,0.07090,0.16740,nan,nan,nan,nan,nan,nan
NGC6125,4200.000,-0.29670,0.33920,nan,nan,nan,nan,nan,nan,-0.02980,0.16740,nan,nan,nan,nan,nan,nan
NGC6125,4220.000,-0.00820,0.33920,nan,nan,nan,nan,nan,nan,-0.05830,0.16740,nan,nan,nan,nan,nan,nan
NGC6125,4240.000,0.00680,0.33920,nan,nan,nan,nan,nan,nan,-0.10020,0.16740,nan,nan,nan,nan,nan,nan
NGC6125,4260.000,0.22140,0.33920,nan,nan,nan,nan,nan,nan,0.01430,0.16740,nan,nan,nan,nan,nan,nan
NGC6125,4280.000,0.19120,0.33920,nan,nan,nan,nan,nan,nan,0.00200,0.16740,nan,nan,nan,nan,nan,nan
NGC6125,4300.000,-0.05040,0.33920,nan,nan,nan,nan,nan,nan,0.14110,0.16740,nan,nan,nan,nan,nan,nan
NGC6125,4320.000,-0.16570,0.33920,nan,nan,nan,nan,nan,nan,-0.01560,0.16740,nan,nan,nan,nan,nan,nan
NGC6125,4340.000,-0.25490,0.33920,nan,nan,nan,nan,nan,nan,0.04700,0.16740,nan,nan,nan,nan,nan,nan
NGC6125,4360.000,0.11880,0.33920,nan,nan,nan,nan,nan,nan,0.08120,0.16740,nan,nan,nan,nan,nan,nan
NGC6125,4380.000,0.07810,0.33920,nan,nan,nan,nan,nan,nan,0.10640,0.16740,nan,nan,nan,nan,nan,nan
NGC6125,4400.000,-0.14840,0.33920,nan,nan,nan,nan,nan,nan,0.07410,0.16740,nan,nan,nan,nan,nan,nan
NGC6125,4420.000,-0.00480,0.33920,nan,nan,nan,nan,nan,nan,0.00600,0.16740,nan,nan,nan,nan,nan,nan
NGC6125,4440.000,-0.00400,0.33920,nan,nan,nan,nan,nan,nan,-0.03070,0.16740,nan,nan,nan,nan,nan,nan
NGC6125,4460.000,-0.07120,0.33920,nan,nan,nan,nan,nan,nan,0.17600,0.16740,nan,nan,nan,nan,nan,nan
NGC6125,4480.000,-0.05560,0.33920,nan,nan,nan,nan,nan,nan,-0.09240,0.16740,nan,nan,nan,nan,nan,nan
NGC6125,4500.000,-0.02620,0.33920,nan,nan,nan,nan,nan,nan,0.01750,0.16740,nan,nan,nan,nan,nan,nan
NGC6125,4520.000,0.10020,0.33920,nan,nan,nan,nan,nan,nan,0.00760,0.16740,nan,nan,nan,nan,nan,nan
NGC6125,4540.000,-0.24360,0.33920,nan,nan,nan,nan,nan,nan,-0.00500,0.16740,nan,nan,nan,nan,nan,nan
NGC6125,4560.000,0.16020,0.33920,nan,nan,nan,nan,nan,nan,-0.09090,0.16740,nan,nan,nan,nan,nan,nan
NGC6125,4580.000,0.08270,0.33920,nan,nan,nan,nan,nan,nan,-0.01800,0.16740,nan,nan,nan,nan,nan,nan
NGC6125,4600.000,-0.07300,0.33920,nan,nan,nan,nan,nan,nan,0.09150,0.16740,nan,nan,nan,nan,nan,nan
NGC6125,4620.000,-0.09010,0.33920,nan,nan,nan,nan,nan,nan,-0.10260,0.16730,nan,nan,nan,nan,nan,nan
NGC6125,4640.000,0.04890,0.33920,nan,nan,nan,nan,nan,nan,0.05600,0.16730,nan,nan,nan,nan,nan,nan
NGC6125,4660.000,-0.06230,0.33910,nan,nan,nan,nan,nan,nan,-0.09810,0.16730,nan,nan,nan,nan,nan,nan
NGC6125,4680.000,0.14700,0.33910,nan,nan,nan,nan,nan,nan,-0.09160,0.16730,nan,nan,nan,nan,nan,nan
NGC6125,4700.000,0.09030,0.33910,nan,nan,nan,nan,nan,nan,0.11720,0.16730,nan,nan,nan,nan,nan,nan
NGC6125,4720.000,0.03810,0.33910,nan,nan,nan,nan,nan,nan,0.18610,0.16730,nan,nan,nan,nan,nan,nan
NGC6125,4740.000,0.03270,0.33910,nan,nan,nan,nan,nan,nan,0.00620,0.16730,nan,nan,nan,nan,nan,nan
NGC6125,4760.000,0.08040,0.33910,nan,nan,nan,nan,nan,nan,0.02350,0.16730,nan,nan,nan,nan,nan,nan
NGC6125,4780.000,-0.00970,0.33900,nan,nan,nan,nan,nan,nan,-0.00510,0.16730,nan,nan,nan,nan,nan,nan
NGC6125,4800.000,0.03220,0.33900,nan,nan,nan,nan,nan,nan,0.11230,0.16730,nan,nan,nan,nan,nan,nan
NGC6125,4820.000,0.15070,0.33900,nan,nan,nan,nan,nan,nan,0.15070,0.16730,nan,nan,nan,nan,nan,nan
NGC6125,4840.000,-0.14950,0.33900,nan,nan,nan,nan,nan,nan,0.13290,0.16730,nan,nan,nan,nan,nan,nan
NGC6125,4860.000,0.21090,0.33900,nan,nan,nan,nan,nan,nan,-0.05870,0.16730,nan,nan,nan,nan,nan,nan
NGC6125,4880.000,0.00190,0.33890,nan,nan,nan,nan,nan,nan,-0.12240,0.16730,nan,nan,nan,nan,nan,nan
NGC6125,4900.000,-0.00960,0.33890,nan,nan,nan,nan,nan,nan,0.03580,0.16730,nan,nan,nan,nan,nan,nan
NGC6125,4920.000,0.09430,0.33890,nan,nan,nan,nan,nan,nan,-0.00170,0.16730,nan,nan,nan,nan,nan,nan
NGC6125,4940.000,0.42060,0.33890,nan,nan,nan,nan,nan,nan,0.05970,0.16730,nan,nan,nan,nan,nan,nan
NGC6125,4960.000,0.13160,0.33890,nan,nan,nan,nan,nan,nan,-0.03140,0.16730,nan,nan,nan,nan,nan,nan
NGC6125,4980.000,-0.49890,0.33890,nan,nan,nan,nan,nan,nan,-0.01060,0.16730,nan,nan,nan,nan,nan,nan
NGC6132,4460.000,0.18840,0.34830,nan,nan,nan,nan,nan,nan,0.00410,0.19600,nan,nan,nan,nan,nan,nan
NGC6132,4480.000,0.31250,0.34830,nan,nan,nan,nan,nan,nan,0.04130,0.19600,nan,nan,nan,nan,nan,nan
NGC6132,4500.000,0.22300,0.34830,nan,nan,nan,nan,nan,nan,-0.13220,0.19600,nan,nan,nan,nan,nan,nan
NGC6132,4520.000,-0.04090,0.34830,nan,nan,nan,nan,nan,nan,-0.04980,0.19600,nan,nan,nan,nan,nan,nan
NGC6132,4540.000,0.15260,0.34830,nan,nan,nan,nan,nan,nan,-0.09360,0.19600,nan,nan,nan,nan,nan,nan
NGC6132,4560.000,0.18270,0.34830,nan,nan,nan,nan,nan,nan,0.10730,0.19600,nan,nan,nan,nan,nan,nan
NGC6132,4580.000,-0.50220,0.34830,nan,nan,nan,nan,nan,nan,-0.19390,0.19600,nan,nan,nan,nan,nan,nan
NGC6132,4600.000,0.14070,0.34830,nan,nan,nan,nan,nan,nan,-0.09290,0.19600,nan,nan,nan,nan,nan,nan
NGC6132,4620.000,0.38430,0.34830,nan,nan,nan,nan,nan,nan,-0.12070,0.19600,nan,nan,nan,nan,nan,nan
NGC6132,4640.000,0.12380,0.34830,nan,nan,nan,nan,nan,nan,-0.07510,0.19600,nan,nan,nan,nan,nan,nan
NGC6132,4660.000,0.17760,0.34830,nan,nan,nan,nan,nan,nan,-0.04860,0.19600,nan,nan,nan,nan,nan,nan
NGC6132,4680.000,-0.37300,0.34830,nan,nan,nan,nan,nan,nan,-0.01490,0.19600,nan,nan,nan,nan,nan,nan
NGC6132,4700.000,-0.27630,0.34830,nan,nan,nan,nan,nan,nan,0.06670,0.19600,nan,nan,nan,nan,nan,nan
NGC6132,4720.000,0.09750,0.34830,nan,nan,nan,nan,nan,nan,-0.00680,0.19600,nan,nan,nan,nan,nan,nan
NGC6132,4740.000,0.15860,0.34830,nan,nan,nan,nan,nan,nan,-0.03320,0.19600,nan,nan,nan,nan,nan,nan
NGC6132,4760.000,0.05840,0.34830,nan,nan,nan,nan,nan,nan,-0.02270,0.19600,nan,nan,nan,nan,nan,nan
NGC6132,4780.000,-0.28570,0.34830,nan,nan,nan,nan,nan,nan,-0.13180,0.19600,nan,nan,nan,nan,nan,nan
NGC6132,4800.000,0.14750,0.34830,nan,nan,nan,nan,nan,nan,0.09320,0.19600,nan,nan,nan,nan,nan,nan
NGC6132,4820.000,0.06670,0.34830,nan,nan,nan,nan,nan,nan,0.02630,0.19600,nan,nan,nan,nan,nan,nan
NGC6132,4840.000,0.00300,0.34820,nan,nan,nan,nan,nan,nan,-0.21820,0.19600,nan,nan,nan,nan,nan,nan
NGC6132,4860.000,-0.25630,0.34820,nan,nan,nan,nan,nan,nan,-0.04210,0.19600,nan,nan,nan,nan,nan,nan
NGC6132,4880.000,-0.23950,0.34820,nan,nan,nan,nan,nan,nan,-0.04520,0.19600,nan,nan,nan,nan,nan,nan
NGC6132,4900.000,0.27160,0.34820,nan,nan,nan,nan,nan,nan,0.05540,0.19600,nan,nan,nan,nan,nan,nan
NGC6132,4920.000,-0.19700,0.34810,nan,nan,nan,nan,nan,nan,-0.10870,0.19600,nan,nan,nan,nan,nan,nan
NGC6132,4940.000,-0.24210,0.34810,nan,nan,nan,nan,nan,nan,0.08150,0.19600,nan,nan,nan,nan,nan,nan
NGC6132,4960.000,-0.07730,0.34810,nan,nan,nan,nan,nan,nan,0.15100,0.19590,nan,nan,nan,nan,nan,nan
