edge_pydb/dat_spec/edge_cospec_smo7.csv
# %ECSV 0.9
# ---
# datatype:
# - {name: Name, datatype: string, description: Galaxy Name}
# - {name: coVlsr_smo7, unit: km / s, datatype: float64, format: .3f, description: 'Velocity, VRAD, LSRK'}
# - {name: coNomaskSpec_smo7, unit: Jy, datatype: float32, format: .5f, description: Unmasked spectrum}
# - {name: coNomaskUnc_smo7, unit: Jy, datatype: float32, format: .5f, description: Error in Unmasked spectrum}
# - {name: coDilatedSpec_smo7, unit: Jy, datatype: float32, format: .5f, description: Dilated mask spectrum}
# - {name: coDilatedUnc_smo7, unit: Jy, datatype: float32, format: .5f, description: Error in Dilated mask spectrum}
# - {name: coSmoothSpec_smo7, unit: Jy, datatype: float32, format: .5f, description: Smoothed mask spectrum}
# - {name: coSmoothUnc_smo7, unit: Jy, datatype: float32, format: .5f, description: Error in Smoothed mask spectrum}
# - {name: coMask2dSpec_smo7, unit: Jy, datatype: float32, format: .5f, description: 2D mask spectrum}
# - {name: coMask2dUnc_smo7, unit: Jy, datatype: float32, format: .5f, description: Error in 2D mask spectrum}
# - {name: cottNomaskSpec_smo7, unit: Jy, datatype: float32, format: .5f, description: Unmasked spectrum}
# - {name: cottNomaskUnc_smo7, unit: Jy, datatype: float32, format: .5f, description: Error in Unmasked spectrum}
# - {name: cottDilatedSpec_smo7, unit: Jy, datatype: float32, format: .5f, description: Dilated mask spectrum}
# - {name: cottDilatedUnc_smo7, unit: Jy, datatype: float32, format: .5f, description: Error in Dilated mask spectrum}
# - {name: cottSmoothSpec_smo7, unit: Jy, datatype: float32, format: .5f, description: Smoothed mask spectrum}
# - {name: cottSmoothUnc_smo7, unit: Jy, datatype: float32, format: .5f, description: Error in Smoothed mask spectrum}
# - {name: cottMask2dSpec_smo7, unit: Jy, datatype: float32, format: .5f, description: 2D mask spectrum}
# - {name: cottMask2dUnc_smo7, unit: Jy, datatype: float32, format: .5f, description: Error in 2D mask spectrum}
# - {name: cottMk12_diSpec_smo7, unit: Jy, datatype: float32, format: .5f, description: 12CO-based Dilated mask spectrum}
# - {name: cottMk12_diUnc_smo7, unit: Jy, datatype: float32, format: .5f, description: Error in 12CO-based Dilated mask spectrum}
# - {name: cottMk12_smSpec_smo7, unit: Jy, datatype: float32, format: .5f, description: 12CO-based Smoothed mask spectrum}
# - {name: cottMk12_smUnc_smo7, unit: Jy, datatype: float32, format: .5f, description: Error in 12CO-based Smoothed mask spectrum}
# delimiter: ','
# meta: !!omap
# - {date: '2020-06-28'}
# - {comments: Integrated CO spectra from smo7 cubes}
# schema: astropy-2.0
Name,coVlsr_smo7,coNomaskSpec_smo7,coNomaskUnc_smo7,coDilatedSpec_smo7,coDilatedUnc_smo7,coSmoothSpec_smo7,coSmoothUnc_smo7,coMask2dSpec_smo7,coMask2dUnc_smo7,cottNomaskSpec_smo7,cottNomaskUnc_smo7,cottDilatedSpec_smo7,cottDilatedUnc_smo7,cottSmoothSpec_smo7,cottSmoothUnc_smo7,cottMask2dSpec_smo7,cottMask2dUnc_smo7,cottMk12_diSpec_smo7,cottMk12_diUnc_smo7,cottMk12_smSpec_smo7,cottMk12_smUnc_smo7
[from data line 2106]
NGC4961,2760.000,-0.12820,0.28630,nan,nan,nan,nan,0.06430,0.05420,-0.05280,0.12930,nan,nan,nan,nan,nan,nan,nan,nan,nan,nan
NGC4961,2780.000,-0.06950,0.28630,nan,nan,nan,nan,-0.06220,0.05420,-0.07960,0.12930,nan,nan,nan,nan,nan,nan,nan,nan,nan,nan
NGC4961,2800.000,-0.06050,0.28630,nan,nan,nan,nan,-0.03750,0.05420,0.12690,0.12930,nan,nan,nan,nan,nan,nan,nan,nan,nan,nan
NGC4961,2820.000,-0.01510,0.28630,nan,nan,nan,nan,0.00990,0.05420,-0.06190,0.12930,nan,nan,nan,nan,nan,nan,nan,nan,nan,nan
NGC4961,2840.000,0.04280,0.28630,nan,nan,nan,nan,0.01710,0.05420,-0.04610,0.12930,nan,nan,nan,nan,nan,nan,nan,nan,nan,nan
NGC4961,2860.000,-0.02110,0.28630,nan,nan,nan,nan,-0.04390,0.05420,-0.05850,0.12930,nan,nan,nan,nan,nan,nan,nan,nan,nan,nan
NGC4961,2880.000,0.01390,0.28630,nan,nan,nan,nan,0.05750,0.05420,-0.02510,0.12920,nan,nan,nan,nan,nan,nan,nan,nan,nan,nan
NGC4961,2900.000,-0.00810,0.28630,nan,nan,nan,nan,0.02410,0.05420,-0.12400,0.12920,nan,nan,nan,nan,nan,nan,nan,nan,nan,nan
NGC4961,2920.000,-0.06430,0.28630,nan,nan,nan,nan,0.01110,0.05420,0.01500,0.12920,nan,nan,nan,nan,nan,nan,nan,nan,nan,nan
NGC4961,2940.000,-0.50140,0.28630,nan,nan,nan,nan,0.01220,0.05420,0.12400,0.12920,nan,nan,nan,nan,nan,nan,nan,nan,nan,nan
NGC4961,2960.000,-0.06440,0.28630,nan,nan,nan,nan,-0.03050,0.05420,0.05200,0.12920,nan,nan,nan,nan,nan,nan,nan,nan,nan,nan
NGC4961,2980.000,-0.04470,0.28630,nan,nan,nan,nan,0.05380,0.05420,-0.05930,0.12920,nan,nan,nan,nan,nan,nan,nan,nan,nan,nan
NGC5000,5060.000,-0.03120,0.21560,nan,nan,nan,nan,0.00230,0.06160,-0.18120,0.12870,nan,nan,nan,nan,nan,nan,nan,nan,nan,nan
NGC5000,5080.000,0.12630,0.21560,nan,nan,nan,nan,-0.03890,0.06160,0.16100,0.12870,nan,nan,nan,nan,nan,nan,nan,nan,nan,nan
NGC5000,5100.000,-0.06570,0.21560,nan,nan,nan,nan,0.11000,0.06160,0.04080,0.12870,nan,nan,nan,nan,nan,nan,nan,nan,nan,nan
NGC5000,5120.000,-0.21490,0.21560,nan,nan,nan,nan,0.01340,0.06160,0.02070,0.12870,nan,nan,nan,nan,nan,nan,nan,nan,nan,nan
NGC5000,5140.000,-0.09930,0.21560,nan,nan,nan,nan,0.04630,0.06160,0.13710,0.12870,nan,nan,nan,nan,nan,nan,nan,nan,nan,nan
NGC5000,5160.000,0.09270,0.21560,nan,nan,nan,nan,-0.05520,0.06160,0.01020,0.12870,nan,nan,nan,nan,nan,nan,nan,nan,nan,nan
NGC5000,5180.000,-0.04680,0.21560,nan,nan,nan,nan,0.00890,0.06160,-0.01720,0.12870,nan,nan,nan,nan,nan,nan,nan,nan,nan,nan
NGC5000,5200.000,0.11260,0.21560,nan,nan,nan,nan,0.00530,0.06160,0.04750,0.12870,nan,nan,nan,nan,nan,nan,nan,nan,nan,nan
NGC5000,5220.000,0.02980,0.21560,nan,nan,nan,nan,0.02330,0.06160,-0.08590,0.12860,nan,nan,nan,nan,nan,nan,nan,nan,nan,nan
NGC5000,5240.000,-0.16680,0.21560,nan,nan,nan,nan,0.04420,0.06160,-0.05590,0.12860,nan,nan,nan,nan,nan,nan,nan,nan,nan,nan
NGC5000,5260.000,-0.20950,0.21550,nan,nan,nan,nan,0.04610,0.06160,-0.02820,0.12860,nan,nan,nan,nan,nan,nan,nan,nan,nan,nan
NGC5000,5280.000,0.00020,0.21550,nan,nan,nan,nan,0.03410,0.06160,-0.06680,0.12860,nan,nan,nan,nan,nan,nan,nan,nan,nan,nan
NGC5000,5300.000,0.06670,0.21550,nan,nan,nan,nan,-0.02470,0.06160,-0.00040,0.12860,nan,nan,nan,nan,nan,nan,nan,nan,nan,nan
NGC5000,5320.000,-0.09480,0.21550,nan,nan,nan,nan,0.03310,0.06160,0.08030,0.12860,nan,nan,nan,nan,nan,nan,nan,nan,nan,nan
NGC5000,5340.000,0.00180,0.21550,nan,nan,nan,nan,-0.01560,0.06160,0.00490,0.12860,nan,nan,nan,nan,nan,nan,nan,nan,nan,nan
NGC5000,5360.000,-0.07710,0.21550,nan,nan,nan,nan,-0.06110,0.06160,0.04240,0.12860,nan,nan,nan,nan,nan,nan,nan,nan,nan,nan
NGC5000,5380.000,0.07000,0.21550,nan,nan,-0.00460,0.01240,-0.00390,0.06160,-0.03060,0.12860,nan,nan,nan,nan,nan,nan,nan,nan,0.00300,0.00730
NGC5000,5400.000,0.13380,0.21550,0.00510,0.01020,0.03020,0.02130,-0.00360,0.06160,0.05090,0.12860,nan,nan,nan,nan,nan,nan,0.00320,0.00600,0.00540,0.01240
NGC5000,5420.000,0.11620,0.21550,0.05200,0.01450,0.06230,0.03820,0.01970,0.06160,0.00020,0.12860,nan,nan,nan,nan,nan,nan,0.00680,0.00850,0.02210,0.02230
NGC5000,5440.000,-0.07650,0.21540,0.11550,0.02720,0.09970,0.04470,0.09310,0.06160,-0.09780,0.12860,nan,nan,nan,nan,nan,nan,0.00630,0.01590,0.00020,0.02610
NGC5000,5460.000,-0.29550,0.21540,0.28480,0.03220,0.30350,0.04990,0.30640,0.06160,-0.03440,0.12860,nan,nan,nan,nan,nan,nan,0.00480,0.01880,-0.01370,0.02910
NGC5000,5480.000,0.02370,0.21540,0.32750,0.03490,0.32280,0.05210,0.26730,0.06160,-0.08920,0.12860,nan,nan,nan,nan,nan,nan,0.01270,0.02030,-0.00370,0.03040
NGC5000,5500.000,0.28900,0.21540,0.30720,0.03240,0.26530,0.05280,0.20360,0.06160,-0.01410,0.12860,nan,nan,nan,nan,nan,nan,0.01710,0.01890,0.01120,0.03080
NGC5000,5520.000,0.15100,0.21540,0.30080,0.03000,0.27390,0.05140,0.26290,0.06160,0.02620,0.12860,nan,nan,nan,nan,nan,nan,0.04120,0.01750,0.03210,0.03000
NGC5000,5540.000,0.06120,0.21540,0.27280,0.02870,0.25300,0.04730,0.27610,0.06160,0.20920,0.12860,nan,nan,nan,nan,nan,nan,0.01340,0.01680,0.02270,0.02760
NGC5000,5560.000,0.26020,0.21540,0.31600,0.02800,0.28430,0.04480,0.24230,0.06160,0.09940,0.12860,nan,nan,nan,nan,nan,nan,0.01460,0.01640,0.02070,0.02610
NGC5000,5580.000,0.18350,0.21540,0.15360,0.02620,0.16420,0.04210,0.13450,0.06160,0.02790,0.12860,nan,nan,nan,nan,nan,nan,0.00410,0.01530,-0.01450,0.02450
NGC5000,5600.000,0.14150,0.21540,0.03400,0.01770,0.01200,0.03580,-0.02610,0.06160,-0.01380,0.12860,nan,nan,nan,nan,nan,nan,0.00650,0.01040,-0.01230,0.02090
NGC5000,5620.000,0.11370,0.21540,0.02280,0.01060,0.02840,0.02660,-0.06470,0.06160,-0.07730,0.12860,nan,nan,nan,nan,nan,nan,-0.00580,0.00620,-0.02310,0.01550
NGC5000,5640.000,-0.03060,0.21540,0.00250,0.00730,0.00030,0.01120,-0.04780,0.06160,0.05520,0.12860,nan,nan,nan,nan,nan,nan,-0.00140,0.00430,-0.00290,0.00660
NGC5000,5660.000,-0.08290,0.21540,nan,nan,nan,nan,0.04050,0.06160,0.03200,0.12860,nan,nan,nan,nan,nan,nan,nan,nan,nan,nan
NGC5000,5680.000,-0.01130,0.21540,nan,nan,nan,nan,0.01450,0.06160,-0.04980,0.12860,nan,nan,nan,nan,nan,nan,nan,nan,nan,nan
NGC5000,5700.000,-0.04930,0.21540,nan,nan,nan,nan,-0.00310,0.06160,-0.09610,0.12860,nan,nan,nan,nan,nan,nan,nan,nan,nan,nan
NGC5000,5720.000,0.10660,0.21540,nan,nan,nan,nan,0.03550,0.06160,0.00490,0.12860,nan,nan,nan,nan,nan,nan,nan,nan,nan,nan
NGC5000,5740.000,0.09650,0.21530,nan,nan,nan,nan,-0.00200,0.06160,0.06150,0.12860,nan,nan,nan,nan,nan,nan,nan,nan,nan,nan
NGC5000,5760.000,0.00770,0.21530,nan,nan,nan,nan,-0.00920,0.06150,-0.12690,0.12860,nan,nan,nan,nan,nan,nan,nan,nan,nan,nan
NGC5000,5780.000,-0.00530,0.21530,nan,nan,nan,nan,-0.01550,0.06150,0.08730,0.12860,nan,nan,nan,nan,nan,nan,nan,nan,nan,nan
NGC5000,5800.000,-0.24440,0.21520,nan,nan,nan,nan,0.06690,0.06150,0.05090,0.12860,nan,nan,nan,nan,nan,nan,nan,nan,nan,nan
NGC5000,5820.000,0.09410,0.21530,nan,nan,nan,nan,0.01710,0.06150,-0.09480,0.12860,nan,nan,nan,nan,nan,nan,nan,nan,nan,nan
NGC5000,5840.000,0.11630,0.21530,nan,nan,nan,nan,-0.04950,0.06150,-0.11030,0.12860,nan,nan,nan,nan,nan,nan,nan,nan,nan,nan
NGC5000,5860.000,0.26510,0.21530,nan,nan,nan,nan,-0.02200,0.06150,-0.04590,0.12860,nan,nan,nan,nan,nan,nan,nan,nan,nan,nan
NGC5000,5880.000,0.01850,0.21530,nan,nan,nan,nan,0.01910,0.06150,-0.00670,0.12860,nan,nan,nan,nan,nan,nan,nan,nan,nan,nan
NGC5000,5900.000,-0.04850,0.21530,nan,nan,nan,nan,0.01180,0.06150,0.07370,0.12860,nan,nan,nan,nan,nan,nan,nan,nan,nan,nan
NGC5000,5920.000,0.14240,0.21520,nan,nan,nan,nan,-0.01140,0.06150,0.10510,0.12860,nan,nan,nan,nan,nan,nan,nan,nan,nan,nan
NGC5016,2160.000,-0.01720,0.26930,nan,nan,nan,nan,0.06140,0.09170,-0.09260,0.13700,nan,nan,nan,nan,nan,nan,nan,nan,nan,nan
NGC5016,2180.000,0.29940,0.26930,nan,nan,nan,nan,-0.11970,0.09170,-0.16220,0.13700,nan,nan,nan,nan,nan,nan,nan,nan,nan,nan
NGC5016,2200.000,0.09150,0.26920,nan,nan,nan,nan,0.02370,0.09170,0.08660,0.13700,nan,nan,nan,nan,nan,nan,nan,nan,nan,nan
NGC5016,2220.000,0.19580,0.26920,nan,nan,nan,nan,-0.02580,0.09170,-0.01870,0.13700,nan,nan,nan,nan,nan,nan,nan,nan,nan,nan
NGC5016,2240.000,0.26630,0.26920,nan,nan,nan,nan,0.02220,0.09170,0.04460,0.13700,nan,nan,nan,nan,nan,nan,nan,nan,nan,nan
NGC5016,2260.000,0.18340,0.26920,nan,nan,nan,nan,0.00100,0.09170,0.04980,0.13700,nan,nan,nan,nan,nan,nan,nan,nan,nan,nan
NGC5016,2280.000,-0.26050,0.26920,nan,nan,nan,nan,-0.00510,0.09170,0.00990,0.13700,nan,nan,nan,nan,nan,nan,nan,nan,nan,nan
NGC5016,2300.000,-0.23670,0.26920,nan,nan,nan,nan,0.02750,0.09170,-0.03320,0.13700,nan,nan,nan,nan,nan,nan,nan,nan,nan,nan
NGC5016,2320.000,-0.36510,0.26920,nan,nan,nan,nan,0.01190,0.09170,-0.01430,0.13700,nan,nan,nan,nan,nan,nan,nan,nan,nan,nan
NGC5016,2340.000,-0.14120,0.26920,nan,nan,nan,nan,0.00690,0.09170,-0.09420,0.13700,nan,nan,nan,nan,nan,nan,nan,nan,nan,nan
NGC5016,2360.000,-0.08500,0.26920,nan,nan,nan,nan,-0.01520,0.09170,-0.02910,0.13700,nan,nan,nan,nan,nan,nan,nan,nan,nan,nan
NGC5016,2380.000,0.06670,0.26920,nan,nan,nan,nan,0.07750,0.09170,0.16270,0.13700,nan,nan,nan,nan,nan,nan,nan,nan,nan,nan
NGC5016,2400.000,0.02920,0.26920,nan,nan,nan,nan,0.00860,0.09170,-0.05390,0.13700,nan,nan,nan,nan,nan,nan,nan,nan,nan,nan
NGC5016,2420.000,-0.08410,0.26920,nan,nan,nan,nan,0.06210,0.09170,0.00450,0.13700,nan,nan,nan,nan,nan,nan,nan,nan,nan,nan
NGC5016,2440.000,0.17040,0.26920,nan,nan,-0.01790,0.03640,-0.03570,0.09170,0.05580,0.13700,nan,nan,nan,nan,nan,nan,nan,nan,0.00160,0.01810
NGC5016,2460.000,0.10320,0.26920,-0.02050,0.02480,0.00480,0.04480,0.07080,0.09170,-0.01960,0.13700,nan,nan,nan,nan,nan,nan,-0.00230,0.01230,0.00870,0.02230
NGC5016,2480.000,0.19700,0.26920,0.20430,0.03240,0.22480,0.05080,0.20210,0.09170,0.02050,0.13700,nan,nan,nan,nan,nan,nan,0.02770,0.01610,0.01050,0.02520
NGC5016,2500.000,-0.36660,0.26920,0.30430,0.03560,0.27640,0.05970,0.25110,0.09170,-0.03810,0.13700,nan,nan,nan,nan,nan,nan,0.03640,0.01770,0.03570,0.02960
NGC5016,2520.000,-0.10180,0.26920,0.28050,0.03400,0.24870,0.06400,0.15070,0.09170,0.06210,0.13690,nan,nan,nan,nan,nan,nan,0.00970,0.01690,0.00970,0.03180
NGC5016,2540.000,0.10500,0.26920,0.23380,0.03430,0.23120,0.06700,0.14940,0.09170,-0.07290,0.13690,nan,nan,nan,nan,nan,nan,0.03400,0.01700,0.01640,0.03320
NGC5016,2560.000,0.33410,0.26920,0.21820,0.03480,0.14190,0.06300,0.03760,0.09170,0.06510,0.13690,nan,nan,nan,nan,nan,nan,0.03770,0.01730,0.02950,0.03130
NGC5016,2580.000,0.22380,0.26920,0.32910,0.03480,0.31430,0.05720,0.13310,0.09170,-0.01230,0.13690,nan,nan,nan,nan,nan,nan,0.04330,0.01730,0.02730,0.02840
NGC5016,2600.000,0.18030,0.26920,0.23890,0.03470,0.18680,0.05490,0.02210,0.09170,0.06650,0.13690,nan,nan,nan,nan,nan,nan,0.02380,0.01720,0.03230,0.02730
NGC5016,2620.000,0.08690,0.26920,0.24360,0.03800,0.18810,0.05540,0.04740,0.09170,0.06070,0.13690,nan,nan,nan,nan,nan,nan,0.01070,0.01890,0.01480,0.02750
NGC5016,2640.000,0.12270,0.26910,0.37630,0.03850,0.36420,0.05610,0.11750,0.09170,-0.01910,0.13690,nan,nan,nan,nan,nan,nan,0.01020,0.01910,0.00330,0.02790
NGC5016,2660.000,0.12000,0.26910,0.25010,0.03960,0.12380,0.05710,0.00040,0.09170,-0.09250,0.13690,nan,nan,nan,nan,nan,nan,0.00660,0.01970,-0.02220,0.02840
NGC5016,2680.000,-0.17670,0.26910,0.31720,0.03710,0.26350,0.05990,0.23490,0.09170,-0.12280,0.13690,nan,nan,nan,nan,nan,nan,0.02360,0.01840,-0.00890,0.02970
NGC5016,2700.000,0.17290,0.26910,0.32470,0.03760,0.30740,0.05520,0.14640,0.09170,-0.03220,0.13690,nan,nan,nan,nan,nan,nan,0.02880,0.01870,0.02620,0.02740
NGC5016,2720.000,0.19600,0.26910,0.09580,0.03230,0.16180,0.05430,0.16660,0.09170,0.13130,0.13690,nan,nan,nan,nan,nan,nan,0.01770,0.01600,0.01840,0.02690
NGC5016,2740.000,0.22320,0.26910,0.01060,0.01640,-0.02490,0.04770,-0.00370,0.09170,0.10820,0.13690,nan,nan,nan,nan,nan,nan,-0.00260,0.00810,0.05330,0.02360
NGC5016,2760.000,0.04430,0.26910,nan,nan,-0.03000,0.03280,-0.01660,0.09170,-0.05480,0.13690,nan,nan,nan,nan,nan,nan,nan,nan,-0.00150,0.01620
NGC5016,2780.000,0.10650,0.26910,nan,nan,nan,nan,0.00500,0.09170,0.02620,0.13690,nan,nan,nan,nan,nan,nan,nan,nan,nan,nan
NGC5016,2800.000,0.22250,0.26910,nan,nan,nan,nan,-0.01890,0.09170,-0.19490,0.13690,nan,nan,nan,nan,nan,nan,nan,nan,nan,nan
NGC5016,2820.000,-0.09630,0.26910,nan,nan,nan,nan,0.02820,0.09160,-0.08820,0.13690,nan,nan,nan,nan,nan,nan,nan,nan,nan,nan
NGC5016,2840.000,0.08540,0.26910,nan,nan,nan,nan,-0.01230,0.09160,-0.19700,0.13690,nan,nan,nan,nan,nan,nan,nan,nan,nan,nan
NGC5016,2860.000,0.12360,0.26910,nan,nan,nan,nan,0.04280,0.09160,-0.01050,0.13690,nan,nan,nan,nan,nan,nan,nan,nan,nan,nan
NGC5016,2880.000,-0.03000,0.26910,nan,nan,nan,nan,-0.03110,0.09160,-0.12850,0.13680,nan,nan,nan,nan,nan,nan,nan,nan,nan,nan
NGC5016,2900.000,0.02170,0.26910,nan,nan,nan,nan,-0.04170,0.09160,-0.02580,0.13680,nan,nan,nan,nan,nan,nan,nan,nan,nan,nan
NGC5016,2920.000,0.05450,0.26910,nan,nan,nan,nan,0.05830,0.09160,-0.01940,0.13680,nan,nan,nan,nan,nan,nan,nan,nan,nan,nan
NGC5016,2940.000,-0.20140,0.26910,nan,nan,nan,nan,0.06860,0.09160,-0.05010,0.13680,nan,nan,nan,nan,nan,nan,nan,nan,nan,nan
NGC5016,2960.000,0.21990,0.26910,nan,nan,nan,nan,0.01890,0.09160,0.13450,0.13680,nan,nan,nan,nan,nan,nan,nan,nan,nan,nan
NGC5016,2980.000,-0.11210,0.26900,nan,nan,nan,nan,-0.00560,0.09160,0.04130,0.13680,nan,nan,nan,nan,nan,nan,nan,nan,nan,nan
NGC5016,3000.000,-0.20320,0.26900,nan,nan,nan,nan,0.03770,0.09160,-0.02530,0.13680,nan,nan,nan,nan,nan,nan,nan,nan,nan,nan
NGC5016,3020.000,0.10820,0.26900,nan,nan,nan,nan,0.00960,0.09160,0.02960,0.13680,nan,nan,nan,nan,nan,nan,nan,nan,nan,nan
NGC5056,5020.000,-0.12220,0.21840,nan,nan,nan,nan,0.00210,0.05880,-0.00350,0.13120,nan,nan,nan,nan,nan,nan,nan,nan,nan,nan
NGC5056,5040.000,-0.23340,0.21840,nan,nan,nan,nan,-0.08560,0.05880,-0.03550,0.13120,nan,nan,nan,nan,nan,nan,nan,nan,nan,nan
NGC5056,5060.000,0.10550,0.21840,nan,nan,nan,nan,-0.04140,0.05880,0.01190,0.13120,nan,nan,nan,nan,nan,nan,nan,nan,nan,nan
NGC5056,5080.000,0.02030,0.21840,nan,nan,nan,nan,-0.00590,0.05880,-0.01000,0.13120,nan,nan,nan,nan,nan,nan,nan,nan,nan,nan
NGC5056,5100.000,0.00810,0.21840,nan,nan,nan,nan,0.06490,0.05880,-0.01890,0.13120,nan,nan,nan,nan,nan,nan,nan,nan,nan,nan
NGC5056,5120.000,0.11620,0.21840,nan,nan,nan,nan,0.00450,0.05880,0.09620,0.13120,nan,nan,nan,nan,nan,nan,nan,nan,nan,nan
NGC5056,5140.000,-0.15090,0.21840,nan,nan,nan,nan,0.06140,0.05880,0.00100,0.13120,nan,nan,nan,nan,nan,nan,nan,nan,nan,nan
NGC5056,5160.000,-0.10480,0.21840,nan,nan,nan,nan,-0.00440,0.05880,-0.06340,0.13120,nan,nan,nan,nan,nan,nan,nan,nan,nan,nan
NGC5056,5180.000,-0.17260,0.21840,nan,nan,nan,nan,-0.01360,0.05880,-0.01570,0.13120,nan,nan,nan,nan,nan,nan,nan,nan,nan,nan
NGC5056,5200.000,-0.11240,0.21840,nan,nan,nan,nan,0.00810,0.05880,0.07220,0.13120,nan,nan,nan,nan,nan,nan,nan,nan,nan,nan
NGC5056,5220.000,0.02270,0.21840,nan,nan,nan,nan,-0.05620,0.05880,0.04380,0.13120,nan,nan,nan,nan,nan,nan,nan,nan,nan,nan
NGC5056,5240.000,-0.02990,0.21840,nan,nan,nan,nan,-0.04330,0.05880,0.04460,0.13120,nan,nan,nan,nan,nan,nan,nan,nan,nan,nan
NGC5056,5260.000,-0.26070,0.21840,nan,nan,nan,nan,0.01840,0.05880,-0.03760,0.13120,nan,nan,nan,nan,nan,nan,nan,nan,nan,nan
NGC5056,5280.000,-0.08380,0.21840,nan,nan,-0.00620,0.02080,-0.02840,0.05880,0.07890,0.13120,nan,nan,nan,nan,nan,nan,nan,nan,0.00710,0.01210
NGC5056,5300.000,-0.20710,0.21840,nan,nan,0.03060,0.03410,0.05410,0.05880,0.01570,0.13120,nan,nan,nan,nan,nan,nan,nan,nan,0.02820,0.01990
NGC5056,5320.000,-0.10990,0.21830,-0.00700,0.01800,0.06660,0.03940,0.02000,0.05880,-0.05660,0.13120,nan,nan,nan,nan,nan,nan,0.00480,0.01050,0.00270,0.02300
NGC5056,5340.000,-0.07880,0.21830,0.14270,0.02320,0.11410,0.04060,0.06140,0.05880,-0.02490,0.13110,nan,nan,nan,nan,nan,nan,0.01100,0.01360,0.00450,0.02370
NGC5056,5360.000,0.10560,0.21830,0.21220,0.02570,0.16500,0.04070,0.10870,0.05880,0.18710,0.13110,nan,nan,nan,nan,nan,nan,0.00300,0.01510,-0.00040,0.02380
NGC5056,5380.000,-0.04690,0.21830,0.17230,0.02540,0.15280,0.03710,0.09020,0.05880,0.09760,0.13110,nan,nan,nan,nan,nan,nan,0.01140,0.01490,-0.00930,0.02170
NGC5056,5400.000,-0.04620,0.21830,0.12400,0.02410,0.13350,0.03510,-0.01020,0.05880,-0.02390,0.13110,nan,nan,nan,nan,nan,nan,0.00880,0.01410,0.01330,0.02060
