edge_pydb/dat_spec/edge_cospec_smo7.csv
# %ECSV 0.9
# ---
# datatype:
# - {name: Name, datatype: string, description: Galaxy Name}
# - {name: coVlsr_smo7, unit: km / s, datatype: float64, format: .3f, description: 'Velocity, VRAD, LSRK'}
# - {name: coNomaskSpec_smo7, unit: Jy, datatype: float32, format: .5f, description: Unmasked spectrum}
# - {name: coNomaskUnc_smo7, unit: Jy, datatype: float32, format: .5f, description: Error in Unmasked spectrum}
# - {name: coDilatedSpec_smo7, unit: Jy, datatype: float32, format: .5f, description: Dilated mask spectrum}
# - {name: coDilatedUnc_smo7, unit: Jy, datatype: float32, format: .5f, description: Error in Dilated mask spectrum}
# - {name: coSmoothSpec_smo7, unit: Jy, datatype: float32, format: .5f, description: Smoothed mask spectrum}
# - {name: coSmoothUnc_smo7, unit: Jy, datatype: float32, format: .5f, description: Error in Smoothed mask spectrum}
# - {name: coMask2dSpec_smo7, unit: Jy, datatype: float32, format: .5f, description: 2D mask spectrum}
# - {name: coMask2dUnc_smo7, unit: Jy, datatype: float32, format: .5f, description: Error in 2D mask spectrum}
# - {name: cottNomaskSpec_smo7, unit: Jy, datatype: float32, format: .5f, description: Unmasked spectrum}
# - {name: cottNomaskUnc_smo7, unit: Jy, datatype: float32, format: .5f, description: Error in Unmasked spectrum}
# - {name: cottDilatedSpec_smo7, unit: Jy, datatype: float32, format: .5f, description: Dilated mask spectrum}
# - {name: cottDilatedUnc_smo7, unit: Jy, datatype: float32, format: .5f, description: Error in Dilated mask spectrum}
# - {name: cottSmoothSpec_smo7, unit: Jy, datatype: float32, format: .5f, description: Smoothed mask spectrum}
# - {name: cottSmoothUnc_smo7, unit: Jy, datatype: float32, format: .5f, description: Error in Smoothed mask spectrum}
# - {name: cottMask2dSpec_smo7, unit: Jy, datatype: float32, format: .5f, description: 2D mask spectrum}
# - {name: cottMask2dUnc_smo7, unit: Jy, datatype: float32, format: .5f, description: Error in 2D mask spectrum}
# - {name: cottMk12_diSpec_smo7, unit: Jy, datatype: float32, format: .5f, description: 12CO-based Dilated mask spectrum}
# - {name: cottMk12_diUnc_smo7, unit: Jy, datatype: float32, format: .5f, description: Error in 12CO-based Dilated mask spectrum}
# - {name: cottMk12_smSpec_smo7, unit: Jy, datatype: float32, format: .5f, description: 12CO-based Smoothed mask spectrum}
# - {name: cottMk12_smUnc_smo7, unit: Jy, datatype: float32, format: .5f, description: Error in 12CO-based Smoothed mask spectrum}
# delimiter: ','
# meta: !!omap
# - {date: '2020-06-28'}
# - {comments: Integrated CO spectra from smo7 cubes}
# schema: astropy-2.0
Name,coVlsr_smo7,coNomaskSpec_smo7,coNomaskUnc_smo7,coDilatedSpec_smo7,coDilatedUnc_smo7,coSmoothSpec_smo7,coSmoothUnc_smo7,coMask2dSpec_smo7,coMask2dUnc_smo7,cottNomaskSpec_smo7,cottNomaskUnc_smo7,cottDilatedSpec_smo7,cottDilatedUnc_smo7,cottSmoothSpec_smo7,cottSmoothUnc_smo7,cottMask2dSpec_smo7,cottMask2dUnc_smo7,cottMk12_diSpec_smo7,cottMk12_diUnc_smo7,cottMk12_smSpec_smo7,cottMk12_smUnc_smo7
[from data line 4938]
UGC09537,8660.000,0.03380,0.19820,0.02320,0.01520,0.01910,0.02470,0.01330,0.05810,0.04100,0.14930,nan,nan,nan,nan,nan,nan,0.00830,0.01120,0.02120,0.01820
UGC09537,8680.000,-0.14460,0.19820,0.09060,0.01720,0.11230,0.02540,0.08590,0.05810,-0.22160,0.14930,nan,nan,nan,nan,nan,nan,0.00030,0.01270,0.00420,0.01870
UGC09537,8700.000,0.02280,0.19820,0.07700,0.01720,0.07050,0.02580,0.10440,0.05810,0.05180,0.14930,nan,nan,nan,nan,nan,nan,0.01010,0.01270,0.02340,0.01900
UGC09537,8720.000,-0.03670,0.19820,0.04680,0.01620,0.04920,0.02490,0.00030,0.05810,0.15330,0.14930,nan,nan,nan,nan,nan,nan,0.01120,0.01190,0.00610,0.01830
UGC09537,8740.000,-0.18200,0.19820,0.03160,0.01520,0.00210,0.03180,-0.01570,0.05810,-0.05230,0.14930,nan,nan,nan,nan,nan,nan,0.00710,0.01120,0.00370,0.02320
UGC09537,8760.000,0.06990,0.19820,0.06230,0.02400,0.07190,0.03890,0.04790,0.05810,0.21860,0.14930,nan,nan,nan,nan,nan,nan,0.02200,0.01750,0.03440,0.02840
UGC09537,8780.000,0.05700,0.19810,0.14530,0.02770,0.18520,0.04240,0.20320,0.05810,-0.08170,0.14930,nan,nan,nan,nan,nan,nan,0.04940,0.02020,0.05600,0.03090
UGC09537,8800.000,0.17090,0.19810,0.19450,0.03080,0.24430,0.04510,0.16960,0.05810,-0.08070,0.14930,nan,nan,nan,nan,nan,nan,0.03570,0.02250,0.06070,0.03280
UGC09537,8820.000,0.16310,0.19810,0.25140,0.03240,0.26720,0.04500,0.20520,0.05810,-0.10560,0.14930,nan,nan,nan,nan,nan,nan,0.04180,0.02360,0.05440,0.03280
UGC09537,8840.000,-0.03550,0.19810,0.13370,0.03100,0.13780,0.04360,0.11410,0.05810,-0.11000,0.14930,nan,nan,nan,nan,nan,nan,0.05810,0.02270,0.06170,0.03170
UGC09537,8860.000,-0.01720,0.19810,0.08670,0.02470,0.15340,0.04220,0.13930,0.05810,0.10360,0.14930,nan,nan,nan,nan,nan,nan,-0.00840,0.01800,-0.04850,0.03070
UGC09537,8880.000,0.10970,0.19810,0.02990,0.01960,0.03290,0.03400,0.02980,0.05810,-0.09270,0.14930,nan,nan,nan,nan,nan,nan,-0.00850,0.01420,0.00010,0.02470
UGC09537,8900.000,0.03300,0.19810,0.00890,0.01240,0.01500,0.02580,0.01560,0.05810,0.05860,0.14930,nan,nan,nan,nan,nan,nan,0.00720,0.00890,0.02420,0.01870
UGC09537,8920.000,-0.15700,0.19810,nan,nan,-0.00390,0.01050,0.02620,0.05810,0.00300,0.14930,nan,nan,nan,nan,nan,nan,nan,nan,0.00060,0.00760
UGC09537,8940.000,0.08730,0.19810,nan,nan,nan,nan,0.02340,0.05810,0.02780,0.14930,nan,nan,nan,nan,nan,nan,nan,nan,nan,nan
UGC09537,8960.000,0.13610,0.19810,nan,nan,nan,nan,-0.03720,0.05810,0.19440,0.14920,nan,nan,nan,nan,nan,nan,nan,nan,nan,nan
UGC09537,8980.000,-0.16060,0.19810,nan,nan,nan,nan,-0.05040,0.05810,-0.00850,0.14920,nan,nan,nan,nan,nan,nan,nan,nan,nan,nan
UGC09537,9000.000,-0.12840,0.19810,nan,nan,nan,nan,-0.02360,0.05810,0.05970,0.14920,nan,nan,nan,nan,nan,nan,nan,nan,nan,nan
UGC09542,4960.000,0.07950,0.23030,nan,nan,nan,nan,-0.06340,0.05320,0.02410,0.14290,nan,nan,nan,nan,nan,nan,nan,nan,nan,nan
UGC09542,4980.000,-0.12620,0.23030,nan,nan,nan,nan,-0.03580,0.05320,-0.04790,0.14290,nan,nan,nan,nan,nan,nan,nan,nan,nan,nan
UGC09542,5000.000,0.04360,0.23030,nan,nan,nan,nan,-0.04330,0.05320,0.05640,0.14290,nan,nan,nan,nan,nan,nan,nan,nan,nan,nan
UGC09542,5020.000,-0.22830,0.23030,nan,nan,nan,nan,0.01240,0.05320,-0.07260,0.14290,nan,nan,nan,nan,nan,nan,nan,nan,nan,nan
UGC09542,5040.000,-0.02430,0.23030,nan,nan,nan,nan,0.01420,0.05320,-0.15170,0.14290,nan,nan,nan,nan,nan,nan,nan,nan,nan,nan
UGC09542,5060.000,-0.00170,0.23030,nan,nan,nan,nan,0.01440,0.05320,0.08490,0.14290,nan,nan,nan,nan,nan,nan,nan,nan,nan,nan
UGC09542,5080.000,-0.09730,0.23030,nan,nan,nan,nan,0.04710,0.05320,0.03120,0.14290,nan,nan,nan,nan,nan,nan,nan,nan,nan,nan
UGC09542,5100.000,0.17530,0.23030,nan,nan,nan,nan,0.03830,0.05310,0.11310,0.14290,nan,nan,nan,nan,nan,nan,nan,nan,nan,nan
UGC09542,5120.000,0.08310,0.23030,nan,nan,nan,nan,0.05800,0.05310,0.00570,0.14290,nan,nan,nan,nan,nan,nan,nan,nan,nan,nan
UGC09542,5140.000,0.13580,0.23030,nan,nan,nan,nan,0.01660,0.05310,-0.01370,0.14290,nan,nan,nan,nan,nan,nan,nan,nan,nan,nan
UGC09542,5160.000,-0.05790,0.23030,nan,nan,nan,nan,0.04780,0.05310,-0.12030,0.14290,nan,nan,nan,nan,nan,nan,nan,nan,nan,nan
UGC09542,5180.000,-0.21950,0.23030,nan,nan,-0.00110,0.01340,0.00260,0.05310,-0.02850,0.14290,nan,nan,nan,nan,nan,nan,nan,nan,0.00860,0.00820
UGC09542,5200.000,-0.04870,0.23030,0.00050,0.00980,-0.01080,0.02440,-0.02410,0.05310,0.11200,0.14290,nan,nan,nan,nan,nan,nan,-0.00450,0.00600,-0.01860,0.01480
UGC09542,5220.000,-0.13660,0.23020,0.03810,0.01590,0.05940,0.03050,-0.01280,0.05310,-0.00010,0.14290,nan,nan,nan,nan,nan,nan,-0.01290,0.00970,-0.00430,0.01860
UGC09542,5240.000,0.05380,0.23020,0.09270,0.02220,0.11250,0.03270,0.04520,0.05310,0.07520,0.14290,nan,nan,nan,nan,nan,nan,0.01990,0.01350,0.01670,0.01990
UGC09542,5260.000,-0.01310,0.23020,0.15020,0.02320,0.16060,0.03280,0.09140,0.05310,0.00470,0.14290,nan,nan,nan,nan,nan,nan,-0.00090,0.01410,-0.02180,0.01990
UGC09542,5280.000,-0.09800,0.23020,0.06130,0.02050,0.05290,0.03240,0.07040,0.05310,-0.11690,0.14290,nan,nan,nan,nan,nan,nan,0.02100,0.01250,0.01740,0.01970
UGC09542,5300.000,0.17000,0.23020,0.05990,0.01750,0.03920,0.03620,0.07760,0.05310,-0.00380,0.14290,nan,nan,nan,nan,nan,nan,0.01410,0.01060,0.02250,0.02200
UGC09542,5320.000,0.25520,0.23020,0.07600,0.02130,0.09570,0.03380,0.05710,0.05310,-0.06470,0.14290,nan,nan,nan,nan,nan,nan,0.00310,0.01300,-0.01410,0.02060
UGC09542,5340.000,0.38450,0.23020,0.14420,0.02180,0.19190,0.03490,0.08790,0.05310,-0.09330,0.14290,nan,nan,nan,nan,nan,nan,0.02090,0.01320,0.00590,0.02120
UGC09542,5360.000,0.10350,0.23020,0.07910,0.02140,0.07660,0.03350,0.05310,0.05310,-0.03530,0.14290,nan,nan,nan,nan,nan,nan,0.00990,0.01300,-0.00520,0.02040
UGC09542,5380.000,0.22890,0.23020,0.12920,0.02090,0.15990,0.03410,0.09810,0.05310,-0.01140,0.14290,nan,nan,nan,nan,nan,nan,0.01450,0.01270,0.02400,0.02080
UGC09542,5400.000,0.09700,0.23020,0.06340,0.02040,0.06990,0.03190,0.05860,0.05310,-0.03420,0.14290,nan,nan,nan,nan,nan,nan,-0.00020,0.01240,0.00260,0.01940
UGC09542,5420.000,-0.20980,0.23020,0.08970,0.01830,0.05110,0.03490,0.07060,0.05310,0.03820,0.14290,nan,nan,nan,nan,nan,nan,0.01220,0.01120,0.01650,0.02120
UGC09542,5440.000,-0.09160,0.23020,0.09080,0.02050,0.10180,0.03300,0.06920,0.05310,0.12210,0.14290,nan,nan,nan,nan,nan,nan,0.01140,0.01250,0.03760,0.02010
UGC09542,5460.000,-0.01330,0.23020,0.12260,0.02340,0.14210,0.03380,0.14220,0.05310,0.01200,0.14290,nan,nan,nan,nan,nan,nan,0.00060,0.01420,0.01890,0.02050
UGC09542,5480.000,0.00830,0.23020,0.09980,0.02290,0.09340,0.03340,0.03330,0.05310,0.09410,0.14290,nan,nan,nan,nan,nan,nan,0.01920,0.01390,0.01800,0.02030
UGC09542,5500.000,0.16160,0.23020,0.05520,0.02060,0.03000,0.03180,0.02690,0.05310,0.07310,0.14290,nan,nan,nan,nan,nan,nan,0.00370,0.01250,0.01200,0.01930
UGC09542,5520.000,-0.12820,0.23020,0.05570,0.01710,0.07340,0.02610,0.10380,0.05310,0.03170,0.14290,nan,nan,nan,nan,nan,nan,0.00220,0.01040,-0.02720,0.01580
UGC09542,5540.000,0.09880,0.23020,0.00760,0.01230,0.01970,0.01840,0.01460,0.05310,-0.05190,0.14290,nan,nan,nan,nan,nan,nan,0.00610,0.00750,0.00560,0.01120
UGC09542,5560.000,-0.02870,0.23020,nan,nan,0.00090,0.01560,0.01110,0.05310,-0.07080,0.14290,nan,nan,nan,nan,nan,nan,nan,nan,-0.01500,0.00950
UGC09542,5580.000,0.01930,0.23020,nan,nan,nan,nan,0.00810,0.05310,0.04530,0.14290,nan,nan,nan,nan,nan,nan,nan,nan,nan,nan
UGC09542,5600.000,0.15540,0.23020,nan,nan,nan,nan,-0.08150,0.05310,0.04500,0.14290,nan,nan,nan,nan,nan,nan,nan,nan,nan,nan
UGC09542,5620.000,0.11030,0.23020,nan,nan,nan,nan,-0.00070,0.05310,-0.15510,0.14290,nan,nan,nan,nan,nan,nan,nan,nan,nan,nan
UGC09542,5640.000,0.11650,0.23020,nan,nan,nan,nan,-0.03790,0.05310,-0.13230,0.14290,nan,nan,nan,nan,nan,nan,nan,nan,nan,nan
UGC09542,5660.000,0.04240,0.23020,nan,nan,nan,nan,-0.01220,0.05310,-0.02290,0.14290,nan,nan,nan,nan,nan,nan,nan,nan,nan,nan
UGC09542,5680.000,0.01830,0.23020,nan,nan,nan,nan,-0.02820,0.05310,-0.23680,0.14290,nan,nan,nan,nan,nan,nan,nan,nan,nan,nan
UGC09542,5700.000,0.25760,0.23020,nan,nan,nan,nan,0.01500,0.05310,-0.04920,0.14290,nan,nan,nan,nan,nan,nan,nan,nan,nan,nan
UGC09542,5720.000,0.08590,0.23020,nan,nan,nan,nan,-0.07430,0.05310,-0.07560,0.14290,nan,nan,nan,nan,nan,nan,nan,nan,nan,nan
UGC09542,5740.000,-0.21500,0.23020,nan,nan,nan,nan,-0.03210,0.05310,0.12400,0.14290,nan,nan,nan,nan,nan,nan,nan,nan,nan,nan
UGC09542,5760.000,-0.06120,0.23020,nan,nan,nan,nan,0.04410,0.05310,0.02430,0.14290,nan,nan,nan,nan,nan,nan,nan,nan,nan,nan
UGC09542,5780.000,0.13540,0.23020,nan,nan,nan,nan,0.08790,0.05310,0.08390,0.14290,nan,nan,nan,nan,nan,nan,nan,nan,nan,nan
UGC09542,5800.000,-0.04610,0.23020,nan,nan,nan,nan,0.05100,0.05310,0.05580,0.14290,nan,nan,nan,nan,nan,nan,nan,nan,nan,nan
UGC09542,5820.000,-0.02410,0.23020,nan,nan,nan,nan,0.03440,0.05310,0.00520,0.14290,nan,nan,nan,nan,nan,nan,nan,nan,nan,nan
UGC09665,2100.000,0.21020,0.28440,nan,nan,nan,nan,-0.03700,0.07350,-0.10660,0.13060,nan,nan,nan,nan,nan,nan,nan,nan,nan,nan
UGC09665,2120.000,-0.17380,0.28440,nan,nan,nan,nan,-0.01240,0.07350,-0.02480,0.13060,nan,nan,nan,nan,nan,nan,nan,nan,nan,nan
UGC09665,2140.000,0.00390,0.28440,nan,nan,nan,nan,0.07670,0.07350,0.05840,0.13060,nan,nan,nan,nan,nan,nan,nan,nan,nan,nan
UGC09665,2160.000,-0.24430,0.28440,nan,nan,nan,nan,0.07580,0.07350,-0.04580,0.13060,nan,nan,nan,nan,nan,nan,nan,nan,nan,nan
UGC09665,2180.000,0.13520,0.28440,nan,nan,nan,nan,-0.02360,0.07350,-0.00900,0.13060,nan,nan,nan,nan,nan,nan,nan,nan,nan,nan
UGC09665,2200.000,-0.24630,0.28430,nan,nan,nan,nan,-0.06960,0.07350,-0.10250,0.13060,nan,nan,nan,nan,nan,nan,nan,nan,nan,nan
UGC09665,2220.000,-0.04870,0.28430,nan,nan,nan,nan,0.04190,0.07340,-0.10460,0.13060,nan,nan,nan,nan,nan,nan,nan,nan,nan,nan
UGC09665,2240.000,0.22410,0.28430,nan,nan,nan,nan,0.05850,0.07340,-0.04090,0.13060,nan,nan,nan,nan,nan,nan,nan,nan,nan,nan
UGC09665,2260.000,0.10570,0.28430,nan,nan,nan,nan,0.00270,0.07340,0.13160,0.13060,nan,nan,nan,nan,nan,nan,nan,nan,nan,nan
UGC09665,2280.000,-0.14470,0.28430,nan,nan,nan,nan,-0.06890,0.07340,0.13480,0.13060,nan,nan,nan,nan,nan,nan,nan,nan,nan,nan
UGC09665,2300.000,0.01770,0.28430,nan,nan,nan,nan,-0.04070,0.07340,0.01790,0.13060,nan,nan,nan,nan,nan,nan,nan,nan,nan,nan
UGC09665,2320.000,-0.15080,0.28430,nan,nan,nan,nan,-0.08200,0.07340,-0.02610,0.13050,nan,nan,nan,nan,nan,nan,nan,nan,nan,nan
UGC09665,2340.000,-0.17530,0.28430,nan,nan,nan,nan,-0.08630,0.07340,0.13420,0.13050,nan,nan,nan,nan,nan,nan,nan,nan,nan,nan
UGC09665,2360.000,-0.22070,0.28430,nan,nan,nan,nan,-0.08680,0.07340,0.04230,0.13060,nan,nan,nan,nan,nan,nan,nan,nan,nan,nan
UGC09665,2380.000,-0.04390,0.28430,-0.00520,0.00790,-0.00970,0.01580,-0.06040,0.07340,0.03130,0.13050,nan,nan,nan,nan,nan,nan,0.00280,0.00350,0.01080,0.00710
UGC09665,2400.000,-0.03700,0.28430,0.02390,0.01640,0.07490,0.03750,0.13660,0.07340,0.04280,0.13050,nan,nan,nan,nan,nan,nan,0.00260,0.00730,0.00870,0.01680
UGC09665,2420.000,-0.17000,0.28430,0.05120,0.02510,0.06170,0.04580,0.08340,0.07340,0.11860,0.13050,nan,nan,nan,nan,nan,nan,0.00140,0.01120,0.01780,0.02050
UGC09665,2440.000,0.34250,0.28430,0.19600,0.03280,0.23240,0.04950,0.20020,0.07340,-0.00730,0.13050,nan,nan,nan,nan,nan,nan,0.01960,0.01470,-0.00450,0.02210
UGC09665,2460.000,0.24150,0.28430,0.28440,0.03520,0.30940,0.04960,0.36340,0.07340,0.00390,0.13050,nan,nan,nan,nan,nan,nan,-0.01400,0.01580,-0.03400,0.02220
UGC09665,2480.000,-0.00240,0.28430,0.16360,0.03410,0.19990,0.04960,0.16920,0.07340,-0.05660,0.13050,nan,nan,nan,nan,nan,nan,0.02800,0.01520,0.02500,0.02220
UGC09665,2500.000,0.27320,0.28430,0.22160,0.03010,0.18990,0.04830,0.19610,0.07340,0.08340,0.13050,nan,nan,nan,nan,nan,nan,0.00370,0.01350,-0.01310,0.02160
UGC09665,2520.000,0.49790,0.28430,0.20410,0.03030,0.22040,0.04490,0.19930,0.07340,0.05510,0.13050,nan,nan,nan,nan,nan,nan,0.02170,0.01360,0.02420,0.02010
UGC09665,2540.000,0.42370,0.28430,0.23020,0.02720,0.22480,0.04590,0.27280,0.07340,0.09180,0.13050,nan,nan,nan,nan,nan,nan,0.03180,0.01220,0.04800,0.02060
UGC09665,2560.000,0.27540,0.28430,0.21120,0.02730,0.18890,0.04470,0.15310,0.07340,-0.02400,0.13050,nan,nan,nan,nan,nan,nan,0.02370,0.01230,-0.00010,0.02000
UGC09665,2580.000,0.26400,0.28430,0.21340,0.02790,0.21030,0.04710,0.20930,0.07340,-0.04040,0.13050,nan,nan,nan,nan,nan,nan,0.03570,0.01250,0.03880,0.02110
UGC09665,2600.000,0.45110,0.28430,0.19990,0.02990,0.18740,0.04860,0.18590,0.07340,0.02620,0.13050,nan,nan,nan,nan,nan,nan,0.00050,0.01340,-0.00060,0.02180
UGC09665,2620.000,0.32270,0.28430,0.25820,0.03290,0.28240,0.05000,0.27590,0.07340,-0.08000,0.13050,nan,nan,nan,nan,nan,nan,0.00360,0.01470,0.00460,0.02240
UGC09665,2640.000,0.28270,0.28430,0.21330,0.03230,0.19940,0.05270,0.15760,0.07340,0.05210,0.13050,nan,nan,nan,nan,nan,nan,0.02560,0.01450,0.03880,0.02360
UGC09665,2660.000,0.03770,0.28430,0.22760,0.03220,0.21500,0.05240,0.18520,0.07340,-0.06340,0.13050,nan,nan,nan,nan,nan,nan,0.01570,0.01440,0.01420,0.02350
UGC09665,2680.000,0.06390,0.28430,0.23910,0.03310,0.25670,0.04900,0.22610,0.07340,0.18780,0.13050,nan,nan,nan,nan,nan,nan,0.01180,0.01480,0.02300,0.02190
UGC09665,2700.000,-0.20610,0.28430,0.07790,0.02930,0.07270,0.04390,0.13610,0.07340,-0.04180,0.13050,nan,nan,nan,nan,nan,nan,0.00010,0.01310,0.01550,0.01970
UGC09665,2720.000,-0.02770,0.28430,-0.01000,0.01360,-0.04670,0.03870,-0.06640,0.07340,-0.05660,0.13050,nan,nan,nan,nan,nan,nan,0.00160,0.00610,0.02250,0.01730
UGC09665,2740.000,-0.14210,0.28430,nan,nan,-0.00260,0.01710,-0.10140,0.07340,0.12520,0.13050,nan,nan,nan,nan,nan,nan,nan,nan,0.00180,0.00770
UGC09665,2760.000,-0.07550,0.28430,nan,nan,nan,nan,-0.07340,0.07340,0.13750,0.13050,nan,nan,nan,nan,nan,nan,nan,nan,nan,nan
UGC09665,2780.000,0.06980,0.28430,nan,nan,nan,nan,-0.01280,0.07340,0.04960,0.13050,nan,nan,nan,nan,nan,nan,nan,nan,nan,nan
UGC09665,2800.000,0.00390,0.28430,nan,nan,nan,nan,-0.01370,0.07340,-0.07750,0.13050,nan,nan,nan,nan,nan,nan,nan,nan,nan,nan
UGC09665,2820.000,-0.01680,0.28430,nan,nan,nan,nan,-0.11880,0.07340,0.07470,0.13040,nan,nan,nan,nan,nan,nan,nan,nan,nan,nan
UGC09665,2840.000,0.26970,0.28430,nan,nan,nan,nan,0.02980,0.07340,0.15110,0.13040,nan,nan,nan,nan,nan,nan,nan,nan,nan,nan
UGC09665,2860.000,-0.11270,0.28430,nan,nan,nan,nan,-0.01880,0.07340,-0.01720,0.13040,nan,nan,nan,nan,nan,nan,nan,nan,nan,nan
UGC09665,2880.000,0.05000,0.28430,nan,nan,nan,nan,-0.01890,0.07340,-0.09520,0.13040,nan,nan,nan,nan,nan,nan,nan,nan,nan,nan
UGC09665,2900.000,0.26070,0.28430,nan,nan,nan,nan,0.04640,0.07340,0.04340,0.13040,nan,nan,nan,nan,nan,nan,nan,nan,nan,nan
UGC09665,2920.000,-0.02010,0.28430,nan,nan,nan,nan,-0.04310,0.07340,-0.08210,0.13040,nan,nan,nan,nan,nan,nan,nan,nan,nan,nan
UGC09665,2940.000,-0.26180,0.28430,nan,nan,nan,nan,0.00130,0.07340,-0.19180,0.13040,nan,nan,nan,nan,nan,nan,nan,nan,nan,nan
UGC09665,2960.000,-0.10480,0.28430,nan,nan,nan,nan,-0.03890,0.07340,-0.14410,0.13040,nan,nan,nan,nan,nan,nan,nan,nan,nan,nan
UGC09759,2980.000,-0.00730,0.23840,nan,nan,nan,nan,-0.04470,0.05460,-0.09590,0.13540,nan,nan,nan,nan,nan,nan,nan,nan,nan,nan
UGC09759,3000.000,0.04180,0.23840,nan,nan,nan,nan,0.02460,0.05460,0.00350,0.13540,nan,nan,nan,nan,nan,nan,nan,nan,nan,nan
UGC09759,3020.000,0.00810,0.23840,nan,nan,nan,nan,-0.00590,0.05460,-0.03410,0.13540,nan,nan,nan,nan,nan,nan,nan,nan,nan,nan
UGC09759,3040.000,0.01330,0.23840,nan,nan,nan,nan,-0.05480,0.05460,-0.10950,0.13540,nan,nan,nan,nan,nan,nan,nan,nan,nan,nan
UGC09759,3060.000,-0.16440,0.23840,nan,nan,nan,nan,0.00770,0.05460,0.02140,0.13540,nan,nan,nan,nan,nan,nan,nan,nan,nan,nan
UGC09759,3080.000,-0.05360,0.23840,nan,nan,nan,nan,-0.06270,0.05460,-0.21710,0.13540,nan,nan,nan,nan,nan,nan,nan,nan,nan,nan
UGC09759,3100.000,0.02940,0.23840,nan,nan,nan,nan,-0.01590,0.05460,-0.14150,0.13540,nan,nan,nan,nan,nan,nan,nan,nan,nan,nan
UGC09759,3120.000,0.19720,0.23840,nan,nan,nan,nan,0.08470,0.05460,-0.01490,0.13540,nan,nan,nan,nan,nan,nan,nan,nan,nan,nan
UGC09759,3140.000,0.17370,0.23840,nan,nan,nan,nan,0.01060,0.05460,0.11760,0.13540,nan,nan,nan,nan,nan,nan,nan,nan,nan,nan
