edge_pydb/dat_glob/derived/edge_rfpars.csv
# %ECSV 0.9
# ---
# datatype:
# - {name: Name, datatype: string, description: standard EDGE-CALIFA galaxy name}
# - {name: rfVsys, unit: km / s, datatype: float64, description: 'CO relativistic helocentric vsys (km/s); see VsysFlag for how this was
#     derived '}
# - {name: rfVsysFlag, datatype: int64, description: how is Vsys derived; 0=CO kinematics; 1=Ha kinematics; 3=LEDA}
# - {name: rfLSRK2helio, unit: km / s, datatype: float64, description: conversion from LSRK velocity to heliocentric velocity (km/s);
#     V(helio)=V(LSRK)-LSRK2helio}
# - {name: rfRflat, unit: arcsec, datatype: float64, description: the radius (arcsec) at which the rotation curve flattens from the Lelli+16
#     algorithm}
# - {name: rfVrotMaxL, unit: km / s, datatype: float64, description: the maximum CO rotation velocity (relativistic km/s) from the Lelli+2016
#     algorithm}
# - {name: rfeVrotMaxL, unit: km / s, datatype: float64, description: the error in rfVrotMaxL from the Lelli+2016 algorithm}
# - {name: rfVrotMaxLFlag, datatype: int64, description: 0 = either rfeVrotMaxL\rfVrotMaxL > 10% rfeVrotMaxL>rfVrotMaxL rfeVrotmaxL=0
#     so rfRflat rfVrotMaxL and rfeVrotMaxL values are unreliable; 1 = rfRflat rfVrotMaxL and rfeVrotMaxL values are reliable}
# - {name: rfVrotMax, unit: km / s, datatype: float64, description: the maximum CO rotation velocity (relativistic km/s) using median
#     Vrot at radii larger than 12 arcsec as used in Levy+18}
# - {name: rfeVrotMax, unit: km / s, datatype: float64, description: the error in rfVrotMax using standard deviation of Vrot at radii
#     larger than 12 arcsec as used in Levy+18}
# - {name: rfPA, unit: deg, datatype: float64, description: position angle (degrees) ranging from 0-365 degrees defined counterclockwise
#     from North to receding side of major axis; see PAFlag for how this was derived; please note that Levy+2018 defined the PA from the
#     approaching side so these values differ by 180deg}
# - {name: rfPAFlag, datatype: int64, description: this describes where the PA listed is from; 0=CO kinematics; 1=Ha kinematics; 2=outer
#     optical isophotes; 3=LEDA}
# - {name: rfInc, unit: deg, datatype: float64, description: inclination (degrees); see IncFlag for how this was derived}
# - {name: rfIncFlag, datatype: int64, description: this describes where the inclination listed is from; 0=CO kinematics; 1=Ha kinematics;
#     2=outer optical isophotes; 3=LEDA}
# - {name: rfKinXoff, unit: arcsec, datatype: float64, description: offset of CO kinematic center from ledaRA (arcsec); RA=ledaRA-xoff}
# - {name: rfKinYoff, unit: arcsec, datatype: float64, description: offset of CO kinematic center from ledaDec (arcsec); Dec=ledaDE-yoff}
# - {name: rfKinRA, unit: hourangle, datatype: float64, description: RA of kinematic center including rfKinXoff (J2000 hours); rfKinRA=ledaRA-rfKinXoff}
# - {name: rfKinDecl, unit: deg, datatype: float64, description: Decl of kinematic center including rfKinYoff (J2000 degrees); rfKinDecl=ledaDE-rfKinYoff}
# delimiter: ','
# meta: !!omap
# - {date: '2022-01-14'}
# schema: astropy-2.0
Name,rfVsys,rfVsysFlag,rfLSRK2helio,rfRflat,rfVrotMaxL,rfeVrotMaxL,rfVrotMaxLFlag,rfVrotMax,rfeVrotMax,rfPA,rfPAFlag,rfInc,rfIncFlag,rfKinXoff,rfKinYoff,rfKinRA,rfKinDecl
IC0480,4595.0,0,1.13,20.2,179.8,9.4,1,165.3,28.0,347.9,2,76.6,2,-1.6,-1.0,7.92313853,26.74309458
IC0540,2022.0,0,-1.94,nan,0.0,0.0,0,0.0,0.0,170.0,2,68.3,2,0.0,0.0,9.5028553,7.9025896
IC0944,6907.0,0,-2.1,29.6,280.3,13.4,1,280.4,18.8,285.7,2,75.0,0,0.0,0.0,13.8585759,14.0919749
IC1151,2192.0,0,-2.09,nan,0.0,0.0,0,0.0,0.0,23.9,0,68.0,2,0.0,0.0,15.9756507,17.441482
IC1199,4686.0,0,-3.25,13.9,197.1,11.3,1,199.0,5.7,159.3,0,64.5,2,0.6,1.1,16.17618889,10.03976384
IC1683,4820.0,0,3.56,nan,0.0,0.0,0,0.0,0.0,195.6,2,54.8,0,0.0,0.0,1.3774611,34.437
IC2247,4254.0,0,0.54,17.0,187.3,8.9,1,183.0,12.1,148.5,2,77.7,2,1.0,-1.0,8.26639198,23.19987928
IC2487,4310.0,0,-0.19,22.4,170.8,8.6,1,170.1,9.7,342.9,2,77.9,2,0.0,0.0,9.5025551,20.0909016
IC4566,5537.0,0,2.05,14.2,214.0,16.7,1,215.9,2.9,325.0,0,53.9,2,0.0,0.0,15.6117111,43.5393541
IC5376,4979.0,0,3.86,19.3,208.0,12.1,1,207.1,11.8,183.4,2,71.6,2,0.0,0.0,0.0221556,34.5257222
NGC0444,4776.0,1,3.17,nan,0.0,0.0,0,0.0,0.0,338.7,2,74.9,2,0.0,0.0,1.2637897,31.0802132
NGC0447,5552.0,0,3.42,nan,0.0,0.0,0,0.0,0.0,47.0,0,29.1,2,0.8,0.8,1.26042959,33.06741668
NGC0477,5796.0,0,4.28,17.1,209.1,13.0,1,200.3,16.5,320.0,0,60.0,2,0.0,0.0,1.3556544,40.4882148
NGC0496,5958.0,0,3.45,13.8,148.3,7.6,1,148.3,15.5,216.5,0,57.0,2,-0.4,1.6,1.38654321,33.52842756
NGC0523,4760.0,0,3.5,30.5,265.1,11.0,1,233.1,44.3,97.2,0,71.6,2,0.0,0.0,1.422441,34.0249907
NGC0528,4638.0,1,3.46,nan,0.0,0.0,0,0.0,0.0,237.7,2,61.1,2,-3.0,1.8,1.42604876,33.6709722
NGC0551,5141.0,0,3.87,20.7,188.8,11.0,1,179.5,12.9,135.0,0,64.2,2,0.0,0.0,1.4612944,37.1828889
NGC1167,4797.0,0,3.31,nan,0.0,0.0,0,0.0,0.0,267.5,0,39.5,2,-6.5,3.5,3.02855547,35.20475798
NGC2253,3545.0,0,6.05,22.1,180.1,10.1,1,174.2,7.9,120.0,0,47.4,2,0.0,0.0,6.7282806,65.20625
NGC2347,4387.0,0,5.94,12.5,282.0,14.5,1,285.6,2.0,9.1,2,50.2,2,2.5,1.9,7.2677078,64.71025802
NGC2410,4642.0,0,2.05,15.0,229.7,11.5,1,227.2,5.9,36.6,0,71.6,2,0.0,0.0,7.5839632,32.822139
NGC2480,2287.0,0,0.7,nan,0.0,0.0,0,0.0,0.0,163.1,0,55.4,2,0.0,0.0,7.952896,23.7797588
NGC2486,4569.0,1,0.89,nan,0.0,0.0,0,0.0,0.0,272.9,2,55.6,2,0.0,0.0,7.965686,25.1607759
NGC2487,4795.0,0,0.89,26.5,310.9,62.7,0,267.8,63.1,297.5,0,31.4,2,0.0,0.0,7.9723552,25.1492023
NGC2623,5454.0,0,0.82,8.9,113.0,8.0,1,97.2,0.0,75.0,0,45.6,2,0.0,0.0,8.6399993,25.7540981
NGC2639,3162.0,0,4.13,16.6,365.0,18.6,1,358.1,16.0,134.3,0,49.5,2,-1.4,0.6,8.72725403,50.20524623
NGC2730,3802.0,0,-0.55,8.5,112.5,7.9,1,nan,nan,80.8,2,27.7,2,0.0,0.0,9.0377238,16.8382633
NGC2880,1530.0,3,5.47,nan,0.0,0.0,0,0.0,0.0,142.9,2,49.9,2,0.0,0.0,9.4929391,62.4906415
NGC2906,2133.0,0,-1.88,13.6,178.9,10.9,1,180.6,5.2,82.0,0,55.7,2,0.0,0.0,9.53507,8.44159
NGC2916,3620.0,0,0.02,15.0,190.9,266.2,0,214.2,8.9,19.9,2,49.9,2,0.0,0.0,9.5826639,21.7052382
NGC2918,6569.0,1,1.47,nan,0.0,0.0,0,0.0,0.0,255.1,2,46.1,2,0.0,0.0,9.595569,31.7054726
NGC3303,6040.0,1,-0.74,13.3,5.0,14.5,0,5.0,84.1,339.6,2,60.5,2,0.0,0.0,10.6166914,18.1356909
NGC3381,1625.0,1,1.65,nan,0.0,0.0,0,0.0,0.0,153.1,0,30.8,2,0.0,0.0,10.8068937,34.7113984
NGC3687,2497.0,1,0.75,nan,0.0,0.0,0,0.0,0.0,146.0,0,19.6,2,0.0,0.0,11.4668265,29.5109671
NGC3811,3073.0,0,3.32,16.3,177.8,10.7,1,171.5,21.9,171.5,2,39.9,2,-2.6,0.1,11.68800495,47.69081272
NGC3815,3686.0,0,0.0,12.5,185.8,9.4,1,185.8,5.2,247.8,2,59.9,2,3.0,0.1,11.69418794,24.80039362
NGC3994,3097.0,0,1.05,9.1,218.3,11.7,1,220.8,0.0,8.1,2,59.5,2,2.4,1.6,11.96018446,32.27688956
NGC4047,3419.0,0,3.39,15.0,212.8,11.5,1,216.3,2.2,284.0,0,42.1,2,0.5,0.0,12.04739554,48.6362246
NGC4149,3050.0,0,4.65,10.2,231.7,10.3,1,241.0,0.0,265.0,0,66.2,2,-0.5,-0.9,12.17580776,58.3043085
NGC4185,3874.0,0,0.44,14.4,229.3,34.5,0,225.3,70.3,164.4,2,48.2,2,0.0,0.0,12.2228391,28.5109689
NGC4210,2714.0,0,5.56,14.9,173.8,13.2,1,173.8,12.1,97.7,2,40.9,2,0.0,0.0,12.2544012,65.9853766
NGC4211NED02,6605.0,0,0.38,nan,0.0,0.0,0,0.0,0.0,205.0,0,30.0,0,0.0,0.0,12.2603674,28.169634
NGC4470,2338.0,0,-2.69,12.6,60.3,8.1,0,59.7,9.3,169.5,0,47.5,2,0.0,0.0,12.4938265,7.8239014
NGC4644,4915.0,0,4.17,14.8,186.1,10.0,1,186.1,5.8,237.0,2,72.9,2,-3.2,-0.1,12.71190936,55.14551788
NGC4676A,6541.0,0,0.65,nan,0.0,0.0,0,0.0,0.0,5.3,0,50.0,0,-2.1,-0.8,12.76950539,30.73228202
NGC4711,4044.0,1,1.34,15.8,148.1,7.9,1,142.8,10.5,40.0,0,58.3,2,3.0,0.6,12.81268294,35.33254833
NGC4961,2521.0,0,0.13,9.3,108.0,6.5,1,nan,nan,280.0,0,46.6,2,-2.2,0.4,13.09659524,27.73376169
NGC5000,5557.0,0,0.29,15.6,167.2,16.0,1,172.4,5.9,211.3,0,20.0,0,0.0,0.0,13.1631931,28.9068429
NGC5016,2588.0,0,-0.44,14.7,178.4,9.4,1,178.4,0.8,237.4,2,39.9,2,-0.1,-0.6,13.20186155,24.09515637
NGC5056,5544.0,0,0.58,14.4,172.5,10.3,1,174.9,0.8,358.0,0,61.4,3,-1.0,1.0,13.27010812,30.94996632
NGC5205,1762.0,0,5.01,nan,0.0,0.0,0,0.0,0.0,349.0,2,49.8,2,0.0,0.0,13.5010074,62.5115234
NGC5218,2888.0,0,5.04,14.8,239.4,13.1,1,239.4,6.7,56.4,0,30.1,2,0.0,0.0,13.5362025,62.7677788
NGC5394,3431.0,0,1.42,17.9,29.5,5.5,0,31.0,4.3,9.3,0,70.2,2,0.0,0.0,13.9760117,37.4534963
NGC5406,5350.0,0,1.64,32.4,220.8,43.3,0,288.6,39.8,291.4,2,45.0,2,0.0,0.0,14.0055875,38.9154293
NGC5480,1879.0,0,3.36,19.2,115.6,8.3,1,111.4,6.6,3.0,0,41.5,3,-0.9,-0.4,14.10601307,50.72525591
NGC5485,1893.0,1,3.95,nan,0.0,0.0,0,0.0,0.0,254.5,0,47.2,2,2.0,-0.6,14.11978116,55.00178837
NGC5520,1870.0,0,3.29,12.1,160.0,9.7,1,162.3,0.2,65.1,0,59.1,2,1.1,0.4,14.20631543,50.34837339
NGC5614,3859.0,0,0.95,13.2,101.0,14.1,0,101.0,9.4,90.0,0,35.9,2,0.0,0.0,14.4021175,34.8589296
NGC5633,2319.0,0,2.64,15.4,191.2,10.0,1,187.5,9.4,196.9,2,41.9,2,0.0,0.0,14.4578696,46.1464283
NGC5657,3860.0,0,0.05,nan,0.0,0.0,0,0.0,0.0,169.0,0,68.3,2,2.1,0.2,14.51207751,29.18068614
NGC5682,2242.0,1,2.99,nan,0.0,0.0,0,0.0,0.0,130.6,0,76.3,2,-0.9,1.7,14.57921667,48.66906108
NGC5732,3723.0,0,1.47,10.6,123.8,9.7,1,125.8,0.0,223.2,2,58.4,2,-2.0,-0.2,14.67753404,38.63774016
NGC5784,5427.0,0,2.02,nan,0.0,0.0,0,0.0,0.0,75.0,0,45.0,0,-2.1,0.6,14.90460969,42.55766273
NGC5876,3240.0,1,3.74,nan,0.0,0.0,0,0.0,0.0,231.4,2,65.9,2,-0.1,0.6,15.15877495,54.50629043
NGC5908,3294.0,0,3.85,30.2,321.4,11.3,1,315.5,34.6,333.0,0,77.0,0,-1.5,-2.0,15.27869448,55.40999996
NGC5930,2637.0,0,1.79,8.9,226.0,12.8,1,222.7,0.0,335.0,0,45.0,0,2.2,0.1,15.43549486,41.67602902
NGC5934,5566.0,0,1.98,12.4,293.6,12.8,1,294.3,5.7,185.0,0,55.0,0,0.0,0.0,15.4702122,42.9299311
NGC5947,5898.0,0,1.94,9.6,201.8,30.7,0,221.9,0.0,68.6,0,32.2,2,-0.9,0.1,15.51018037,42.71712882
NGC5953,1988.0,0,-2.34,8.2,196.4,15.7,1,nan,nan,228.3,0,26.0,0,-1.0,0.4,15.57568522,15.19369449
NGC5980,4060.0,0,-2.28,17.1,215.2,10.3,1,216.3,4.4,195.0,3,66.2,2,-1.0,1.0,15.69179492,15.78730552
NGC6004,3818.0,0,-1.83,nan,0.0,0.0,0,0.0,0.0,92.3,0,37.3,2,3.2,1.1,15.83958394,18.93891224
NGC6021,4673.0,1,-2.31,nan,0.0,0.0,0,0.0,0.0,337.1,2,43.4,2,1.7,-0.1,15.95849712,15.95602048
NGC6027,4338.0,1,-1.58,nan,0.0,0.0,0,0.0,0.0,51.4,2,30.9,2,0.0,0.0,15.9868219,20.7633378
NGC6060,4416.0,0,-1.49,30.2,232.6,9.4,1,201.7,21.0,282.0,2,64.3,2,-1.2,-0.2,16.09779492,21.48499876
NGC6063,2807.0,1,-3.54,nan,0.0,0.0,0,0.0,0.0,151.6,0,56.2,2,0.0,0.0,16.1202737,7.9788715
NGC6081,4978.0,1,-3.29,nan,0.0,0.0,0,0.0,0.0,128.2,2,65.6,2,0.0,0.0,16.2157986,9.8670278
NGC6125,4522.0,1,4.07,nan,0.0,0.0,0,0.0,0.0,184.8,2,16.9,2,0.0,0.0,16.319875,57.9841111
NGC6146,8693.0,1,1.49,nan,0.0,0.0,0,0.0,0.0,258.3,0,40.7,2,0.0,0.0,16.4195427,40.8926136
NGC6155,2418.0,0,2.64,12.0,117.5,7.0,1,121.9,0.0,310.0,0,44.7,2,3.0,3.0,16.43558904,48.36594697
NGC6168,2540.0,0,-1.79,23.7,104.2,8.9,1,69.8,35.2,291.1,3,76.6,2,0.0,0.0,16.5224735,20.185524
NGC6186,2940.0,0,-1.59,10.9,93.2,8.7,1,85.8,0.0,244.6,0,71.2,3,-3.0,0.5,16.57381046,21.54074831
NGC6301,8222.0,0,1.59,19.0,245.1,12.0,1,235.3,14.8,108.5,2,52.8,2,0.0,0.0,17.142428,42.3390125
NGC6310,3459.0,0,4.4,nan,0.0,0.0,0,0.0,0.0,249.9,2,73.7,2,0.0,0.0,17.132624,60.9901158
NGC6314,6551.0,0,-1.46,9.9,252.4,16.5,1,257.8,0.0,176.0,0,57.7,2,-2.2,0.0,17.21080034,23.2701805
NGC6361,3791.0,0,4.32,33.1,233.8,11.1,1,215.3,23.1,226.8,0,75.0,0,0.0,0.0,17.3114225,60.608118
NGC6394,8453.0,0,4.16,13.1,263.8,11.0,1,263.8,23.4,57.4,0,60.0,0,0.0,0.0,17.5059501,59.63988
NGC6478,6756.0,0,2.86,nan,0.0,0.0,0,0.0,0.0,209.2,0,73.4,0,0.0,0.0,17.81065,51.1572222
NGC7738,6682.0,0,-6.38,nan,0.0,0.0,0,0.0,0.0,54.7,0,65.6,2,0.0,0.0,23.7339015,0.5167067
NGC7819,4918.0,3,3.48,8.6,115.0,8.5,1,110.0,0.0,90.3,0,54.0,2,0.0,0.0,0.0734708,31.4719861
UGC00809,4171.0,0,3.51,nan,0.0,0.0,0,0.0,0.0,198.6,0,78.9,2,0.0,0.0,1.2644064,33.8107296
UGC03253,4040.0,1,7.5,nan,0.0,0.0,0,0.0,0.0,87.7,2,58.3,2,0.0,0.0,5.3282278,84.0525278
UGC03539,3278.0,0,6.14,11.7,137.9,7.5,1,144.2,0.0,122.9,0,72.1,2,-0.1,0.5,6.81497845,66.26113741
UGC03969,8029.0,0,1.3,nan,0.0,0.0,0,0.0,0.0,314.3,2,70.0,0,0.0,0.0,7.6873094,27.6140557
UGC03973,6594.0,0,4.25,15.2,194.9,21.7,0,194.9,8.8,323.8,0,39.1,2,0.5,-1.8,7.70903554,49.8103112
UGC04029,4389.0,0,2.21,28.4,195.2,8.7,1,164.7,30.5,243.5,2,77.6,2,-1.9,1.0,7.80531259,34.33193732
UGC04132,5151.0,0,1.98,25.4,244.2,9.9,1,238.5,11.4,32.6,0,72.0,2,0.0,-0.8,7.9869451,32.91515552
UGC04280,3500.0,0,4.76,nan,0.0,0.0,0,0.0,0.0,3.7,2,71.5,2,0.0,0.0,8.2425945,54.7994926
UGC04461,4941.0,0,4.44,11.2,127.8,7.5,1,130.2,0.0,42.8,0,70.1,2,0.0,0.0,8.556295,52.5322939
UGC05108,8015.0,0,1.2,14.0,288.0,13.5,1,292.2,0.2,316.1,0,66.1,2,0.0,0.0,9.5906396,29.8126427
UGC05111,6660.0,0,5.91,22.2,224.1,9.6,1,216.2,11.9,298.3,0,72.9,2,2.0,-1.0,9.61452876,66.78863648
UGC05244,2974.0,1,5.62,nan,0.0,0.0,0,0.0,0.0,212.8,2,77.9,2,0.0,0.0,9.8133798,64.1679872
UGC05359,8344.0,0,-0.43,12.1,163.4,11.7,1,163.4,29.9,274.5,0,72.3,2,-0.9,0.8,9.98103607,19.21477358
UGC05498NED01,6250.0,1,0.08,nan,0.0,0.0,0,0.0,0.0,241.8,0,81.0,0,0.0,0.0,10.20101667,23.085447
UGC05598,5591.0,0,-0.32,12.3,171.5,8.3,1,171.5,6.9,35.6,2,74.8,2,0.0,0.0,10.3705585,20.5893918
UGC06312,6266.0,1,-2.39,nan,0.0,0.0,0,0.0,0.0,44.6,0,68.7,2,0.0,0.0,11.300048,7.8446625
UGC07012,3052.0,1,0.68,nan,0.0,0.0,0,0.0,0.0,4.1,0,60.5,2,0.0,0.0,12.0342058,29.8480725
UGC08107,8201.0,0,3.89,15.4,319.2,15.3,1,319.2,9.5,48.2,0,71.4,2,0.0,0.0,12.994371,53.3413312
UGC08250,5169.0,1,0.83,nan,0.0,0.0,0,0.0,0.0,191.7,0,76.2,2,0.0,0.0,13.1722518,32.482623
UGC08267,7159.0,0,2.5,12.2,208.1,10.1,1,208.1,18.9,43.0,0,75.4,2,-1.0,0.0,13.18648802,43.7264591
UGC09067,7740.0,0,-2.01,12.8,211.7,11.0,1,211.7,4.2,194.6,0,62.4,2,0.0,0.0,14.179299,15.2092462
UGC09476,3243.0,0,2.35,20.1,125.4,19.1,0,111.4,13.6,127.0,0,48.5,2,0.0,0.0,14.6922202,44.5127452
UGC09537,8662.0,0,0.89,nan,0.0,0.0,0,0.0,0.0,315.7,0,72.0,0,0.0,0.0,14.8074332,34.9980494
UGC09542,5417.0,0,2.03,18.4,156.5,8.3,1,149.7,15.1,34.3,2,72.7,2,2.1,-1.9,14.81696231,42.46450758
UGC09665,2561.0,0,2.86,15.0,110.1,6.6,1,110.1,7.1,318.2,2,74.0,2,-0.1,1.0,15.02568395,48.31955132
UGC09759,3394.0,0,3.85,nan,0.0,0.0,0,0.0,0.0,229.7,2,66.8,2,3.6,-2.1,15.17795813,55.35093743
UGC09873,5575.0,0,1.93,nan,0.0,0.0,0,0.0,0.0,309.0,0,75.3,2,0.0,0.0,15.4973977,42.6290023
UGC09892,5591.0,0,1.7,16.2,158.4,8.6,1,158.4,10.6,281.0,2,72.2,2,0.0,0.0,15.5477663,41.1914452
UGC09919,3160.0,0,-2.73,13.1,103.7,6.9,1,103.7,8.1,169.2,2,77.9,2,0.0,0.0,15.5943455,12.6063379
UGC10043,2154.0,0,-1.37,nan,nan,nan,0,nan,nan,147.8,0,90.0,3,-2.0,-1.0,15.81150894,21.86976918
UGC10123,3738.0,0,3.15,17.6,214.6,9.4,1,206.7,22.4,56.6,0,70.0,0,1.1,-2.5,15.98410343,51.30525024
UGC10205,6491.0,0,-0.14,9.7,239.0,13.6,1,269.1,0.0,308.6,0,51.7,2,0.0,0.0,16.1111606,30.0989726
UGC10331,4415.0,1,4.26,nan,0.0,0.0,0,0.0,0.0,320.8,2,76.2,2,0.0,0.0,16.2891971,59.320144
UGC10380,8624.0,0,-2.33,nan,0.0,0.0,0,0.0,0.0,108.2,2,77.9,2,0.0,0.0,16.430538,16.5761297
UGC10384,4927.0,0,-3.09,14.9,187.4,8.9,1,187.4,8.1,95.8,0,70.0,0,0.0,0.0,16.4462964,11.5802413
UGC10710,8228.0,0,1.72,nan,0.0,0.0,0,0.0,0.0,149.5,3,69.6,2,0.0,0.0,17.1145801,43.1221174
