edge_pydb/dat_prof/bbarolo/bb_natv_fitvd_dilmsk_freepa.csv
# %ECSV 0.9
# ---
# datatype:
# - {name: Name, datatype: string, description: Galaxy Name}
# - {name: bbRad, unit: arcsec, datatype: float64, description: Galactocentric radius of ring}
# - {name: bbVrot, unit: km / s, datatype: float64}
# - {name: bbVrot_e1, unit: km / s, datatype: float64}
# - {name: bbVrot_e2, unit: km / s, datatype: float64}
# - {name: bbVdisp, unit: km / s, datatype: float64}
# - {name: bbVdisp_e1, unit: km / s, datatype: float64}
# - {name: bbVdisp_e2, unit: km / s, datatype: float64}
# - {name: bbXpos, unit: pix, datatype: float64}
# - {name: bbYpos, unit: pix, datatype: float64}
# - {name: bbVmean, unit: km / s, datatype: float64, description: 'Systemic velocity in radio defn, LSR frame'}
# - {name: bbVmean_e1, unit: km / s, datatype: float64}
# - {name: bbVmean_e2, unit: km / s, datatype: float64}
# - {name: bbPA, unit: deg, datatype: float64}
# - {name: bbPA_e1, unit: deg, datatype: float64}
# - {name: bbPA_e2, unit: deg, datatype: float64}
# - {name: bbInc, unit: deg, datatype: float64}
# - {name: bbZ0, unit: arcsec, datatype: float64, description: Scale height of disk in arcsec}
# - {name: bbVrotfit, unit: km / s, datatype: int64, description: 0=fixed to input value; 1=fitted per ring; -1=fixed to mean value of
#     previous fit}
# - {name: bbVdispfit, unit: km / s, datatype: int64, description: 0=fixed to input value; 1=fitted per ring; -1=fixed to mean value of
#     previous fit}
# - {name: bbXposfit, unit: pix, datatype: int64, description: 0=fixed to input value; 1=fitted per ring; -1=fixed to mean value of previous
#     fit}
# - {name: bbYposfit, unit: pix, datatype: int64, description: 0=fixed to input value; 1=fitted per ring; -1=fixed to mean value of previous
#     fit}
# - {name: bbVsysfit, unit: km / s, datatype: int64, description: 0=fixed to input value; 1=fitted per ring; -1=fixed to mean value of
#     previous fit}
# - {name: bbPAfit, unit: deg, datatype: int64, description: 0=fixed to input value; 1=fitted per ring; -1=fixed to mean value of previous
#     fit}
# - {name: bbIncfit, unit: deg, datatype: int64, description: 0=fixed to input value; 1=fitted per ring; -1=fixed to mean value of previous
#     fit}
# - {name: bbFtype, datatype: int64, description: 'Function to minimize: 1=chi-squared, 2=|mod-obs|'}
# - {name: bbWfunc, datatype: int64, description: 'Weighting function: 0=uniform, 1=|cos|, 2=cos^2'}
# - {name: bbFlag, datatype: int64, description: '=1 when some ringlog exits, but Bbarolo fails to produce at least one of the plots'}
# delimiter: ','
# meta: !!omap
# - {comments: Bbarolo first round results for run natv_fitvd_dilmsk}
# - {date: '2020-07-15'}
# schema: astropy-2.0
Name,bbRad,bbVrot,bbVrot_e1,bbVrot_e2,bbVdisp,bbVdisp_e1,bbVdisp_e2,bbXpos,bbYpos,bbVmean,bbVmean_e1,bbVmean_e2,bbPA,bbPA_e1,bbPA_e2,bbInc,bbZ0,bbVrotfit,bbVdispfit,bbXposfit,bbYposfit,bbVsysfit,bbPAfit,bbIncfit,bbFtype,bbWfunc,bbFlag
[from data line 573]
UGC09665,7.5,93.237,-3.037,3.251,8.693,-3.951,3.951,64.415,64.337,2551.806,-2.038,2.092,321.114,-1.164,1.164,81.1,0.564,1,1,0,0,1,1,0,1,1,0
UGC09665,10.5,79.824,-5.331,4.665,8.093,-2.298,2.646,64.415,64.337,2577.42,-1.694,1.447,322.603,-2.117,1.809,81.1,0.564,1,1,0,0,1,1,0,1,1,0
UGC09665,13.5,117.698,-4.834,3.523,8.764,-3.573,4.98,64.415,64.337,2566.208,-2.22,2.244,313.282,-0.474,0.474,81.1,0.564,1,1,0,0,1,1,0,1,1,0
UGC09665,16.5,116.06,-4.11,4.223,8.152,-6.872,6.872,64.415,64.337,2557.991,-4.242,4.27,323.2,-5.984,5.984,81.1,0.564,1,1,0,0,1,1,0,1,1,0
UGC09665,19.5,123.471,-4.916,4.336,8.109,-6.074,6.074,64.415,64.337,2557.973,-2.748,2.602,323.2,-3.434,3.253,81.1,0.564,1,1,0,0,1,1,0,1,1,0
UGC09665,22.5,114.045,-5.004,7.265,8.108,-6.347,6.347,64.415,64.337,2573.403,-3.077,3.582,321.59,-0.956,0.716,81.1,0.564,1,1,0,0,1,1,0,1,1,0
UGC09759,1.5,129.251,-9.24,8.3,11.737,-2.493,2.993,64.805,65.94,3423.511,-15.061,11.951,215.482,-10.021,10.021,61.1,0.419,1,1,0,0,1,1,0,1,1,0
UGC09759,4.5,147.74,-17.73,17.73,8.809,-2.673,2.869,64.805,65.94,3394.658,-6.889,7.092,226.039,-7.152,8.549,61.1,0.419,1,1,0,0,1,1,0,1,1,0
UGC09759,7.5,196.788,-8.168,6.322,10.025,-8.07,8.07,64.805,65.94,3411.985,-4.749,4.288,214.702,-2.76,2.76,61.1,0.419,1,1,0,0,1,1,0,1,1,0
UGC09759,10.5,178.413,-5.38,4.218,9.156,-6.012,4.527,64.805,65.94,3390.189,-4.143,3.202,235.216,-5.181,4.064,61.1,0.419,1,1,0,0,1,1,0,1,1,0
UGC09759,13.5,177.653,-4.082,3.866,8.03,-4.339,4.339,64.805,65.94,3385.179,-3.658,3.604,244.648,-6.211,6.211,61.1,0.419,1,1,0,0,1,1,0,1,1,0
UGC09759,16.5,200.539,-13.614,13.614,8.434,-13.365,13.365,64.805,65.94,3496.129,-68.312,74.899,240.541,-2.005,1.503,61.1,0.419,1,1,0,0,1,1,0,1,1,0
UGC09759,19.5,206.425,-7.43,6.223,9.105,-4.09,4.09,64.805,65.94,3325.141,-148.985,199.437,234.422,-6.636,3.827,61.1,0.419,1,1,0,0,1,1,0,1,1,0
UGC09759,22.5,191.756,-5.363,4.719,8.663,-2.551,2.989,64.805,65.94,3413.269,-36.831,40.886,232.22,-0.879,0.879,61.1,0.419,1,1,0,0,1,1,0,1,1,0
UGC10043,4.5,207.688,-8.741,7.186,9.305,-7.799,11.188,66.639,62.704,2222.822,-4.135,4.594,152.8,-5.169,5.742,87.4,0.665,1,1,0,0,1,1,0,1,1,0
UGC10043,7.5,144.815,-5.587,4.119,10.266,-2.517,3.18,66.639,62.704,2161.426,-2.148,1.947,142.8,-0.488,0.488,87.4,0.665,1,1,0,0,1,1,0,1,1,0
UGC10043,10.5,152.99,-4.874,4.43,9.911,-6.113,7.814,66.639,62.704,2162.502,-3.605,3.92,142.958,-3.435,3.435,87.4,0.665,1,1,0,0,1,1,0,1,1,0
UGC10043,13.5,155.485,-4.054,3.654,7.839,-5.524,5.524,66.639,62.704,2152.92,-2.395,2.295,152.796,-2.993,2.868,87.4,0.665,1,1,0,0,1,1,0,1,1,0
UGC10043,16.5,204.117,-7.201,8.276,8.234,-2.813,3.233,66.639,62.704,2185.813,-1.8,2.069,152.8,-2.25,2.586,87.4,0.665,1,1,0,0,1,1,0,1,1,0
UGC10043,19.5,228.455,-19.767,15.324,8.754,-6.93,6.93,66.639,62.704,2162.895,-6.839,5.729,142.8,-0.661,0.661,87.4,0.665,1,1,0,0,1,1,0,1,1,0
UGC10043,22.5,191.91,-5.502,5.298,8.313,-4.63,5.958,66.639,62.704,2117.287,-2.533,2.814,152.8,-3.166,3.518,87.4,0.665,1,1,0,0,1,1,0,1,1,0
UGC10123,1.5,200.268,-29.817,32.189,8.798,-11.939,11.939,64.383,63.912,3610.978,-40.272,43.361,60.17,-0.264,0.322,83.6,0.384,1,1,0,0,1,1,0,1,1,0
UGC10123,4.5,215.183,-9.183,6.952,8.556,-10.307,10.307,64.383,63.912,3656.883,-4.873,4.315,61.6,-6.091,5.393,83.6,0.384,1,1,0,0,1,1,0,1,1,0
UGC10123,7.5,142.184,-5.755,5.673,12.622,-2.9,2.8,64.383,63.912,3727.336,-2.041,2.019,56.243,-1.149,1.388,83.6,0.384,1,1,0,0,1,1,0,1,1,0
UGC10123,10.5,178.607,-3.381,2.866,4.88,-2.868,2.226,64.383,63.912,3722.695,-1.785,1.42,58.18,-1.951,1.462,83.6,0.384,1,1,0,0,1,1,0,1,1,0
UGC10123,13.5,189.656,-3.667,2.681,8.234,-3.974,3.3,64.383,63.912,3728.626,-2.068,1.687,59.552,-0.629,0.766,83.6,0.384,1,1,0,0,1,1,0,1,1,0
UGC10123,16.5,200.964,-4.669,3.484,8.061,-2.455,2.738,64.383,63.912,3729.965,-1.616,1.435,53.317,-0.397,0.462,83.6,0.384,1,1,0,0,1,1,0,1,1,0
UGC10123,19.5,210.974,-5.124,4.814,9.389,-2.796,3.598,64.383,63.912,3733.03,-2.459,2.582,51.6,-1.916,1.916,83.6,0.384,1,1,0,0,1,1,0,1,1,0
UGC10123,22.5,218.737,-6.513,5.72,8.24,-7.416,9.044,64.383,63.912,3732.2,-3.914,3.996,53.999,-1.726,1.218,83.6,0.384,1,1,0,0,1,1,0,1,1,0
UGC10205,1.5,166.091,-8.932,7.079,9.598,-6.615,9.742,64.269,63.801,6413.295,-3.887,4.205,312.49,-4.859,5.257,56.3,0.217,1,1,0,0,1,1,0,1,1,0
UGC10205,4.5,227.303,-8.505,8.716,7.997,-5.52,5.52,64.269,63.801,6437.114,-4.633,4.686,309.966,-4.507,4.507,56.3,0.217,1,1,0,0,1,1,0,1,1,0
UGC10205,7.5,198.056,-10.423,10.333,8.554,-3.525,2.61,64.269,63.801,6476.332,-3.487,3.236,310.517,-4.359,4.045,56.3,0.217,1,1,0,0,1,1,0,1,1,0
UGC10205,10.5,230.61,-8.827,11.378,8.034,-3.993,2.753,64.269,63.801,6484.476,-4.184,4.32,309.559,-3.917,3.15,56.3,0.217,1,1,0,0,1,1,0,1,1,0
UGC10205,13.5,255.722,-9.268,9.207,8.683,-5.318,8.477,64.269,63.801,6478.806,-4.433,5.207,303.641,-3.144,3.144,56.3,0.217,1,1,0,0,1,1,0,1,1,0
UGC10205,16.5,221.452,-4.43,8.397,8.384,-5.92,5.934,64.269,63.801,6422.358,-2.98,3.856,307.379,-1.569,1.093,56.3,0.217,1,1,0,0,1,1,0,1,1,0
UGC10205,19.5,225.834,-3.433,4.112,8.447,-4.475,5.416,64.269,63.801,6398.213,-2.213,2.565,312.847,-0.942,0.734,56.3,0.217,1,1,0,0,1,1,0,1,1,0
UGC10205,22.5,225.656,-3.353,3.353,7.621,-2.616,2.589,64.269,63.801,6393.257,-85.692,73.777,312.096,-0.66,0.853,56.3,0.217,1,1,0,0,1,1,0,1,1,0
UGC10384,1.5,205.417,-20.695,15.639,8.25,-8.084,6.109,64.236,63.876,4988.63,-5.174,3.91,100.8,-6.467,4.887,80.7,0.287,1,1,0,0,1,1,0,1,1,0
UGC10384,4.5,181.045,-5.68,4.16,8.456,-5.302,8.28,64.236,63.876,4952.396,-3.283,3.509,98.639,-2.148,1.598,80.7,0.287,1,1,0,0,1,1,0,1,1,0
UGC10384,7.5,221.814,-5.86,7.34,7.349,-4.584,4.584,64.236,63.876,4979.75,-2.611,2.981,98.966,-3.264,3.726,80.7,0.287,1,1,0,0,1,1,0,1,1,0
UGC10384,10.5,162.243,-3.457,3.462,8.858,-5.234,7.268,64.236,63.876,4901.076,-2.173,2.682,98.825,-2.716,3.353,80.7,0.287,1,1,0,0,1,1,0,1,1,0
UGC10384,13.5,182.39,-5.121,6.397,8.655,-5.848,8.843,64.236,63.876,4899.614,-4.798,5.865,100.8,-8.222,8.222,80.7,0.287,1,1,0,0,1,1,0,1,1,0
UGC10384,16.5,191.045,-6.96,6.721,8.563,-9.291,9.291,64.236,63.876,4902.59,-4.063,4.003,98.975,-5.079,5.004,80.7,0.287,1,1,0,0,1,1,0,1,1,0
UGC10384,19.5,220.702,-35.263,35.263,8.902,-11.226,11.285,64.236,63.876,4883.129,-8.981,9.028,92.829,-0.659,0.847,80.7,0.287,1,1,0,0,1,1,0,1,1,0
UGC10384,22.5,237.679,-14.495,19.354,8.656,-3.993,5.117,64.236,63.876,4906.768,-5.057,6.677,93.067,-1.74,2.236,80.7,0.287,1,1,0,0,1,1,0,1,1,0
UGC10710,1.5,198.678,-10.211,9.745,8.795,-8.525,8.46,64.005,63.734,8126.599,-17.07,17.328,153.872,-6.82,6.768,78.0,0.169,1,1,0,0,1,1,0,1,1,0
UGC10710,4.5,208.524,-10.508,9.025,8.415,-6.849,6.849,64.005,63.734,8133.008,-5.06,4.69,154.304,-2.885,2.885,78.0,0.169,1,1,0,0,1,1,0,1,1,0
UGC10710,7.5,223.301,-9.452,7.069,8.703,-4.131,5.323,64.005,63.734,8122.968,-3.671,3.317,149.138,-1.102,0.874,78.0,0.169,1,1,0,0,1,1,0,1,1,0
UGC10710,10.5,224.156,-4.704,5.074,7.711,-2.856,2.815,64.005,63.734,8128.307,-2.558,2.747,154.189,-4.208,4.208,78.0,0.169,1,1,0,0,1,1,0,1,1,0
UGC10710,13.5,232.374,-6.534,5.89,8.673,-3.248,4.148,64.005,63.734,8127.459,-3.071,3.457,147.133,-2.501,3.79,78.0,0.169,1,1,0,0,1,1,0,1,1,0
UGC10710,16.5,248.587,-12.606,9.766,8.68,-3.31,4.359,64.005,63.734,8125.617,-4.371,3.924,144.534,-1.569,1.569,78.0,0.169,1,1,0,0,1,1,0,1,1,0
UGC10710,19.5,200.866,-13.513,22.424,8.263,-11.671,13.964,64.005,63.734,8155.53,-28.343,28.603,154.5,-4.83,4.83,78.0,0.169,1,1,0,0,1,1,0,1,1,0
UGC10710,22.5,228.344,-22.435,36.195,8.031,-14.206,14.206,64.005,63.734,8159.069,-35.568,27.16,149.264,-1.381,1.148,78.0,0.169,1,1,0,0,1,1,0,1,1,0
