edge_pydb/dat_prof/bbarolo/bb_natv_fitvd_dilmsk_freepa.csv
# %ECSV 1.0
# ---
# datatype:
# - {name: Name, datatype: string, description: Galaxy Name}
# - {name: bbRad, unit: arcsec, datatype: float64, description: Galactocentric radius of ring}
# - {name: bbVrot, unit: km / s, datatype: float64}
# - {name: bbVrot_e1, unit: km / s, datatype: float64}
# - {name: bbVrot_e2, unit: km / s, datatype: float64}
# - {name: bbVdisp, unit: km / s, datatype: float64}
# - {name: bbVdisp_e1, unit: km / s, datatype: float64}
# - {name: bbVdisp_e2, unit: km / s, datatype: float64}
# - {name: bbXpos, unit: pix, datatype: float64}
# - {name: bbYpos, unit: pix, datatype: float64}
# - {name: bbVmean, unit: km / s, datatype: float64, description: 'Systemic velocity in radio defn, LSR frame'}
# - {name: bbVmean_e1, unit: km / s, datatype: float64}
# - {name: bbVmean_e2, unit: km / s, datatype: float64}
# - {name: bbPA, unit: deg, datatype: float64}
# - {name: bbPA_e1, unit: deg, datatype: float64}
# - {name: bbPA_e2, unit: deg, datatype: float64}
# - {name: bbInc, unit: deg, datatype: float64}
# - {name: bbZ0, unit: arcsec, datatype: float64, description: Scale height of disk in arcsec}
# - {name: bbVrotfit, unit: km / s, datatype: int64, description: 0=fixed to input value; 1=fitted per ring; -1=fixed to mean value of
#     previous fit}
# - {name: bbVdispfit, unit: km / s, datatype: int64, description: 0=fixed to input value; 1=fitted per ring; -1=fixed to mean value of
#     previous fit}
# - {name: bbXposfit, unit: pix, datatype: int64, description: 0=fixed to input value; 1=fitted per ring; -1=fixed to mean value of previous
#     fit}
# - {name: bbYposfit, unit: pix, datatype: int64, description: 0=fixed to input value; 1=fitted per ring; -1=fixed to mean value of previous
#     fit}
# - {name: bbVsysfit, unit: km / s, datatype: int64, description: 0=fixed to input value; 1=fitted per ring; -1=fixed to mean value of
#     previous fit}
# - {name: bbPAfit, unit: deg, datatype: int64, description: 0=fixed to input value; 1=fitted per ring; -1=fixed to mean value of previous
#     fit}
# - {name: bbIncfit, unit: deg, datatype: int64, description: 0=fixed to input value; 1=fitted per ring; -1=fixed to mean value of previous
#     fit}
# - {name: bbFtype, datatype: int64, description: 'Function to minimize: 1=chi-squared, 2=|mod-obs|'}
# - {name: bbWfunc, datatype: int64, description: 'Weighting function: 0=uniform, 1=|cos|, 2=cos^2'}
# - {name: bbFlag, datatype: int64, description: '=1 when some ringlog exits, but Bbarolo fails to produce at least one of the plots'}
# delimiter: ','
# meta: !!omap
# - {comments: Bbarolo first round results for run natv_fitvd_dilmsk}
# - {date: '2023-12-03'}
# schema: astropy-2.0
Name,bbRad,bbVrot,bbVrot_e1,bbVrot_e2,bbVdisp,bbVdisp_e1,bbVdisp_e2,bbXpos,bbYpos,bbVmean,bbVmean_e1,bbVmean_e2,bbPA,bbPA_e1,bbPA_e2,bbInc,bbZ0,bbVrotfit,bbVdispfit,bbXposfit,bbYposfit,bbVsysfit,bbPAfit,bbIncfit,bbFtype,bbWfunc,bbFlag
IC0480,1.5,200.024,-10.952,14.269,10.442,-4.778,3.424,63.455,69.29,4667.236,-11.842,15.952,346.457,-0.737,0.565,84.87,0.314,1,1,0,0,1,1,0,1,1,0
IC0480,4.5,199.969,-11.769,9.536,9.544,-7.281,4.099,63.455,69.29,4634.665,-4.848,3.506,346.498,-0.343,0.388,84.87,0.314,1,1,0,0,1,1,0,1,1,0
IC0480,7.5,174.786,-25.15,16.985,12.786,-3.864,3.02,63.455,69.29,4504.622,-7.253,5.001,352.383,-9.067,6.252,84.87,0.314,1,1,0,0,1,1,0,1,1,0
IC0480,10.5,140.626,-5.178,4.607,14.434,-4.988,4.988,63.455,69.29,4556.702,-3.882,3.739,343.997,-5.36,5.36,84.87,0.314,1,1,0,0,1,1,0,1,1,0
IC0480,13.5,142.266,-5.714,6.923,16.339,-2.21,2.208,63.455,69.29,4554.43,-2.667,2.843,352.9,-2.915,2.915,84.87,0.314,1,1,0,0,1,1,0,1,1,0
IC0480,16.5,168.258,-13.804,9.717,33.031,-6.44,6.44,63.455,69.29,4551.103,-5.325,4.254,350.28,-1.055,0.858,84.87,0.314,1,1,0,0,1,1,0,1,1,0
IC0480,19.5,164.502,-10.972,13.135,21.645,-9.458,9.06,63.455,69.29,4544.338,-7.201,7.642,352.9,-8.373,8.373,84.87,0.314,1,1,0,0,1,1,0,1,1,0
IC0480,22.5,203.493,-15.671,18.683,12.372,-8.568,8.568,63.455,69.29,4560.88,-6.37,7.252,347.907,-1.241,1.758,84.87,0.314,1,1,0,0,1,1,0,1,1,0
IC0944,1.5,203.478,-11.286,12.243,54.595,-7.754,11.186,64.478,63.577,6850.444,-16.385,11.791,288.3,-6.623,6.623,63.707,0.204,1,1,0,0,1,1,0,1,1,0
IC0944,4.5,201.483,-15.978,16.634,45.297,-8.806,10.973,64.478,63.577,6845.143,-11.93,15.475,280.7,-9.179,10.771,63.707,0.204,1,1,0,0,1,1,0,1,1,0
IC0944,7.5,175.089,-20.692,23.282,38.769,-9.013,10.723,64.478,63.577,6834.238,-12.147,14.878,287.398,-2.458,2.458,63.707,0.204,1,1,0,0,1,1,0,1,1,0
IC0944,10.5,234.346,-22.29,26.556,29.758,-9.939,11.453,64.478,63.577,6838.998,-24.681,22.837,280.7,-14.228,15.212,63.707,0.204,1,1,0,0,1,1,0,1,1,0
IC0944,13.5,294.198,-22.986,17.395,31.467,-10.287,10.287,64.478,63.577,6859.525,-28.292,29.876,281.885,-3.934,3.934,63.707,0.204,1,1,0,0,1,1,0,1,1,0
IC0944,16.5,205.971,-11.421,11.421,12.376,-3.652,2.853,64.478,63.577,6833.409,-41.117,37.417,285.709,-3.096,3.19,63.707,0.204,1,1,0,0,1,1,0,1,1,0
IC0944,19.5,314.119,-9.586,8.371,2.902,-3.916,3.916,64.478,63.577,6851.153,-3.727,3.423,280.7,-1.405,1.405,63.707,0.204,1,1,0,0,1,1,0,1,1,0
IC0944,22.5,224.111,-17.368,13.273,13.276,-2.923,3.762,64.478,63.577,6758.929,-28.115,25.844,281.454,-1.409,1.409,63.707,0.204,1,1,0,0,1,1,0,1,1,0
IC0944,25.5,281.915,-9.069,7.083,8.635,-2.785,3.611,64.478,63.577,6805.432,-82.822,66.922,280.973,-1.022,1.022,63.707,0.204,1,1,0,0,1,1,0,1,1,0
IC0944,28.5,204.205,-15.66,12.76,11.464,-8.43,7.72,64.478,63.577,6943.545,-228.091,271.386,287.402,-4.771,3.192,63.707,0.204,1,1,0,0,1,1,0,1,1,0
IC1199,1.5,185.475,-13.943,15.738,12.192,-7.132,7.132,63.407,64.2,4737.688,-52.934,42.081,158.929,-2.259,2.259,72.01,0.303,1,1,0,0,1,1,0,1,1,0
IC1199,4.5,135.127,-10.412,8.015,3.924,-4.971,4.971,63.407,64.2,4678.114,-20.828,16.638,162.491,-2.111,1.658,72.01,0.303,1,1,0,0,1,1,0,1,1,0
IC1199,7.5,176.937,-12.568,13.162,1.495,-3.686,3.686,63.407,64.2,4676.326,-20.848,18.619,164.3,-4.079,4.079,72.01,0.303,1,1,0,0,1,1,0,1,1,0
IC1199,10.5,186.914,-7.617,6.261,4.043,-5.181,5.181,63.407,64.2,4663.986,-4.107,3.768,163.073,-3.63,3.63,72.01,0.303,1,1,0,0,1,1,0,1,1,0
IC1199,13.5,183.809,-4.853,4.422,7.539,-3.1,2.152,63.407,64.2,4662.269,-2.362,2.375,162.175,-2.927,2.927,72.01,0.303,1,1,0,0,1,1,0,1,1,0
IC1199,16.5,188.016,-5.459,4.982,3.162,-2.279,3.054,63.407,64.2,4662.306,-1.934,2.009,163.409,-2.418,2.511,72.01,0.303,1,1,0,0,1,1,0,1,1,0
IC1199,19.5,195.612,-5.127,5.094,0.56,-4.829,4.829,63.407,64.2,4668.346,-4.176,4.168,164.299,-6.747,6.747,72.01,0.303,1,1,0,0,1,1,0,1,1,0
IC1199,22.5,201.217,-5.751,6.183,2.336,-3.119,3.029,63.407,64.2,4670.072,-2.441,2.468,161.013,-2.637,1.947,72.01,0.303,1,1,0,0,1,1,0,1,1,0
IC1683,1.5,141.349,-3.822,5.602,37.291,-4.541,4.74,64.495,63.6,4784.331,-2.091,2.585,191.829,-2.614,3.232,66.401,0.297,1,1,0,0,1,1,0,1,1,0
IC1683,4.5,171.225,-8.711,9.619,37.857,-7.706,8.741,64.495,63.6,4786.446,-4.104,4.59,191.955,-5.13,5.738,66.401,0.297,1,1,0,0,1,1,0,1,1,0
IC1683,7.5,193.7,-11.753,8.803,13.527,-9.6,9.6,64.495,63.6,4782.662,-6.324,5.586,196.293,-3.941,3.941,66.401,0.297,1,1,0,0,1,1,0,1,1,0
IC1683,10.5,181.2,-9.414,7.828,5.943,-5.569,6.11,64.495,63.6,4771.127,-3.746,3.485,200.6,-4.682,4.356,66.401,0.297,1,1,0,0,1,1,0,1,1,0
IC1683,13.5,230.484,-37.666,28.717,0.593,-6.354,6.354,64.495,63.6,4778.25,-17.535,23.8,199.38,-5.236,5.236,66.401,0.297,1,1,0,0,1,1,0,1,1,0
IC1683,16.5,213.309,-27.99,23.39,9.001,-2.271,2.926,64.495,63.6,4797.509,-23.227,17.187,195.91,-3.37,2.501,66.401,0.297,1,1,0,0,1,1,0,1,1,0
IC1683,19.5,227.531,-22.774,30.453,0.986,-4.651,4.651,64.495,63.6,4795.074,-8.252,10.172,200.6,-5.584,5.584,66.401,0.297,1,1,0,0,1,1,0,1,1,0
IC1683,22.5,251.74,-30.864,28.154,1.698,-5.487,5.487,64.495,63.6,4792.788,-9.75,9.063,197.795,-2.648,2.613,66.401,0.297,1,1,0,0,1,1,0,1,1,0
IC2247,1.5,58.084,-7.244,6.311,37.821,-2.239,2.485,64.858,63.458,4220.486,-2.371,2.01,153.5,-2.963,2.512,86.503,0.338,1,1,0,0,1,1,0,1,1,0
IC2247,4.5,88.035,-6.852,8.016,16.386,-2.181,2.496,64.858,63.458,4223.828,-2.317,2.593,150.93,-0.967,1.195,86.503,0.338,1,1,0,0,1,1,0,1,1,0
IC2247,7.5,196.854,-12.102,9.967,12.632,-6.257,4.335,64.858,63.458,4164.197,-12.323,15.549,145.396,-0.822,0.789,86.503,0.338,1,1,0,0,1,1,0,1,1,0
IC2247,10.5,161.044,-4.669,4.015,11.315,-6.24,5.028,64.858,63.458,4218.919,-3.108,2.641,152.718,-1.521,1.521,86.503,0.338,1,1,0,0,1,1,0,1,1,0
IC2247,13.5,177.252,-5.031,4.82,11.251,-10.106,10.106,64.858,63.458,4219.792,-3.784,3.732,153.496,-4.73,4.664,86.503,0.338,1,1,0,0,1,1,0,1,1,0
IC2247,16.5,183.958,-6.715,7.953,13.448,-4.519,3.521,64.858,63.458,4224.211,-4.234,4.294,153.203,-5.704,5.704,86.503,0.338,1,1,0,0,1,1,0,1,1,0
IC2247,19.5,198.317,-8.112,7.685,10.848,-3.704,2.822,64.858,63.458,4225.605,-3.814,3.487,153.011,-3.44,3.44,86.503,0.338,1,1,0,0,1,1,0,1,1,0
IC2247,22.5,224.398,-12.833,13.125,12.126,-5.446,3.917,64.858,63.458,4237.669,-5.502,5.193,143.66,-3.731,3.731,86.503,0.338,1,1,0,0,1,1,0,1,1,0
IC2487,1.5,185.618,-13.094,16.666,13.573,-10.786,11.886,64.079,64.28,4146.967,-31.768,35.396,347.9,-13.912,15.987,79.821,0.333,1,1,0,0,1,1,0,1,1,0
IC2487,4.5,191.663,-14.098,12.447,12.873,-6.061,6.551,64.079,64.28,4340.688,-13.017,17.417,344.35,-0.731,0.964,79.821,0.333,1,1,0,0,1,1,0,1,1,0
IC2487,7.5,213.115,-16.113,12.289,14.035,-10.688,10.688,64.079,64.28,4356.314,-18.162,16.396,338.232,-2.11,2.11,79.821,0.333,1,1,0,0,1,1,0,1,1,0
IC2487,10.5,139.423,-5.211,4.018,11.756,-5.936,5.59,64.079,64.28,4275.64,-2.787,2.402,337.9,-3.484,3.002,79.821,0.333,1,1,0,0,1,1,0,1,1,0
IC2487,13.5,149.609,-7.733,6.522,16.184,-4.883,4.883,64.079,64.28,4280.646,-4.245,3.56,343.271,-4.362,2.834,79.821,0.333,1,1,0,0,1,1,0,1,1,0
IC2487,16.5,170.454,-5.902,5.902,8.726,-2.98,2.148,64.079,64.28,4272.798,-1.886,2.012,347.083,-2.357,2.516,79.821,0.333,1,1,0,0,1,1,0,1,1,0
IC2487,19.5,158.079,-9.627,7.836,10.842,-4.017,4.017,64.079,64.28,4288.455,-4.425,3.977,347.565,-4.054,4.054,79.821,0.333,1,1,0,0,1,1,0,1,1,0
IC2487,22.5,191.207,-13.788,11.911,9.418,-3.587,4.73,64.079,64.28,4260.983,-5.01,4.673,345.126,-2.666,2.052,79.821,0.333,1,1,0,0,1,1,0,1,1,0
IC2487,25.5,186.693,-7.869,7.762,4.587,-4.936,4.936,64.079,64.28,4304.349,-4.091,4.065,346.676,-3.56,3.56,79.821,0.333,1,1,0,0,1,1,0,1,1,0
IC2487,28.5,167.649,-7.609,7.389,4.759,-3.906,4.17,64.079,64.28,4277.945,-2.879,2.89,347.9,-3.599,3.612,79.821,0.333,1,1,0,0,1,1,0,1,1,0
IC4566,1.5,19.473,-3.224,2.168,1.103,-2.644,2.919,64.428,64.109,5576.868,-5.31,5.804,321.684,-2.607,2.466,50.164,0.256,1,1,0,0,1,1,0,1,1,0
IC4566,4.5,115.318,-14.361,10.727,11.5,-2.149,2.937,64.428,64.109,5496.431,-9.48,7.827,322.976,-6.498,5.373,50.164,0.256,1,1,0,0,1,1,0,1,1,0
IC4566,7.5,135.326,-20.961,18.199,6.571,-5.925,5.925,64.428,64.109,5489.376,-15.572,15.792,330.0,-5.848,5.848,50.164,0.256,1,1,0,0,1,1,0,1,1,0
IC4566,10.5,229.98,-10.467,7.43,5.278,-4.959,4.959,64.428,64.109,5490.783,-4.556,3.797,329.847,-2.797,2.797,50.164,0.256,1,1,0,0,1,1,0,1,1,0
IC4566,13.5,228.377,-6.504,5.188,6.058,-3.792,3.789,64.428,64.109,5499.069,-3.125,2.964,325.592,-2.205,2.881,50.164,0.256,1,1,0,0,1,1,0,1,1,0
IC4566,16.5,236.198,-11.274,8.467,10.479,-2.967,2.484,64.428,64.109,5500.953,-4.883,4.318,322.307,-6.32,6.32,50.164,0.256,1,1,0,0,1,1,0,1,1,0
IC4566,19.5,228.706,-12.285,14.077,7.394,-5.553,5.553,64.428,64.109,5498.631,-5.361,5.809,323.928,-3.605,3.605,50.164,0.256,1,1,0,0,1,1,0,1,1,0
IC4566,22.5,234.639,-12.208,11.528,8.463,-3.064,3.093,64.428,64.109,5487.356,-8.037,8.96,321.441,-5.444,5.644,50.164,0.256,1,1,0,0,1,1,0,1,1,0
NGC0447,1.5,357.945,-22.047,18.356,30.617,-8.963,4.944,64.002,63.5,5492.405,-7.753,5.825,47.059,-9.691,7.281,13.841,0.259,1,1,0,0,1,1,0,1,1,0
NGC0447,4.5,305.92,-36.793,54.158,32.292,-6.827,5.277,64.002,63.5,5499.657,-17.041,20.994,32.61,-24.542,24.542,13.841,0.259,1,1,0,0,1,1,0,1,1,0
NGC0447,7.5,255.371,-18.597,15.176,16.704,-9.642,5.039,64.002,63.5,5525.7,-16.395,13.22,50.188,-11.062,11.062,13.841,0.259,1,1,0,0,1,1,0,1,1,0
NGC0447,10.5,168.709,-15.789,21.519,2.318,-2.732,2.329,64.002,63.5,5548.272,-193.508,172.849,51.75,-12.137,12.137,13.841,0.259,1,1,0,0,1,1,0,1,1,0
NGC0477,1.5,222.381,-39.933,38.26,11.625,-7.079,10.365,65.645,64.273,5323.062,-288.619,288.619,325.0,-83.908,84.311,71.011,0.242,1,1,0,0,1,1,0,1,1,0
NGC0477,4.5,184.348,-19.943,15.7,7.802,-4.062,5.218,65.645,64.273,5823.206,-21.395,19.915,318.864,-4.563,4.563,71.011,0.242,1,1,0,0,1,1,0,1,1,0
NGC0477,7.5,107.508,-5.878,4.308,2.565,-2.965,2.374,65.645,64.273,5731.602,-8.546,9.327,319.353,-3.817,3.673,71.011,0.242,1,1,0,0,1,1,0,1,1,0
NGC0477,10.5,177.635,-21.739,14.971,7.527,-2.318,2.718,65.645,64.273,5736.617,-21.175,22.994,320.557,-3.343,3.196,71.011,0.242,1,1,0,0,1,1,0,1,1,0
NGC0477,13.5,151.974,-24.292,24.292,1.123,-3.496,3.496,65.645,64.273,5770.24,-70.656,90.13,325.0,-24.611,29.479,71.011,0.242,1,1,0,0,1,1,0,1,1,0
NGC0477,16.5,109.301,-18.842,18.842,1.965,-4.561,4.561,65.645,64.273,5812.938,-44.536,40.665,325.0,-16.985,16.017,71.011,0.242,1,1,0,0,1,1,0,1,1,0
NGC0477,19.5,203.014,-10.945,14.114,2.619,-3.336,3.336,65.645,64.273,5760.475,-29.273,26.592,325.0,-10.888,11.011,71.011,0.242,1,1,0,0,1,1,0,1,1,0
NGC0477,22.5,158.615,-12.945,10.247,1.467,-2.713,2.713,65.645,64.273,5782.813,-10.404,12.019,322.836,-2.626,1.991,71.011,0.242,1,1,0,0,1,1,0,1,1,0
NGC0496,1.5,135.593,-10.898,9.352,11.905,-8.019,12.702,64.01,63.612,5970.098,-100.012,59.157,221.464,-29.732,20.303,70.301,0.236,1,1,0,0,1,1,0,1,1,0
NGC0496,4.5,161.404,-12.405,15.045,11.491,-10.468,10.468,64.01,63.612,5819.529,-20.48,23.742,214.543,-1.936,1.947,70.301,0.236,1,1,0,0,1,1,0,1,1,0
NGC0496,7.5,172.607,-12.533,10.276,12.399,-10.961,10.961,64.01,63.612,5832.781,-21.98,25.742,219.618,-1.328,1.328,70.301,0.236,1,1,0,0,1,1,0,1,1,0
NGC0496,10.5,111.835,-4.657,3.588,9.929,-2.142,2.626,64.01,63.612,5898.994,-1.402,1.202,221.5,-1.753,1.503,70.301,0.236,1,1,0,0,1,1,0,1,1,0
NGC0496,13.5,124.769,-4.393,3.616,0.779,-2.402,2.402,64.01,63.612,5895.798,-2.522,2.328,219.11,-3.294,3.294,70.301,0.236,1,1,0,0,1,1,0,1,1,0
NGC0496,16.5,129.506,-7.427,8.391,1.372,-2.14,2.14,64.01,63.612,5899.879,-3.107,3.348,221.5,-2.86,2.86,70.301,0.236,1,1,0,0,1,1,0,1,1,0
NGC0496,19.5,143.97,-8.464,6.309,1.86,-2.271,2.341,64.01,63.612,5896.095,-3.155,2.921,216.535,-2.335,3.033,70.301,0.236,1,1,0,0,1,1,0,1,1,0
NGC0496,22.5,167.198,-12.195,14.559,3.228,-2.282,2.864,64.01,63.612,5899.621,-3.979,4.851,216.039,-1.44,1.983,70.301,0.236,1,1,0,0,1,1,0,1,1,0
NGC0523,1.5,175.404,-8.033,7.365,7.131,-6.135,6.135,63.642,63.984,4775.337,-25.432,22.096,102.12,-9.9,8.899,76.459,0.3,1,1,0,0,1,1,0,1,1,0
NGC0523,4.5,188.854,-13.118,10.089,14.142,-7.392,7.392,63.642,63.984,4751.547,-19.093,23.449,95.077,-2.01,3.017,76.459,0.3,1,1,0,0,1,1,0,1,1,0
NGC0523,7.5,166.344,-18.163,13.696,7.546,-3.835,4.923,63.642,63.984,4718.564,-12.846,19.532,102.2,-8.711,9.538,76.459,0.3,1,1,0,0,1,1,0,1,1,0
NGC0523,10.5,198.179,-8.656,6.603,6.368,-4.647,6.135,63.642,63.984,4754.083,-14.487,11.877,102.198,-3.377,3.377,76.459,0.3,1,1,0,0,1,1,0,1,1,0
NGC0523,13.5,213.159,-14.017,17.64,7.501,-12.773,12.773,63.642,63.984,4794.474,-17.733,14.357,102.117,-11.131,11.193,76.459,0.3,1,1,0,0,1,1,0,1,1,0
NGC0523,16.5,175.791,-17.091,21.962,11.396,-10.106,9.668,63.642,63.984,4742.947,-18.511,21.445,102.2,-3.171,3.171,76.459,0.3,1,1,0,0,1,1,0,1,1,0
NGC0523,19.5,194.014,-14.138,20.105,9.558,-8.968,8.968,63.642,63.984,4734.631,-17.002,13.662,101.392,-10.027,10.684,76.459,0.3,1,1,0,0,1,1,0,1,1,0
NGC0523,22.5,245.098,-14.597,12.015,16.63,-10.027,8.248,63.642,63.984,4737.324,-9.205,11.924,102.2,-2.603,2.603,76.459,0.3,1,1,0,0,1,1,0,1,1,0
NGC0551,7.5,84.778,-12.156,7.762,0.261,-2.936,2.936,63.285,63.7,5155.554,-182.699,146.012,133.566,-49.448,39.178,68.409,0.277,1,1,0,0,1,1,0,1,1,0
NGC0551,10.5,132.789,-9.17,6.741,7.348,-2.693,2.693,63.285,63.7,5120.501,-19.564,11.852,137.074,-3.171,2.382,68.409,0.277,1,1,0,0,1,1,0,1,1,0
NGC0551,13.5,162.137,-7.578,6.588,2.62,-2.732,2.161,63.285,63.7,5098.525,-3.171,3.469,134.701,-3.464,5.127,68.409,0.277,1,1,0,0,1,1,0,1,1,0
NGC0551,16.5,165.689,-5.374,3.852,8.062,-2.321,2.606,63.285,63.7,5098.562,-1.593,1.282,139.437,-1.991,1.602,68.409,0.277,1,1,0,0,1,1,0,1,1,0
NGC0551,19.5,180.653,-5.136,5.366,2.949,-3.202,3.202,63.285,63.7,5097.431,-2.085,2.142,138.997,-2.606,2.677,68.409,0.277,1,1,0,0,1,1,0,1,1,0
NGC0551,22.5,185.528,-6.983,7.993,2.016,-2.397,2.632,63.285,63.7,5100.953,-3.166,3.547,139.765,-4.119,4.119,68.409,0.277,1,1,0,0,1,1,0,1,1,0
NGC2253,1.5,139.299,-2.647,2.888,17.24,-2.724,3.854,63.936,63.6,3521.393,-1.343,1.686,118.443,-1.678,2.107,42.806,0.404,1,1,0,0,1,1,0,1,1,0
NGC2253,4.5,151.822,-8.275,8.541,21.164,-3.916,5.018,63.936,63.6,3522.086,-3.048,3.39,115.575,-3.81,4.237,42.806,0.404,1,1,0,0,1,1,0,1,1,0
NGC2253,7.5,173.283,-4.318,6.227,5.621,-3.209,3.209,63.936,63.6,3520.849,-1.882,2.359,122.762,-2.352,2.949,42.806,0.404,1,1,0,0,1,1,0,1,1,0
NGC2253,10.5,177.123,-3.218,2.956,7.234,-3.022,3.035,63.936,63.6,3520.468,-2.125,1.993,118.302,-2.262,3.062,42.806,0.404,1,1,0,0,1,1,0,1,1,0
NGC2253,13.5,179.383,-3.878,3.517,11.598,-2.305,2.924,63.936,63.6,3520.813,-2.393,2.337,122.991,-5.055,5.055,42.806,0.404,1,1,0,0,1,1,0,1,1,0
NGC2253,16.5,179.897,-3.338,3.902,3.303,-2.877,2.877,63.936,63.6,3523.07,-2.092,2.089,121.719,-2.151,1.575,42.806,0.404,1,1,0,0,1,1,0,1,1,0
NGC2253,19.5,181.884,-4.635,4.732,2.093,-2.676,2.676,63.936,63.6,3523.666,-2.362,2.464,120.466,-2.138,2.449,42.806,0.404,1,1,0,0,1,1,0,1,1,0
NGC2253,22.5,184.085,-4.823,5.435,1.134,-3.589,3.589,63.936,63.6,3523.593,-2.78,2.754,119.52,-2.706,1.991,42.806,0.404,1,1,0,0,1,1,0,1,1,0
NGC2347,1.5,176.849,-16.456,20.632,24.983,-5.033,7.966,63.551,62.727,4303.005,-5.372,7.15,4.117,-6.715,8.937,44.513,0.324,1,1,0,0,1,1,0,1,1,0
NGC2347,4.5,283.784,-9.419,9.464,9.477,-6.476,12.38,63.551,62.727,4350.896,-4.927,6.415,12.344,-3.814,3.814,44.513,0.324,1,1,0,0,1,1,0,1,1,0
NGC2347,7.5,299.008,-5.879,5.985,6.485,-5.047,5.047,63.551,62.727,4356.774,-3.755,4.02,8.849,-4.096,5.05,44.513,0.324,1,1,0,0,1,1,0,1,1,0
NGC2347,10.5,306.366,-3.539,4.041,4.248,-4.94,4.94,63.551,62.727,4355.49,-3.521,3.646,5.436,-5.603,5.603,44.513,0.324,1,1,0,0,1,1,0,1,1,0
NGC2347,13.5,249.26,-11.266,10.441,13.313,-9.525,13.038,63.551,62.727,4392.653,-9.558,10.115,8.593,-3.42,3.138,44.513,0.324,1,1,0,0,1,1,0,1,1,0
NGC2347,16.5,304.167,-8.334,9.986,6.955,-2.262,2.925,63.551,62.727,4360.54,-3.544,4.123,8.83,-3.581,3.581,44.513,0.324,1,1,0,0,1,1,0,1,1,0
NGC2347,19.5,304.493,-10.738,9.911,0.755,-3.911,3.911,63.551,62.727,4369.814,-4.651,4.444,13.766,-3.954,3.954,44.513,0.324,1,1,0,0,1,1,0,1,1,0
NGC2347,22.5,268.016,-12.689,12.77,0.929,-2.956,2.956,63.551,62.727,4346.385,-52.677,46.025,14.081,-3.66,3.66,44.513,0.324,1,1,0,0,1,1,0,1,1,0
NGC2410,1.5,96.431,-22.349,20.179,17.527,-4.588,5.859,64.428,64.065,4601.591,-8.499,11.424,39.491,-3.62,3.62,76.082,0.306,1,1,0,0,1,1,0,1,1,0
NGC2410,4.5,170.562,-23.691,26.016,15.487,-10.707,10.707,64.428,64.065,4592.076,-27.167,21.83,34.108,-2.149,3.265,76.082,0.306,1,1,0,0,1,1,0,1,1,0
