edge_pydb/dat_prof/bbarolo/bb_natv_fitvd_dilmsk_freepa.csv
# %ECSV 1.0
# ---
# datatype:
# - {name: Name, datatype: string, description: Galaxy Name}
# - {name: bbRad, unit: arcsec, datatype: float64, description: Galactocentric radius of ring}
# - {name: bbVrot, unit: km / s, datatype: float64}
# - {name: bbVrot_e1, unit: km / s, datatype: float64}
# - {name: bbVrot_e2, unit: km / s, datatype: float64}
# - {name: bbVdisp, unit: km / s, datatype: float64}
# - {name: bbVdisp_e1, unit: km / s, datatype: float64}
# - {name: bbVdisp_e2, unit: km / s, datatype: float64}
# - {name: bbXpos, unit: pix, datatype: float64}
# - {name: bbYpos, unit: pix, datatype: float64}
# - {name: bbVmean, unit: km / s, datatype: float64, description: 'Systemic velocity in radio defn, LSR frame'}
# - {name: bbVmean_e1, unit: km / s, datatype: float64}
# - {name: bbVmean_e2, unit: km / s, datatype: float64}
# - {name: bbPA, unit: deg, datatype: float64}
# - {name: bbPA_e1, unit: deg, datatype: float64}
# - {name: bbPA_e2, unit: deg, datatype: float64}
# - {name: bbInc, unit: deg, datatype: float64}
# - {name: bbZ0, unit: arcsec, datatype: float64, description: Scale height of disk in arcsec}
# - {name: bbVrotfit, unit: km / s, datatype: int64, description: 0=fixed to input value; 1=fitted per ring; -1=fixed to mean value of
#     previous fit}
# - {name: bbVdispfit, unit: km / s, datatype: int64, description: 0=fixed to input value; 1=fitted per ring; -1=fixed to mean value of
#     previous fit}
# - {name: bbXposfit, unit: pix, datatype: int64, description: 0=fixed to input value; 1=fitted per ring; -1=fixed to mean value of previous
#     fit}
# - {name: bbYposfit, unit: pix, datatype: int64, description: 0=fixed to input value; 1=fitted per ring; -1=fixed to mean value of previous
#     fit}
# - {name: bbVsysfit, unit: km / s, datatype: int64, description: 0=fixed to input value; 1=fitted per ring; -1=fixed to mean value of
#     previous fit}
# - {name: bbPAfit, unit: deg, datatype: int64, description: 0=fixed to input value; 1=fitted per ring; -1=fixed to mean value of previous
#     fit}
# - {name: bbIncfit, unit: deg, datatype: int64, description: 0=fixed to input value; 1=fitted per ring; -1=fixed to mean value of previous
#     fit}
# - {name: bbFtype, datatype: int64, description: 'Function to minimize: 1=chi-squared, 2=|mod-obs|'}
# - {name: bbWfunc, datatype: int64, description: 'Weighting function: 0=uniform, 1=|cos|, 2=cos^2'}
# - {name: bbFlag, datatype: int64, description: '=1 when some ringlog exits, but Bbarolo fails to produce at least one of the plots'}
# delimiter: ','
# meta: !!omap
# - {comments: Bbarolo first round results for run natv_fitvd_dilmsk}
# - {date: '2023-12-03'}
# schema: astropy-2.0
Name,bbRad,bbVrot,bbVrot_e1,bbVrot_e2,bbVdisp,bbVdisp_e1,bbVdisp_e2,bbXpos,bbYpos,bbVmean,bbVmean_e1,bbVmean_e2,bbPA,bbPA_e1,bbPA_e2,bbInc,bbZ0,bbVrotfit,bbVdispfit,bbXposfit,bbYposfit,bbVsysfit,bbPAfit,bbIncfit,bbFtype,bbWfunc,bbFlag
[from data line 562]
UGC09759,16.5,198.716,-13.415,9.882,11.89,-5.463,5.463,64.805,65.94,3356.803,-228.123,228.123,232.411,-61.75,60.867,61.054,0.417,1,1,0,0,1,1,0,1,1,0
UGC09759,19.5,149.257,-6.382,5.351,7.857,-2.493,2.359,64.805,65.94,3372.779,-93.234,121.047,226.644,-2.8,2.8,61.054,0.417,1,1,0,0,1,1,0,1,1,0
UGC10043,4.5,232.785,-12.653,11.18,5.966,-7.917,8.576,66.639,62.704,2246.058,-12.679,16.264,152.765,-6.333,6.861,87.41,0.674,1,1,0,0,1,1,0,1,1,0
UGC10043,7.5,136.994,-10.073,8.032,23.722,-8.337,8.337,66.639,62.704,2158.807,-5.501,4.991,142.8,-3.594,3.594,87.41,0.674,1,1,0,0,1,1,0,1,1,0
UGC10043,10.5,152.173,-5.366,5.804,15.034,-5.64,9.13,66.639,62.704,2160.633,-3.189,4.171,146.418,-1.751,1.751,87.41,0.674,1,1,0,0,1,1,0,1,1,0
UGC10043,13.5,156.786,-4.93,5.215,11.624,-8.611,9.131,66.639,62.704,2154.614,-3.385,3.587,152.8,-4.232,4.483,87.41,0.674,1,1,0,0,1,1,0,1,1,0
UGC10043,16.5,194.607,-19.825,19.494,12.829,-4.126,3.058,66.639,62.704,2154.613,-15.692,17.139,146.086,-0.385,0.331,87.41,0.674,1,1,0,0,1,1,0,1,1,0
UGC10043,19.5,208.765,-7.383,5.796,12.392,-8.017,4.676,66.639,62.704,2161.365,-8.852,7.831,144.225,-0.371,0.403,87.41,0.674,1,1,0,0,1,1,0,1,1,0
UGC10043,22.5,234.386,-37.735,37.735,8.316,-11.964,11.924,66.639,62.704,2154.608,-9.571,9.539,146.881,-0.549,0.421,87.41,0.674,1,1,0,0,1,1,0,1,1,0
UGC10123,1.5,333.639,-14.364,12.664,24.326,-9.663,9.442,64.383,63.912,3467.152,-6.539,5.919,50.75,-2.13,1.57,83.571,0.384,1,1,0,0,1,1,0,1,1,0
UGC10123,4.5,264.094,-19.73,22.64,20.202,-7.651,5.982,64.383,63.912,3867.729,-24.008,18.005,45.952,-2.564,3.161,83.571,0.384,1,1,0,0,1,1,0,1,1,0
UGC10123,7.5,188.585,-9.383,12.38,11.759,-4.12,3.174,64.383,63.912,3675.827,-3.376,3.889,71.226,-4.219,4.861,83.571,0.384,1,1,0,0,1,1,0,1,1,0
UGC10123,10.5,173.727,-6.707,5.164,19.925,-3.767,4.767,64.383,63.912,3724.797,-3.43,3.512,51.513,-3.246,4.114,83.571,0.384,1,1,0,0,1,1,0,1,1,0
UGC10123,13.5,192.443,-4.638,2.737,11.981,-6.692,4.085,64.383,63.912,3727.912,-3.489,2.182,52.664,-2.624,1.909,83.571,0.384,1,1,0,0,1,1,0,1,1,0
UGC10123,16.5,201.362,-3.848,3.249,11.354,-3.062,2.496,64.383,63.912,3732.546,-1.546,1.447,53.518,-0.991,0.819,83.571,0.384,1,1,0,0,1,1,0,1,1,0
UGC10123,19.5,212.588,-7.353,6.119,9.755,-12.885,12.885,64.383,63.912,3729.694,-5.851,5.648,55.637,-3.165,3.591,83.571,0.384,1,1,0,0,1,1,0,1,1,0
UGC10123,22.5,244.391,-9.103,10.924,9.378,-11.643,11.643,64.383,63.912,3747.472,-5.364,5.868,49.424,-0.711,0.903,83.571,0.384,1,1,0,0,1,1,0,1,1,0
UGC10205,1.5,163.857,-11.586,8.581,14.856,-12.78,7.453,64.269,63.801,6405.092,-18.377,18.377,311.449,-10.686,8.603,56.335,0.218,1,1,0,0,1,1,0,1,1,0
UGC10205,4.5,220.51,-20.277,18.499,11.068,-6.649,6.649,64.269,63.801,6481.419,-26.422,21.5,303.703,-13.337,11.662,56.335,0.218,1,1,0,0,1,1,0,1,1,0
UGC10205,7.5,198.948,-11.641,12.165,11.533,-4.864,3.59,64.269,63.801,6482.005,-10.383,8.583,306.78,-6.722,6.084,56.335,0.218,1,1,0,0,1,1,0,1,1,0
UGC10205,10.5,227.801,-10.832,14.507,7.543,-6.933,6.933,64.269,63.801,6482.892,-7.906,6.446,310.296,-3.893,3.893,56.335,0.218,1,1,0,0,1,1,0,1,1,0
UGC10205,13.5,188.046,-17.288,11.108,11.9,-6.637,6.637,64.269,63.801,6396.071,-10.224,13.129,313.223,-8.537,7.719,56.335,0.218,1,1,0,0,1,1,0,1,1,0
UGC10205,16.5,237.188,-7.523,6.07,7.824,-4.169,4.324,64.269,63.801,6425.282,-10.602,10.338,305.996,-2.057,2.657,56.335,0.218,1,1,0,0,1,1,0,1,1,0
UGC10205,19.5,205.73,-5.81,7.426,10.744,-3.026,3.589,64.269,63.801,6389.644,-2.209,2.754,312.802,-2.761,3.442,56.335,0.218,1,1,0,0,1,1,0,1,1,0
UGC10205,22.5,223.633,-3.828,3.034,4.963,-2.486,2.24,64.269,63.801,6389.724,-1.837,1.639,313.556,-1.975,1.975,56.335,0.218,1,1,0,0,1,1,0,1,1,0
UGC10384,1.5,180.764,-12.681,13.053,14.313,-7.816,7.816,64.236,63.876,4995.056,-5.124,5.217,100.791,-6.405,6.522,80.702,0.289,1,1,0,0,1,1,0,1,1,0
UGC10384,4.5,211.842,-8.055,7.848,11.432,-6.807,6.807,64.236,63.876,4981.276,-3.969,3.918,90.858,-1.016,1.016,80.702,0.289,1,1,0,0,1,1,0,1,1,0
UGC10384,7.5,141.032,-4.018,3.355,26.006,-10.756,10.756,64.236,63.876,4899.567,-3.693,3.528,99.741,-4.617,4.41,80.702,0.289,1,1,0,0,1,1,0,1,1,0
UGC10384,10.5,162.295,-3.67,2.97,14.515,-4.097,4.76,64.236,63.876,4901.924,-2.374,2.365,98.54,-1.729,1.729,80.702,0.289,1,1,0,0,1,1,0,1,1,0
UGC10384,13.5,184.078,-7.532,8.022,11.195,-7.471,9.552,64.236,63.876,4898.368,-3.751,4.393,100.8,-4.688,5.492,80.702,0.289,1,1,0,0,1,1,0,1,1,0
UGC10384,16.5,208.638,-9.536,10.151,7.74,-9.449,9.449,64.236,63.876,4893.698,-5.1,5.22,97.882,-1.414,1.283,80.702,0.289,1,1,0,0,1,1,0,1,1,0
UGC10384,19.5,248.257,-17.35,21.282,8.437,-2.449,2.498,64.236,63.876,4895.933,-5.14,6.336,92.781,-1.302,1.564,80.702,0.289,1,1,0,0,1,1,0,1,1,0
UGC10384,22.5,238.009,-24.028,32.014,4.523,-2.828,3.632,64.236,63.876,4915.32,-6.997,9.236,92.018,-1.132,1.3,80.702,0.289,1,1,0,0,1,1,0,1,1,0
UGC10710,1.5,158.846,-8.55,9.584,15.545,-3.574,4.74,64.005,63.734,8095.357,-12.212,14.806,154.339,-6.084,7.283,77.969,0.17,1,1,0,0,1,1,0,1,1,0
UGC10710,4.5,208.465,-11.193,9.582,10.878,-10.231,11.217,64.005,63.734,8131.145,-10.935,13.47,152.609,-2.355,1.85,77.969,0.17,1,1,0,0,1,1,0,1,1,0
UGC10710,7.5,225.128,-16.406,12.337,10.081,-4.358,5.658,64.005,63.734,8126.652,-12.42,14.444,148.562,-1.983,2.336,77.969,0.17,1,1,0,0,1,1,0,1,1,0
UGC10710,10.5,229.953,-7.351,6.279,0.684,-5.304,5.304,64.005,63.734,8132.376,-3.923,3.434,151.425,-3.037,2.153,77.969,0.17,1,1,0,0,1,1,0,1,1,0
UGC10710,13.5,234.069,-7.937,6.793,5.257,-2.21,2.819,64.005,63.734,8131.045,-8.529,10.037,154.5,-3.378,3.378,77.969,0.17,1,1,0,0,1,1,0,1,1,0
UGC10710,16.5,240.375,-38.901,38.901,3.181,-2.513,3.233,64.005,63.734,8115.918,-15.558,20.973,148.224,-2.253,3.299,77.969,0.17,1,1,0,0,1,1,0,1,1,0
UGC10710,19.5,219.338,-26.824,19.105,0.855,-5.072,5.072,64.005,63.734,8143.467,-365.952,365.952,154.5,-99.462,97.532,77.969,0.17,1,1,0,0,1,1,0,1,1,0
UGC10710,22.5,201.07,-44.157,44.157,0.953,-5.511,5.511,64.005,63.734,8114.011,-192.359,241.723,149.564,-1.588,1.163,77.969,0.17,1,1,0,0,1,1,0,1,1,0
