edge_pydb/dat_prof/bbarolo/bb_smo7_fitvd_dilmsk_freepa.csv
# %ECSV 0.9
# ---
# datatype:
# - {name: Name, datatype: string, description: Galaxy Name}
# - {name: bbRad, unit: arcsec, datatype: float64, description: Galactocentric radius of ring}
# - {name: bbVrot, unit: km / s, datatype: float64}
# - {name: bbVrot_e1, unit: km / s, datatype: float64}
# - {name: bbVrot_e2, unit: km / s, datatype: float64}
# - {name: bbVdisp, unit: km / s, datatype: float64}
# - {name: bbVdisp_e1, unit: km / s, datatype: float64}
# - {name: bbVdisp_e2, unit: km / s, datatype: float64}
# - {name: bbXpos, unit: pix, datatype: float64}
# - {name: bbYpos, unit: pix, datatype: float64}
# - {name: bbVmean, unit: km / s, datatype: float64, description: 'Systemic velocity in radio defn, LSR frame'}
# - {name: bbVmean_e1, unit: km / s, datatype: float64}
# - {name: bbVmean_e2, unit: km / s, datatype: float64}
# - {name: bbPA, unit: deg, datatype: float64}
# - {name: bbPA_e1, unit: deg, datatype: float64}
# - {name: bbPA_e2, unit: deg, datatype: float64}
# - {name: bbInc, unit: deg, datatype: float64}
# - {name: bbZ0, unit: arcsec, datatype: float64, description: Scale height of disk in arcsec}
# - {name: bbVrotfit, unit: km / s, datatype: int64, description: 0=fixed to input value; 1=fitted per ring; -1=fixed to mean value of
#     previous fit}
# - {name: bbVdispfit, unit: km / s, datatype: int64, description: 0=fixed to input value; 1=fitted per ring; -1=fixed to mean value of
#     previous fit}
# - {name: bbXposfit, unit: pix, datatype: int64, description: 0=fixed to input value; 1=fitted per ring; -1=fixed to mean value of previous
#     fit}
# - {name: bbYposfit, unit: pix, datatype: int64, description: 0=fixed to input value; 1=fitted per ring; -1=fixed to mean value of previous
#     fit}
# - {name: bbVsysfit, unit: km / s, datatype: int64, description: 0=fixed to input value; 1=fitted per ring; -1=fixed to mean value of
#     previous fit}
# - {name: bbPAfit, unit: deg, datatype: int64, description: 0=fixed to input value; 1=fitted per ring; -1=fixed to mean value of previous
#     fit}
# - {name: bbIncfit, unit: deg, datatype: int64, description: 0=fixed to input value; 1=fitted per ring; -1=fixed to mean value of previous
#     fit}
# - {name: bbFtype, datatype: int64, description: 'Function to minimize: 1=chi-squared, 2=|mod-obs|'}
# - {name: bbWfunc, datatype: int64, description: 'Weighting function: 0=uniform, 1=|cos|, 2=cos^2'}
# - {name: bbFlag, datatype: int64, description: '=1 when some ringlog exits, but Bbarolo fails to produce at least one of the plots'}
# delimiter: ','
# meta: !!omap
# - {comments: Bbarolo first round results for run smo7_fitvd_dilmsk}
# - {date: '2020-07-15'}
# schema: astropy-2.0
Name,bbRad,bbVrot,bbVrot_e1,bbVrot_e2,bbVdisp,bbVdisp_e1,bbVdisp_e2,bbXpos,bbYpos,bbVmean,bbVmean_e1,bbVmean_e2,bbPA,bbPA_e1,bbPA_e2,bbInc,bbZ0,bbVrotfit,bbVdispfit,bbXposfit,bbYposfit,bbVsysfit,bbPAfit,bbIncfit,bbFtype,bbWfunc,bbFlag
[from data line 574]
UGC09542,4.5,62.526,-3.461,4.174,11.135,-2.534,3.299,64.016,64.153,5386.805,-2.059,2.299,45.482,-2.242,1.722,74.7,0.259,1,1,0,0,1,1,0,1,1,0
UGC09542,7.5,101.481,-7.133,4.748,8.522,-5.696,5.326,64.016,64.153,5372.082,-4.303,3.315,33.268,-4.383,3.186,74.7,0.259,1,1,0,0,1,1,0,1,1,0
UGC09542,10.5,108.508,-3.386,3.371,7.768,-3.016,3.016,64.016,64.153,5371.98,-2.424,2.233,37.823,-3.294,2.546,74.7,0.259,1,1,0,0,1,1,0,1,1,0
UGC09542,13.5,117.76,-3.401,3.247,8.547,-2.643,2.511,64.016,64.153,5373.457,-2.815,2.349,36.195,-6.648,4.582,74.7,0.259,1,1,0,0,1,1,0,1,1,0
UGC09542,16.5,127.862,-3.936,4.453,8.057,-2.496,2.996,64.016,64.153,5375.017,-2.335,2.811,29.903,-4.408,5.568,74.7,0.259,1,1,0,0,1,1,0,1,1,0
UGC09542,19.5,141.836,-3.637,4.034,7.781,-2.851,2.186,64.016,64.153,5376.116,-2.54,3.291,34.492,-4.898,6.943,74.7,0.259,1,1,0,0,1,1,0,1,1,0
UGC09542,22.5,148.474,-3.499,3.506,7.552,-2.267,2.196,64.016,64.153,5377.942,-1.47,1.655,33.381,-1.283,1.691,74.7,0.259,1,1,0,0,1,1,0,1,1,0
UGC09665,1.5,38.725,-2.06,2.593,20.509,-2.622,3.016,64.415,64.337,2563.305,-1.171,1.402,323.18,-1.463,1.753,81.1,0.564,1,1,0,0,1,1,0,1,1,0
UGC09665,4.5,57.311,-4.653,6.053,9.411,-2.643,2.449,64.415,64.337,2568.25,-1.642,2.003,314.458,-0.847,1.093,81.1,0.564,1,1,0,0,1,1,0,1,1,0
UGC09665,7.5,94.767,-5.005,3.748,8.169,-4.906,8.307,64.415,64.337,2554.567,-2.478,3.014,323.2,-3.097,3.767,81.1,0.564,1,1,0,0,1,1,0,1,1,0
UGC09665,10.5,99.28,-3.889,5.683,8.209,-2.458,2.998,64.415,64.337,2556.526,-1.587,2.17,323.2,-1.984,2.713,81.1,0.564,1,1,0,0,1,1,0,1,1,0
UGC09665,13.5,114.676,-3.815,3.183,8.748,-2.82,3.889,64.415,64.337,2563.179,-2.038,2.147,313.2,-1.516,1.516,81.1,0.564,1,1,0,0,1,1,0,1,1,0
UGC09665,16.5,118.625,-3.333,3.054,6.782,-4.583,4.583,64.415,64.337,2558.564,-1.979,1.909,323.2,-2.474,2.387,81.1,0.564,1,1,0,0,1,1,0,1,1,0
UGC09665,19.5,125.497,-4.315,4.184,8.192,-5.326,5.326,64.415,64.337,2561.128,-3.164,2.864,320.639,-3.015,1.948,81.1,0.564,1,1,0,0,1,1,0,1,1,0
UGC09665,22.5,130.61,-3.888,4.098,8.016,-5.175,5.175,64.415,64.337,2562.442,-2.762,2.979,317.996,-1.985,2.645,81.1,0.564,1,1,0,0,1,1,0,1,1,0
UGC09759,1.5,74.793,-6.718,6.755,48.566,-2.582,2.718,64.805,65.94,3397.453,-2.325,2.188,225.453,-2.906,2.735,61.1,0.419,1,1,0,0,1,1,0,1,1,0
UGC09759,4.5,153.991,-16.955,13.163,8.284,-2.691,2.242,64.805,65.94,3397.667,-11.411,14.001,233.854,-7.764,7.311,61.1,0.419,1,1,0,0,1,1,0,1,1,0
UGC09759,7.5,133.714,-9.798,8.92,8.648,-2.9,2.506,64.805,65.94,3366.805,-2.958,2.626,233.525,-3.698,3.283,61.1,0.419,1,1,0,0,1,1,0,1,1,0
UGC09759,10.5,177.536,-6.378,5.007,8.321,-7.905,5.893,64.805,65.94,3391.085,-4.252,3.406,233.177,-2.724,2.724,61.1,0.419,1,1,0,0,1,1,0,1,1,0
UGC09759,13.5,205.667,-8.222,9.605,8.767,-9.685,9.685,64.805,65.94,3487.01,-4.477,4.823,234.7,-5.596,6.028,61.1,0.419,1,1,0,0,1,1,0,1,1,0
UGC09759,16.5,206.229,-5.609,5.756,7.979,-4.151,5.391,64.805,65.94,3492.538,-3.274,3.621,234.344,-3.337,3.337,61.1,0.419,1,1,0,0,1,1,0,1,1,0
UGC09759,19.5,211.994,-7.557,7.204,8.376,-2.807,3.71,64.805,65.94,3335.773,-2.591,2.728,233.591,-3.239,3.41,61.1,0.419,1,1,0,0,1,1,0,1,1,0
UGC09759,22.5,206.074,-9.154,7.941,8.641,-2.35,3.012,64.805,65.94,3424.138,-44.83,40.548,229.313,-2.259,2.376,61.1,0.419,1,1,0,0,1,1,0,1,1,0
UGC10043,4.5,204.674,-39.094,39.094,8.47,-7.231,7.231,66.639,62.704,2091.743,-11.712,11.712,149.368,-0.524,0.524,87.4,0.665,1,1,0,0,1,1,0,1,1,0
UGC10043,7.5,145.337,-3.883,3.17,9.064,-2.865,2.402,66.639,62.704,2159.287,-1.476,1.449,142.8,-0.222,0.222,87.4,0.665,1,1,0,0,1,1,0,1,1,0
UGC10043,10.5,152.115,-3.614,3.247,8.81,-6.185,4.806,66.639,62.704,2158.933,-3.535,2.598,148.928,-4.342,2.338,87.4,0.665,1,1,0,0,1,1,0,1,1,0
UGC10043,13.5,152.458,-2.574,2.374,9.006,-3.198,3.198,66.639,62.704,2154.985,-1.443,1.393,152.8,-1.803,1.741,87.4,0.665,1,1,0,0,1,1,0,1,1,0
UGC10043,16.5,201.953,-11.191,9.504,9.171,-5.432,5.432,66.639,62.704,2187.307,-4.343,3.922,143.316,-0.75,0.75,87.4,0.665,1,1,0,0,1,1,0,1,1,0
UGC10043,19.5,196.092,-5.518,6.796,8.772,-3.991,5.308,66.639,62.704,2202.519,-8.596,8.926,143.19,-4.526,5.257,87.4,0.665,1,1,0,0,1,1,0,1,1,0
UGC10043,22.5,203.458,-9.909,7.714,8.093,-6.28,6.28,66.639,62.704,2199.242,-15.846,12.966,149.681,-1.201,0.97,87.4,0.665,1,1,0,0,1,1,0,1,1,0
UGC10123,1.5,339.951,-24.728,24.098,5.051,-17.065,17.984,64.383,63.912,3957.822,-29.88,33.451,61.564,-13.652,14.387,83.6,0.384,1,1,0,0,1,1,0,1,1,0
UGC10123,4.5,210.881,-10.258,10.785,8.76,-5.005,5.17,64.383,63.912,3660.078,-4.004,4.136,61.19,-5.759,5.759,83.6,0.384,1,1,0,0,1,1,0,1,1,0
UGC10123,7.5,207.208,-10.579,9.125,8.66,-3.986,3.986,64.383,63.912,3675.785,-4.154,3.633,59.824,-2.05,1.423,83.6,0.384,1,1,0,0,1,1,0,1,1,0
UGC10123,10.5,173.363,-4.647,5.302,8.936,-2.407,2.42,64.383,63.912,3726.507,-1.482,1.574,60.102,-1.853,1.968,83.6,0.384,1,1,0,0,1,1,0,1,1,0
UGC10123,13.5,185.709,-2.947,2.525,10.121,-2.431,2.798,64.383,63.912,3728.341,-1.344,1.331,61.463,-1.681,1.664,83.6,0.384,1,1,0,0,1,1,0,1,1,0
UGC10123,16.5,193.425,-2.732,2.988,8.28,-3.804,2.523,64.383,63.912,3731.5,-1.634,1.378,59.855,-2.042,1.722,83.6,0.384,1,1,0,0,1,1,0,1,1,0
UGC10123,19.5,203.697,-3.237,3.443,7.415,-2.393,2.569,64.383,63.912,3729.64,-1.306,1.503,60.709,-1.633,1.879,83.6,0.384,1,1,0,0,1,1,0,1,1,0
UGC10123,22.5,210.07,-4.706,5.375,8.064,-2.484,3.227,64.383,63.912,3729.81,-2.582,2.853,56.54,-3.137,2.809,83.6,0.384,1,1,0,0,1,1,0,1,1,0
UGC10205,1.5,203.89,-6.884,5.955,8.685,-2.679,3.465,64.269,63.801,6450.914,-3.242,3.206,304.941,-3.404,3.404,56.3,0.217,1,1,0,0,1,1,0,1,1,0
UGC10205,4.5,227.081,-11.571,9.041,9.454,-3.667,2.715,64.269,63.801,6440.85,-13.274,12.527,303.6,-7.128,6.071,56.3,0.217,1,1,0,0,1,1,0,1,1,0
UGC10205,7.5,212.121,-10.61,11.757,8.257,-3.276,2.428,64.269,63.801,6475.085,-3.472,3.546,312.454,-4.339,4.433,56.3,0.217,1,1,0,0,1,1,0,1,1,0
UGC10205,10.5,244.145,-9.717,8.008,9.071,-3.157,2.44,64.269,63.801,6483.882,-11.754,10.64,312.682,-4.97,4.97,56.3,0.217,1,1,0,0,1,1,0,1,1,0
UGC10205,13.5,265.434,-8.92,7.999,8.693,-4.958,6.888,64.269,63.801,6470.538,-3.47,3.722,307.804,-4.337,4.652,56.3,0.217,1,1,0,0,1,1,0,1,1,0
UGC10205,16.5,258.952,-6.931,6.662,9.192,-6.74,6.712,64.269,63.801,6451.335,-4.222,4.148,305.726,-3.216,3.216,56.3,0.217,1,1,0,0,1,1,0,1,1,0
UGC10205,19.5,234.708,-7.658,8.597,8.687,-7.798,7.798,64.269,63.801,6415.721,-3.864,4.099,303.6,-4.83,5.123,56.3,0.217,1,1,0,0,1,1,0,1,1,0
UGC10205,22.5,237.021,-5.716,6.466,8.308,-2.373,2.159,64.269,63.801,6403.903,-2.705,2.839,307.905,-2.733,2.733,56.3,0.217,1,1,0,0,1,1,0,1,1,0
UGC10384,1.5,177.801,-10.583,9.114,8.358,-4.062,2.732,64.236,63.876,4956.703,-3.661,2.961,100.8,-4.577,3.702,80.7,0.287,1,1,0,0,1,1,0,1,1,0
UGC10384,4.5,185.325,-7.038,6.199,8.746,-13.564,13.564,64.236,63.876,4948.82,-5.326,5.116,91.03,-0.701,0.701,80.7,0.287,1,1,0,0,1,1,0,1,1,0
UGC10384,7.5,195.187,-15.38,11.717,8.751,-3.657,3.657,64.236,63.876,4943.975,-4.759,3.843,100.8,-5.949,4.804,80.7,0.287,1,1,0,0,1,1,0,1,1,0
UGC10384,10.5,154.894,-2.681,3.658,8.927,-2.955,2.441,64.236,63.876,4903.158,-1.778,1.692,98.35,-3.368,2.283,80.7,0.287,1,1,0,0,1,1,0,1,1,0
UGC10384,13.5,170.135,-4.11,3.974,8.402,-3.97,5.6,64.236,63.876,4901.493,-3.429,3.802,100.8,-5.636,5.636,80.7,0.287,1,1,0,0,1,1,0,1,1,0
UGC10384,16.5,182.341,-4.984,5.215,8.294,-5.397,5.397,64.236,63.876,4901.88,-2.595,2.653,99.804,-3.244,3.316,80.7,0.287,1,1,0,0,1,1,0,1,1,0
UGC10384,19.5,202.427,-9.748,9.29,8.681,-10.069,10.069,64.236,63.876,4894.54,-6.144,6.029,100.328,-4.757,4.757,80.7,0.287,1,1,0,0,1,1,0,1,1,0
UGC10384,22.5,244.888,-19.496,20.171,8.544,-7.79,7.67,64.236,63.876,4892.994,-10.237,9.081,96.009,-1.428,1.428,80.7,0.287,1,1,0,0,1,1,0,1,1,0
UGC10710,1.5,205.498,-6.596,6.301,8.325,-6.585,6.757,64.005,63.734,8124.918,-3.295,3.265,153.222,-4.119,4.081,78.0,0.169,1,1,0,0,1,1,0,1,1,0
UGC10710,4.5,200.787,-7.004,10.003,8.691,-4.504,3.257,64.005,63.734,8132.575,-9.755,12.288,148.775,-3.014,3.014,78.0,0.169,1,1,0,0,1,1,0,1,1,0
UGC10710,7.5,222.676,-6.733,5.387,9.02,-5.714,7.255,64.005,63.734,8130.66,-3.876,3.924,145.308,-3.055,3.055,78.0,0.169,1,1,0,0,1,1,0,1,1,0
UGC10710,10.5,224.98,-3.497,2.85,8.354,-2.249,2.17,64.005,63.734,8128.857,-2.062,1.722,152.317,-2.502,1.867,78.0,0.169,1,1,0,0,1,1,0,1,1,0
UGC10710,13.5,224.849,-4.317,5.504,8.52,-2.873,2.756,64.005,63.734,8129.178,-1.955,2.39,150.681,-2.041,2.188,78.0,0.169,1,1,0,0,1,1,0,1,1,0
UGC10710,16.5,238.738,-8.314,6.614,9.021,-3.525,4.533,64.005,63.734,8124.66,-2.96,2.787,144.872,-3.7,3.483,78.0,0.169,1,1,0,0,1,1,0,1,1,0
UGC10710,19.5,240.886,-9.071,7.619,7.984,-4.037,5.065,64.005,63.734,8127.179,-4.15,3.972,150.52,-3.491,3.204,78.0,0.169,1,1,0,0,1,1,0,1,1,0
UGC10710,22.5,242.418,-8.101,9.142,8.76,-3.919,4.988,64.005,63.734,8126.99,-5.162,5.689,144.658,-8.627,8.627,78.0,0.169,1,1,0,0,1,1,0,1,1,0
