edge_pydb/dat_prof/bbarolo/bb_smo7_fitvd_dilmsk_freepa.csv
# %ECSV 0.9
# ---
# datatype:
# - {name: bbName, datatype: string, description: Galaxy Name}
# - {name: bbRad, unit: arcsec, datatype: float64, description: Galactocentric radius of ring}
# - {name: bbVrot, unit: km / s, datatype: float64}
# - {name: bbVrot_e1, unit: km / s, datatype: float64}
# - {name: bbVrot_e2, unit: km / s, datatype: float64}
# - {name: bbVdisp, unit: km / s, datatype: float64}
# - {name: bbVdisp_e1, unit: km / s, datatype: float64}
# - {name: bbVdisp_e2, unit: km / s, datatype: float64}
# - {name: bbXpos, unit: pix, datatype: float64}
# - {name: bbYpos, unit: pix, datatype: float64}
# - {name: bbVmean, unit: km / s, datatype: float64, description: 'Systemic velocity in radio defn, LSR frame'}
# - {name: bbVmean_e1, unit: km / s, datatype: float64}
# - {name: bbVmean_e2, unit: km / s, datatype: float64}
# - {name: bbPA, unit: deg, datatype: float64}
# - {name: bbPA_e1, unit: deg, datatype: float64}
# - {name: bbPA_e2, unit: deg, datatype: float64}
# - {name: bbInc, unit: deg, datatype: float64}
# - {name: bbZ0, unit: arcsec, datatype: float64, description: Scale height of disk in arcsec}
# - {name: bbVrotfit, unit: km / s, datatype: int64, description: 0=fixed to input value; 1=fitted per ring; -1=fixed to mean value of
#     previous fit}
# - {name: bbVdispfit, unit: km / s, datatype: int64, description: 0=fixed to input value; 1=fitted per ring; -1=fixed to mean value of
#     previous fit}
# - {name: bbXposfit, unit: pix, datatype: int64, description: 0=fixed to input value; 1=fitted per ring; -1=fixed to mean value of previous
#     fit}
# - {name: bbYposfit, unit: pix, datatype: int64, description: 0=fixed to input value; 1=fitted per ring; -1=fixed to mean value of previous
#     fit}
# - {name: bbVsysfit, unit: km / s, datatype: int64, description: 0=fixed to input value; 1=fitted per ring; -1=fixed to mean value of
#     previous fit}
# - {name: bbPAfit, unit: deg, datatype: int64, description: 0=fixed to input value; 1=fitted per ring; -1=fixed to mean value of previous
#     fit}
# - {name: bbIncfit, unit: deg, datatype: int64, description: 0=fixed to input value; 1=fitted per ring; -1=fixed to mean value of previous
#     fit}
# - {name: bbFtype, datatype: int64, description: 'Function to minimize: 1=chi-squared, 2=|mod-obs|'}
# - {name: bbWfunc, datatype: int64, description: 'Weighting function: 0=uniform, 1=|cos|, 2=cos^2'}
# - {name: bbFlag, datatype: int64, description: '=1 when some ringlog exits, but Bbarolo fails to produce at least one of the plots'}
# delimiter: ','
# schema: astropy-2.0
bbName,bbRad,bbVrot,bbVrot_e1,bbVrot_e2,bbVdisp,bbVdisp_e1,bbVdisp_e2,bbXpos,bbYpos,bbVmean,bbVmean_e1,bbVmean_e2,bbPA,bbPA_e1,bbPA_e2,bbInc,bbZ0,bbVrotfit,bbVdispfit,bbXposfit,bbYposfit,bbVsysfit,bbPAfit,bbIncfit,bbFtype,bbWfunc,bbFlag
[from data line 681]
UGC08267,19.5,199.793,-10.786,9.116,7.578,-2.58,3.374,79.566,79.988,7077.132,-3.342,3.122,57.972,-4.177,3.903,75.4,0.199,1,1,0,0,1,1,0,1,1,0
UGC08267,22.5,199.357,-22.589,20.633,7.977,-2.341,3.019,79.566,79.988,7084.311,-18.434,19.3,43.341,-2.745,3.489,75.4,0.199,1,1,0,0,1,1,0,1,1,0
UGC09067,1.5,190.255,-19.352,14.343,9.407,-3.208,2.492,79.12,80.112,7653.81,-17.949,16.945,188.351,-7.034,11.927,62.4,0.18,1,1,0,0,1,1,0,1,1,0
UGC09067,4.5,189.391,-8.397,7.739,8.625,-5.406,5.406,79.12,80.112,7643.304,-4.35,4.519,196.459,-3.598,4.929,62.4,0.18,1,1,0,0,1,1,0,1,1,0
UGC09067,7.5,193.601,-5.583,4.579,10.225,-6.081,4.686,79.12,80.112,7645.556,-4.47,3.742,190.146,-6.218,5.704,62.4,0.18,1,1,0,0,1,1,0,1,1,0
UGC09067,10.5,197.072,-4.667,5.742,8.435,-4.547,4.547,79.12,80.112,7646.737,-3.999,4.73,192.084,-6.78,8.631,62.4,0.18,1,1,0,0,1,1,0,1,1,0
UGC09067,13.5,203.952,-6.501,6.057,8.093,-2.154,2.772,79.12,80.112,7646.724,-3.919,4.186,193.69,-7.022,7.913,62.4,0.18,1,1,0,0,1,1,0,1,1,0
UGC09067,16.5,209.094,-6.845,7.484,7.907,-2.662,2.124,79.12,80.112,7649.039,-3.838,3.973,193.827,-6.847,6.284,62.4,0.18,1,1,0,0,1,1,0,1,1,0
UGC09067,19.5,193.839,-24.604,17.188,8.336,-2.661,2.227,79.12,80.112,7630.923,-19.73,24.908,196.533,-9.173,8.785,62.4,0.18,1,1,0,0,1,1,0,1,1,0
UGC09067,22.5,148.554,-34.655,25.934,7.656,-2.562,3.305,79.12,80.112,7671.833,-49.248,41.472,202.835,-1.543,2.054,62.4,0.18,1,1,0,0,1,1,0,1,1,0
UGC09476,4.5,168.344,-16.549,12.48,8.604,-3.9,3.592,79.778,79.9,3285.593,-5.112,4.018,132.83,-6.39,5.022,48.5,0.442,1,1,0,0,1,1,0,1,1,1
UGC09476,7.5,104.387,-9.312,7.358,7.403,-2.136,2.136,79.778,79.9,3234.902,-8.557,9.748,135.489,-10.553,10.553,48.5,0.442,1,1,0,0,1,1,0,1,1,1
UGC09476,10.5,105.053,-19.522,12.784,9.367,-3.643,3.643,79.778,79.9,3238.422,-12.81,15.127,129.901,-9.518,9.953,48.5,0.442,1,1,0,0,1,1,0,1,1,1
UGC09476,13.5,99.979,-10.98,7.996,8.669,-2.344,2.787,79.778,79.9,3249.061,-4.682,4.621,120.945,-6.187,8.44,48.5,0.442,1,1,0,0,1,1,0,1,1,1
UGC09476,16.5,162.067,-38.234,20.495,8.738,-2.807,3.633,79.778,79.9,3289.595,-37.221,26.528,130.422,-15.143,8.492,48.5,0.442,1,1,0,0,1,1,0,1,1,1
UGC09476,19.5,180.293,-29.013,22.066,8.201,-3.025,2.57,79.778,79.9,3198.769,-57.422,80.178,139.956,-16.578,16.578,48.5,0.442,1,1,0,0,1,1,0,1,1,1
UGC09476,22.5,184.637,-32.09,32.09,8.916,-4.95,4.95,79.778,79.9,3293.118,-54.023,41.946,136.064,-22.766,19.747,48.5,0.442,1,1,0,0,1,1,0,1,1,1
UGC09537,1.5,137.21,-11.057,8.031,8.526,-6.725,6.725,79.381,80.016,8499.016,-8.884,10.285,308.418,-12.44,12.44,72.0,0.159,1,1,0,0,1,1,0,1,1,0
UGC09537,4.5,188.393,-10.432,8.178,9.11,-8.825,8.825,79.381,80.016,8511.129,-15.43,16.328,317.664,-7.782,4.453,72.0,0.159,1,1,0,0,1,1,0,1,1,0
UGC09537,7.5,188.059,-9.316,8.445,8.812,-6.197,3.761,79.381,80.016,8520.314,-5.004,4.833,315.049,-4.502,7.125,72.0,0.159,1,1,0,0,1,1,0,1,1,0
UGC09537,10.5,227.143,-9.903,16.093,7.926,-4.233,2.784,79.381,80.016,8557.791,-69.426,44.169,323.641,-5.647,4.086,72.0,0.159,1,1,0,0,1,1,0,1,1,0
UGC09537,13.5,301.048,-10.969,8.408,6.616,-6.014,5.738,79.381,80.016,8564.022,-4.812,4.591,311.804,-8.278,9.954,72.0,0.159,1,1,0,0,1,1,0,1,1,0
UGC09537,16.5,304.121,-7.15,7.038,6.753,-8.277,8.277,79.381,80.016,8557.864,-4.885,4.754,323.436,-4.114,3.699,72.0,0.159,1,1,0,0,1,1,0,1,1,0
UGC09537,19.5,228.645,-23.199,37.353,7.99,-17.781,21.299,79.381,80.016,8579.77,-42.93,43.815,316.525,-4.994,4.03,72.0,0.159,1,1,0,0,1,1,0,1,1,0
UGC09537,22.5,226.499,-23.203,17.967,8.415,-3.721,4.756,79.381,80.016,8606.882,-22.2,17.051,313.178,-4.49,3.521,72.0,0.159,1,1,0,0,1,1,0,1,1,0
UGC09542,1.5,120.291,-10.13,7.984,8.907,-2.891,2.247,80.106,80.012,5439.246,-5.237,4.022,39.985,-7.926,5.857,72.7,0.259,1,1,0,0,1,1,0,1,1,0
UGC09542,4.5,63.547,-3.831,3.006,10.762,-5.098,4.643,80.106,80.012,5387.181,-2.232,1.912,44.819,-2.79,2.39,72.7,0.259,1,1,0,0,1,1,0,1,1,0
UGC09542,7.5,73.743,-7.806,5.961,9.705,-8.334,8.334,80.106,80.012,5388.203,-6.164,5.703,47.274,-8.518,8.518,72.7,0.259,1,1,0,0,1,1,0,1,1,0
UGC09542,10.5,189.663,-17.388,13.267,8.619,-9.262,9.262,80.106,80.012,5292.895,-30.49,37.361,44.024,-3.654,3.258,72.7,0.259,1,1,0,0,1,1,0,1,1,0
UGC09542,13.5,159.87,-8.355,5.966,8.464,-4.829,6.207,80.106,80.012,5406.999,-6.355,6.102,32.777,-12.237,12.237,72.7,0.259,1,1,0,0,1,1,0,1,1,0
UGC09542,16.5,179.746,-12.278,14.615,9.24,-3.225,4.173,80.106,80.012,5328.557,-28.663,37.661,47.541,-4.495,4.495,72.7,0.259,1,1,0,0,1,1,0,1,1,0
UGC09542,19.5,138.543,-4.991,4.603,10.558,-2.373,2.983,80.106,80.012,5373.989,-3.787,3.764,38.201,-8.862,8.862,72.7,0.259,1,1,0,0,1,1,0,1,1,0
UGC09542,22.5,191.676,-9.943,12.943,8.166,-4.12,5.037,80.106,80.012,5395.029,-43.94,36.197,49.211,-14.501,13.545,72.7,0.259,1,1,0,0,1,1,0,1,1,0
UGC09665,1.5,199.425,-36.087,36.087,8.344,-3.477,3.477,79.608,80.516,2564.737,-88.344,111.628,320.697,-13.434,8.473,74.0,0.564,1,1,0,0,1,1,0,1,1,0
UGC09665,4.5,191.295,-24.517,17.118,7.726,-5.596,5.596,79.608,80.516,2645.914,-10.493,13.751,331.223,-10.152,9.116,74.0,0.564,1,1,0,0,1,1,0,1,1,0
UGC09665,7.5,228.2,-16.717,20.771,8.82,-5.755,3.393,79.608,80.516,2679.519,-67.78,54.787,311.773,-5.615,7.573,74.0,0.564,1,1,0,0,1,1,0,1,1,0
UGC09665,10.5,242.268,-12.48,11.508,9.235,-4.217,4.217,79.608,80.516,2685.513,-12.238,11.694,318.694,-7.204,7.204,74.0,0.564,1,1,0,0,1,1,0,1,1,0
UGC09665,13.5,235.305,-16.577,13.076,8.753,-37.083,32.118,79.608,80.516,2671.613,-128.722,112.361,303.518,-3.034,3.034,74.0,0.564,1,1,0,0,1,1,0,1,1,0
UGC09665,16.5,212.706,-11.625,9.601,8.234,-4.29,4.29,79.608,80.516,2643.654,-29.606,25.711,315.133,-7.122,8.549,74.0,0.564,1,1,0,0,1,1,0,1,1,0
UGC09665,19.5,200.724,-11.221,10.08,8.118,-13.313,13.313,79.608,80.516,2630.852,-30.217,25.738,315.479,-6.631,11.305,74.0,0.564,1,1,0,0,1,1,0,1,1,0
UGC09665,22.5,180.474,-12.751,9.386,9.006,-6.447,9.302,79.608,80.516,2607.07,-22.03,18.102,326.484,-4.278,2.928,74.0,0.564,1,1,0,0,1,1,0,1,1,0
UGC09759,1.5,121.565,-7.894,7.295,9.646,-2.526,2.836,80.942,81.988,3425.387,-17.388,14.328,217.499,-8.451,8.451,66.8,0.419,1,1,0,0,1,1,0,1,1,0
UGC09759,4.5,145.847,-14.633,11.475,11.756,-2.742,2.604,80.942,81.988,3402.389,-15.107,13.596,233.754,-8.408,8.408,66.8,0.419,1,1,0,0,1,1,0,1,1,0
UGC09759,7.5,114.314,-8.165,11.799,23.319,-2.233,2.72,80.942,81.988,3371.534,-11.537,13.4,230.474,-5.431,6.688,66.8,0.419,1,1,0,0,1,1,0,1,1,0
UGC09759,10.5,182.813,-33.934,33.934,8.471,-11.212,11.12,80.942,81.988,3387.369,-8.97,8.896,242.144,-1.945,1.649,66.8,0.419,1,1,0,0,1,1,0,1,1,0
UGC09759,13.5,164.521,-8.41,7.84,10.956,-3.653,4.676,80.942,81.988,3385.442,-5.04,6.761,223.672,-8.096,14.529,66.8,0.419,1,1,0,0,1,1,0,1,1,0
UGC09759,16.5,165.917,-9.703,8.595,8.516,-3.037,2.84,80.942,81.988,3379.474,-11.947,12.615,244.373,-2.756,2.756,66.8,0.419,1,1,0,0,1,1,0,1,1,0
UGC09759,19.5,161.139,-14.231,13.173,7.104,-6.704,4.24,80.942,81.988,3388.623,-10.199,12.962,243.963,-7.784,7.594,66.8,0.419,1,1,0,0,1,1,0,1,1,0
UGC09759,22.5,183.201,-20.368,14.201,7.913,-3.092,2.358,80.942,81.988,3391.791,-38.869,40.514,244.085,-15.081,14.042,66.8,0.419,1,1,0,0,1,1,0,1,1,0
UGC09873,1.5,208.071,-10.415,7.701,8.25,-7.515,8.153,79.453,80.084,5696.395,-60.836,51.43,307.021,-7.198,8.552,75.3,0.225,1,1,0,0,1,1,0,1,1,0
UGC09873,4.5,188.775,-13.727,13.71,7.448,-4.197,5.43,79.453,80.084,5681.465,-33.514,30.126,314.745,-9.434,6.672,75.3,0.225,1,1,0,0,1,1,0,1,1,0
UGC09873,7.5,208.44,-22.065,17.265,8.24,-3.676,4.592,79.453,80.084,5401.477,-25.244,23.227,312.22,-10.93,11.178,75.3,0.225,1,1,0,0,1,1,0,1,1,0
UGC09873,10.5,180.541,-7.723,8.951,7.918,-2.475,3.193,79.453,80.084,5434.984,-96.316,70.901,322.148,-8.254,8.254,75.3,0.225,1,1,0,0,1,1,0,1,1,0
UGC09873,13.5,176.325,-9.043,11.706,8.2,-3.028,3.906,79.453,80.084,5561.881,-114.185,88.23,313.11,-2.394,3.465,75.3,0.225,1,1,0,0,1,1,0,1,1,0
UGC09873,16.5,193.636,-21.183,27.49,8.22,-4.504,5.81,79.453,80.084,5101.304,-21.183,21.183,316.311,-4.405,3.594,75.3,0.225,1,1,0,0,1,1,0,1,1,0
UGC09873,19.5,17.518,-3.845,3.845,6.897,-4.264,3.429,79.453,80.084,5580.062,-3.783,3.143,311.017,-7.021,5.297,75.3,0.225,1,1,0,0,1,1,0,1,1,0
UGC09873,22.5,187.618,-11.13,14.266,8.319,-3.064,3.962,79.453,80.084,5488.777,-178.04,220.784,320.001,-48.058,59.753,75.3,0.225,1,1,0,0,1,1,0,1,1,0
UGC09892,1.5,183.212,-8.883,10.938,8.589,-8.337,7.836,79.431,79.884,5711.697,-12.321,12.158,291.996,-7.385,7.733,72.2,0.251,1,1,0,0,1,1,0,1,1,0
UGC09892,4.5,200.853,-22.776,16.385,8.247,-5.266,6.634,79.431,79.884,5681.729,-73.337,55.95,282.747,-7.665,6.296,72.2,0.251,1,1,0,0,1,1,0,1,1,0
UGC09892,7.5,216.15,-14.207,12.042,8.239,-3.994,5.152,79.431,79.884,5475.039,-51.052,62.614,283.764,-8.22,6.743,72.2,0.251,1,1,0,0,1,1,0,1,1,0
UGC09892,10.5,112.098,-7.173,7.141,5.937,-2.83,3.643,79.431,79.884,5583.495,-4.861,4.031,287.303,-9.443,5.341,72.2,0.251,1,1,0,0,1,1,0,1,1,0
UGC09892,13.5,181.437,-12.553,11.858,8.819,-3.213,4.188,79.431,79.884,5523.467,-15.041,18.078,283.151,-8.424,6.559,72.2,0.251,1,1,0,0,1,1,0,1,1,0
UGC09892,16.5,181.605,-12.391,9.302,8.301,-2.622,3.41,79.431,79.884,5537.635,-18.815,18.571,283.553,-6.373,6.373,72.2,0.251,1,1,0,0,1,1,0,1,1,0
UGC09892,19.5,171.313,-16.207,21.111,7.95,-5.25,6.949,79.431,79.884,5826.542,-200.182,155.999,292.142,-6.126,6.126,72.2,0.251,1,1,0,0,1,1,0,1,1,0
UGC09892,22.5,166.023,-15.463,15.463,9.603,-2.339,2.151,79.431,79.884,5557.172,-20.425,16.633,279.401,-7.612,9.663,72.2,0.251,1,1,0,0,1,1,0,1,1,0
UGC10043,4.5,208.363,-11.96,8.734,8.348,-2.844,2.167,82.639,78.704,2227.523,-3.701,2.725,142.658,-4.626,3.407,88.0,0.665,1,1,0,0,1,1,0,1,1,0
UGC10043,7.5,209.597,-41.112,41.112,8.418,-2.434,2.739,82.639,78.704,2098.55,-13.265,10.675,149.886,-14.099,13.632,88.0,0.665,1,1,0,0,1,1,0,1,1,0
UGC10043,10.5,150.849,-3.599,2.869,7.2,-5.24,6.262,82.639,78.704,2159.91,-2.848,2.846,157.098,-2.554,2.255,88.0,0.665,1,1,0,0,1,1,0,1,1,0
UGC10043,13.5,212.055,-5.636,7.227,8.904,-5.723,8.118,82.639,78.704,2217.894,-2.84,3.836,136.837,-3.55,4.795,88.0,0.665,1,1,0,0,1,1,0,1,1,0
UGC10043,16.5,185.558,-1.946,2.521,8.35,-3.098,2.354,82.639,78.704,2167.204,-19.066,23.615,161.445,-6.027,7.123,88.0,0.665,1,1,0,0,1,1,0,1,1,0
UGC10043,19.5,150.962,-3.761,3.915,9.569,-3.003,2.473,82.639,78.704,2154.287,-1.421,1.597,158.402,-1.777,1.996,88.0,0.665,1,1,0,0,1,1,0,1,1,0
UGC10043,22.5,183.067,-11.465,9.027,8.531,-8.021,8.732,82.639,78.704,2179.21,-10.644,9.174,154.955,-6.385,6.385,88.0,0.665,1,1,0,0,1,1,0,1,1,0
UGC10123,1.5,194.726,-14.085,11.071,8.406,-4.307,3.011,79.223,79.736,3859.2,-12.115,12.981,47.455,-6.709,6.709,70.0,0.384,1,1,0,0,1,1,0,1,1,0
UGC10123,4.5,114.942,-9.481,6.669,9.747,-2.192,2.339,79.223,79.736,3747.542,-4.775,4.594,56.536,-7.815,10.306,70.0,0.384,1,1,0,0,1,1,0,1,1,0
UGC10123,7.5,197.974,-2.815,3.349,8.421,-3.535,2.621,79.223,79.736,3721.309,-1.587,1.492,66.855,-1.984,1.865,70.0,0.384,1,1,0,0,1,1,0,1,1,0
UGC10123,10.5,173.076,-7.22,9.469,10.875,-3.077,2.9,79.223,79.736,3734.195,-13.931,13.931,51.957,-4.907,7.069,70.0,0.384,1,1,0,0,1,1,0,1,1,0
UGC10123,13.5,196.932,-5.02,4.319,8.552,-2.955,3.788,79.223,79.736,3730.052,-4.638,3.754,59.888,-10.577,6.911,70.0,0.384,1,1,0,0,1,1,0,1,1,0
UGC10123,16.5,203.214,-5.437,4.371,8.164,-4.389,4.389,79.223,79.736,3731.466,-3.834,3.568,65.572,-5.511,5.511,70.0,0.384,1,1,0,0,1,1,0,1,1,0
UGC10123,19.5,209.544,-3.818,3.147,8.354,-3.019,2.153,79.223,79.736,3732.121,-2.472,2.133,57.745,-4.413,3.231,70.0,0.384,1,1,0,0,1,1,0,1,1,0
UGC10123,22.5,212.993,-5.298,4.948,7.84,-2.74,2.361,79.223,79.736,3731.092,-2.499,2.804,53.464,-2.807,3.908,70.0,0.384,1,1,0,0,1,1,0,1,1,0
UGC10205,1.5,164.617,-5.899,8.196,9.147,-5.293,5.293,80.249,80.088,6404.579,-6.684,7.258,312.038,-15.544,15.544,51.7,0.217,1,1,0,0,1,1,0,1,1,0
UGC10205,4.5,230.119,-16.442,16.442,8.356,-3.243,2.383,80.249,80.088,6449.746,-16.854,22.709,298.868,-15.281,15.281,51.7,0.217,1,1,0,0,1,1,0,1,1,0
UGC10205,7.5,222.882,-9.934,10.643,8.436,-3.577,2.574,80.249,80.088,6483.934,-4.627,4.553,306.643,-4.996,4.996,51.7,0.217,1,1,0,0,1,1,0,1,1,0
UGC10205,10.5,237.38,-13.456,16.004,7.749,-3.635,2.447,80.249,80.088,6486.592,-4.273,4.613,304.697,-5.341,5.766,51.7,0.217,1,1,0,0,1,1,0,1,1,0
UGC10205,13.5,275.052,-22.463,16.471,8.523,-6.048,6.048,80.249,80.088,6461.298,-10.035,11.468,308.376,-2.896,4.485,51.7,0.217,1,1,0,0,1,1,0,1,1,0
UGC10205,16.5,265.794,-9.587,7.844,8.12,-6.321,6.321,80.249,80.088,6444.838,-7.198,6.762,306.45,-12.884,12.884,51.7,0.217,1,1,0,0,1,1,0,1,1,0
UGC10205,19.5,240.832,-10.629,14.601,8.671,-5.672,5.672,80.249,80.088,6413.691,-5.232,6.224,294.431,-4.626,4.626,51.7,0.217,1,1,0,0,1,1,0,1,1,0
UGC10205,22.5,190.267,-5.887,7.746,8.326,-2.911,2.262,80.249,80.088,6360.419,-9.977,9.754,317.44,-6.133,4.853,51.7,0.217,1,1,0,0,1,1,0,1,1,0
UGC10380,1.5,207.469,-8.58,7.202,8.424,-3.949,4.376,79.85,80.016,8524.389,-214.683,226.45,114.568,-6.218,6.262,77.9,0.186,1,1,0,0,1,1,0,1,1,0
UGC10380,4.5,215.783,-24.386,22.929,8.328,-2.95,3.793,79.85,80.016,8258.79,-49.461,38.963,115.573,-4.515,4.515,77.9,0.186,1,1,0,0,1,1,0,1,1,0
UGC10380,7.5,223.847,-22.242,21.566,8.84,-3.044,3.51,79.85,80.016,8241.398,-36.989,29.754,121.643,-15.569,13.708,77.9,0.186,1,1,0,0,1,1,0,1,1,0
UGC10380,10.5,211.391,-40.615,23.005,8.078,-4.322,5.623,79.85,80.016,8624.859,-201.044,230.837,94.039,-5.187,5.187,77.9,0.186,1,1,0,0,1,1,0,1,1,0
UGC10380,13.5,192.579,-12.592,16.14,7.824,-2.663,3.5,79.85,80.016,8360.527,-188.743,300.484,119.365,-2.36,2.115,77.9,0.186,1,1,0,0,1,1,0,1,1,0
UGC10380,16.5,188.939,-41.886,25.565,8.643,-6.697,11.16,79.85,80.016,8122.336,-82.824,82.824,100.612,-5.182,6.867,77.9,0.186,1,1,0,0,1,1,0,1,1,0
UGC10380,22.5,208.302,-51.0,51.0,8.727,-8.072,8.072,79.85,80.016,8198.19,-110.694,131.009,116.148,-5.778,4.419,77.9,0.186,1,1,0,0,1,1,0,1,1,0
UGC10384,1.5,164.446,-17.097,12.334,7.893,-3.122,2.286,80.294,80.008,4834.814,-14.763,18.019,104.089,-2.503,2.691,70.0,0.287,1,1,0,0,1,1,0,1,1,0
UGC10384,4.5,210.37,-29.211,42.656,8.7,-4.593,2.938,80.294,80.008,4787.673,-25.223,29.651,110.739,-3.297,3.297,70.0,0.287,1,1,0,0,1,1,0,1,1,0
UGC10384,7.5,148.222,-4.224,3.902,9.171,-2.524,2.896,80.294,80.008,4900.521,-3.566,3.427,96.524,-8.787,8.787,70.0,0.287,1,1,0,0,1,1,0,1,1,0
UGC10384,10.5,158.077,-4.03,4.348,8.766,-2.759,2.866,80.294,80.008,4901.881,-3.236,2.829,99.579,-7.594,5.893,70.0,0.287,1,1,0,0,1,1,0,1,1,0
UGC10384,13.5,169.956,-6.745,6.028,8.436,-4.599,7.065,80.294,80.008,4902.108,-2.836,3.273,105.128,-3.545,4.092,70.0,0.287,1,1,0,0,1,1,0,1,1,0
UGC10384,16.5,180.619,-6.42,5.468,8.551,-2.502,3.224,80.294,80.008,4902.241,-4.015,3.415,99.504,-7.137,4.969,70.0,0.287,1,1,0,0,1,1,0,1,1,0
UGC10384,19.5,182.138,-9.302,7.353,9.124,-2.866,2.169,80.294,80.008,4907.435,-3.708,3.564,91.971,-4.383,5.369,70.0,0.287,1,1,0,0,1,1,0,1,1,0
UGC10384,22.5,194.099,-15.018,19.352,7.008,-2.46,2.533,80.294,80.008,4902.291,-19.407,17.161,107.686,-9.087,9.762,70.0,0.287,1,1,0,0,1,1,0,1,1,0
UGC10710,1.5,204.424,-5.391,9.188,8.945,-5.18,5.18,79.79,79.884,8123.953,-3.591,4.54,151.184,-3.793,3.793,69.6,0.169,1,1,0,0,1,1,0,1,1,0
UGC10710,4.5,221.426,-8.608,6.138,9.043,-5.834,5.834,79.79,79.884,8133.208,-6.754,6.137,160.7,-12.574,12.574,69.6,0.169,1,1,0,0,1,1,0,1,1,0
UGC10710,7.5,232.88,-12.412,8.902,8.985,-6.799,9.153,79.79,79.884,8131.676,-7.826,7.537,136.729,-12.093,12.093,69.6,0.169,1,1,0,0,1,1,0,1,1,0
UGC10710,10.5,234.325,-7.935,7.347,8.661,-6.279,6.279,79.79,79.884,8130.986,-6.659,7.848,144.413,-4.187,5.325,69.6,0.169,1,1,0,0,1,1,0,1,1,0
UGC10710,13.5,232.319,-8.17,10.407,8.27,-5.683,5.683,79.79,79.884,8130.796,-5.259,5.627,147.9,-7.182,6.417,69.6,0.169,1,1,0,0,1,1,0,1,1,0
UGC10710,16.5,223.821,-10.479,14.908,8.357,-2.632,3.401,79.79,79.884,8123.856,-22.542,14.149,148.715,-4.948,5.905,69.6,0.169,1,1,0,0,1,1,0,1,1,0
UGC10710,19.5,198.731,-19.496,16.474,7.919,-3.515,4.522,79.79,79.884,8168.156,-34.873,28.242,159.951,-14.471,12.309,69.6,0.169,1,1,0,0,1,1,0,1,1,0
UGC10710,22.5,199.548,-27.803,22.056,7.661,-2.408,3.084,79.79,79.884,8177.298,-41.03,37.186,164.418,-17.81,15.581,69.6,0.169,1,1,0,0,1,1,0,1,1,0
