edge_pydb/dat_prof/bbarolo/bb_smo7_fitvd_dilmsk_freepa.csv
# %ECSV 0.9
# ---
# datatype:
# - {name: Name, datatype: string, description: Galaxy Name}
# - {name: bbRad, unit: arcsec, datatype: float64, description: Galactocentric radius of ring}
# - {name: bbVrot, unit: km / s, datatype: float64}
# - {name: bbVrot_e1, unit: km / s, datatype: float64}
# - {name: bbVrot_e2, unit: km / s, datatype: float64}
# - {name: bbVdisp, unit: km / s, datatype: float64}
# - {name: bbVdisp_e1, unit: km / s, datatype: float64}
# - {name: bbVdisp_e2, unit: km / s, datatype: float64}
# - {name: bbXpos, unit: pix, datatype: float64}
# - {name: bbYpos, unit: pix, datatype: float64}
# - {name: bbVmean, unit: km / s, datatype: float64, description: 'Systemic velocity in radio defn, LSR frame'}
# - {name: bbVmean_e1, unit: km / s, datatype: float64}
# - {name: bbVmean_e2, unit: km / s, datatype: float64}
# - {name: bbPA, unit: deg, datatype: float64}
# - {name: bbPA_e1, unit: deg, datatype: float64}
# - {name: bbPA_e2, unit: deg, datatype: float64}
# - {name: bbInc, unit: deg, datatype: float64}
# - {name: bbZ0, unit: arcsec, datatype: float64, description: Scale height of disk in arcsec}
# - {name: bbVrotfit, unit: km / s, datatype: int64, description: 0=fixed to input value; 1=fitted per ring; -1=fixed to mean value of
#     previous fit}
# - {name: bbVdispfit, unit: km / s, datatype: int64, description: 0=fixed to input value; 1=fitted per ring; -1=fixed to mean value of
#     previous fit}
# - {name: bbXposfit, unit: pix, datatype: int64, description: 0=fixed to input value; 1=fitted per ring; -1=fixed to mean value of previous
#     fit}
# - {name: bbYposfit, unit: pix, datatype: int64, description: 0=fixed to input value; 1=fitted per ring; -1=fixed to mean value of previous
#     fit}
# - {name: bbVsysfit, unit: km / s, datatype: int64, description: 0=fixed to input value; 1=fitted per ring; -1=fixed to mean value of
#     previous fit}
# - {name: bbPAfit, unit: deg, datatype: int64, description: 0=fixed to input value; 1=fitted per ring; -1=fixed to mean value of previous
#     fit}
# - {name: bbIncfit, unit: deg, datatype: int64, description: 0=fixed to input value; 1=fitted per ring; -1=fixed to mean value of previous
#     fit}
# - {name: bbFtype, datatype: int64, description: 'Function to minimize: 1=chi-squared, 2=|mod-obs|'}
# - {name: bbWfunc, datatype: int64, description: 'Weighting function: 0=uniform, 1=|cos|, 2=cos^2'}
# - {name: bbFlag, datatype: int64, description: '=1 when some ringlog exits, but Bbarolo fails to produce at least one of the plots'}
# delimiter: ','
# meta: !!omap
# - {comments: Bbarolo first round results for run smo7_fitvd_dilmsk}
# - {date: '2020-07-15'}
# schema: astropy-2.0
Name,bbRad,bbVrot,bbVrot_e1,bbVrot_e2,bbVdisp,bbVdisp_e1,bbVdisp_e2,bbXpos,bbYpos,bbVmean,bbVmean_e1,bbVmean_e2,bbPA,bbPA_e1,bbPA_e2,bbInc,bbZ0,bbVrotfit,bbVdispfit,bbXposfit,bbYposfit,bbVsysfit,bbPAfit,bbIncfit,bbFtype,bbWfunc,bbFlag
[from data line 460]
NGC7738,16.5,119.857,-7.055,8.875,9.162,-6.569,4.528,64.197,64.409,6624.545,-4.347,4.292,59.7,-3.766,3.766,61.7,0.211,1,1,0,0,1,1,0,1,1,0
NGC7738,19.5,193.174,-5.184,4.681,8.398,-2.9,2.918,64.197,64.409,6691.99,-1.67,1.659,52.453,-0.547,0.732,61.7,0.211,1,1,0,0,1,1,0,1,1,0
NGC7738,22.5,227.912,-8.222,9.228,7.906,-2.285,2.154,64.197,64.409,6722.321,-12.649,14.653,50.099,-0.86,0.86,61.7,0.211,1,1,0,0,1,1,0,1,1,0
NGC7819,1.5,112.617,-5.93,6.408,8.035,-2.129,2.876,64.13,64.1,4866.918,-1.772,1.835,94.595,-2.215,2.294,58.2,0.288,1,1,0,0,1,1,0,1,1,0
NGC7819,4.5,122.409,-8.013,6.497,8.881,-2.992,3.853,64.13,64.1,4864.639,-2.751,2.588,95.3,-3.439,3.234,58.2,0.288,1,1,0,0,1,1,0,1,1,0
NGC7819,7.5,120.18,-8.597,10.594,9.661,-7.684,7.684,64.13,64.1,4865.353,-4.07,4.57,93.215,-5.088,5.712,58.2,0.288,1,1,0,0,1,1,0,1,1,0
NGC7819,10.5,91.992,-14.386,18.469,9.211,-7.278,8.471,64.13,64.1,4879.431,-7.698,9.017,95.3,-9.126,9.126,58.2,0.288,1,1,0,0,1,1,0,1,1,0
NGC7819,13.5,99.281,-11.771,14.444,10.475,-2.584,2.52,64.13,64.1,4879.061,-4.184,5.008,95.3,-3.069,3.069,58.2,0.288,1,1,0,0,1,1,0,1,1,0
NGC7819,16.5,196.363,-18.219,18.219,8.38,-13.165,13.165,64.13,64.1,4888.31,-16.266,12.684,95.289,-1.647,1.647,58.2,0.288,1,1,0,0,1,1,0,1,1,0
UGC03539,4.5,221.242,-8.617,7.83,8.524,-13.408,13.408,64.678,62.906,3140.836,-6.025,6.197,120.986,-2.075,3.55,88.0,0.438,1,1,0,0,1,1,0,1,1,0
UGC03539,7.5,215.341,-8.734,6.72,8.454,-5.19,6.338,64.678,62.906,3357.208,-3.481,3.264,127.666,-4.351,4.081,88.0,0.438,1,1,0,0,1,1,0,1,1,0
UGC03539,10.5,245.085,-10.431,7.357,8.893,-11.864,11.864,64.678,62.906,3160.767,-5.574,4.805,127.9,-6.967,6.006,88.0,0.438,1,1,0,0,1,1,0,1,1,0
UGC03539,13.5,139.29,-3.217,3.907,8.784,-2.676,3.726,64.678,62.906,3262.109,-1.473,1.908,126.92,-1.842,2.385,88.0,0.438,1,1,0,0,1,1,0,1,1,0
UGC03539,16.5,142.471,-2.742,3.789,9.846,-4.415,3.146,64.678,62.906,3260.218,-1.789,1.734,126.276,-2.237,2.167,88.0,0.438,1,1,0,0,1,1,0,1,1,0
UGC03539,19.5,151.787,-4.432,3.948,7.788,-2.771,2.471,64.678,62.906,3259.425,-1.584,1.605,126.876,-1.98,2.006,88.0,0.438,1,1,0,0,1,1,0,1,1,0
UGC03539,22.5,171.122,-8.032,8.147,8.525,-9.971,9.971,64.678,62.906,3250.567,-4.501,4.529,126.591,-5.626,5.662,88.0,0.438,1,1,0,0,1,1,0,1,1,0
UGC03969,1.5,182.494,-11.68,9.442,9.265,-3.949,5.062,63.625,64.131,7932.462,-4.119,3.904,315.768,-0.848,1.114,77.8,0.174,1,1,0,0,1,1,0,1,1,0
UGC03969,4.5,171.26,-14.914,13.059,8.049,-3.561,2.58,63.625,64.131,7922.768,-18.174,16.237,315.287,-2.354,2.354,77.8,0.174,1,1,0,0,1,1,0,1,1,0
UGC03969,7.5,183.508,-9.212,7.117,9.516,-2.925,2.287,63.625,64.131,7914.321,-3.034,2.351,309.743,-3.793,2.939,77.8,0.174,1,1,0,0,1,1,0,1,1,0
UGC03969,10.5,193.975,-5.933,5.494,10.957,-4.889,8.617,63.625,64.131,7915.675,-3.5,4.323,309.3,-3.179,3.179,77.8,0.174,1,1,0,0,1,1,0,1,1,0
UGC03969,13.5,203.56,-5.447,6.779,8.1,-4.922,4.922,63.625,64.131,7914.326,-2.592,2.925,318.984,-3.24,3.657,77.8,0.174,1,1,0,0,1,1,0,1,1,0
UGC03969,16.5,209.687,-7.2,6.135,8.207,-8.29,8.29,63.625,64.131,7914.877,-4.138,3.969,314.459,-1.06,1.449,77.8,0.174,1,1,0,0,1,1,0,1,1,0
UGC03969,19.5,218.607,-7.291,8.021,8.272,-10.306,10.306,63.625,64.131,7913.072,-4.946,5.129,319.3,-2.188,2.188,77.8,0.174,1,1,0,0,1,1,0,1,1,0
UGC03969,22.5,216.089,-8.711,10.157,8.293,-4.829,7.5,63.625,64.131,7899.935,-3.811,4.731,317.896,-1.704,1.266,77.8,0.174,1,1,0,0,1,1,0,1,1,0
UGC03973,1.5,195.011,-8.214,10.68,8.97,-6.671,10.147,63.992,63.904,6458.208,-3.721,5.207,327.039,-4.652,6.508,36.0,0.215,1,1,0,0,1,1,0,1,1,0
UGC03973,4.5,218.319,-13.049,11.078,8.023,-7.087,7.087,63.992,63.904,6503.313,-5.034,4.541,323.03,-6.292,5.676,36.0,0.215,1,1,0,0,1,1,0,1,1,0
UGC03973,7.5,199.325,-11.202,11.168,9.21,-7.794,7.014,63.992,63.904,6509.018,-4.749,4.546,319.585,-5.936,5.682,36.0,0.215,1,1,0,0,1,1,0,1,1,0
UGC03973,10.5,206.419,-7.613,9.28,8.749,-4.214,4.712,63.992,63.904,6497.144,-6.471,7.425,326.495,-2.771,2.145,36.0,0.215,1,1,0,0,1,1,0,1,1,0
UGC03973,13.5,201.89,-12.001,11.134,8.643,-4.504,4.504,63.992,63.904,6538.761,-18.49,14.567,318.915,-8.258,8.258,36.0,0.215,1,1,0,0,1,1,0,1,1,0
UGC03973,16.5,160.15,-7.346,6.977,6.763,-2.597,2.423,63.992,63.904,6516.759,-3.402,3.448,327.54,-4.394,4.394,36.0,0.215,1,1,0,0,1,1,0,1,1,0
UGC03973,19.5,155.708,-11.385,13.409,7.368,-5.974,5.974,63.992,63.904,6509.128,-5.193,5.699,328.8,-3.414,3.414,36.0,0.215,1,1,0,0,1,1,0,1,1,0
UGC03973,22.5,177.805,-16.398,15.643,0.363,-6.024,6.024,63.992,63.904,6508.777,-5.088,5.338,328.8,-6.877,6.751,36.0,0.215,1,1,0,0,1,1,0,1,1,0
UGC04029,1.5,241.705,-5.96,5.44,7.816,-4.26,5.729,64.017,63.774,4380.045,-11.944,12.61,243.458,-5.541,5.945,84.9,0.325,1,1,0,0,1,1,0,1,1,0
UGC04029,4.5,195.638,-9.073,9.354,9.021,-10.721,10.721,64.017,63.774,4315.533,-5.277,5.347,238.5,-1.312,1.312,84.9,0.325,1,1,0,0,1,1,0,1,1,0
UGC04029,7.5,127.574,-5.687,4.922,8.263,-7.005,7.005,64.017,63.774,4393.196,-3.916,3.725,247.789,-2.972,2.972,84.9,0.325,1,1,0,0,1,1,0,1,1,0
UGC04029,10.5,136.254,-4.942,4.942,8.173,-4.338,2.81,64.017,63.774,4367.139,-3.07,2.507,245.024,-3.0,2.278,84.9,0.325,1,1,0,0,1,1,0,1,1,0
UGC04029,13.5,218.209,-6.204,7.117,8.076,-5.866,9.883,64.017,63.774,4428.261,-3.41,4.559,243.778,-1.568,1.237,84.9,0.325,1,1,0,0,1,1,0,1,1,0
UGC04029,16.5,194.292,-5.433,5.895,8.934,-2.901,3.724,64.017,63.774,4405.035,-2.083,2.405,239.276,-2.604,3.006,84.9,0.325,1,1,0,0,1,1,0,1,1,0
UGC04029,19.5,198.723,-6.229,6.18,8.826,-5.393,8.191,64.017,63.774,4400.271,-3.188,3.927,240.099,-1.129,1.337,84.9,0.325,1,1,0,0,1,1,0,1,1,0
UGC04029,22.5,212.416,-12.902,9.383,8.635,-4.196,4.196,64.017,63.774,4389.173,-4.384,3.505,238.895,-0.44,0.44,84.9,0.325,1,1,0,0,1,1,0,1,1,0
UGC04132,1.5,174.189,-8.414,6.814,9.313,-2.934,2.279,63.848,64.752,5111.14,-3.153,2.636,33.357,-2.193,2.193,74.5,0.274,1,1,0,0,1,1,0,1,1,0
UGC04132,4.5,175.964,-6.09,8.021,16.976,-2.265,2.706,63.848,64.752,5107.279,-2.851,3.268,37.114,-4.022,4.022,74.5,0.274,1,1,0,0,1,1,0,1,1,0
UGC04132,7.5,175.811,-5.972,5.637,36.187,-4.629,4.25,63.848,64.752,5094.261,-2.65,2.472,37.598,-3.313,3.09,74.5,0.274,1,1,0,0,1,1,0,1,1,0
UGC04132,10.5,206.109,-5.116,5.286,8.602,-2.126,2.62,63.848,64.752,5103.521,-2.637,2.59,37.6,-3.811,3.811,74.5,0.274,1,1,0,0,1,1,0,1,1,0
UGC04132,13.5,226.028,-4.99,4.356,8.868,-4.314,6.111,63.848,64.752,5088.424,-2.837,3.011,34.606,-2.044,1.576,74.5,0.274,1,1,0,0,1,1,0,1,1,0
UGC04132,16.5,227.969,-7.336,4.801,8.52,-6.02,7.287,63.848,64.752,5091.779,-3.339,3.022,37.12,-4.174,3.778,74.5,0.274,1,1,0,0,1,1,0,1,1,0
UGC04132,19.5,229.784,-3.665,4.212,8.418,-6.749,6.519,63.848,64.752,5101.213,-3.368,3.196,34.497,-3.056,2.051,74.5,0.274,1,1,0,0,1,1,0,1,1,0
UGC04132,22.5,236.971,-4.479,4.479,8.474,-2.875,3.18,63.848,64.752,5105.564,-2.192,2.397,29.986,-1.416,1.928,74.5,0.274,1,1,0,0,1,1,0,1,1,0
UGC04132,25.5,243.873,-4.479,4.188,8.112,-2.784,3.372,63.848,64.752,5104.234,-2.357,2.242,33.821,-2.166,1.406,74.5,0.274,1,1,0,0,1,1,0,1,1,0
UGC04132,28.5,252.977,-5.714,7.412,8.72,-4.612,4.612,63.848,64.752,5108.691,-2.885,3.377,29.476,-1.214,1.485,74.5,0.274,1,1,0,0,1,1,0,1,1,0
UGC04132,31.5,262.698,-6.822,8.515,8.115,-3.81,4.943,63.848,64.752,5113.51,-2.95,3.666,29.227,-1.168,1.206,74.5,0.274,1,1,0,0,1,1,0,1,1,0
UGC04461,1.5,65.421,-3.455,3.106,9.223,-2.929,3.058,64.324,64.037,4899.961,-2.655,2.529,45.376,-6.281,6.281,74.8,0.285,1,1,0,0,1,1,0,1,1,0
UGC04461,4.5,67.75,-4.215,5.879,11.497,-2.427,2.688,64.324,64.037,4903.368,-2.455,2.803,37.8,-4.31,4.31,74.8,0.285,1,1,0,0,1,1,0,1,1,0
UGC04461,7.5,115.433,-4.65,3.583,8.255,-3.123,4.037,64.324,64.037,4893.985,-1.943,1.905,47.71,-2.429,2.381,74.8,0.285,1,1,0,0,1,1,0,1,1,0
UGC04461,10.5,129.82,-4.065,3.383,7.384,-3.231,3.231,64.324,64.037,4903.807,-2.441,2.133,44.49,-2.468,1.918,74.8,0.285,1,1,0,0,1,1,0,1,1,0
UGC04461,13.5,131.023,-3.93,3.62,7.44,-2.552,2.552,64.324,64.037,4903.093,-2.227,2.007,45.453,-2.424,1.857,74.8,0.285,1,1,0,0,1,1,0,1,1,0
UGC04461,16.5,131.428,-4.732,6.079,7.944,-2.466,2.422,64.324,64.037,4906.063,-2.414,2.639,42.403,-3.106,2.054,74.8,0.285,1,1,0,0,1,1,0,1,1,0
UGC04461,19.5,146.442,-7.919,7.958,7.235,-2.354,3.072,64.324,64.037,4912.233,-3.48,3.669,47.8,-3.648,3.648,74.8,0.285,1,1,0,0,1,1,0,1,1,0
UGC04461,22.5,127.627,-14.008,18.931,8.101,-4.829,6.39,64.324,64.037,4938.994,-5.675,7.296,46.768,-3.863,3.863,74.8,0.285,1,1,0,0,1,1,0,1,1,0
UGC05108,1.5,167.759,-9.006,14.323,16.953,-2.82,2.228,64.112,64.082,7903.188,-2.575,3.868,319.42,-3.219,4.835,70.3,0.174,1,1,0,0,1,1,0,1,1,0
UGC05108,4.5,207.708,-9.059,6.926,8.699,-5.423,5.423,64.112,64.082,7896.295,-3.62,3.087,321.1,-4.526,3.859,70.3,0.174,1,1,0,0,1,1,0,1,1,0
UGC05108,7.5,203.583,-21.259,20.771,8.326,-6.207,7.579,64.112,64.082,7900.492,-12.276,12.276,316.673,-2.563,2.563,70.3,0.174,1,1,0,0,1,1,0,1,1,0
UGC05108,10.5,210.284,-21.063,36.179,7.911,-2.696,2.235,64.112,64.082,7925.839,-30.166,27.524,321.1,-4.349,4.349,70.3,0.174,1,1,0,0,1,1,0,1,1,0
UGC05108,13.5,216.857,-13.293,18.241,8.219,-6.505,7.536,64.112,64.082,7967.326,-29.748,23.003,311.548,-4.889,4.889,70.3,0.174,1,1,0,0,1,1,0,1,1,0
UGC05111,1.5,201.673,-14.204,17.759,8.498,-5.833,5.833,64.722,64.145,6714.397,-33.849,29.915,295.903,-0.814,0.627,85.5,0.21,1,1,0,0,1,1,0,1,1,0
UGC05111,4.5,101.738,-8.384,7.527,9.721,-2.381,2.711,64.722,64.145,6595.83,-2.657,2.284,300.789,-0.815,0.487,85.5,0.21,1,1,0,0,1,1,0,1,1,0
UGC05111,7.5,174.429,-11.399,8.991,10.213,-2.532,2.769,64.722,64.145,6613.652,-4.288,3.54,301.034,-3.219,3.219,85.5,0.21,1,1,0,0,1,1,0,1,1,0
UGC05111,10.5,201.77,-4.918,3.4,8.536,-4.607,7.524,64.722,64.145,6592.721,-2.381,2.731,302.698,-2.976,3.414,85.5,0.21,1,1,0,0,1,1,0,1,1,0
UGC05111,13.5,201.895,-5.27,3.635,8.941,-4.881,7.032,64.722,64.145,6591.623,-2.659,2.811,295.179,-0.485,0.575,85.5,0.21,1,1,0,0,1,1,0,1,1,0
UGC05111,16.5,201.458,-5.886,3.386,8.602,-5.323,2.718,64.722,64.145,6594.695,-3.843,2.567,293.788,-4.164,4.164,85.5,0.21,1,1,0,0,1,1,0,1,1,0
UGC05111,19.5,207.025,-3.563,3.563,6.845,-2.767,2.493,64.722,64.145,6594.881,-2.126,2.278,293.759,-3.054,3.054,85.5,0.21,1,1,0,0,1,1,0,1,1,0
UGC05111,22.5,215.185,-4.906,4.904,7.456,-2.525,3.159,64.722,64.145,6597.634,-1.858,2.016,303.113,-2.322,2.52,85.5,0.21,1,1,0,0,1,1,0,1,1,0
UGC05111,25.5,225.219,-5.298,5.064,6.972,-2.996,3.807,64.722,64.145,6600.348,-2.074,2.218,302.826,-2.592,2.772,85.5,0.21,1,1,0,0,1,1,0,1,1,0
UGC05111,28.5,225.923,-6.023,5.767,7.9,-4.384,5.678,64.722,64.145,6594.896,-2.602,2.861,303.085,-3.252,3.577,85.5,0.21,1,1,0,0,1,1,0,1,1,0
UGC05598,1.5,234.464,-15.02,19.326,6.867,-7.192,8.471,63.598,64.075,5697.127,-11.866,12.675,35.051,-1.882,1.882,76.6,0.254,1,1,0,0,1,1,0,1,1,0
UGC05598,4.5,195.011,-7.8,5.807,8.94,-7.483,7.483,63.598,64.075,5604.295,-7.295,6.199,35.11,-3.33,4.059,76.6,0.254,1,1,0,0,1,1,0,1,1,0
UGC05598,7.5,175.33,-15.651,22.33,8.807,-7.312,7.312,63.598,64.075,5590.591,-17.55,24.194,39.687,-10.128,13.459,76.6,0.254,1,1,0,0,1,1,0,1,1,0
UGC05598,10.5,113.399,-4.363,4.186,9.856,-3.088,2.837,63.598,64.075,5527.838,-1.457,1.534,30.6,-1.821,1.917,76.6,0.254,1,1,0,0,1,1,0,1,1,0
UGC05598,13.5,217.417,-13.051,16.432,7.749,-4.221,5.664,63.598,64.075,5568.878,-24.945,14.204,37.418,-2.598,2.598,76.6,0.254,1,1,0,0,1,1,0,1,1,0
UGC05598,16.5,153.228,-10.283,10.981,8.426,-4.317,5.615,63.598,64.075,5512.242,-13.949,14.425,40.6,-6.926,6.926,76.6,0.254,1,1,0,0,1,1,0,1,1,0
UGC05598,19.5,173.553,-12.633,9.946,8.631,-3.355,4.344,63.598,64.075,5508.519,-4.218,3.765,39.377,-0.882,0.769,76.6,0.254,1,1,0,0,1,1,0,1,1,0
UGC05598,22.5,196.113,-19.583,17.406,7.932,-3.41,4.371,63.598,64.075,5511.37,-6.371,5.945,36.799,-2.492,2.004,76.6,0.254,1,1,0,0,1,1,0,1,1,0
UGC08107,1.5,184.034,-8.257,9.248,78.872,-5.652,4.671,64.548,64.373,8088.077,-4.068,4.07,49.199,-2.362,2.362,65.1,0.17,1,1,0,0,1,1,0,1,1,0
UGC08107,4.5,295.619,-11.602,12.456,8.063,-3.085,2.248,64.548,64.373,8097.229,-15.365,16.663,44.028,-4.243,4.243,65.1,0.17,1,1,0,0,1,1,0,1,1,0
UGC08107,7.5,273.375,-13.114,11.179,51.522,-8.526,8.879,64.548,64.373,8089.528,-5.41,5.014,43.269,-6.762,6.268,65.1,0.17,1,1,0,0,1,1,0,1,1,0
UGC08107,10.5,230.272,-9.774,12.195,8.845,-3.39,2.547,64.548,64.373,8136.652,-12.491,11.292,47.101,-6.061,6.061,65.1,0.17,1,1,0,0,1,1,0,1,1,0
UGC08107,13.5,250.693,-7.967,6.116,7.511,-5.167,3.02,64.548,64.373,8133.6,-3.97,2.971,51.805,-2.748,2.748,65.1,0.17,1,1,0,0,1,1,0,1,1,0
UGC08107,16.5,235.361,-9.583,12.846,8.786,-4.902,3.198,64.548,64.373,8184.167,-4.96,5.35,53.179,-5.356,5.356,65.1,0.17,1,1,0,0,1,1,0,1,1,0
UGC08107,19.5,247.993,-8.39,9.804,8.815,-3.127,3.518,64.548,64.373,8195.768,-2.502,2.814,44.856,-1.617,1.454,65.1,0.17,1,1,0,0,1,1,0,1,1,0
UGC08107,22.5,253.152,-7.013,7.54,8.056,-3.064,3.938,64.548,64.373,8200.065,-4.788,5.139,53.161,-9.076,9.076,65.1,0.17,1,1,0,0,1,1,0,1,1,0
UGC08267,1.5,237.316,-9.098,6.03,8.738,-7.311,7.311,63.911,64.268,6998.73,-4.102,3.335,46.001,-5.128,4.169,78.0,0.199,1,1,0,0,1,1,0,1,1,0
UGC08267,4.5,138.053,-6.427,7.143,9.83,-2.937,2.405,63.911,64.268,7088.237,-1.919,2.027,47.956,-2.398,2.533,78.0,0.199,1,1,0,0,1,1,0,1,1,0
UGC08267,7.5,159.349,-5.173,6.481,10.533,-2.795,2.475,63.911,64.268,7080.644,-2.387,2.634,39.74,-2.691,2.691,78.0,0.199,1,1,0,0,1,1,0,1,1,0
UGC08267,10.5,180.888,-3.177,2.592,9.263,-5.086,4.857,63.911,64.268,7073.075,-2.85,2.646,47.884,-3.137,3.137,78.0,0.199,1,1,0,0,1,1,0,1,1,0
UGC08267,13.5,192.086,-4.332,4.598,8.75,-6.248,6.116,63.911,64.268,7077.779,-3.482,3.516,47.934,-3.348,3.348,78.0,0.199,1,1,0,0,1,1,0,1,1,0
UGC08267,16.5,206.176,-7.859,8.582,8.158,-5.464,6.73,63.911,64.268,7081.018,-4.024,4.521,46.155,-2.773,2.773,78.0,0.199,1,1,0,0,1,1,0,1,1,0
UGC08267,19.5,238.627,-11.445,8.938,8.327,-6.556,6.556,63.911,64.268,7076.586,-4.934,4.438,40.242,-1.735,2.258,78.0,0.199,1,1,0,0,1,1,0,1,1,0
UGC08267,22.5,257.196,-20.37,27.644,7.009,-7.585,7.585,63.911,64.268,7073.765,-7.228,9.034,45.765,-0.957,0.906,78.0,0.199,1,1,0,0,1,1,0,1,1,0
UGC09067,1.5,70.011,-5.704,4.157,10.655,-2.753,2.495,63.118,64.089,7632.23,-2.114,1.565,199.445,-2.643,1.957,66.2,0.18,1,1,0,0,1,1,0,1,1,0
UGC09067,4.5,181.42,-5.5,6.439,8.357,-5.56,7.397,63.118,64.089,7644.822,-2.765,3.459,196.498,-3.456,4.324,66.2,0.18,1,1,0,0,1,1,0,1,1,0
UGC09067,7.5,189.569,-5.857,5.155,8.172,-5.461,5.555,63.118,64.089,7645.356,-4.684,4.532,199.185,-7.419,7.419,66.2,0.18,1,1,0,0,1,1,0,1,1,0
UGC09067,10.5,195.706,-3.701,3.044,7.578,-3.59,3.59,63.118,64.089,7646.756,-1.823,1.658,199.6,-2.278,2.073,66.2,0.18,1,1,0,0,1,1,0,1,1,0
UGC09067,13.5,203.723,-3.238,3.238,7.619,-2.154,2.579,63.118,64.089,7645.218,-2.049,1.987,195.183,-3.57,2.875,66.2,0.18,1,1,0,0,1,1,0,1,1,0
UGC09067,16.5,209.504,-5.441,5.226,8.12,-2.55,2.306,63.118,64.089,7647.765,-2.408,2.861,192.36,-2.404,3.914,66.2,0.18,1,1,0,0,1,1,0,1,1,0
UGC09067,19.5,216.833,-8.001,7.6,7.717,-3.221,4.134,63.118,64.089,7650.401,-3.667,3.795,193.106,-3.445,3.445,66.2,0.18,1,1,0,0,1,1,0,1,1,0
UGC09537,1.5,222.485,-8.122,11.863,8.794,-10.725,10.725,63.286,63.991,8739.092,-15.294,14.603,311.468,-2.371,2.371,84.1,0.159,1,1,0,0,1,1,0,1,1,0
UGC09537,4.5,175.352,-6.234,6.826,8.445,-4.627,4.627,63.286,63.991,8526.801,-2.715,2.863,320.7,-3.394,3.579,84.1,0.159,1,1,0,0,1,1,0,1,1,0
UGC09537,7.5,218.38,-13.998,10.913,8.26,-4.528,3.537,63.286,63.991,8491.713,-3.622,2.83,319.923,-0.49,0.405,84.1,0.159,1,1,0,0,1,1,0,1,1,0
UGC09537,10.5,275.892,-10.397,8.353,9.342,-7.34,10.17,63.286,63.991,8559.399,-4.916,5.113,310.723,-1.928,1.928,84.1,0.159,1,1,0,0,1,1,0,1,1,0
UGC09537,13.5,287.286,-5.18,4.287,7.804,-4.53,4.53,63.286,63.991,8558.098,-2.894,2.852,313.065,-1.864,2.591,84.1,0.159,1,1,0,0,1,1,0,1,1,0
UGC09537,16.5,291.621,-6.078,3.926,4.219,-2.637,2.522,63.286,63.991,8560.588,-2.931,2.542,310.783,-3.719,3.719,84.1,0.159,1,1,0,0,1,1,0,1,1,0
UGC09537,19.5,251.451,-9.87,8.065,8.686,-4.157,4.157,63.286,63.991,8520.336,-3.573,3.139,311.065,-0.264,0.336,84.1,0.159,1,1,0,0,1,1,0,1,1,0
UGC09537,22.5,231.608,-5.779,4.857,7.955,-4.255,4.255,63.286,63.991,8568.16,-31.211,31.211,316.177,-1.441,1.124,84.1,0.159,1,1,0,0,1,1,0,1,1,0
