edge_pydb/dat_prof/bbarolo/bb_smo7_fitvd_dilmsk_freepa.csv
# %ECSV 0.9
# ---
# datatype:
# - {name: bbName, datatype: string, description: Galaxy Name}
# - {name: bbRad, unit: arcsec, datatype: float64, description: Galactocentric radius of ring}
# - {name: bbVrot, unit: km / s, datatype: float64}
# - {name: bbVrot_e1, unit: km / s, datatype: float64}
# - {name: bbVrot_e2, unit: km / s, datatype: float64}
# - {name: bbVdisp, unit: km / s, datatype: float64}
# - {name: bbVdisp_e1, unit: km / s, datatype: float64}
# - {name: bbVdisp_e2, unit: km / s, datatype: float64}
# - {name: bbXpos, unit: pix, datatype: float64}
# - {name: bbYpos, unit: pix, datatype: float64}
# - {name: bbVmean, unit: km / s, datatype: float64, description: 'Systemic velocity in radio defn, LSR frame'}
# - {name: bbVmean_e1, unit: km / s, datatype: float64}
# - {name: bbVmean_e2, unit: km / s, datatype: float64}
# - {name: bbPA, unit: deg, datatype: float64}
# - {name: bbPA_e1, unit: deg, datatype: float64}
# - {name: bbPA_e2, unit: deg, datatype: float64}
# - {name: bbInc, unit: deg, datatype: float64}
# - {name: bbZ0, unit: arcsec, datatype: float64, description: Scale height of disk in arcsec}
# - {name: bbVrotfit, unit: km / s, datatype: int64, description: 0=fixed to input value; 1=fitted per ring; -1=fixed to mean value of
#     previous fit}
# - {name: bbVdispfit, unit: km / s, datatype: int64, description: 0=fixed to input value; 1=fitted per ring; -1=fixed to mean value of
#     previous fit}
# - {name: bbXposfit, unit: pix, datatype: int64, description: 0=fixed to input value; 1=fitted per ring; -1=fixed to mean value of previous
#     fit}
# - {name: bbYposfit, unit: pix, datatype: int64, description: 0=fixed to input value; 1=fitted per ring; -1=fixed to mean value of previous
#     fit}
# - {name: bbVsysfit, unit: km / s, datatype: int64, description: 0=fixed to input value; 1=fitted per ring; -1=fixed to mean value of
#     previous fit}
# - {name: bbPAfit, unit: deg, datatype: int64, description: 0=fixed to input value; 1=fitted per ring; -1=fixed to mean value of previous
#     fit}
# - {name: bbIncfit, unit: deg, datatype: int64, description: 0=fixed to input value; 1=fitted per ring; -1=fixed to mean value of previous
#     fit}
# - {name: bbFtype, datatype: int64, description: 'Function to minimize: 1=chi-squared, 2=|mod-obs|'}
# - {name: bbWfunc, datatype: int64, description: 'Weighting function: 0=uniform, 1=|cos|, 2=cos^2'}
# - {name: bbFlag, datatype: int64, description: '=1 when some ringlog exits, but Bbarolo fails to produce at least one of the plots'}
# delimiter: ','
# schema: astropy-2.0
bbName,bbRad,bbVrot,bbVrot_e1,bbVrot_e2,bbVdisp,bbVdisp_e1,bbVdisp_e2,bbXpos,bbYpos,bbVmean,bbVmean_e1,bbVmean_e2,bbPA,bbPA_e1,bbPA_e2,bbInc,bbZ0,bbVrotfit,bbVdispfit,bbXposfit,bbYposfit,bbVsysfit,bbPAfit,bbIncfit,bbFtype,bbWfunc,bbFlag
[from data line 455]
NGC5980,13.5,209.435,-3.697,3.253,8.869,-5.197,4.555,79.988,79.912,4044.102,-2.99,2.593,195.079,-3.065,2.563,66.2,0.348,1,1,0,0,1,1,0,1,1,0
NGC5980,16.5,214.132,-3.354,3.354,8.74,-5.109,3.931,79.988,79.912,4044.161,-3.001,2.473,195.796,-3.541,2.606,66.2,0.348,1,1,0,0,1,1,0,1,1,0
NGC5980,19.5,216.892,-3.088,3.08,8.714,-4.617,4.206,79.988,79.912,4045.095,-2.607,2.52,193.832,-2.723,2.794,66.2,0.348,1,1,0,0,1,1,0,1,1,0
NGC5980,22.5,218.393,-4.792,4.792,8.559,-6.614,4.6,79.988,79.912,4047.939,-3.433,2.959,192.605,-2.328,2.442,66.2,0.348,1,1,0,0,1,1,0,1,1,0
NGC6004,1.5,85.283,-4.452,4.231,9.282,-13.027,13.027,79.705,80.008,3796.083,-9.114,9.059,85.19,-18.978,18.978,37.3,0.374,1,1,0,0,1,1,0,1,1,0
NGC6004,4.5,179.441,-14.346,19.974,8.587,-7.553,7.553,79.705,80.008,3862.874,-13.172,11.546,105.045,-10.731,10.731,37.3,0.374,1,1,0,0,1,1,0,1,1,0
NGC6004,7.5,171.068,-16.966,11.996,8.652,-2.137,2.768,79.705,80.008,3803.27,-6.038,5.235,93.741,-5.049,6.174,37.3,0.374,1,1,0,0,1,1,0,1,1,0
NGC6004,10.5,156.039,-9.388,9.31,8.483,-2.538,2.413,79.705,80.008,3799.289,-5.255,5.335,100.601,-10.263,10.263,37.3,0.374,1,1,0,0,1,1,0,1,1,0
NGC6004,13.5,161.041,-6.341,6.145,8.839,-2.728,3.106,79.705,80.008,3796.833,-3.555,3.505,94.28,-6.893,6.632,37.3,0.374,1,1,0,0,1,1,0,1,1,0
NGC6004,16.5,159.775,-5.796,6.565,8.275,-2.447,2.737,79.705,80.008,3801.208,-2.851,2.943,93.387,-4.777,4.149,37.3,0.374,1,1,0,0,1,1,0,1,1,0
NGC6004,19.5,167.313,-6.696,4.839,1.617,-2.242,2.393,79.705,80.008,3802.963,-3.85,3.087,98.335,-6.694,5.498,37.3,0.374,1,1,0,0,1,1,0,1,1,0
NGC6004,22.5,163.325,-17.981,14.48,8.462,-2.989,2.231,79.705,80.008,3803.982,-14.698,16.524,98.862,-10.053,7.708,37.3,0.374,1,1,0,0,1,1,0,1,1,0
NGC6060,1.5,133.288,-7.595,6.946,8.547,-2.784,3.041,80.29,80.192,4433.962,-3.495,3.606,280.23,-4.503,6.032,64.3,0.326,1,1,0,0,1,1,0,1,1,0
NGC6060,4.5,195.18,-3.596,2.775,8.263,-4.322,5.283,80.29,80.192,4394.557,-3.894,3.807,282.694,-7.657,7.17,64.3,0.326,1,1,0,0,1,1,0,1,1,0
NGC6060,7.5,198.458,-3.424,4.54,9.196,-4.742,5.594,80.29,80.192,4399.845,-3.701,4.078,284.038,-6.639,6.178,64.3,0.326,1,1,0,0,1,1,0,1,1,0
NGC6060,10.5,202.328,-5.469,5.541,8.49,-4.918,4.918,80.29,80.192,4403.706,-4.089,3.688,286.787,-5.966,4.294,64.3,0.326,1,1,0,0,1,1,0,1,1,0
NGC6060,13.5,197.695,-8.767,7.329,8.924,-4.446,5.75,80.29,80.192,4402.023,-9.006,8.134,282.756,-2.519,3.591,64.3,0.326,1,1,0,0,1,1,0,1,1,0
NGC6060,16.5,239.26,-9.061,9.167,7.724,-10.01,10.01,80.29,80.192,4338.48,-13.761,15.964,283.071,-5.095,8.353,64.3,0.326,1,1,0,0,1,1,0,1,1,0
NGC6060,19.5,182.911,-3.847,3.991,8.574,-3.075,2.439,80.29,80.192,4390.252,-4.07,4.196,286.767,-11.106,11.106,64.3,0.326,1,1,0,0,1,1,0,1,1,0
NGC6060,22.5,189.458,-4.556,4.556,8.756,-3.064,2.949,80.29,80.192,4388.534,-2.482,2.35,283.962,-4.049,3.1,64.3,0.326,1,1,0,0,1,1,0,1,1,0
NGC6155,1.5,111.486,-7.084,9.481,9.708,-7.313,7.656,79.601,80.016,2453.471,-14.728,12.745,322.384,-9.194,9.194,44.7,0.596,1,1,0,0,1,1,0,1,1,0
NGC6155,4.5,229.092,-14.003,9.749,8.537,-7.862,7.862,79.601,80.016,2310.866,-13.583,11.25,310.586,-12.175,12.175,44.7,0.596,1,1,0,0,1,1,0,1,1,0
NGC6155,7.5,213.547,-8.893,13.35,7.778,-9.965,9.965,79.601,80.016,2328.668,-6.235,7.35,311.444,-6.083,6.083,44.7,0.596,1,1,0,0,1,1,0,1,1,0
NGC6155,10.5,108.049,-6.086,5.988,11.628,-2.944,3.11,79.601,80.016,2413.176,-4.88,4.965,302.428,-12.117,12.117,44.7,0.596,1,1,0,0,1,1,0,1,1,0
NGC6155,13.5,194.206,-11.104,9.944,8.879,-12.029,12.029,79.601,80.016,2367.937,-8.093,7.475,311.257,-9.237,7.926,44.7,0.596,1,1,0,0,1,1,0,1,1,0
NGC6155,16.5,195.377,-10.533,7.696,8.429,-4.78,6.314,79.601,80.016,2373.156,-5.328,4.953,317.658,-6.001,5.801,44.7,0.596,1,1,0,0,1,1,0,1,1,0
NGC6155,19.5,133.721,-5.499,5.35,9.847,-2.942,2.884,79.601,80.016,2413.317,-2.812,2.478,312.308,-4.84,3.436,44.7,0.596,1,1,0,0,1,1,0,1,1,0
NGC6155,22.5,136.133,-7.314,8.476,7.608,-2.688,2.346,79.601,80.016,2409.583,-3.261,3.805,313.468,-4.844,5.607,44.7,0.596,1,1,0,0,1,1,0,1,1,0
NGC6168,1.5,43.426,-4.979,3.988,7.257,-3.353,2.858,72.961,77.484,2542.173,-2.581,2.21,276.403,-1.994,1.994,76.6,0.571,1,1,0,0,1,1,0,1,1,0
NGC6168,4.5,153.998,-17.186,18.699,9.102,-3.829,4.665,72.961,77.484,2400.648,-40.466,48.472,302.999,-5.372,5.372,76.6,0.571,1,1,0,0,1,1,0,1,1,0
NGC6168,7.5,177.16,-12.979,9.824,9.196,-7.45,7.45,72.961,77.484,2403.554,-51.666,64.75,287.577,-5.887,7.519,76.6,0.571,1,1,0,0,1,1,0,1,1,0
NGC6168,10.5,188.543,-23.857,17.795,9.114,-21.377,21.744,72.961,77.484,2389.573,-50.084,60.591,292.659,-11.565,8.59,76.6,0.571,1,1,0,0,1,1,0,1,1,0
NGC6168,13.5,148.593,-12.701,12.393,8.781,-7.929,8.403,72.961,77.484,2610.424,-14.475,13.353,302.115,-8.776,8.537,76.6,0.571,1,1,0,0,1,1,0,1,1,0
NGC6168,16.5,183.404,-23.031,17.747,8.65,-13.073,13.073,72.961,77.484,2483.514,-46.0,45.083,298.814,-8.429,6.455,76.6,0.571,1,1,0,0,1,1,0,1,1,0
NGC6168,19.5,80.186,-9.82,7.15,10.628,-5.196,4.172,72.961,77.484,2513.775,-5.267,4.015,296.903,-6.053,4.739,76.6,0.571,1,1,0,0,1,1,0,1,1,0
NGC6168,22.5,199.334,-8.952,6.94,8.186,-2.205,2.844,72.961,77.484,2614.453,-3.923,3.329,294.954,-4.535,3.532,76.6,0.571,1,1,0,0,1,1,0,1,1,0
NGC6186,1.5,186.176,-15.506,10.822,8.966,-4.655,3.118,80.268,79.904,2980.578,-41.762,32.773,244.411,-4.282,4.282,71.2,0.487,1,1,0,0,1,1,0,1,1,0
NGC6186,4.5,127.491,-4.971,4.271,9.829,-2.834,2.352,80.268,79.904,2943.771,-2.381,2.17,251.162,-3.81,3.81,71.2,0.487,1,1,0,0,1,1,0,1,1,0
NGC6186,7.5,195.945,-15.45,17.414,8.248,-5.461,3.319,80.268,79.904,3004.121,-78.015,57.675,258.26,-24.732,19.602,71.2,0.487,1,1,0,0,1,1,0,1,1,0
NGC6186,10.5,214.791,-24.112,21.899,8.974,-8.15,8.15,80.268,79.904,2865.542,-32.926,40.145,259.6,-16.297,17.549,71.2,0.487,1,1,0,0,1,1,0,1,1,0
NGC6186,13.5,208.893,-22.438,33.04,7.257,-30.424,41.875,80.268,79.904,2859.554,-74.918,100.96,258.622,-24.339,33.5,71.2,0.487,1,1,0,0,1,1,0,1,1,0
NGC6186,16.5,210.291,-19.723,23.003,7.932,-14.157,14.157,80.268,79.904,2941.556,-35.301,36.313,257.881,-0.527,0.527,71.2,0.487,1,1,0,0,1,1,0,1,1,0
NGC6186,19.5,189.838,-15.824,20.512,7.247,-5.388,7.644,80.268,79.904,2950.386,-40.373,33.95,259.596,-1.453,1.453,71.2,0.487,1,1,0,0,1,1,0,1,1,0
NGC6186,22.5,103.487,-4.952,6.506,7.792,-3.436,3.209,80.268,79.904,2937.279,-2.817,3.01,254.313,-2.881,2.324,71.2,0.487,1,1,0,0,1,1,0,1,1,0
NGC6301,1.5,132.147,-9.831,7.805,8.932,-2.838,2.838,79.548,79.996,8128.306,-8.971,10.577,120.981,-10.554,10.554,52.8,0.17,1,1,0,0,1,1,0,1,1,0
NGC6301,4.5,175.761,-24.885,18.138,6.961,-5.532,5.565,79.548,79.996,8095.505,-15.038,19.176,123.358,-11.364,10.72,52.8,0.17,1,1,0,0,1,1,0,1,1,0
NGC6301,7.5,186.944,-12.076,9.244,8.043,-2.83,3.706,79.548,79.996,8144.343,-5.581,4.655,116.193,-7.418,5.671,52.8,0.17,1,1,0,0,1,1,0,1,1,0
NGC6301,10.5,196.756,-8.348,9.778,8.391,-3.011,4.03,79.548,79.996,8139.529,-5.1,5.291,112.256,-9.041,7.358,52.8,0.17,1,1,0,0,1,1,0,1,1,0
NGC6301,13.5,214.885,-8.335,7.207,8.078,-4.573,4.573,79.548,79.996,8134.461,-4.735,4.135,108.499,-6.032,4.759,52.8,0.17,1,1,0,0,1,1,0,1,1,0
NGC6301,16.5,229.778,-6.175,5.543,8.466,-2.68,2.383,79.548,79.996,8137.202,-3.436,2.982,107.611,-5.756,4.003,52.8,0.17,1,1,0,0,1,1,0,1,1,0
NGC6301,19.5,237.874,-5.723,5.426,7.885,-2.542,2.238,79.548,79.996,8138.226,-2.629,2.787,106.51,-3.133,3.484,52.8,0.17,1,1,0,0,1,1,0,1,1,0
NGC6301,22.5,241.615,-4.622,5.386,7.621,-2.844,2.752,79.548,79.996,8141.186,-2.263,2.716,106.72,-3.204,3.876,52.8,0.17,1,1,0,0,1,1,0,1,1,0
NGC6314,1.5,201.573,-7.523,9.662,12.201,-3.058,2.157,79.735,79.988,6440.865,-13.698,12.968,167.077,-18.815,18.815,57.7,0.215,1,1,0,0,1,1,0,1,1,0
NGC6314,4.5,212.319,-9.902,8.07,8.29,-3.357,2.462,79.735,79.988,6449.488,-20.539,24.632,179.077,-7.331,7.331,57.7,0.215,1,1,0,0,1,1,0,1,1,0
NGC6314,7.5,212.479,-8.948,6.919,8.409,-5.831,3.419,79.735,79.988,6452.952,-22.61,27.84,179.858,-5.244,4.166,57.7,0.215,1,1,0,0,1,1,0,1,1,0
NGC6314,10.5,270.96,-12.783,9.071,8.01,-12.229,12.229,79.735,79.988,6508.972,-8.858,7.182,178.969,-10.418,7.426,57.7,0.215,1,1,0,0,1,1,0,1,1,0
NGC6314,13.5,251.324,-17.152,22.633,5.627,-4.728,6.352,79.735,79.988,6508.524,-21.493,22.761,190.046,-10.843,12.936,57.7,0.215,1,1,0,0,1,1,0,1,1,0
NGC6314,16.5,248.989,-16.746,19.313,6.304,-3.405,4.381,79.735,79.988,6508.912,-23.914,23.914,190.996,-11.016,11.902,57.7,0.215,1,1,0,0,1,1,0,1,1,0
NGC6314,19.5,208.399,-16.698,19.382,7.716,-2.165,2.808,79.735,79.988,6478.079,-17.858,14.991,190.822,-9.18,9.295,57.7,0.215,1,1,0,0,1,1,0,1,1,0
NGC6314,22.5,256.032,-9.126,8.848,8.05,-3.02,3.02,79.735,79.988,6518.838,-4.861,4.549,173.85,-7.299,6.328,57.7,0.215,1,1,0,0,1,1,0,1,1,0
NGC6361,1.5,178.608,-17.351,13.145,10.248,-2.205,2.133,80.086,78.971,3790.569,-14.278,19.644,215.771,-3.273,4.118,75.0,0.376,1,1,0,0,1,1,0,1,1,0
NGC6361,4.5,195.187,-15.183,12.306,10.45,-2.947,2.521,80.086,78.971,3803.678,-17.869,15.935,214.905,-5.682,5.682,75.0,0.376,1,1,0,0,1,1,0,1,1,0
NGC6361,7.5,161.582,-8.976,7.389,60.524,-6.136,5.421,80.086,78.971,3795.939,-4.236,3.661,212.01,-1.833,1.833,75.0,0.376,1,1,0,0,1,1,0,1,1,0
NGC6361,10.5,222.4,-10.341,7.518,8.546,-2.436,2.539,80.086,78.971,3785.538,-3.585,2.743,211.809,-1.565,1.565,75.0,0.376,1,1,0,0,1,1,0,1,1,0
NGC6361,13.5,185.941,-9.538,10.107,10.075,-2.894,2.501,80.086,78.971,3811.822,-2.845,2.94,213.663,-0.442,0.569,75.0,0.376,1,1,0,0,1,1,0,1,1,0
NGC6361,16.5,193.891,-9.454,8.159,9.431,-3.049,2.984,80.086,78.971,3806.539,-3.006,2.586,211.971,-0.889,0.889,75.0,0.376,1,1,0,0,1,1,0,1,1,0
NGC6361,19.5,200.252,-10.588,10.662,9.554,-2.567,2.792,80.086,78.971,3793.632,-3.391,3.314,211.867,-1.376,1.376,75.0,0.376,1,1,0,0,1,1,0,1,1,0
NGC6361,22.5,212.255,-5.303,5.615,9.7,-2.339,2.188,80.086,78.971,3784.266,-2.277,2.291,213.564,-1.467,1.725,75.0,0.376,1,1,0,0,1,1,0,1,1,0
NGC6394,1.5,192.948,-16.299,26.115,8.526,-6.387,3.779,79.848,80.004,8412.104,-49.568,39.339,58.375,-3.911,5.45,60.0,0.166,1,1,0,0,1,1,0,1,1,0
NGC6394,4.5,106.816,-7.646,8.095,9.205,-5.822,8.139,79.848,80.004,8333.587,-3.367,4.058,72.397,-4.209,5.073,60.0,0.166,1,1,0,0,1,1,0,1,1,0
NGC6394,7.5,152.72,-8.227,7.573,7.962,-7.194,7.344,79.848,80.004,8310.127,-6.867,6.741,62.054,-12.048,12.048,60.0,0.166,1,1,0,0,1,1,0,1,1,0
NGC6394,10.5,163.363,-11.217,10.614,9.314,-7.436,7.436,79.848,80.004,8306.63,-7.058,6.907,68.825,-9.578,9.578,60.0,0.166,1,1,0,0,1,1,0,1,1,0
NGC6394,13.5,221.097,-27.54,18.269,8.157,-4.397,5.519,79.848,80.004,8327.313,-20.464,15.77,68.247,-3.702,2.907,60.0,0.166,1,1,0,0,1,1,0,1,1,0
NGC6394,16.5,268.883,-14.949,11.211,6.888,-2.721,3.512,79.848,80.004,8312.747,-5.651,5.975,56.763,-4.935,9.179,60.0,0.166,1,1,0,0,1,1,0,1,1,0
NGC6394,19.5,265.801,-17.654,20.873,6.548,-2.299,2.437,79.848,80.004,8318.64,-13.672,11.304,54.735,-5.9,8.569,60.0,0.166,1,1,0,0,1,1,0,1,1,0
NGC6394,22.5,325.096,-37.923,45.206,2.946,-4.479,4.479,79.848,80.004,8304.862,-26.964,27.972,66.235,-2.647,3.775,60.0,0.166,1,1,0,0,1,1,0,1,1,0
NGC6478,1.5,190.498,-9.624,7.574,9.932,-3.435,2.659,87.078,69.555,6599.106,-4.276,3.353,214.217,-4.045,3.177,73.4,0.212,1,1,0,0,1,1,0,1,1,0
NGC6478,4.5,229.12,-5.943,4.603,8.858,-2.839,2.903,87.078,69.555,6630.13,-4.223,2.957,217.272,-9.115,5.799,73.4,0.212,1,1,0,0,1,1,0,1,1,0
NGC6478,7.5,226.777,-6.084,6.496,8.99,-2.484,2.981,87.078,69.555,6623.936,-2.96,2.941,217.762,-3.27,3.294,73.4,0.212,1,1,0,0,1,1,0,1,1,0
NGC6478,10.5,221.365,-4.73,4.73,8.158,-2.466,2.195,87.078,69.555,6625.573,-2.663,2.308,219.565,-3.456,2.586,73.4,0.212,1,1,0,0,1,1,0,1,1,0
NGC6478,13.5,221.08,-3.705,3.573,8.341,-4.499,5.835,87.078,69.555,6628.168,-2.641,3.127,217.154,-2.359,3.1,73.4,0.212,1,1,0,0,1,1,0,1,1,0
NGC6478,16.5,228.004,-5.31,3.93,9.132,-3.83,5.085,87.078,69.555,6635.426,-3.169,2.905,218.647,-3.536,2.604,73.4,0.212,1,1,0,0,1,1,0,1,1,0
NGC6478,19.5,239.814,-5.351,4.493,7.552,-4.975,6.849,87.078,69.555,6643.057,-3.555,3.716,215.501,-3.892,3.522,73.4,0.212,1,1,0,0,1,1,0,1,1,0
NGC6478,22.5,243.376,-4.119,3.956,8.03,-2.197,2.426,87.078,69.555,6643.659,-1.991,1.968,214.998,-1.956,1.487,73.4,0.212,1,1,0,0,1,1,0,1,1,0
NGC7738,1.5,182.721,-2.664,3.353,48.394,-2.335,3.173,80.012,80.044,6598.829,-2.347,2.472,51.875,-4.389,3.361,65.6,0.211,1,1,0,0,1,1,0,1,1,0
NGC7738,4.5,182.119,-6.201,5.726,53.95,-4.022,5.213,80.012,80.044,6607.412,-4.206,5.046,47.095,-6.6,9.245,65.6,0.211,1,1,0,0,1,1,0,1,1,0
NGC7738,7.5,168.902,-9.176,12.313,29.431,-2.353,2.151,80.012,80.044,6621.495,-7.76,8.454,43.706,-19.96,19.96,65.6,0.211,1,1,0,0,1,1,0,1,1,0
NGC7738,10.5,159.999,-13.478,12.874,8.932,-2.377,2.477,80.012,80.044,6614.898,-15.744,20.616,61.378,-7.782,5.736,65.6,0.211,1,1,0,0,1,1,0,1,1,0
NGC7738,13.5,164.729,-16.339,11.979,9.118,-4.597,4.597,80.012,80.044,6617.152,-5.234,4.144,69.546,-6.542,5.18,65.6,0.211,1,1,0,0,1,1,0,1,1,0
NGC7738,16.5,178.242,-25.567,19.644,9.01,-7.623,7.623,80.012,80.044,6598.301,-14.779,14.779,65.708,-1.142,1.545,65.6,0.211,1,1,0,0,1,1,0,1,1,0
NGC7738,19.5,147.724,-10.896,7.921,8.957,-2.159,2.806,80.012,80.044,6654.992,-15.22,12.874,54.859,-6.395,4.583,65.6,0.211,1,1,0,0,1,1,0,1,1,0
NGC7738,22.5,136.764,-10.902,13.596,8.979,-2.866,2.152,80.012,80.044,6645.171,-22.061,19.101,40.157,-1.367,1.367,65.6,0.211,1,1,0,0,1,1,0,1,1,0
NGC7819,1.5,196.469,-14.493,11.387,8.484,-3.425,2.471,79.488,80.216,4810.86,-11.629,12.418,98.802,-7.387,6.569,54.0,0.288,1,1,0,0,1,1,0,1,1,0
NGC7819,4.5,216.6,-13.865,15.066,8.823,-4.187,2.807,79.488,80.216,4935.558,-16.031,18.433,87.398,-9.025,10.089,54.0,0.288,1,1,0,0,1,1,0,1,1,0
NGC7819,7.5,202.431,-26.087,19.666,8.645,-9.609,9.609,79.488,80.216,4927.964,-15.732,18.939,90.315,-11.42,7.923,54.0,0.288,1,1,0,0,1,1,0,1,1,0
NGC7819,10.5,126.822,-25.216,13.768,9.675,-2.656,2.278,79.488,80.216,4865.393,-13.803,17.228,102.636,-10.207,8.318,54.0,0.288,1,1,0,0,1,1,0,1,1,0
NGC7819,13.5,86.879,-17.259,17.259,8.877,-2.156,2.798,79.488,80.216,4891.719,-18.27,17.522,98.379,-7.016,5.341,54.0,0.288,1,1,0,0,1,1,0,1,1,0
NGC7819,16.5,92.776,-14.339,10.39,10.332,-2.762,2.84,79.488,80.216,4886.362,-4.831,3.913,91.237,-3.793,3.711,54.0,0.288,1,1,0,0,1,1,0,1,1,0
NGC7819,19.5,105.106,-10.232,12.376,8.029,-3.044,2.895,79.488,80.216,4878.875,-4.394,4.628,99.922,-6.545,5.121,54.0,0.288,1,1,0,0,1,1,0,1,1,0
NGC7819,22.5,168.214,-20.384,14.348,7.964,-2.792,2.923,79.488,80.216,4916.023,-26.938,25.304,102.909,-12.087,10.25,54.0,0.288,1,1,0,0,1,1,0,1,1,0
UGC00809,1.5,95.626,-9.421,12.239,4.525,-2.502,3.372,79.143,80.092,4528.663,-16.737,16.398,200.69,-2.408,2.408,78.9,0.341,1,1,0,0,1,1,0,1,1,0
UGC00809,4.5,0.003,-3.4,3.334,8.828,-2.463,2.172,79.143,80.092,4091.605,-2.429,2.455,189.634,-8.708,8.708,78.9,0.341,1,1,0,0,1,1,0,1,1,0
UGC00809,7.5,0.699,-2.268,2.803,9.802,-2.603,2.789,79.143,80.092,4095.258,-1.514,1.954,194.079,-4.955,6.471,78.9,0.341,1,1,0,0,1,1,0,1,1,0
UGC00809,10.5,199.738,-12.161,16.03,8.778,-3.426,4.444,79.143,80.092,4555.296,-4.021,5.234,190.426,-0.495,0.46,78.9,0.341,1,1,0,0,1,1,0,1,1,0
UGC00809,13.5,180.021,-11.084,14.479,7.865,-3.55,4.551,79.143,80.092,4569.979,-4.383,5.733,197.564,-2.901,3.902,78.9,0.341,1,1,0,0,1,1,0,1,1,0
UGC00809,16.5,150.075,-9.942,12.646,8.434,-2.879,3.684,79.143,80.092,4567.549,-4.505,5.789,193.004,-5.199,6.826,78.9,0.341,1,1,0,0,1,1,0,1,1,0
UGC00809,19.5,148.471,-10.244,13.115,8.166,-2.576,3.306,79.143,80.092,4569.228,-4.66,6.097,195.824,-5.819,7.966,78.9,0.341,1,1,0,0,1,1,0,1,1,0
UGC00809,22.5,179.822,-5.37,6.713,8.907,-3.045,2.403,79.143,80.092,4303.415,-97.536,81.677,190.799,-1.31,1.582,78.9,0.341,1,1,0,0,1,1,0,1,1,0
UGC03253,1.5,199.616,-13.552,11.07,8.252,-4.794,6.327,80.001,79.888,4116.776,-12.864,16.118,89.964,-11.494,11.494,58.3,0.347,1,1,0,0,1,1,0,1,1,0
UGC03253,4.5,181.996,-23.192,16.011,8.569,-2.85,3.621,80.001,79.888,4015.799,-42.435,52.219,95.539,-12.153,12.153,58.3,0.347,1,1,0,0,1,1,0,1,1,0
UGC03253,7.5,71.432,-10.264,11.907,9.425,-3.159,2.635,80.001,79.888,4092.764,-5.2,6.137,80.449,-7.379,10.799,58.3,0.347,1,1,0,0,1,1,0,1,1,0
UGC03253,10.5,14.795,-3.492,3.492,8.633,-5.441,4.713,80.001,79.888,4361.082,-3.05,2.644,88.056,-3.266,2.373,58.3,0.347,1,1,0,0,1,1,0,1,1,0
