edge_pydb/dat_prof/bbarolo/bb_smo7_fitvd_dilmsk_freepa.csv
# %ECSV 1.0
# ---
# datatype:
# - {name: Name, datatype: string, description: Galaxy Name}
# - {name: bbRad, unit: arcsec, datatype: float64, description: Galactocentric radius of ring}
# - {name: bbVrot, unit: km / s, datatype: float64}
# - {name: bbVrot_e1, unit: km / s, datatype: float64}
# - {name: bbVrot_e2, unit: km / s, datatype: float64}
# - {name: bbVdisp, unit: km / s, datatype: float64}
# - {name: bbVdisp_e1, unit: km / s, datatype: float64}
# - {name: bbVdisp_e2, unit: km / s, datatype: float64}
# - {name: bbXpos, unit: pix, datatype: float64}
# - {name: bbYpos, unit: pix, datatype: float64}
# - {name: bbVmean, unit: km / s, datatype: float64, description: 'Systemic velocity in radio defn, LSR frame'}
# - {name: bbVmean_e1, unit: km / s, datatype: float64}
# - {name: bbVmean_e2, unit: km / s, datatype: float64}
# - {name: bbPA, unit: deg, datatype: float64}
# - {name: bbPA_e1, unit: deg, datatype: float64}
# - {name: bbPA_e2, unit: deg, datatype: float64}
# - {name: bbInc, unit: deg, datatype: float64}
# - {name: bbZ0, unit: arcsec, datatype: float64, description: Scale height of disk in arcsec}
# - {name: bbVrotfit, unit: km / s, datatype: int64, description: 0=fixed to input value; 1=fitted per ring; -1=fixed to mean value of
#     previous fit}
# - {name: bbVdispfit, unit: km / s, datatype: int64, description: 0=fixed to input value; 1=fitted per ring; -1=fixed to mean value of
#     previous fit}
# - {name: bbXposfit, unit: pix, datatype: int64, description: 0=fixed to input value; 1=fitted per ring; -1=fixed to mean value of previous
#     fit}
# - {name: bbYposfit, unit: pix, datatype: int64, description: 0=fixed to input value; 1=fitted per ring; -1=fixed to mean value of previous
#     fit}
# - {name: bbVsysfit, unit: km / s, datatype: int64, description: 0=fixed to input value; 1=fitted per ring; -1=fixed to mean value of
#     previous fit}
# - {name: bbPAfit, unit: deg, datatype: int64, description: 0=fixed to input value; 1=fitted per ring; -1=fixed to mean value of previous
#     fit}
# - {name: bbIncfit, unit: deg, datatype: int64, description: 0=fixed to input value; 1=fitted per ring; -1=fixed to mean value of previous
#     fit}
# - {name: bbFtype, datatype: int64, description: 'Function to minimize: 1=chi-squared, 2=|mod-obs|'}
# - {name: bbWfunc, datatype: int64, description: 'Weighting function: 0=uniform, 1=|cos|, 2=cos^2'}
# - {name: bbFlag, datatype: int64, description: '=1 when some ringlog exits, but Bbarolo fails to produce at least one of the plots'}
# delimiter: ','
# meta: !!omap
# - {comments: Bbarolo first round results for run smo7_fitvd_dilmsk}
# - {date: '2023-12-03'}
# schema: astropy-2.0
Name,bbRad,bbVrot,bbVrot_e1,bbVrot_e2,bbVdisp,bbVdisp_e1,bbVdisp_e2,bbXpos,bbYpos,bbVmean,bbVmean_e1,bbVmean_e2,bbPA,bbPA_e1,bbPA_e2,bbInc,bbZ0,bbVrotfit,bbVdispfit,bbXposfit,bbYposfit,bbVsysfit,bbPAfit,bbIncfit,bbFtype,bbWfunc,bbFlag
[from data line 114]
NGC2410,7.5,224.016,-14.127,11.81,9.062,-4.449,3.027,64.428,64.065,4606.707,-15.626,15.809,36.907,-3.98,3.98,76.082,0.306,1,1,0,0,1,1,0,1,1,0
NGC2410,10.5,240.188,-9.557,8.656,10.577,-8.044,13.58,64.428,64.065,4600.309,-5.131,6.202,37.203,-2.925,2.571,76.082,0.306,1,1,0,0,1,1,0,1,1,0
NGC2410,13.5,241.329,-6.747,6.204,11.746,-3.617,4.665,64.428,64.065,4598.676,-3.303,3.43,31.779,-2.848,2.848,76.082,0.306,1,1,0,0,1,1,0,1,1,0
NGC2410,16.5,238.556,-9.164,8.965,8.857,-3.971,5.088,64.428,64.065,4602.477,-6.656,8.039,37.164,-2.128,2.128,76.082,0.306,1,1,0,0,1,1,0,1,1,0
NGC2410,19.5,223.105,-7.225,8.218,3.349,-4.259,4.259,64.428,64.065,4605.646,-3.169,3.498,33.379,-1.192,1.517,76.082,0.306,1,1,0,0,1,1,0,1,1,0
NGC2410,22.5,218.903,-6.623,8.351,2.076,-4.05,4.05,64.428,64.065,4601.119,-2.902,3.275,34.576,-0.934,0.698,76.082,0.306,1,1,0,0,1,1,0,1,1,0
NGC2410,25.5,221.818,-7.143,5.992,6.602,-2.139,2.692,64.428,64.065,4600.125,-3.217,2.743,36.184,-3.585,2.288,76.082,0.306,1,1,0,0,1,1,0,1,1,0
NGC2410,28.5,224.144,-7.331,6.108,5.032,-2.148,2.27,64.428,64.065,4599.237,-2.916,2.546,39.008,-2.56,1.805,76.082,0.306,1,1,0,0,1,1,0,1,1,0
NGC2487,1.5,159.109,-3.878,3.01,16.104,-2.865,2.187,64.396,63.962,4756.387,-1.38,1.246,293.26,-1.725,1.557,35.368,0.295,1,1,0,0,1,1,0,1,1,0
NGC2487,4.5,151.87,-6.233,7.481,12.377,-5.985,4.715,64.396,63.962,4758.102,-3.054,3.049,301.821,-3.818,3.811,35.368,0.295,1,1,0,0,1,1,0,1,1,0
NGC2487,7.5,156.973,-16.8,12.423,3.831,-3.341,3.902,64.396,63.962,4760.2,-9.788,7.749,296.448,-7.482,6.019,35.368,0.295,1,1,0,0,1,1,0,1,1,0
NGC2487,10.5,64.533,-9.756,9.756,3.662,-2.741,2.741,64.396,63.962,4776.739,-9.035,10.112,296.05,-2.874,2.874,35.368,0.295,1,1,0,0,1,1,0,1,1,0
NGC2639,1.5,361.872,-45.405,33.157,10.286,-8.961,8.961,64.391,64.018,3552.976,-13.591,10.53,133.176,-16.989,13.162,42.842,0.453,1,1,0,0,1,1,0,1,1,0
NGC2639,4.5,400.678,-43.215,62.861,7.134,-13.287,13.287,64.391,64.018,3468.518,-72.815,66.343,133.692,-32.329,35.623,42.842,0.453,1,1,0,0,1,1,0,1,1,0
NGC2639,7.5,356.87,-17.428,13.494,16.431,-12.592,8.725,64.391,64.018,3156.199,-7.505,5.555,135.995,-9.381,6.943,42.842,0.453,1,1,0,0,1,1,0,1,1,0
NGC2639,10.5,364.771,-7.963,10.073,15.98,-6.085,7.058,64.391,64.018,3152.52,-4.759,5.53,135.936,-4.988,4.988,42.842,0.453,1,1,0,0,1,1,0,1,1,0
NGC2639,13.5,383.088,-7.794,6.999,16.41,-5.136,5.88,64.391,64.018,3154.242,-3.969,4.372,132.431,-2.948,4.611,42.842,0.453,1,1,0,0,1,1,0,1,1,0
NGC2639,16.5,398.691,-8.745,8.778,14.958,-5.552,6.214,64.391,64.018,3151.797,-4.997,5.171,131.627,-5.691,5.691,42.842,0.453,1,1,0,0,1,1,0,1,1,0
NGC2639,19.5,415.893,-10.332,7.241,8.427,-2.496,3.233,64.391,64.018,3152.574,-4.278,3.69,133.395,-4.286,4.286,42.842,0.453,1,1,0,0,1,1,0,1,1,0
NGC2639,22.5,415.606,-6.165,5.014,3.323,-4.214,4.214,64.391,64.018,3156.908,-2.595,2.307,137.425,-3.243,2.884,42.842,0.453,1,1,0,0,1,1,0,1,1,0
NGC2906,1.5,201.444,-12.632,9.86,7.842,-6.945,6.945,63.629,64.113,2123.708,-41.495,35.376,82.429,-4.69,4.164,54.307,0.673,1,1,0,0,1,1,0,1,1,0
NGC2906,4.5,155.167,-18.838,11.386,13.639,-8.391,8.391,63.629,64.113,2160.296,-11.855,9.192,84.867,-1.281,1.281,54.307,0.673,1,1,0,0,1,1,0,1,1,0
NGC2906,7.5,147.216,-12.456,11.261,16.292,-6.701,6.701,63.629,64.113,2146.403,-5.722,5.423,77.124,-3.73,3.73,54.307,0.673,1,1,0,0,1,1,0,1,1,0
NGC2906,10.5,183.792,-3.374,4.12,0.561,-4.459,4.459,63.629,64.113,2125.596,-2.684,2.871,77.918,-2.904,2.904,54.307,0.673,1,1,0,0,1,1,0,1,1,0
NGC2906,13.5,183.842,-2.234,2.234,1.158,-4.123,4.123,63.629,64.113,2124.806,-1.788,1.788,78.456,-3.028,3.028,54.307,0.673,1,1,0,0,1,1,0,1,1,0
NGC2906,16.5,185.126,-4.966,4.966,2.762,-3.029,3.029,63.629,64.113,2122.346,-2.553,2.56,79.427,-2.217,2.247,54.307,0.673,1,1,0,0,1,1,0,1,1,0
NGC2906,19.5,189.439,-3.709,3.299,5.993,-2.536,2.536,63.629,64.113,2119.462,-2.516,2.414,79.046,-3.82,3.82,54.307,0.673,1,1,0,0,1,1,0,1,1,0
NGC2906,22.5,196.328,-5.504,5.504,6.37,-2.591,2.591,63.629,64.113,2117.045,-2.698,2.67,82.496,-2.698,2.585,54.307,0.673,1,1,0,0,1,1,0,1,1,0
NGC2916,10.5,167.882,-25.48,25.48,1.702,-5.282,5.282,64.094,63.985,4089.776,-8.321,8.321,14.959,-2.522,2.522,46.857,0.391,1,1,0,0,1,1,0,1,1,0
NGC2916,13.5,209.845,-15.477,11.903,0.486,-3.365,3.365,64.094,63.985,3661.731,-10.393,12.911,23.286,-7.309,7.045,46.857,0.391,1,1,0,0,1,1,0,1,1,0
NGC2916,16.5,218.079,-8.101,6.579,1.66,-2.989,2.989,64.094,63.985,3668.813,-4.424,4.043,22.574,-6.605,6.605,46.857,0.391,1,1,0,0,1,1,0,1,1,0
NGC2916,19.5,226.531,-5.705,5.111,6.026,-3.028,2.295,64.094,63.985,3671.848,-2.786,2.624,19.586,-4.363,3.975,46.857,0.391,1,1,0,0,1,1,0,1,1,0
NGC2916,22.5,232.302,-4.593,4.429,6.391,-2.696,2.36,64.094,63.985,3674.404,-2.007,2.074,18.83,-1.421,1.853,46.857,0.391,1,1,0,0,1,1,0,1,1,0
NGC3811,1.5,166.205,-4.053,4.493,20.442,-2.736,3.636,63.587,64.098,3065.63,-2.612,2.947,169.674,-3.658,3.658,42.22,0.466,1,1,0,0,1,1,0,1,1,0
NGC3811,4.5,158.938,-5.09,5.805,24.2,-3.676,4.773,63.587,64.098,3066.462,-2.941,3.394,171.396,-2.999,2.999,42.22,0.466,1,1,0,0,1,1,0,1,1,0
NGC3811,7.5,138.173,-12.044,11.331,19.555,-3.205,4.218,63.587,64.098,3066.232,-3.812,3.887,176.5,-4.766,4.859,42.22,0.466,1,1,0,0,1,1,0,1,1,0
NGC3811,10.5,192.279,-16.151,14.774,12.525,-10.986,7.82,63.587,64.098,3024.93,-8.037,6.902,175.065,-5.012,5.012,42.22,0.466,1,1,0,0,1,1,0,1,1,0
NGC3811,13.5,124.275,-13.099,15.844,7.001,-4.89,5.352,63.587,64.098,3080.417,-5.156,6.43,170.233,-2.635,4.523,42.22,0.466,1,1,0,0,1,1,0,1,1,0
NGC3811,16.5,170.735,-5.86,5.054,1.088,-3.445,3.445,63.587,64.098,3066.126,-2.326,2.125,176.398,-2.908,2.656,42.22,0.466,1,1,0,0,1,1,0,1,1,0
NGC3811,19.5,178.474,-5.347,4.416,0.585,-3.557,3.557,63.587,64.098,3068.514,-2.831,2.491,174.459,-2.421,1.989,42.22,0.466,1,1,0,0,1,1,0,1,1,0
NGC3811,22.5,181.717,-7.706,6.782,10.341,-2.322,2.944,63.587,64.098,3071.707,-2.904,2.74,176.292,-2.958,2.958,42.22,0.466,1,1,0,0,1,1,0,1,1,0
NGC3815,1.5,147.481,-17.367,14.635,14.033,-9.288,11.679,63.951,64.016,3594.619,-16.313,21.862,252.651,-10.742,12.044,59.871,0.385,1,1,0,0,1,1,0,1,1,0
NGC3815,4.5,128.523,-7.056,6.593,7.88,-5.25,7.295,63.951,64.016,3672.111,-9.877,10.056,248.414,-1.898,1.441,59.871,0.385,1,1,0,0,1,1,0,1,1,0
NGC3815,7.5,151.151,-9.55,8.565,19.272,-6.472,6.288,63.951,64.016,3673.202,-4.005,3.713,251.249,-5.007,4.642,59.871,0.385,1,1,0,0,1,1,0,1,1,0
NGC3815,10.5,179.151,-5.043,4.639,11.589,-5.29,3.947,63.951,64.016,3662.779,-2.583,2.146,252.287,-3.229,2.683,59.871,0.385,1,1,0,0,1,1,0,1,1,0
NGC3815,13.5,187.693,-4.665,4.564,7.426,-5.137,4.379,63.951,64.016,3662.517,-3.997,3.783,252.8,-6.187,6.187,59.871,0.385,1,1,0,0,1,1,0,1,1,0
NGC3815,16.5,194.486,-6.408,5.043,0.878,-4.04,4.04,63.951,64.016,3664.835,-3.519,3.178,249.735,-3.628,3.628,59.871,0.385,1,1,0,0,1,1,0,1,1,0
NGC3815,19.5,176.371,-10.446,10.605,1.981,-2.989,2.989,63.951,64.016,3660.933,-14.319,21.054,252.8,-2.648,2.648,59.871,0.385,1,1,0,0,1,1,0,1,1,0
NGC3815,22.5,180.637,-8.687,7.138,5.04,-2.311,2.788,63.951,64.016,3668.988,-3.261,2.974,244.692,-2.962,2.962,59.871,0.385,1,1,0,0,1,1,0,1,1,0
NGC3994,1.5,142.101,-7.331,10.013,41.525,-4.449,6.208,64.406,64.199,3089.506,-12.321,11.823,3.597,-6.025,7.011,58.515,0.462,1,1,0,0,1,1,0,1,1,0
NGC3994,4.5,213.23,-8.154,8.653,22.388,-3.771,4.947,64.406,64.199,3075.23,-3.984,4.402,4.727,-4.009,4.009,58.515,0.462,1,1,0,0,1,1,0,1,1,0
NGC3994,7.5,228.683,-5.274,5.143,12.384,-5.049,6.583,64.406,64.199,3085.255,-3.387,3.737,10.401,-3.223,3.223,58.515,0.462,1,1,0,0,1,1,0,1,1,0
NGC3994,10.5,230.219,-6.893,5.327,10.247,-5.114,5.114,64.406,64.199,3084.952,-3.801,3.283,9.67,-3.199,2.692,58.515,0.462,1,1,0,0,1,1,0,1,1,0
NGC3994,13.5,227.527,-6.53,7.008,9.322,-4.114,4.059,64.406,64.199,3086.155,-3.375,3.672,6.789,-2.855,3.621,58.515,0.462,1,1,0,0,1,1,0,1,1,0
NGC3994,16.5,235.285,-13.588,10.828,3.347,-2.568,3.318,64.406,64.199,3091.209,-12.853,11.441,13.1,-3.586,3.586,58.515,0.462,1,1,0,0,1,1,0,1,1,0
NGC4047,1.5,139.424,-3.879,3.882,17.921,-3.241,2.604,64.341,64.078,3402.42,-1.78,1.621,284.341,-2.225,2.027,41.31,0.42,1,1,0,0,1,1,0,1,1,0
NGC4047,4.5,169.293,-2.915,2.168,15.926,-2.516,2.962,64.341,64.078,3404.26,-2.467,2.125,279.312,-4.438,4.438,41.31,0.42,1,1,0,0,1,1,0,1,1,0
NGC4047,7.5,189.712,-3.291,2.678,11.931,-2.315,2.247,64.341,64.078,3405.126,-2.027,1.857,283.008,-2.503,2.503,41.31,0.42,1,1,0,0,1,1,0,1,1,0
NGC4047,10.5,203.683,-1.634,2.085,5.916,-3.206,2.826,64.341,64.078,3403.568,-1.714,1.659,282.514,-2.014,1.724,41.31,0.42,1,1,0,0,1,1,0,1,1,0
NGC4047,13.5,212.764,-2.669,2.284,2.742,-2.47,2.47,64.341,64.078,3402.835,-1.771,1.585,284.064,-1.945,1.586,41.31,0.42,1,1,0,0,1,1,0,1,1,0
NGC4047,16.5,218.707,-3.879,3.137,1.307,-2.673,2.673,64.341,64.078,3402.117,-2.139,1.91,285.204,-2.006,1.832,41.31,0.42,1,1,0,0,1,1,0,1,1,0
NGC4047,19.5,223.222,-4.137,3.952,2.576,-2.599,2.599,64.341,64.078,3401.937,-2.279,2.077,286.335,-2.379,1.758,41.31,0.42,1,1,0,0,1,1,0,1,1,0
NGC4047,22.5,224.855,-6.28,5.036,0.363,-2.268,2.268,64.341,64.078,3405.636,-2.907,2.63,284.792,-3.081,3.216,41.31,0.42,1,1,0,0,1,1,0,1,1,0
NGC4149,4.5,163.044,-9.845,7.951,45.541,-7.134,5.97,63.261,62.681,3043.307,-4.245,3.48,270.0,-5.306,4.35,84.135,0.47,1,1,0,0,1,1,0,1,1,0
NGC4149,7.5,206.866,-3.714,3.526,8.371,-5.895,7.687,63.261,62.681,3036.758,-3.171,3.572,269.671,-3.075,3.075,84.135,0.47,1,1,0,0,1,1,0,1,1,0
NGC4149,10.5,215.786,-4.131,3.006,7.204,-2.662,2.58,63.261,62.681,3038.866,-1.854,1.655,265.374,-1.278,1.033,84.135,0.47,1,1,0,0,1,1,0,1,1,0
NGC4149,13.5,219.844,-3.679,4.684,9.576,-2.317,2.326,63.261,62.681,3039.185,-1.87,2.141,267.259,-1.959,1.553,84.135,0.47,1,1,0,0,1,1,0,1,1,0
NGC4149,16.5,229.5,-7.222,6.548,0.173,-9.493,9.493,63.261,62.681,3037.706,-5.185,5.017,270.0,-4.026,4.026,84.135,0.47,1,1,0,0,1,1,0,1,1,0
NGC4149,19.5,268.067,-22.196,19.418,5.221,-10.119,11.615,63.261,62.681,3050.108,-18.067,26.768,262.028,-0.211,0.272,84.135,0.47,1,1,0,0,1,1,0,1,1,0
NGC4185,4.5,8.374,-2.708,1.77,5.561,-2.937,2.518,63.836,63.989,3945.46,-107.086,134.597,177.546,-28.183,34.61,47.901,0.37,1,1,0,0,1,1,0,1,1,0
NGC4185,7.5,174.226,-15.575,10.489,5.995,-2.312,2.998,63.836,63.989,3856.046,-17.789,18.654,167.438,-10.352,10.352,47.901,0.37,1,1,0,0,1,1,0,1,1,0
NGC4185,10.5,189.212,-6.938,6.938,2.345,-3.42,3.42,63.836,63.989,3847.865,-6.322,6.322,174.387,-14.929,14.929,47.901,0.37,1,1,0,0,1,1,0,1,1,0
NGC4185,13.5,198.276,-5.603,4.236,2.116,-2.907,2.839,63.836,63.989,3846.886,-1.743,1.497,172.156,-2.179,1.871,47.901,0.37,1,1,0,0,1,1,0,1,1,0
NGC4185,16.5,198.555,-5.82,4.928,2.122,-2.678,2.86,63.836,63.989,3846.168,-4.288,3.451,171.112,-10.158,7.328,47.901,0.37,1,1,0,0,1,1,0,1,1,0
NGC4185,19.5,217.245,-10.53,8.076,4.942,-3.1,2.406,63.836,63.989,3854.529,-10.297,9.666,172.911,-4.697,3.55,47.901,0.37,1,1,0,0,1,1,0,1,1,0
NGC4185,22.5,219.668,-11.113,9.972,3.574,-3.651,3.651,63.836,63.989,3848.82,-4.946,4.478,171.745,-5.02,4.291,47.901,0.37,1,1,0,0,1,1,0,1,1,0
NGC4210,1.5,137.525,-11.068,8.431,0.475,-2.348,2.348,63.917,64.078,2758.93,-13.242,11.387,102.434,-6.664,5.542,45.221,0.532,1,1,0,0,1,1,0,1,1,0
NGC4210,4.5,96.907,-4.95,6.256,7.445,-2.69,2.791,63.917,64.078,2730.856,-285.34,251.169,98.733,-0.69,0.69,45.221,0.532,1,1,0,0,1,1,0,1,1,0
NGC4210,7.5,123.412,-11.079,8.505,1.372,-2.838,2.838,63.917,64.078,2714.288,-10.869,8.976,102.7,-6.197,5.08,45.221,0.532,1,1,0,0,1,1,0,1,1,0
NGC4210,10.5,139.756,-6.574,5.131,7.745,-2.718,2.153,63.917,64.078,2708.497,-3.078,2.823,96.418,-4.343,4.343,45.221,0.532,1,1,0,0,1,1,0,1,1,0
NGC4210,13.5,148.84,-4.065,3.909,1.404,-2.665,2.665,63.917,64.078,2712.449,-2.316,2.277,97.865,-2.535,2.535,45.221,0.532,1,1,0,0,1,1,0,1,1,0
NGC4210,16.5,160.632,-5.675,3.847,7.022,-2.544,2.456,63.917,64.078,2714.538,-3.713,3.316,100.978,-8.18,8.18,45.221,0.532,1,1,0,0,1,1,0,1,1,0
NGC4210,19.5,161.686,-2.499,3.637,0.464,-2.802,2.802,63.917,64.078,2712.849,-1.993,2.527,95.582,-2.671,3.67,45.221,0.532,1,1,0,0,1,1,0,1,1,0
NGC4210,22.5,168.288,-4.156,3.702,1.86,-2.927,2.401,63.917,64.078,2711.496,-1.569,1.456,100.129,-1.962,1.82,45.221,0.532,1,1,0,0,1,1,0,1,1,0
NGC4211NED02,1.5,148.198,-6.339,4.796,27.855,-5.751,4.085,63.858,64.225,6551.608,-3.023,2.22,202.048,-3.778,2.776,51.005,0.214,1,1,0,0,1,1,0,1,1,0
NGC4211NED02,4.5,151.911,-8.922,7.458,17.167,-5.534,3.888,63.858,64.225,6544.396,-3.614,2.837,204.932,-4.518,3.546,51.005,0.214,1,1,0,0,1,1,0,1,1,0
NGC4211NED02,7.5,156.181,-19.805,14.667,3.221,-3.064,3.952,63.858,64.225,6539.907,-16.399,21.113,209.074,-7.589,7.589,51.005,0.214,1,1,0,0,1,1,0,1,1,0
NGC4211NED02,10.5,1.775,-27.46,33.02,4.609,-3.15,3.091,63.858,64.225,6428.201,-102.503,124.799,203.965,-4.188,4.188,51.005,0.214,1,1,0,0,1,1,0,1,1,0
NGC4211NED02,13.5,17.837,-3.093,3.639,1.668,-2.124,2.77,63.858,64.225,6634.131,-181.227,162.217,201.472,-4.068,4.068,51.005,0.214,1,1,0,0,1,1,0,1,1,0
NGC4211NED02,16.5,150.127,-14.372,19.183,1.462,-6.093,6.093,63.858,64.225,6969.747,-5.333,6.617,206.923,-0.865,1.191,51.005,0.214,1,1,0,0,1,1,0,1,1,0
NGC4211NED02,19.5,130.766,-14.887,19.201,6.941,-3.152,4.015,63.858,64.225,6959.127,-5.228,6.523,200.002,-2.875,2.875,51.005,0.214,1,1,0,0,1,1,0,1,1,0
NGC4644,1.5,157.187,-8.843,9.115,2.225,-6.72,6.72,64.337,63.909,4966.72,-34.772,28.32,238.601,-4.713,4.713,67.516,0.288,1,1,0,0,1,1,0,1,1,0
NGC4644,4.5,112.703,-9.732,7.328,13.417,-4.787,3.365,64.337,63.909,4867.821,-3.63,2.673,240.758,-4.537,3.341,67.516,0.288,1,1,0,0,1,1,0,1,1,0
NGC4644,7.5,153.628,-6.649,7.661,10.14,-4.112,4.112,64.337,63.909,4875.583,-3.504,3.757,237.172,-3.254,3.254,67.516,0.288,1,1,0,0,1,1,0,1,1,0
NGC4644,10.5,167.167,-5.487,4.789,7.143,-3.025,2.582,64.337,63.909,4875.058,-2.566,2.54,238.579,-2.791,2.791,67.516,0.288,1,1,0,0,1,1,0,1,1,0
NGC4644,13.5,172.229,-5.147,4.741,1.259,-3.461,3.461,64.337,63.909,4873.565,-2.152,2.051,242.0,-2.69,2.563,67.516,0.288,1,1,0,0,1,1,0,1,1,0
NGC4644,16.5,175.53,-5.883,4.996,0.549,-3.498,3.498,64.337,63.909,4872.214,-2.345,2.123,241.741,-2.932,2.654,67.516,0.288,1,1,0,0,1,1,0,1,1,0
NGC4644,19.5,184.783,-13.439,11.832,5.231,-2.512,3.22,64.337,63.909,4868.352,-5.216,4.991,241.982,-4.914,4.914,67.516,0.288,1,1,0,0,1,1,0,1,1,0
NGC4644,22.5,193.259,-14.64,12.339,3.762,-2.542,3.258,64.337,63.909,4862.735,-4.295,3.899,241.723,-5.369,4.874,67.516,0.288,1,1,0,0,1,1,0,1,1,0
NGC4676A,1.5,208.967,-5.464,5.44,48.865,-4.516,5.147,64.08,64.186,6481.084,-8.858,10.136,1.693,-4.71,5.181,57.964,0.215,1,1,0,0,1,1,0,1,1,0
NGC4676A,4.5,215.68,-7.588,9.641,61.083,-5.742,7.104,64.08,64.186,6483.531,-8.038,6.981,2.633,-3.718,3.718,57.964,0.215,1,1,0,0,1,1,0,1,1,0
NGC4676A,7.5,206.427,-18.66,19.439,69.865,-12.08,13.649,64.08,64.186,6487.947,-23.771,30.399,9.556,-5.173,5.173,57.964,0.215,1,1,0,0,1,1,0,1,1,0
NGC4676A,10.5,217.333,-14.512,18.598,9.679,-5.553,5.553,64.08,64.186,6451.683,-18.754,23.569,7.701,-4.909,2.551,57.964,0.215,1,1,0,0,1,1,0,1,1,0
NGC4711,1.5,209.96,-20.929,15.615,6.4,-5.093,6.663,64.471,64.075,4134.632,-100.607,75.691,42.688,-9.036,8.548,57.022,0.351,1,1,0,0,1,1,0,1,1,0
NGC4711,4.5,217.832,-16.728,12.633,10.257,-5.39,6.778,64.471,64.075,4112.72,-274.665,274.665,42.978,-8.321,8.321,57.022,0.351,1,1,0,0,1,1,0,1,1,0
NGC4711,7.5,189.735,-21.559,18.912,14.455,-11.303,11.303,64.471,64.075,3956.954,-39.627,54.559,34.822,-5.833,7.685,57.022,0.351,1,1,0,0,1,1,0,1,1,0
NGC4711,10.5,232.069,-11.005,11.588,10.59,-9.562,8.944,64.471,64.075,4102.0,-13.867,12.796,41.942,-6.767,7.213,57.022,0.351,1,1,0,0,1,1,0,1,1,0
NGC4711,13.5,143.564,-10.142,7.966,16.971,-2.733,3.113,64.471,64.075,4020.619,-4.265,3.389,40.014,-5.586,3.936,57.022,0.351,1,1,0,0,1,1,0,1,1,0
NGC4711,16.5,147.672,-4.28,3.209,1.743,-4.511,4.511,64.471,64.075,4019.252,-3.356,2.904,39.719,-4.634,3.896,57.022,0.351,1,1,0,0,1,1,0,1,1,0
NGC4711,19.5,160.002,-7.291,5.19,14.191,-2.636,2.74,64.471,64.075,4020.642,-5.738,5.279,47.861,-14.68,14.68,57.022,0.351,1,1,0,0,1,1,0,1,1,0
NGC4711,22.5,177.357,-8.513,6.921,9.792,-2.365,2.376,64.471,64.075,4018.74,-2.379,2.06,55.0,-2.974,2.575,57.022,0.351,1,1,0,0,1,1,0,1,1,0
